<shapes type=list>
	<scaling type=logical names=FALSE length=1 as.numeric=FALSE >NA</scaling>
	<landmarks.pixel type=matrix rownames=TRUE colnames=FALSE nrow=14 ncol=2 as.numeric=TRUE >
		LM1	341	10
		LM2	341	38
		LM3	341	255
		LM4	341	308
		LM5	405	76
		LM6	411	263
		LM7	430	319
		LM8	402	155
		LM9	418	270
		LM10	341	10
		LM12	562	356
		LM13	341	10
		LM14	480	188
		LM15	630	308
	</landmarks.pixel>
	<curves.control type=list>
		<glabela type=matrix rownames=FALSE colnames=FALSE nrow=11 ncol=2 as.numeric=TRUE >
			341	38
			378	48
			397	60
			409	91
			399	128
			397	151
			405	197
			413	216
			411	238
			419	285
			430	319
		</glabela>
		<suture type=matrix rownames=FALSE colnames=FALSE nrow=13 ncol=2 as.numeric=TRUE >
			341	10
			401	13
			449	22
			446	56
			422	120
			416	150
			441	167
			471	195
			450	229
			415	257
			437	287
			489	315
			562	356
		</suture>
		<anterior type=matrix rownames=FALSE colnames=FALSE nrow=7 ncol=2 as.numeric=TRUE >
			341	10
			399	11
			449	21
			489	46
			524	80
			587	121
			630	308
		</anterior>
		<spine type=matrix rownames=FALSE colnames=FALSE nrow=11 ncol=2 as.numeric=TRUE >
			341	308
			379	310
			413	309
			436	323
			482	329
			521	343
			564	358
			608	374
			632	358
			640	324
			630	308
		</spine>
	</curves.control>
	<curves.pixel type=list>
		<glabela type=matrix rownames=FALSE colnames=FALSE nrow=318 ncol=2 as.numeric=TRUE >
			341	38
			342	38
			343	39
			344	39
			345	39
			346	39
			347	40
			348	40
			349	40
			350	41
			351	41
			352	41
			353	42
			354	42
			355	42
			356	42
			357	43
			358	43
			359	43
			360	44
			361	44
			362	44
			363	45
			364	45
			365	45
			366	46
			367	46
			368	46
			369	47
			370	47
			371	48
			372	48
			373	48
			374	49
			375	49
			376	50
			377	50
			378	50
			379	51
			380	51
			381	52
			382	52
			383	53
			384	53
			385	54
			386	54
			387	54
			388	55
			389	55
			390	56
			391	57
			392	57
			393	58
			394	58
			395	59
			396	59
			397	60
			397	61
			398	62
			398	63
			398	64
			399	65
			399	66
			399	67
			400	68
			400	69
			400	70
			401	71
			401	72
			401	73
			401	74
			401	75
			402	76
			402	77
			402	78
			402	79
			402	80
			403	81
			403	82
			403	83
			403	84
			403	85
			403	86
			403	87
			403	88
			403	89
			403	90
			403	91
			403	92
			404	93
			404	94
			404	95
			404	96
			404	97
			404	98
			403	99
			403	100
			403	101
			403	102
			403	103
			403	104
			403	105
			403	106
			403	107
			403	108
			403	109
			403	110
			402	111
			402	112
			402	113
			402	114
			402	115
			402	116
			402	117
			401	118
			401	119
			401	120
			401	121
			401	122
			400	123
			400	124
			400	125
			399	126
			399	127
			399	128
			399	129
			399	130
			399	131
			399	132
			399	133
			399	134
			399	135
			399	136
			399	137
			399	138
			399	139
			399	140
			399	141
			399	142
			399	143
			399	144
			399	145
			399	146
			399	147
			399	148
			399	149
			399	150
			399	151
			399	152
			399	153
			399	154
			399	155
			399	156
			400	157
			400	158
			400	159
			400	160
			400	161
			400	162
			400	163
			400	164
			400	165
			400	166
			401	167
			401	168
			401	169
			401	170
			401	171
			401	172
			401	173
			401	174
			402	175
			402	176
			402	177
			402	178
			402	179
			402	180
			402	181
			403	182
			403	183
			403	184
			403	185
			403	186
			403	187
			404	188
			404	189
			404	190
			404	191
			404	192
			404	193
			404	194
			405	195
			405	196
			405	197
			405	198
			406	198
			406	199
			406	200
			407	201
			407	202
			407	203
			408	204
			408	205
			408	206
			409	207
			409	208
			409	209
			409	210
			409	211
			410	212
			410	213
			410	214
			410	215
			410	216
			411	217
			411	218
			411	219
			411	220
			411	221
			411	222
			411	223
			411	224
			411	225
			411	226
			411	227
			411	228
			411	229
			411	230
			411	231
			411	232
			411	233
			411	234
			411	235
			411	236
			411	237
			411	238
			411	239
			411	240
			412	241
			412	242
			412	243
			412	244
			412	245
			412	246
			413	247
			413	248
			413	249
			413	250
			413	251
			414	252
			414	253
			414	254
			414	255
			414	256
			414	257
			415	258
			415	259
			415	260
			415	261
			415	262
			416	263
			416	264
			416	265
			416	266
			416	267
			417	268
			417	269
			417	270
			417	271
			417	272
			418	272
			418	273
			418	274
			418	275
			418	276
			419	277
			419	278
			419	279
			419	280
			420	281
			420	282
			420	283
			420	284
			421	285
			421	286
			421	287
			421	288
			422	289
			422	290
			422	291
			422	292
			423	293
			423	294
			423	295
			423	296
			424	297
			424	298
			424	299
			424	300
			425	301
			425	302
			425	303
			426	304
			426	305
			426	306
			426	307
			427	308
			427	309
			427	310
			428	311
			428	312
			428	313
			428	314
			429	315
			429	316
			429	317
			430	318
			430	319
		</glabela>
		<suture type=matrix rownames=FALSE colnames=FALSE nrow=512 ncol=2 as.numeric=TRUE >
			341	10
			342	10
			343	10
			344	10
			345	10
			346	10
			347	10
			348	10
			349	10
			350	10
			351	11
			352	11
			353	11
			354	11
			355	11
			356	11
			357	11
			358	11
			359	11
			360	11
			361	11
			362	11
			363	11
			364	11
			365	11
			366	12
			367	12
			368	12
			369	12
			370	12
			371	12
			372	12
			373	12
			374	12
			375	12
			376	12
			377	12
			378	13
			379	13
			380	13
			381	13
			382	13
			383	13
			384	13
			385	13
			386	13
			387	13
			388	13
			389	14
			390	14
			391	14
			392	14
			393	14
			394	14
			395	14
			396	14
			397	14
			398	15
			399	15
			400	15
			401	15
			402	15
			403	15
			404	15
			405	15
			406	15
			407	16
			408	16
			409	16
			410	16
			411	16
			412	16
			413	16
			414	16
			415	17
			416	17
			417	17
			418	17
			419	17
			420	17
			421	17
			422	18
			423	18
			424	18
			425	18
			426	18
			427	18
			428	18
			429	19
			430	19
			431	19
			432	19
			433	19
			434	19
			435	20
			436	20
			437	20
			438	20
			439	20
			440	20
			441	21
			442	21
			443	21
			444	21
			445	21
			446	21
			447	22
			448	22
			449	22
			449	23
			449	24
			449	25
			449	26
			448	27
			448	28
			448	29
			448	30
			448	31
			448	32
			448	33
			447	34
			447	35
			447	36
			447	37
			447	38
			447	39
			446	40
			446	41
			446	42
			446	43
			446	44
			445	45
			445	46
			445	47
			445	48
			444	49
			444	50
			444	51
			444	52
			444	53
			443	53
			443	54
			443	55
			443	56
			442	57
			442	58
			442	59
			442	60
			442	61
			441	61
			441	62
			441	63
			441	64
			440	65
			440	66
			440	67
			439	68
			439	69
			439	70
			438	71
			438	72
			438	73
			438	74
			437	75
			437	76
			437	77
			437	78
			436	79
			436	80
			435	81
			435	82
			435	83
			435	84
			434	85
			434	86
			434	87
			433	88
			433	89
			433	90
			432	91
			432	92
			432	93
			431	94
			431	95
			431	96
			430	97
			430	98
			430	99
			429	100
			429	101
			428	102
			428	103
			428	104
			427	105
			427	106
			427	107
			426	108
			426	109
			426	110
			425	111
			425	112
			425	113
			424	114
			424	115
			423	116
			423	117
			423	118
			422	119
			422	120
			422	121
			422	122
			422	123
			421	124
			421	125
			421	126
			421	127
			421	128
			421	129
			421	130
			421	131
			421	132
			421	133
			421	134
			421	135
			421	136
			421	137
			421	138
			421	139
			422	139
			422	140
			422	141
			422	142
			422	143
			423	143
			423	144
			423	145
			423	146
			424	146
			424	147
			424	148
			425	149
			425	150
			426	151
			427	152
			427	153
			428	154
			428	155
			429	156
			430	157
			431	158
			432	159
			432	160
			433	161
			434	162
			435	162
			436	163
			437	164
			438	165
			439	166
			440	167
			441	167
			442	168
			443	169
			444	170
			445	171
			446	172
			447	173
			448	174
			448	175
			449	176
			450	177
			450	178
			451	179
			452	180
			452	181
			453	182
			454	183
			454	184
			455	185
			455	186
			456	187
			456	188
			456	189
			457	190
			457	191
			457	192
			458	193
			458	194
			458	195
			458	196
			458	197
			458	198
			459	199
			459	200
			459	201
			459	202
			459	203
			459	204
			459	205
			458	206
			458	207
			458	208
			458	209
			458	210
			458	211
			457	212
			457	213
			457	214
			457	215
			456	216
			456	217
			456	218
			455	219
			455	220
			454	221
			454	222
			453	223
			453	224
			452	225
			452	226
			451	227
			451	228
			450	229
			449	230
			448	230
			447	231
			447	232
			446	233
			445	233
			444	234
			443	235
			442	236
			441	237
			440	238
			440	239
			439	240
			438	240
			437	241
			437	242
			436	243
			435	244
			435	245
			434	246
			434	247
			433	247
			433	248
			432	249
			432	250
			431	251
			431	252
			431	253
			430	254
			430	255
			430	256
			429	257
			429	258
			429	259
			429	260
			429	261
			429	262
			429	263
			429	264
			429	265
			429	266
			429	267
			429	268
			429	269
			429	270
			429	271
			429	272
			430	273
			430	274
			430	275
			431	276
			431	277
			432	278
			432	279
			433	280
			433	281
			434	282
			434	283
			435	283
			435	284
			436	285
			436	286
			437	287
			438	287
			439	288
			440	289
			441	289
			442	290
			443	290
			444	291
			445	291
			446	292
			447	293
			448	293
			449	294
			450	294
			451	295
			452	295
			453	296
			454	296
			455	297
			456	297
			457	298
			458	298
			459	299
			460	299
			461	300
			462	301
			463	301
			464	302
			465	302
			466	303
			467	303
			468	304
			469	304
			470	305
			471	305
			472	306
			473	306
			474	307
			475	308
			476	308
			477	309
			478	309
			479	310
			480	310
			481	311
			482	311
			483	312
			484	313
			485	313
			486	314
			487	314
			488	315
			489	315
			490	316
			491	317
			492	317
			493	318
			494	318
			495	319
			496	319
			497	320
			498	320
			499	321
			500	321
			501	322
			502	322
			502	323
			503	323
			504	324
			505	324
			506	325
			507	325
			508	326
			509	326
			510	327
			511	328
			512	328
			513	329
			514	329
			515	330
			516	330
			517	331
			518	331
			519	332
			520	332
			521	333
			522	333
			523	334
			524	335
			525	335
			526	336
			527	336
			528	337
			529	337
			530	338
			531	338
			532	339
			533	340
			534	340
			535	341
			536	341
			537	342
			538	342
			539	343
			540	344
			541	344
			542	345
			543	345
			544	346
			545	346
			546	347
			547	348
			548	348
			549	349
			550	349
			551	350
			552	350
			553	351
			554	352
			555	352
			556	353
			557	353
			558	354
			559	354
			560	355
			561	355
			562	356
		</suture>
		<anterior type=matrix rownames=FALSE colnames=FALSE nrow=428 ncol=2 as.numeric=TRUE >
			341	10
			342	10
			343	10
			344	10
			345	10
			346	10
			347	10
			348	10
			349	10
			350	10
			351	10
			352	10
			353	10
			354	10
			355	10
			356	10
			357	10
			358	10
			359	11
			360	11
			361	11
			362	11
			363	11
			364	11
			365	11
			366	11
			367	11
			368	11
			369	11
			370	11
			371	11
			372	11
			373	11
			374	11
			375	11
			376	11
			377	12
			378	12
			379	12
			380	12
			381	12
			382	12
			383	12
			384	12
			385	12
			386	12
			387	12
			388	12
			389	12
			389	13
			390	13
			391	13
			392	13
			393	13
			394	13
			395	13
			396	13
			397	13
			398	13
			399	13
			400	14
			401	14
			402	14
			403	14
			404	14
			405	14
			406	14
			407	14
			408	15
			409	15
			410	15
			411	15
			412	15
			413	15
			414	15
			415	15
			416	15
			416	16
			417	16
			418	16
			419	16
			420	16
			421	16
			422	16
			423	16
			424	17
			425	17
			426	17
			427	17
			428	17
			429	17
			430	17
			430	18
			431	18
			432	18
			433	18
			434	18
			435	18
			436	19
			437	19
			438	19
			439	19
			440	19
			441	19
			442	20
			443	20
			444	20
			445	20
			446	20
			447	21
			448	21
			449	21
			450	21
			450	22
			451	22
			452	23
			453	23
			454	24
			455	25
			456	26
			457	26
			458	26
			458	27
			459	27
			460	28
			461	29
			462	30
			463	30
			464	31
			465	31
			466	32
			466	33
			467	33
			468	34
			469	34
			470	35
			471	36
			472	36
			473	37
			474	38
			475	39
			476	40
			477	40
			478	41
			479	42
			480	43
			481	43
			482	44
			483	45
			484	45
			485	46
			486	47
			487	48
			488	48
			488	49
			489	49
			490	50
			491	51
			492	52
			493	52
			494	53
			495	54
			496	55
			497	56
			498	57
			499	58
			500	59
			501	59
			502	60
			503	61
			504	62
			505	63
			506	64
			507	65
			508	66
			509	66
			510	67
			511	68
			512	69
			513	70
			514	71
			515	72
			516	73
			517	74
			518	75
			519	76
			520	77
			521	78
			522	78
			523	79
			524	80
			525	81
			526	81
			527	82
			528	83
			529	84
			530	84
			531	85
			532	86
			533	87
			534	88
			535	89
			536	90
			537	91
			538	92
			539	92
			540	93
			541	94
			542	95
			543	96
			544	97
			544	98
			545	98
			546	99
			546	100
			547	101
			548	102
			549	102
			549	103
			550	104
			551	105
			551	106
			552	107
			553	108
			554	109
			554	110
			555	111
			556	112
			557	113
			558	114
			558	115
			559	116
			560	117
			560	118
			561	119
			561	120
			562	121
			563	122
			564	123
			564	124
			565	125
			565	126
			566	127
			566	128
			567	129
			568	130
			568	131
			569	132
			570	133
			570	134
			570	135
			571	135
			571	136
			571	137
			572	137
			572	138
			573	139
			573	140
			574	141
			574	142
			575	143
			575	144
			576	145
			577	146
			577	147
			578	148
			578	149
			579	150
			579	151
			580	152
			580	153
			581	154
			581	155
			582	156
			582	157
			582	158
			583	159
			583	160
			584	161
			584	162
			584	163
			585	163
			585	164
			585	165
			586	166
			586	167
			587	168
			587	169
			588	170
			588	171
			588	172
			589	173
			589	174
			590	175
			590	176
			591	177
			591	178
			591	179
			592	180
			592	181
			593	182
			593	183
			593	184
			594	185
			594	186
			594	187
			595	188
			595	189
			596	190
			596	191
			596	192
			597	193
			597	194
			597	195
			598	196
			598	197
			598	198
			599	199
			599	200
			600	201
			600	202
			600	203
			601	204
			601	205
			601	206
			602	207
			602	208
			602	209
			603	210
			603	211
			603	212
			604	213
			604	214
			604	215
			605	216
			605	217
			605	218
			606	219
			606	220
			606	221
			607	222
			607	223
			607	224
			608	225
			608	226
			608	227
			609	228
			609	229
			609	230
			610	231
			610	232
			610	233
			610	234
			611	235
			611	236
			611	237
			612	238
			612	239
			612	240
			613	241
			613	242
			613	243
			613	244
			614	245
			614	246
			614	247
			615	248
			615	249
			615	250
			615	251
			616	252
			616	253
			616	254
			617	255
			617	256
			617	257
			617	258
			618	259
			618	260
			618	261
			618	262
			619	263
			619	264
			619	265
			620	266
			620	267
			620	268
			620	269
			621	270
			621	271
			621	272
			621	273
			622	274
			622	275
			622	276
			623	277
			623	278
			623	279
			623	280
			624	281
			624	282
			624	283
			624	284
			625	285
			625	286
			625	287
			625	288
			626	289
			626	290
			626	291
			626	292
			626	293
			627	294
			627	295
			627	296
			627	297
			628	298
			628	299
			628	300
			628	301
			628	302
			629	302
			629	303
			629	304
			629	305
			630	306
			630	307
			630	308
		</anterior>
		<spine type=matrix rownames=FALSE colnames=FALSE nrow=347 ncol=2 as.numeric=TRUE >
			341	308
			342	308
			343	308
			344	308
			345	308
			346	308
			347	308
			348	308
			349	308
			350	308
			351	308
			352	309
			353	309
			354	309
			355	309
			356	309
			357	309
			358	309
			359	309
			360	309
			361	309
			362	309
			363	309
			364	309
			365	309
			366	309
			367	309
			368	309
			369	309
			370	309
			371	309
			372	309
			373	309
			374	309
			375	309
			376	309
			377	309
			378	309
			379	309
			380	309
			381	309
			382	309
			383	309
			384	309
			385	309
			386	309
			387	309
			388	309
			389	309
			390	309
			391	309
			392	309
			393	309
			394	309
			395	309
			396	309
			397	309
			398	309
			399	309
			400	309
			401	309
			402	309
			403	309
			404	309
			405	309
			406	309
			407	309
			408	309
			409	309
			410	309
			411	309
			412	309
			413	309
			414	310
			415	310
			416	311
			417	311
			418	312
			419	312
			420	313
			421	313
			422	314
			423	314
			424	315
			425	315
			426	315
			427	316
			428	316
			429	317
			430	317
			431	317
			432	318
			433	318
			434	318
			435	319
			436	319
			437	320
			438	320
			439	320
			440	321
			441	321
			442	321
			443	321
			444	322
			445	322
			446	322
			447	323
			448	323
			449	323
			450	323
			451	323
			451	324
			452	324
			453	324
			454	324
			455	324
			456	325
			457	325
			458	325
			459	325
			460	325
			460	326
			461	326
			462	326
			463	326
			464	326
			465	326
			466	326
			467	327
			468	327
			469	327
			470	327
			471	327
			472	328
			473	328
			474	328
			475	328
			476	328
			477	328
			478	328
			479	329
			480	329
			481	329
			482	329
			483	329
			484	330
			485	330
			486	330
			486	331
			487	331
			488	331
			489	332
			490	332
			491	332
			492	332
			493	333
			494	333
			495	334
			496	334
			497	334
			498	335
			499	335
			500	335
			501	336
			502	336
			503	337
			504	337
			505	337
			506	338
			507	338
			508	338
			509	339
			510	339
			511	339
			512	340
			513	340
			514	340
			515	341
			516	341
			517	342
			518	342
			519	342
			520	343
			521	343
			522	343
			523	344
			524	344
			525	344
			526	345
			527	345
			528	345
			529	346
			530	346
			531	346
			532	347
			533	347
			534	347
			535	348
			536	348
			537	349
			538	349
			539	349
			540	350
			541	350
			542	350
			543	351
			544	351
			545	351
			546	352
			547	352
			548	352
			549	353
			550	353
			551	353
			552	354
			553	354
			554	354
			555	355
			556	355
			557	355
			558	356
			559	356
			560	357
			561	357
			562	357
			563	358
			564	358
			565	358
			566	359
			567	359
			568	359
			569	360
			570	360
			571	360
			572	361
			573	361
			574	361
			575	362
			576	362
			577	362
			578	362
			579	363
			580	363
			581	363
			582	363
			583	364
			584	364
			585	364
			586	364
			587	364
			587	365
			588	365
			589	365
			590	365
			591	365
			592	365
			593	365
			594	365
			594	366
			595	366
			596	366
			597	366
			598	366
			599	366
			600	366
			601	366
			602	366
			603	366
			604	366
			605	366
			606	366
			607	366
			608	366
			609	366
			610	366
			611	366
			612	365
			613	365
			614	365
			615	365
			616	365
			617	364
			618	364
			619	364
			620	363
			621	363
			622	363
			623	362
			624	362
			625	362
			626	361
			627	361
			628	360
			629	360
			630	359
			631	359
			632	358
			632	357
			632	356
			633	355
			633	354
			633	353
			633	352
			634	351
			634	350
			634	349
			634	348
			634	347
			634	346
			634	345
			635	344
			635	343
			635	342
			635	341
			635	340
			635	339
			635	338
			635	337
			635	336
			635	335
			636	334
			636	333
			636	332
			636	331
			636	330
			636	329
			635	328
			635	327
			635	326
			635	325
			635	324
			635	323
			635	322
			635	321
			635	320
			634	319
			634	318
			634	317
			634	316
			633	315
			633	314
			632	313
			632	312
			632	311
			631	310
			631	309
			630	308
		</spine>
	</curves.pixel>
</shapes>

