<shapes type=list>
	<ruler.pixel type=vector names=FALSE length=1 as.numeric=TRUE >30</ruler.pixel>
	<ruler.interval type=vector names=FALSE length=1 as.numeric=TRUE >3</ruler.interval>
	<scaling.units type=vector names=FALSE length=1 as.numeric=FALSE >mm</scaling.units>
	<scaling type=vector names=FALSE length=1 as.numeric=TRUE >0.1</scaling>
	<landmarks.pixel type=matrix rownames=TRUE colnames=FALSE nrow=16 ncol=2 as.numeric=TRUE >
		LM1	113	8
		LM2	113	27
		LM3	113	118
		LM4	113	126
		LM5	153	95
		LM6	150	110
		LM7	148	125
		LM8	145	69
		LM9	154	111
		LM10	113	8
		LM11	175	122
		LM12	184	133
		LM13	113	8
		LM14	175	83
		LM15	208	126
		LM16	202	197
	</landmarks.pixel>
	<landmarks.scaled type=matrix rownames=TRUE colnames=FALSE nrow=16 ncol=2 as.numeric=TRUE >
		LM1	11.3	-0.8
		LM2	11.3	-2.7
		LM3	11.3	-11.8
		LM4	11.3	-12.6
		LM5	15.3	-9.5
		LM6	15	-11
		LM7	14.8	-12.5
		LM8	14.5	-6.9
		LM9	15.4	-11.1
		LM10	11.3	-0.8
		LM11	17.5	-12.2
		LM12	18.4	-13.3
		LM13	11.3	-0.8
		LM14	17.5	-8.3
		LM15	20.8	-12.6
		LM16	20.2	-19.7
	</landmarks.scaled>
	<curves.control type=list>
		<glabella type=matrix rownames=FALSE colnames=FALSE nrow=9 ncol=2 as.numeric=TRUE >
			113	27
			138	32
			141	51
			142	67
			147	75
			141	84
			148	88
			158	101
			148	125
		</glabella>
		<suture type=matrix rownames=FALSE colnames=FALSE nrow=9 ncol=2 as.numeric=TRUE >
			113	8
			137	7
			172	32
			178	48
			167	60
			151	76
			161	97
			168	114
			184	133
		</suture>
		<anterior type=matrix rownames=FALSE colnames=FALSE nrow=5 ncol=2 as.numeric=TRUE >
			113	8
			137	7
			172	32
			201	63
			208	126
		</anterior>
		<posterior type=matrix rownames=FALSE colnames=FALSE nrow=13 ncol=2 as.numeric=TRUE >
			113	126
			139	129
			160	129
			177	131
			181	133
			194	146
			199	168
			202	185
			202	197
			209	192
			209	174
			211	151
			208	126
		</posterior>
	</curves.control>
	<curves.pixel type=list>
		<glabella type=matrix rownames=FALSE colnames=FALSE nrow=116 ncol=2 as.numeric=TRUE >
			113	27
			114	27
			115	27
			116	28
			117	28
			118	28
			119	28
			120	29
			121	29
			122	30
			123	30
			124	30
			125	31
			126	31
			127	32
			128	32
			129	33
			130	34
			131	34
			132	35
			133	36
			134	36
			134	37
			135	38
			136	39
			136	40
			137	40
			137	41
			138	42
			138	43
			139	44
			139	45
			140	46
			140	47
			140	48
			141	49
			141	50
			141	51
			141	52
			141	53
			141	54
			141	55
			141	56
			141	57
			142	57
			142	58
			142	59
			142	60
			142	61
			142	62
			143	63
			143	64
			143	65
			143	66
			144	67
			144	68
			144	69
			145	70
			145	71
			145	72
			146	72
			146	73
			146	74
			147	75
			146	76
			146	77
			145	78
			145	79
			145	80
			144	81
			144	82
			144	83
			144	84
			145	85
			146	86
			147	87
			148	88
			149	89
			149	90
			150	91
			150	92
			151	92
			151	93
			151	94
			152	95
			152	96
			152	97
			153	98
			153	99
			153	100
			153	101
			153	102
			153	103
			153	104
			153	105
			153	106
			153	107
			153	108
			153	109
			152	110
			152	111
			152	112
			152	113
			152	114
			151	115
			151	116
			151	117
			151	118
			150	119
			150	120
			150	121
			149	121
			149	122
			149	123
			148	124
			148	125
		</glabella>
		<suture type=matrix rownames=FALSE colnames=FALSE nrow=165 ncol=2 as.numeric=TRUE >
			113	8
			114	8
			115	8
			116	8
			117	8
			118	8
			119	8
			120	8
			121	8
			122	8
			123	9
			124	9
			125	9
			126	9
			127	10
			128	10
			129	10
			130	10
			131	11
			132	11
			133	11
			134	11
			134	12
			135	12
			136	12
			137	12
			138	13
			139	13
			140	14
			141	14
			142	15
			143	15
			144	15
			145	16
			146	16
			147	17
			148	17
			149	18
			150	18
			151	19
			152	19
			153	20
			154	20
			155	21
			156	21
			156	22
			157	22
			158	23
			159	23
			160	24
			161	25
			162	25
			163	26
			164	27
			165	27
			166	28
			167	29
			168	29
			169	30
			170	31
			171	31
			172	32
			172	33
			173	34
			173	35
			173	36
			173	37
			174	37
			174	38
			174	39
			174	40
			174	41
			174	42
			174	43
			174	44
			174	45
			174	46
			174	47
			173	48
			173	49
			173	50
			173	51
			172	52
			172	53
			171	54
			171	55
			170	56
			169	57
			168	58
			168	59
			167	60
			166	61
			165	62
			164	63
			163	64
			163	65
			162	66
			161	67
			161	68
			160	69
			160	70
			159	71
			159	72
			159	73
			158	73
			158	74
			158	75
			158	76
			157	77
			157	78
			157	79
			157	80
			157	81
			157	82
			157	83
			157	84
			157	85
			158	86
			158	87
			158	88
			158	89
			158	90
			159	91
			159	92
			159	93
			160	94
			160	95
			161	96
			161	97
			161	98
			162	99
			162	100
			163	101
			163	102
			164	103
			164	104
			165	105
			165	106
			166	107
			166	108
			167	109
			167	110
			168	111
			169	112
			169	113
			170	114
			170	115
			171	116
			172	117
			172	118
			173	119
			174	120
			174	121
			175	122
			176	123
			177	124
			177	125
			178	126
			179	127
			180	128
			180	129
			181	130
			182	131
			183	132
			184	133
		</suture>
		<anterior type=matrix rownames=FALSE colnames=FALSE nrow=159 ncol=2 as.numeric=TRUE >
			113	8
			114	8
			115	8
			116	8
			117	8
			118	8
			119	8
			120	8
			121	8
			122	8
			123	9
			124	9
			125	9
			126	9
			127	9
			128	10
			129	10
			130	10
			131	10
			132	11
			133	11
			134	11
			135	12
			136	12
			137	12
			138	13
			139	13
			140	13
			141	14
			142	15
			143	15
			144	16
			145	16
			146	16
			147	17
			148	17
			149	18
			150	18
			151	19
			152	19
			152	20
			153	20
			154	21
			155	21
			156	21
			157	22
			158	23
			159	24
			160	24
			161	25
			162	25
			163	26
			164	27
			165	27
			166	28
			167	29
			168	29
			169	30
			170	30
			171	31
			171	32
			172	32
			173	33
			174	34
			175	35
			175	36
			176	37
			177	38
			178	39
			178	40
			179	40
			180	41
			180	42
			181	43
			182	44
			182	45
			183	46
			184	47
			184	48
			185	49
			186	50
			186	51
			187	52
			187	53
			188	54
			188	55
			189	56
			189	57
			190	58
			190	59
			191	60
			191	61
			192	62
			192	63
			193	64
			193	65
			194	66
			194	67
			195	68
			195	69
			195	70
			196	71
			196	72
			196	73
			197	74
			197	75
			197	76
			198	77
			198	78
			198	79
			199	80
			199	81
			199	82
			200	83
			200	84
			200	85
			201	86
			201	87
			201	88
			201	89
			202	90
			202	91
			202	92
			202	93
			203	94
			203	95
			203	96
			203	97
			203	98
			204	98
			204	99
			204	100
			204	101
			204	102
			204	103
			205	103
			205	104
			205	105
			205	106
			205	107
			205	108
			206	109
			206	110
			206	111
			206	112
			206	113
			206	114
			207	115
			207	116
			207	117
			207	118
			207	119
			207	120
			207	121
			208	122
			208	123
			208	124
			208	125
			208	126
		</anterior>
		<posterior type=matrix rownames=FALSE colnames=FALSE nrow=209 ncol=2 as.numeric=TRUE >
			113	126
			114	126
			115	126
			116	126
			117	126
			118	127
			119	127
			120	127
			121	127
			122	127
			123	127
			124	127
			125	127
			126	127
			127	127
			128	128
			129	128
			130	128
			131	128
			132	128
			133	128
			134	128
			135	128
			136	128
			137	128
			138	128
			139	128
			140	128
			141	128
			142	129
			143	129
			144	129
			145	129
			146	129
			147	129
			148	129
			149	129
			150	129
			151	129
			152	129
			153	129
			154	129
			155	129
			156	129
			157	129
			158	129
			159	129
			160	129
			161	129
			162	129
			163	129
			164	129
			165	130
			166	130
			167	130
			168	130
			169	130
			170	130
			171	131
			172	131
			173	131
			174	131
			175	131
			176	131
			177	132
			178	132
			179	132
			180	132
			180	133
			181	133
			182	134
			183	135
			184	136
			185	137
			186	138
			186	139
			187	140
			188	141
			188	142
			189	143
			189	144
			190	144
			190	145
			191	146
			191	147
			192	148
			192	149
			193	150
			193	151
			194	152
			194	153
			195	154
			195	155
			195	156
			196	157
			196	158
			196	159
			197	160
			197	161
			197	162
			198	163
			198	164
			198	165
			198	166
			199	166
			199	167
			199	168
			199	169
			199	170
			200	171
			200	172
			200	173
			200	174
			200	175
			200	176
			200	177
			201	178
			201	179
			201	180
			201	181
			201	182
			201	183
			201	184
			201	185
			201	186
			202	187
			202	188
			202	189
			202	190
			202	191
			202	192
			202	193
			202	194
			202	195
			202	196
			202	197
			203	197
			203	196
			204	196
			204	195
			205	194
			206	193
			206	192
			207	191
			207	190
			207	189
			208	188
			208	187
			208	186
			208	185
			208	184
			208	183
			209	182
			209	181
			209	180
			209	179
			209	178
			209	177
			209	176
			209	175
			209	174
			209	173
			209	172
			209	171
			209	170
			209	169
			209	168
			210	167
			210	166
			210	165
			210	164
			210	163
			210	162
			210	161
			210	160
			210	159
			210	158
			210	157
			210	156
			210	155
			210	154
			210	153
			210	152
			210	151
			210	150
			210	149
			210	148
			210	147
			210	146
			210	145
			210	144
			209	143
			209	142
			209	141
			209	140
			209	139
			209	138
			209	137
			209	136
			209	135
			209	134
			209	133
			209	132
			209	131
			208	130
			208	129
			208	128
			208	127
			208	126
		</posterior>
	</curves.pixel>
	<curves.scaled type=list>
		<glabella type=matrix rownames=FALSE colnames=FALSE nrow=116 ncol=2 as.numeric=TRUE >
			11.3	-2.7
			11.4	-2.7
			11.5	-2.7
			11.6	-2.8
			11.7	-2.8
			11.8	-2.8
			11.9	-2.8
			12	-2.9
			12.1	-2.9
			12.2	-3
			12.3	-3
			12.4	-3
			12.5	-3.1
			12.6	-3.1
			12.7	-3.2
			12.8	-3.2
			12.9	-3.3
			13	-3.4
			13.1	-3.4
			13.2	-3.5
			13.3	-3.6
			13.4	-3.6
			13.4	-3.7
			13.5	-3.8
			13.6	-3.9
			13.6	-4
			13.7	-4
			13.7	-4.1
			13.8	-4.2
			13.8	-4.3
			13.9	-4.4
			13.9	-4.5
			14	-4.6
			14	-4.7
			14	-4.8
			14.1	-4.9
			14.1	-5
			14.1	-5.1
			14.1	-5.2
			14.1	-5.3
			14.1	-5.4
			14.1	-5.5
			14.1	-5.6
			14.1	-5.7
			14.2	-5.7
			14.2	-5.8
			14.2	-5.9
			14.2	-6
			14.2	-6.1
			14.2	-6.2
			14.3	-6.3
			14.3	-6.4
			14.3	-6.5
			14.3	-6.6
			14.4	-6.7
			14.4	-6.8
			14.4	-6.9
			14.5	-7
			14.5	-7.1
			14.5	-7.2
			14.6	-7.2
			14.6	-7.3
			14.6	-7.4
			14.7	-7.5
			14.6	-7.6
			14.6	-7.7
			14.5	-7.8
			14.5	-7.9
			14.5	-8
			14.4	-8.1
			14.4	-8.2
			14.4	-8.3
			14.4	-8.4
			14.5	-8.5
			14.6	-8.6
			14.7	-8.7
			14.8	-8.8
			14.9	-8.9
			14.9	-9
			15	-9.1
			15	-9.2
			15.1	-9.2
			15.1	-9.3
			15.1	-9.4
			15.2	-9.5
			15.2	-9.6
			15.2	-9.7
			15.3	-9.8
			15.3	-9.9
			15.3	-10
			15.3	-10.1
			15.3	-10.2
			15.3	-10.3
			15.3	-10.4
			15.3	-10.5
			15.3	-10.6
			15.3	-10.7
			15.3	-10.8
			15.3	-10.9
			15.2	-11
			15.2	-11.1
			15.2	-11.2
			15.2	-11.3
			15.2	-11.4
			15.1	-11.5
			15.1	-11.6
			15.1	-11.7
			15.1	-11.8
			15	-11.9
			15	-12
			15	-12.1
			14.9	-12.1
			14.9	-12.2
			14.9	-12.3
			14.8	-12.4
			14.8	-12.5
		</glabella>
		<suture type=matrix rownames=FALSE colnames=FALSE nrow=165 ncol=2 as.numeric=TRUE >
			11.3	-0.8
			11.4	-0.8
			11.5	-0.8
			11.6	-0.8
			11.7	-0.8
			11.8	-0.8
			11.9	-0.8
			12	-0.8
			12.1	-0.8
			12.2	-0.8
			12.3	-0.9
			12.4	-0.9
			12.5	-0.9
			12.6	-0.9
			12.7	-1
			12.8	-1
			12.9	-1
			13	-1
			13.1	-1.1
			13.2	-1.1
			13.3	-1.1
			13.4	-1.1
			13.4	-1.2
			13.5	-1.2
			13.6	-1.2
			13.7	-1.2
			13.8	-1.3
			13.9	-1.3
			14	-1.4
			14.1	-1.4
			14.2	-1.5
			14.3	-1.5
			14.4	-1.5
			14.5	-1.6
			14.6	-1.6
			14.7	-1.7
			14.8	-1.7
			14.9	-1.8
			15	-1.8
			15.1	-1.9
			15.2	-1.9
			15.3	-2
			15.4	-2
			15.5	-2.1
			15.6	-2.1
			15.6	-2.2
			15.7	-2.2
			15.8	-2.3
			15.9	-2.3
			16	-2.4
			16.1	-2.5
			16.2	-2.5
			16.3	-2.6
			16.4	-2.7
			16.5	-2.7
			16.6	-2.8
			16.7	-2.9
			16.8	-2.9
			16.9	-3
			17	-3.1
			17.1	-3.1
			17.2	-3.2
			17.2	-3.3
			17.3	-3.4
			17.3	-3.5
			17.3	-3.6
			17.3	-3.7
			17.4	-3.7
			17.4	-3.8
			17.4	-3.9
			17.4	-4
			17.4	-4.1
			17.4	-4.2
			17.4	-4.3
			17.4	-4.4
			17.4	-4.5
			17.4	-4.6
			17.4	-4.7
			17.3	-4.8
			17.3	-4.9
			17.3	-5
			17.3	-5.1
			17.2	-5.2
			17.2	-5.3
			17.1	-5.4
			17.1	-5.5
			17	-5.6
			16.9	-5.7
			16.8	-5.8
			16.8	-5.9
			16.7	-6
			16.6	-6.1
			16.5	-6.2
			16.4	-6.3
			16.3	-6.4
			16.3	-6.5
			16.2	-6.6
			16.1	-6.7
			16.1	-6.8
			16	-6.9
			16	-7
			15.9	-7.1
			15.9	-7.2
			15.9	-7.3
			15.8	-7.3
			15.8	-7.4
			15.8	-7.5
			15.8	-7.6
			15.7	-7.7
			15.7	-7.8
			15.7	-7.9
			15.7	-8
			15.7	-8.1
			15.7	-8.2
			15.7	-8.3
			15.7	-8.4
			15.7	-8.5
			15.8	-8.6
			15.8	-8.7
			15.8	-8.8
			15.8	-8.9
			15.8	-9
			15.9	-9.1
			15.9	-9.2
			15.9	-9.3
			16	-9.4
			16	-9.5
			16.1	-9.6
			16.1	-9.7
			16.1	-9.8
			16.2	-9.9
			16.2	-10
			16.3	-10.1
			16.3	-10.2
			16.4	-10.3
			16.4	-10.4
			16.5	-10.5
			16.5	-10.6
			16.6	-10.7
			16.6	-10.8
			16.7	-10.9
			16.7	-11
			16.8	-11.1
			16.9	-11.2
			16.9	-11.3
			17	-11.4
			17	-11.5
			17.1	-11.6
			17.2	-11.7
			17.2	-11.8
			17.3	-11.9
			17.4	-12
			17.4	-12.1
			17.5	-12.2
			17.6	-12.3
			17.7	-12.4
			17.7	-12.5
			17.8	-12.6
			17.9	-12.7
			18	-12.8
			18	-12.9
			18.1	-13
			18.2	-13.1
			18.3	-13.2
			18.4	-13.3
		</suture>
		<anterior type=matrix rownames=FALSE colnames=FALSE nrow=159 ncol=2 as.numeric=TRUE >
			11.3	-0.8
			11.4	-0.8
			11.5	-0.8
			11.6	-0.8
			11.7	-0.8
			11.8	-0.8
			11.9	-0.8
			12	-0.8
			12.1	-0.8
			12.2	-0.8
			12.3	-0.9
			12.4	-0.9
			12.5	-0.9
			12.6	-0.9
			12.7	-0.9
			12.8	-1
			12.9	-1
			13	-1
			13.1	-1
			13.2	-1.1
			13.3	-1.1
			13.4	-1.1
			13.5	-1.2
			13.6	-1.2
			13.7	-1.2
			13.8	-1.3
			13.9	-1.3
			14	-1.3
			14.1	-1.4
			14.2	-1.5
			14.3	-1.5
			14.4	-1.6
			14.5	-1.6
			14.6	-1.6
			14.7	-1.7
			14.8	-1.7
			14.9	-1.8
			15	-1.8
			15.1	-1.9
			15.2	-1.9
			15.2	-2
			15.3	-2
			15.4	-2.1
			15.5	-2.1
			15.6	-2.1
			15.7	-2.2
			15.8	-2.3
			15.9	-2.4
			16	-2.4
			16.1	-2.5
			16.2	-2.5
			16.3	-2.6
			16.4	-2.7
			16.5	-2.7
			16.6	-2.8
			16.7	-2.9
			16.8	-2.9
			16.9	-3
			17	-3
			17.1	-3.1
			17.1	-3.2
			17.2	-3.2
			17.3	-3.3
			17.4	-3.4
			17.5	-3.5
			17.5	-3.6
			17.6	-3.7
			17.7	-3.8
			17.8	-3.9
			17.8	-4
			17.9	-4
			18	-4.1
			18	-4.2
			18.1	-4.3
			18.2	-4.4
			18.2	-4.5
			18.3	-4.6
			18.4	-4.7
			18.4	-4.8
			18.5	-4.9
			18.6	-5
			18.6	-5.1
			18.7	-5.2
			18.7	-5.3
			18.8	-5.4
			18.8	-5.5
			18.9	-5.6
			18.9	-5.7
			19	-5.8
			19	-5.9
			19.1	-6
			19.1	-6.1
			19.2	-6.2
			19.2	-6.3
			19.3	-6.4
			19.3	-6.5
			19.4	-6.6
			19.4	-6.7
			19.5	-6.8
			19.5	-6.9
			19.5	-7
			19.6	-7.1
			19.6	-7.2
			19.6	-7.3
			19.7	-7.4
			19.7	-7.5
			19.7	-7.6
			19.8	-7.7
			19.8	-7.8
			19.8	-7.9
			19.9	-8
			19.9	-8.1
			19.9	-8.2
			20	-8.3
			20	-8.4
			20	-8.5
			20.1	-8.6
			20.1	-8.7
			20.1	-8.8
			20.1	-8.9
			20.2	-9
			20.2	-9.1
			20.2	-9.2
			20.2	-9.3
			20.3	-9.4
			20.3	-9.5
			20.3	-9.6
			20.3	-9.7
			20.3	-9.8
			20.4	-9.8
			20.4	-9.9
			20.4	-10
			20.4	-10.1
			20.4	-10.2
			20.4	-10.3
			20.5	-10.3
			20.5	-10.4
			20.5	-10.5
			20.5	-10.6
			20.5	-10.7
			20.5	-10.8
			20.6	-10.9
			20.6	-11
			20.6	-11.1
			20.6	-11.2
			20.6	-11.3
			20.6	-11.4
			20.7	-11.5
			20.7	-11.6
			20.7	-11.7
			20.7	-11.8
			20.7	-11.9
			20.7	-12
			20.7	-12.1
			20.8	-12.2
			20.8	-12.3
			20.8	-12.4
			20.8	-12.5
			20.8	-12.6
		</anterior>
		<posterior type=matrix rownames=FALSE colnames=FALSE nrow=209 ncol=2 as.numeric=TRUE >
			11.3	-12.6
			11.4	-12.6
			11.5	-12.6
			11.6	-12.6
			11.7	-12.6
			11.8	-12.7
			11.9	-12.7
			12	-12.7
			12.1	-12.7
			12.2	-12.7
			12.3	-12.7
			12.4	-12.7
			12.5	-12.7
			12.6	-12.7
			12.7	-12.7
			12.8	-12.8
			12.9	-12.8
			13	-12.8
			13.1	-12.8
			13.2	-12.8
			13.3	-12.8
			13.4	-12.8
			13.5	-12.8
			13.6	-12.8
			13.7	-12.8
			13.8	-12.8
			13.9	-12.8
			14	-12.8
			14.1	-12.8
			14.2	-12.9
			14.3	-12.9
			14.4	-12.9
			14.5	-12.9
			14.6	-12.9
			14.7	-12.9
			14.8	-12.9
			14.9	-12.9
			15	-12.9
			15.1	-12.9
			15.2	-12.9
			15.3	-12.9
			15.4	-12.9
			15.5	-12.9
			15.6	-12.9
			15.7	-12.9
			15.8	-12.9
			15.9	-12.9
			16	-12.9
			16.1	-12.9
			16.2	-12.9
			16.3	-12.9
			16.4	-12.9
			16.5	-13
			16.6	-13
			16.7	-13
			16.8	-13
			16.9	-13
			17	-13
			17.1	-13.1
			17.2	-13.1
			17.3	-13.1
			17.4	-13.1
			17.5	-13.1
			17.6	-13.1
			17.7	-13.2
			17.8	-13.2
			17.9	-13.2
			18	-13.2
			18	-13.3
			18.1	-13.3
			18.2	-13.4
			18.3	-13.5
			18.4	-13.6
			18.5	-13.7
			18.6	-13.8
			18.6	-13.9
			18.7	-14
			18.8	-14.1
			18.8	-14.2
			18.9	-14.3
			18.9	-14.4
			19	-14.4
			19	-14.5
			19.1	-14.6
			19.1	-14.7
			19.2	-14.8
			19.2	-14.9
			19.3	-15
			19.3	-15.1
			19.4	-15.2
			19.4	-15.3
			19.5	-15.4
			19.5	-15.5
			19.5	-15.6
			19.6	-15.7
			19.6	-15.8
			19.6	-15.9
			19.7	-16
			19.7	-16.1
			19.7	-16.2
			19.8	-16.3
			19.8	-16.4
			19.8	-16.5
			19.8	-16.6
			19.9	-16.6
			19.9	-16.7
			19.9	-16.8
			19.9	-16.9
			19.9	-17
			20	-17.1
			20	-17.2
			20	-17.3
			20	-17.4
			20	-17.5
			20	-17.6
			20	-17.7
			20.1	-17.8
			20.1	-17.9
			20.1	-18
			20.1	-18.1
			20.1	-18.2
			20.1	-18.3
			20.1	-18.4
			20.1	-18.5
			20.1	-18.6
			20.2	-18.7
			20.2	-18.8
			20.2	-18.9
			20.2	-19
			20.2	-19.1
			20.2	-19.2
			20.2	-19.3
			20.2	-19.4
			20.2	-19.5
			20.2	-19.6
			20.2	-19.7
			20.3	-19.7
			20.3	-19.6
			20.4	-19.6
			20.4	-19.5
			20.5	-19.4
			20.6	-19.3
			20.6	-19.2
			20.7	-19.1
			20.7	-19
			20.7	-18.9
			20.8	-18.8
			20.8	-18.7
			20.8	-18.6
			20.8	-18.5
			20.8	-18.4
			20.8	-18.3
			20.9	-18.2
			20.9	-18.1
			20.9	-18
			20.9	-17.9
			20.9	-17.8
			20.9	-17.7
			20.9	-17.6
			20.9	-17.5
			20.9	-17.4
			20.9	-17.3
			20.9	-17.2
			20.9	-17.1
			20.9	-17
			20.9	-16.9
			20.9	-16.8
			21	-16.7
			21	-16.6
			21	-16.5
			21	-16.4
			21	-16.3
			21	-16.2
			21	-16.1
			21	-16
			21	-15.9
			21	-15.8
			21	-15.7
			21	-15.6
			21	-15.5
			21	-15.4
			21	-15.3
			21	-15.2
			21	-15.1
			21	-15
			21	-14.9
			21	-14.8
			21	-14.7
			21	-14.6
			21	-14.5
			21	-14.4
			20.9	-14.3
			20.9	-14.2
			20.9	-14.1
			20.9	-14
			20.9	-13.9
			20.9	-13.8
			20.9	-13.7
			20.9	-13.6
			20.9	-13.5
			20.9	-13.4
			20.9	-13.3
			20.9	-13.2
			20.9	-13.1
			20.8	-13
			20.8	-12.9
			20.8	-12.8
			20.8	-12.7
			20.8	-12.6
		</posterior>
	</curves.scaled>
	<ruler.points type=matrix rownames=TRUE colnames=FALSE nrow=2 ncol=2 as.numeric=TRUE >
		Ruler point 1	8	28
		Ruler point 2	38	28
	</ruler.points>
</shapes>

