<shapes type=list>
	<ruler.pixel type=vector names=FALSE length=1 as.numeric=TRUE >400.00499996875</ruler.pixel>
	<ruler.interval type=vector names=FALSE length=1 as.numeric=TRUE >12.2</ruler.interval>
	<scaling.units type=vector names=FALSE length=1 as.numeric=FALSE >mm</scaling.units>
	<scaling type=vector names=FALSE length=1 as.numeric=TRUE >0.0304996187571483</scaling>
	<landmarks.pixel type=matrix rownames=TRUE colnames=FALSE nrow=9 ncol=2 as.numeric=TRUE >
		LM1	221	28
		LM2	221	58
		LM3	221	218
		LM4	221	231
		LM5	268	104
		LM6	239	220
		LM7	239	228
		LM10	221	28
		LM12	401	213
	</landmarks.pixel>
	<landmarks.scaled type=matrix rownames=TRUE colnames=FALSE nrow=9 ncol=2 as.numeric=TRUE >
		LM1	6.74041574532977	-0.853989325200152
		LM2	6.74041574532977	-1.7689778879146
		LM3	6.74041574532977	-6.64891688905833
		LM4	6.74041574532977	-7.04541193290125
		LM5	8.17389782691574	-3.17196035074342
		LM6	7.28940888295844	-6.70991612657262
		LM7	7.28940888295844	-6.95391307662981
		LM10	6.74041574532977	-0.853989325200152
		LM12	12.2303471216165	-6.49641879527258
	</landmarks.scaled>
	<curves.control type=list>
		<glabella type=matrix rownames=FALSE colnames=FALSE nrow=11 ncol=2 as.numeric=TRUE >
			221	58
			239	61
			253	76
			265	92
			267	106
			267	123
			251	166
			239	187
			241	201
			242	215
			239	228
		</glabella>
		<suture type=matrix rownames=FALSE colnames=FALSE nrow=9 ncol=2 as.numeric=TRUE >
			221	28
			256	31
			282	38
			342	56
			373	88
			392	107
			400	141
			418	197
			401	213
		</suture>
	</curves.control>
	<curves.pixel type=list>
		<glabella type=matrix rownames=FALSE colnames=FALSE nrow=189 ncol=2 as.numeric=TRUE >
			221	58
			222	58
			223	58
			224	59
			225	59
			226	59
			227	59
			228	60
			229	60
			230	60
			231	61
			232	61
			233	62
			234	62
			235	62
			236	63
			237	63
			238	64
			239	65
			240	65
			241	66
			242	66
			243	67
			244	68
			245	69
			246	69
			247	70
			248	71
			249	72
			250	73
			251	74
			252	74
			252	75
			253	76
			254	77
			255	78
			255	79
			256	80
			257	81
			257	82
			258	83
			259	84
			259	85
			260	86
			260	87
			261	88
			261	89
			262	90
			262	91
			263	92
			263	93
			264	94
			264	95
			264	96
			265	97
			265	98
			266	99
			266	100
			266	101
			266	102
			266	103
			267	104
			267	105
			267	106
			267	107
			267	108
			267	109
			267	110
			267	111
			267	112
			266	113
			266	114
			266	115
			266	116
			266	117
			266	118
			265	119
			265	120
			265	121
			265	122
			265	123
			264	124
			264	125
			264	126
			264	127
			263	128
			263	129
			263	130
			262	131
			262	132
			262	133
			262	134
			261	135
			261	136
			261	137
			261	138
			260	139
			260	140
			260	141
			259	142
			259	143
			259	144
			259	145
			258	146
			258	147
			257	148
			257	149
			257	150
			256	151
			256	152
			256	153
			255	154
			255	155
			254	156
			254	157
			254	158
			254	159
			253	160
			253	161
			253	162
			252	162
			252	163
			252	164
			251	165
			251	166
			251	167
			250	168
			250	169
			249	169
			249	170
			248	171
			248	172
			247	173
			247	174
			246	175
			246	176
			245	177
			245	178
			245	179
			244	180
			244	181
			244	182
			243	182
			243	183
			243	184
			243	185
			242	186
			242	187
			242	188
			242	189
			241	190
			241	191
			241	192
			241	193
			241	194
			241	195
			241	196
			241	197
			241	198
			241	199
			241	200
			241	201
			241	202
			241	203
			241	204
			241	205
			241	206
			241	207
			241	208
			241	209
			241	210
			241	211
			241	212
			241	213
			241	214
			241	215
			241	216
			241	217
			241	218
			241	219
			240	220
			240	221
			240	222
			240	223
			240	224
			240	225
			239	226
			239	227
			239	228
		</glabella>
		<suture type=matrix rownames=FALSE colnames=FALSE nrow=292 ncol=2 as.numeric=TRUE >
			221	28
			222	28
			223	28
			224	28
			225	28
			226	28
			227	29
			228	29
			229	29
			230	29
			231	29
			232	29
			233	29
			234	29
			235	29
			236	29
			237	30
			238	30
			239	30
			240	30
			241	30
			242	30
			243	30
			244	31
			245	31
			246	31
			247	31
			248	31
			249	31
			250	31
			251	32
			252	32
			253	32
			254	32
			255	32
			256	32
			257	33
			258	33
			259	33
			260	33
			261	33
			262	33
			262	34
			263	34
			264	34
			265	34
			266	34
			267	35
			268	35
			269	35
			270	35
			271	35
			272	36
			273	36
			274	36
			275	36
			276	36
			277	37
			278	37
			279	37
			280	38
			281	38
			282	38
			283	38
			284	39
			285	39
			286	39
			287	39
			287	40
			288	40
			289	40
			290	41
			291	41
			292	41
			293	41
			293	42
			294	42
			295	42
			296	43
			297	43
			298	43
			299	44
			300	44
			301	44
			302	45
			303	45
			304	45
			305	46
			306	46
			307	47
			308	47
			309	47
			310	48
			311	48
			312	48
			313	49
			314	49
			314	50
			315	50
			316	50
			317	51
			318	51
			319	52
			320	52
			321	52
			322	53
			323	54
			324	54
			325	55
			326	55
			327	56
			328	56
			329	57
			330	57
			331	58
			332	58
			333	59
			334	59
			335	60
			336	60
			337	61
			338	61
			339	62
			340	63
			341	63
			342	64
			343	64
			344	65
			345	65
			346	66
			347	67
			348	68
			349	68
			350	69
			351	70
			352	71
			353	71
			354	72
			355	73
			356	73
			357	74
			358	75
			359	76
			360	76
			361	77
			362	78
			363	79
			364	79
			365	80
			366	81
			366	82
			367	83
			368	83
			369	84
			370	85
			371	86
			372	86
			372	87
			373	88
			374	89
			374	90
			375	91
			376	92
			377	93
			378	94
			379	95
			380	96
			381	97
			382	98
			382	99
			383	100
			383	101
			384	101
			384	102
			385	103
			385	104
			386	104
			386	105
			387	106
			387	107
			388	107
			388	108
			388	109
			389	110
			389	111
			390	111
			390	112
			390	113
			391	114
			391	115
			392	116
			392	117
			393	118
			393	119
			394	120
			394	121
			394	122
			395	123
			395	124
			395	125
			396	126
			396	127
			396	128
			397	129
			397	130
			397	131
			398	132
			398	133
			398	134
			399	135
			399	136
			399	137
			399	138
			399	139
			400	139
			400	140
			400	141
			400	142
			401	143
			401	144
			401	145
			401	146
			402	147
			402	148
			402	149
			403	150
			403	151
			403	152
			404	153
			404	154
			404	155
			404	156
			405	157
			405	158
			405	159
			405	160
			406	161
			406	162
			406	163
			406	164
			407	165
			407	166
			407	167
			407	168
			407	169
			407	170
			408	171
			408	172
			408	173
			408	174
			408	175
			408	176
			409	177
			409	178
			409	179
			409	180
			409	181
			409	182
			409	183
			409	184
			409	185
			409	186
			409	187
			409	188
			409	189
			409	190
			409	191
			409	192
			409	193
			409	194
			409	195
			409	196
			409	197
			409	198
			408	198
			408	199
			408	200
			408	201
			408	202
			407	202
			407	203
			407	204
			406	205
			406	206
			405	207
			405	208
			405	209
			404	209
			404	210
			403	211
			402	212
			401	213
		</suture>
	</curves.pixel>
	<curves.scaled type=list>
		<glabella type=matrix rownames=FALSE colnames=FALSE nrow=189 ncol=2 as.numeric=TRUE >
			6.74041574532977	-1.7689778879146
			6.77091536408692	-1.7689778879146
			6.80141498284407	-1.7689778879146
			6.83191460160122	-1.79947750667175
			6.86241422035836	-1.79947750667175
			6.89291383911551	-1.79947750667175
			6.92341345787266	-1.79947750667175
			6.95391307662981	-1.8299771254289
			6.98441269538696	-1.8299771254289
			7.01491231414411	-1.8299771254289
			7.04541193290125	-1.86047674418605
			7.0759115516584	-1.86047674418605
			7.10641117041555	-1.89097636294319
			7.1369107891727	-1.89097636294319
			7.16741040792985	-1.89097636294319
			7.197910026687	-1.92147598170034
			7.22840964544414	-1.92147598170034
			7.25890926420129	-1.95197560045749
			7.28940888295844	-1.98247521921464
			7.31990850171559	-1.98247521921464
			7.35040812047274	-2.01297483797179
			7.38090773922989	-2.01297483797179
			7.41140735798703	-2.04347445672894
			7.44190697674418	-2.07397407548608
			7.47240659550133	-2.10447369424323
			7.50290621425848	-2.10447369424323
			7.53340583301563	-2.13497331300038
			7.56390545177278	-2.16547293175753
			7.59440507052992	-2.19597255051468
			7.62490468928707	-2.22647216927182
			7.65540430804422	-2.25697178802897
			7.68590392680137	-2.25697178802897
			7.68590392680137	-2.28747140678612
			7.71640354555852	-2.31797102554327
			7.74690316431566	-2.34847064430042
			7.77740278307281	-2.37897026305757
			7.77740278307281	-2.40946988181471
			7.80790240182996	-2.43996950057186
			7.83840202058711	-2.47046911932901
			7.83840202058711	-2.50096873808616
			7.86890163934426	-2.53146835684331
			7.89940125810141	-2.56196797560046
			7.89940125810141	-2.5924675943576
			7.92990087685855	-2.62296721311475
			7.92990087685855	-2.6534668318719
			7.9604004956157	-2.68396645062905
			7.9604004956157	-2.7144660693862
			7.99090011437285	-2.74496568814335
			7.99090011437285	-2.77546530690049
			8.02139973313	-2.80596492565764
			8.02139973313	-2.83646454441479
			8.05189935188715	-2.86696416317194
			8.05189935188715	-2.89746378192909
			8.05189935188715	-2.92796340068624
			8.0823989706443	-2.95846301944338
			8.0823989706443	-2.98896263820053
			8.11289858940144	-3.01946225695768
			8.11289858940144	-3.04996187571483
			8.11289858940144	-3.08046149447198
			8.11289858940144	-3.11096111322913
			8.11289858940144	-3.14146073198627
			8.14339820815859	-3.17196035074342
			8.14339820815859	-3.20245996950057
			8.14339820815859	-3.23295958825772
			8.14339820815859	-3.26345920701487
			8.14339820815859	-3.29395882577202
			8.14339820815859	-3.32445844452916
			8.14339820815859	-3.35495806328631
			8.14339820815859	-3.38545768204346
			8.14339820815859	-3.41595730080061
			8.11289858940144	-3.44645691955776
			8.11289858940144	-3.4769565383149
			8.11289858940144	-3.50745615707205
			8.11289858940144	-3.5379557758292
			8.11289858940144	-3.56845539458635
			8.11289858940144	-3.5989550133435
			8.0823989706443	-3.62945463210065
			8.0823989706443	-3.65995425085779
			8.0823989706443	-3.69045386961494
			8.0823989706443	-3.72095348837209
			8.0823989706443	-3.75145310712924
			8.05189935188715	-3.78195272588639
			8.05189935188715	-3.81245234464354
			8.05189935188715	-3.84295196340068
			8.05189935188715	-3.87345158215783
			8.02139973313	-3.90395120091498
			8.02139973313	-3.93445081967213
			8.02139973313	-3.96495043842928
			7.99090011437285	-3.99545005718643
			7.99090011437285	-4.02594967594357
			7.99090011437285	-4.05644929470072
			7.99090011437285	-4.08694891345787
			7.9604004956157	-4.11744853221502
			7.9604004956157	-4.14794815097217
			7.9604004956157	-4.17844776972932
			7.9604004956157	-4.20894738848646
			7.92990087685855	-4.23944700724361
			7.92990087685855	-4.26994662600076
			7.92990087685855	-4.30044624475791
			7.89940125810141	-4.33094586351506
			7.89940125810141	-4.36144548227221
			7.89940125810141	-4.39194510102935
			7.89940125810141	-4.4224447197865
			7.86890163934426	-4.45294433854365
			7.86890163934426	-4.4834439573008
			7.83840202058711	-4.51394357605795
			7.83840202058711	-4.54444319481509
			7.83840202058711	-4.57494281357224
			7.80790240182996	-4.60544243232939
			7.80790240182996	-4.63594205108654
			7.80790240182996	-4.66644166984369
			7.77740278307281	-4.69694128860084
			7.77740278307281	-4.72744090735798
			7.74690316431566	-4.75794052611513
			7.74690316431566	-4.78844014487228
			7.74690316431566	-4.81893976362943
			7.74690316431566	-4.84943938238658
			7.71640354555852	-4.87993900114373
			7.71640354555852	-4.91043861990087
			7.71640354555852	-4.94093823865802
			7.68590392680137	-4.94093823865802
			7.68590392680137	-4.97143785741517
			7.68590392680137	-5.00193747617232
			7.65540430804422	-5.03243709492947
			7.65540430804422	-5.06293671368662
			7.65540430804422	-5.09343633244376
			7.62490468928707	-5.12393595120091
			7.62490468928707	-5.15443556995806
			7.59440507052992	-5.15443556995806
			7.59440507052992	-5.18493518871521
			7.56390545177278	-5.21543480747236
			7.56390545177278	-5.24593442622951
			7.53340583301563	-5.27643404498665
			7.53340583301563	-5.3069336637438
			7.50290621425848	-5.33743328250095
			7.50290621425848	-5.3679329012581
			7.47240659550133	-5.39843252001525
			7.47240659550133	-5.42893213877239
			7.47240659550133	-5.45943175752954
			7.44190697674418	-5.48993137628669
			7.44190697674418	-5.52043099504384
			7.44190697674418	-5.55093061380099
			7.41140735798703	-5.55093061380099
			7.41140735798703	-5.58143023255814
			7.41140735798703	-5.61192985131528
			7.41140735798703	-5.64242947007243
			7.38090773922989	-5.67292908882958
			7.38090773922989	-5.70342870758673
			7.38090773922989	-5.73392832634388
			7.38090773922989	-5.76442794510103
			7.35040812047274	-5.79492756385817
			7.35040812047274	-5.82542718261532
			7.35040812047274	-5.85592680137247
			7.35040812047274	-5.88642642012962
			7.35040812047274	-5.91692603888677
			7.35040812047274	-5.94742565764392
			7.35040812047274	-5.97792527640106
			7.35040812047274	-6.00842489515821
			7.35040812047274	-6.03892451391536
			7.35040812047274	-6.06942413267251
			7.35040812047274	-6.09992375142966
			7.35040812047274	-6.13042337018681
			7.35040812047274	-6.16092298894395
			7.35040812047274	-6.1914226077011
			7.35040812047274	-6.22192222645825
			7.35040812047274	-6.2524218452154
			7.35040812047274	-6.28292146397255
			7.35040812047274	-6.3134210827297
			7.35040812047274	-6.34392070148684
			7.35040812047274	-6.37442032024399
			7.35040812047274	-6.40491993900114
			7.35040812047274	-6.43541955775829
			7.35040812047274	-6.46591917651544
			7.35040812047274	-6.49641879527258
			7.35040812047274	-6.52691841402973
			7.35040812047274	-6.55741803278688
			7.35040812047274	-6.58791765154403
			7.35040812047274	-6.61841727030118
			7.35040812047274	-6.64891688905833
			7.35040812047274	-6.67941650781547
			7.31990850171559	-6.70991612657262
			7.31990850171559	-6.74041574532977
			7.31990850171559	-6.77091536408692
			7.31990850171559	-6.80141498284407
			7.31990850171559	-6.83191460160122
			7.31990850171559	-6.86241422035836
			7.28940888295844	-6.89291383911551
			7.28940888295844	-6.92341345787266
			7.28940888295844	-6.95391307662981
		</glabella>
		<suture type=matrix rownames=FALSE colnames=FALSE nrow=292 ncol=2 as.numeric=TRUE >
			6.74041574532977	-0.853989325200152
			6.77091536408692	-0.853989325200152
			6.80141498284407	-0.853989325200152
			6.83191460160122	-0.853989325200152
			6.86241422035836	-0.853989325200152
			6.89291383911551	-0.853989325200152
			6.92341345787266	-0.8844889439573
			6.95391307662981	-0.8844889439573
			6.98441269538696	-0.8844889439573
			7.01491231414411	-0.8844889439573
			7.04541193290125	-0.8844889439573
			7.0759115516584	-0.8844889439573
			7.10641117041555	-0.8844889439573
			7.1369107891727	-0.8844889439573
			7.16741040792985	-0.8844889439573
			7.197910026687	-0.8844889439573
			7.22840964544414	-0.914988562714449
			7.25890926420129	-0.914988562714449
			7.28940888295844	-0.914988562714449
			7.31990850171559	-0.914988562714449
			7.35040812047274	-0.914988562714449
			7.38090773922989	-0.914988562714449
			7.41140735798703	-0.914988562714449
			7.44190697674418	-0.945488181471597
			7.47240659550133	-0.945488181471597
			7.50290621425848	-0.945488181471597
			7.53340583301563	-0.945488181471597
			7.56390545177278	-0.945488181471597
			7.59440507052992	-0.945488181471597
			7.62490468928707	-0.945488181471597
			7.65540430804422	-0.975987800228745
			7.68590392680137	-0.975987800228745
			7.71640354555852	-0.975987800228745
			7.74690316431566	-0.975987800228745
			7.77740278307281	-0.975987800228745
			7.80790240182996	-0.975987800228745
			7.83840202058711	-1.00648741898589
			7.86890163934426	-1.00648741898589
			7.89940125810141	-1.00648741898589
			7.92990087685855	-1.00648741898589
			7.9604004956157	-1.00648741898589
			7.99090011437285	-1.00648741898589
			7.99090011437285	-1.03698703774304
			8.02139973313	-1.03698703774304
			8.05189935188715	-1.03698703774304
			8.0823989706443	-1.03698703774304
			8.11289858940144	-1.03698703774304
			8.14339820815859	-1.06748665650019
			8.17389782691574	-1.06748665650019
			8.20439744567289	-1.06748665650019
			8.23489706443004	-1.06748665650019
			8.26539668318719	-1.06748665650019
			8.29589630194433	-1.09798627525734
			8.32639592070148	-1.09798627525734
			8.35689553945863	-1.09798627525734
			8.38739515821578	-1.09798627525734
			8.41789477697293	-1.09798627525734
			8.44839439573007	-1.12848589401449
			8.47889401448722	-1.12848589401449
			8.50939363324437	-1.12848589401449
			8.53989325200152	-1.15898551277163
			8.57039287075867	-1.15898551277163
			8.60089248951582	-1.15898551277163
			8.63139210827297	-1.15898551277163
			8.66189172703011	-1.18948513152878
			8.69239134578726	-1.18948513152878
			8.72289096454441	-1.18948513152878
			8.75339058330156	-1.18948513152878
			8.75339058330156	-1.21998475028593
			8.78389020205871	-1.21998475028593
			8.81438982081585	-1.21998475028593
			8.844889439573	-1.25048436904308
			8.87538905833015	-1.25048436904308
			8.9058886770873	-1.25048436904308
			8.93638829584445	-1.25048436904308
			8.93638829584445	-1.28098398780023
			8.9668879146016	-1.28098398780023
			8.99738753335875	-1.28098398780023
			9.02788715211589	-1.31148360655738
			9.05838677087304	-1.31148360655738
			9.08888638963019	-1.31148360655738
			9.11938600838734	-1.34198322531452
			9.14988562714449	-1.34198322531452
			9.18038524590163	-1.34198322531452
			9.21088486465878	-1.37248284407167
			9.24138448341593	-1.37248284407167
			9.27188410217308	-1.37248284407167
			9.30238372093023	-1.40298246282882
			9.33288333968738	-1.40298246282882
			9.36338295844453	-1.43348208158597
			9.39388257720167	-1.43348208158597
			9.42438219595882	-1.43348208158597
			9.45488181471597	-1.46398170034312
			9.48538143347312	-1.46398170034312
			9.51588105223027	-1.46398170034312
			9.54638067098741	-1.49448131910027
			9.57688028974456	-1.49448131910027
			9.57688028974456	-1.52498093785741
			9.60737990850171	-1.52498093785741
			9.63787952725886	-1.52498093785741
			9.66837914601601	-1.55548055661456
			9.69887876477316	-1.55548055661456
			9.7293783835303	-1.58598017537171
			9.75987800228745	-1.58598017537171
			9.7903776210446	-1.58598017537171
			9.82087723980175	-1.61647979412886
			9.8513768585589	-1.64697941288601
			9.88187647731604	-1.64697941288601
			9.91237609607319	-1.67747903164316
			9.94287571483034	-1.67747903164316
			9.97337533358749	-1.7079786504003
			10.0038749523446	-1.7079786504003
			10.0343745711018	-1.73847826915745
			10.0648741898589	-1.73847826915745
			10.0953738086161	-1.7689778879146
			10.1258734273732	-1.7689778879146
			10.1563730461304	-1.79947750667175
			10.1868726648875	-1.79947750667175
			10.2173722836447	-1.8299771254289
			10.2478719024018	-1.8299771254289
			10.278371521159	-1.86047674418605
			10.3088711399161	-1.86047674418605
			10.3393707586733	-1.89097636294319
			10.3698703774304	-1.92147598170034
			10.4003699961876	-1.92147598170034
			10.4308696149447	-1.95197560045749
			10.4613692337019	-1.95197560045749
			10.491868852459	-1.98247521921464
			10.5223684712162	-1.98247521921464
			10.5528680899733	-2.01297483797179
			10.5833677087305	-2.04347445672894
			10.6138673274876	-2.07397407548608
			10.6443669462448	-2.07397407548608
			10.6748665650019	-2.10447369424323
			10.705366183759	-2.13497331300038
			10.7358658025162	-2.16547293175753
			10.7663654212733	-2.16547293175753
			10.7968650400305	-2.19597255051468
			10.8273646587876	-2.22647216927182
			10.8578642775448	-2.22647216927182
			10.8883638963019	-2.25697178802897
			10.9188635150591	-2.28747140678612
			10.9493631338162	-2.31797102554327
			10.9798627525734	-2.31797102554327
			11.0103623713305	-2.34847064430042
			11.0408619900877	-2.37897026305757
			11.0713616088448	-2.40946988181471
			11.101861227602	-2.40946988181471
			11.1323608463591	-2.43996950057186
			11.1628604651163	-2.47046911932901
			11.1628604651163	-2.50096873808616
			11.1933600838734	-2.53146835684331
			11.2238597026306	-2.53146835684331
			11.2543593213877	-2.56196797560046
			11.2848589401449	-2.5924675943576
			11.315358558902	-2.62296721311475
			11.3458581776592	-2.62296721311475
			11.3458581776592	-2.6534668318719
			11.3763577964163	-2.68396645062905
			11.4068574151735	-2.7144660693862
			11.4068574151735	-2.74496568814335
			11.4373570339306	-2.77546530690049
			11.4678566526878	-2.80596492565764
			11.4983562714449	-2.83646454441479
			11.5288558902021	-2.86696416317194
			11.5593555089592	-2.89746378192909
			11.5898551277163	-2.92796340068624
			11.6203547464735	-2.95846301944338
			11.6508543652306	-2.98896263820053
			11.6508543652306	-3.01946225695768
			11.6813539839878	-3.04996187571483
			11.6813539839878	-3.08046149447198
			11.7118536027449	-3.08046149447198
			11.7118536027449	-3.11096111322913
			11.7423532215021	-3.14146073198627
			11.7423532215021	-3.17196035074342
			11.7728528402592	-3.17196035074342
			11.7728528402592	-3.20245996950057
			11.8033524590164	-3.23295958825772
			11.8033524590164	-3.26345920701487
			11.8338520777735	-3.26345920701487
			11.8338520777735	-3.29395882577202
			11.8338520777735	-3.32445844452916
			11.8643516965307	-3.35495806328631
			11.8643516965307	-3.38545768204346
			11.8948513152878	-3.38545768204346
			11.8948513152878	-3.41595730080061
			11.8948513152878	-3.44645691955776
			11.925350934045	-3.4769565383149
			11.925350934045	-3.50745615707205
			11.9558505528021	-3.5379557758292
			11.9558505528021	-3.56845539458635
			11.9863501715593	-3.5989550133435
			11.9863501715593	-3.62945463210065
			12.0168497903164	-3.65995425085779
			12.0168497903164	-3.69045386961494
			12.0168497903164	-3.72095348837209
			12.0473494090736	-3.75145310712924
			12.0473494090736	-3.78195272588639
			12.0473494090736	-3.81245234464354
			12.0778490278307	-3.84295196340068
			12.0778490278307	-3.87345158215783
			12.0778490278307	-3.90395120091498
			12.1083486465879	-3.93445081967213
			12.1083486465879	-3.96495043842928
			12.1083486465879	-3.99545005718643
			12.138848265345	-4.02594967594357
			12.138848265345	-4.05644929470072
			12.138848265345	-4.08694891345787
			12.1693478841022	-4.11744853221502
			12.1693478841022	-4.14794815097217
			12.1693478841022	-4.17844776972932
			12.1693478841022	-4.20894738848646
			12.1693478841022	-4.23944700724361
			12.1998475028593	-4.23944700724361
			12.1998475028593	-4.26994662600076
			12.1998475028593	-4.30044624475791
			12.1998475028593	-4.33094586351506
			12.2303471216165	-4.36144548227221
			12.2303471216165	-4.39194510102935
			12.2303471216165	-4.4224447197865
			12.2303471216165	-4.45294433854365
			12.2608467403736	-4.4834439573008
			12.2608467403736	-4.51394357605795
			12.2608467403736	-4.54444319481509
			12.2913463591308	-4.57494281357224
			12.2913463591308	-4.60544243232939
			12.2913463591308	-4.63594205108654
			12.3218459778879	-4.66644166984369
			12.3218459778879	-4.69694128860084
			12.3218459778879	-4.72744090735798
			12.3218459778879	-4.75794052611513
			12.3523455966451	-4.78844014487228
			12.3523455966451	-4.81893976362943
			12.3523455966451	-4.84943938238658
			12.3523455966451	-4.87993900114373
			12.3828452154022	-4.91043861990087
			12.3828452154022	-4.94093823865802
			12.3828452154022	-4.97143785741517
			12.3828452154022	-5.00193747617232
			12.4133448341594	-5.03243709492947
			12.4133448341594	-5.06293671368662
			12.4133448341594	-5.09343633244376
			12.4133448341594	-5.12393595120091
			12.4133448341594	-5.15443556995806
			12.4133448341594	-5.18493518871521
			12.4438444529165	-5.21543480747236
			12.4438444529165	-5.24593442622951
			12.4438444529165	-5.27643404498665
			12.4438444529165	-5.3069336637438
			12.4438444529165	-5.33743328250095
			12.4438444529165	-5.3679329012581
			12.4743440716737	-5.39843252001525
			12.4743440716737	-5.42893213877239
			12.4743440716737	-5.45943175752954
			12.4743440716737	-5.48993137628669
			12.4743440716737	-5.52043099504384
			12.4743440716737	-5.55093061380099
			12.4743440716737	-5.58143023255814
			12.4743440716737	-5.61192985131528
			12.4743440716737	-5.64242947007243
			12.4743440716737	-5.67292908882958
			12.4743440716737	-5.70342870758673
			12.4743440716737	-5.73392832634388
			12.4743440716737	-5.76442794510103
			12.4743440716737	-5.79492756385817
			12.4743440716737	-5.82542718261532
			12.4743440716737	-5.85592680137247
			12.4743440716737	-5.88642642012962
			12.4743440716737	-5.91692603888677
			12.4743440716737	-5.94742565764392
			12.4743440716737	-5.97792527640106
			12.4743440716737	-6.00842489515821
			12.4743440716737	-6.03892451391536
			12.4438444529165	-6.03892451391536
			12.4438444529165	-6.06942413267251
			12.4438444529165	-6.09992375142966
			12.4438444529165	-6.13042337018681
			12.4438444529165	-6.16092298894395
			12.4133448341594	-6.16092298894395
			12.4133448341594	-6.1914226077011
			12.4133448341594	-6.22192222645825
			12.3828452154022	-6.2524218452154
			12.3828452154022	-6.28292146397255
			12.3523455966451	-6.3134210827297
			12.3523455966451	-6.34392070148684
			12.3523455966451	-6.37442032024399
			12.3218459778879	-6.37442032024399
			12.3218459778879	-6.40491993900114
			12.2913463591308	-6.43541955775829
			12.2608467403736	-6.46591917651544
			12.2303471216165	-6.49641879527258
		</suture>
	</curves.scaled>
	<ruler.points type=matrix rownames=TRUE colnames=FALSE nrow=2 ncol=2 as.numeric=TRUE >
		Ruler point 1	414	253
		Ruler point 2	14	251
	</ruler.points>
</shapes>

