<shapes type=list>
	<ruler.pixel type=vector names=FALSE length=1 as.numeric=TRUE >471</ruler.pixel>
	<ruler.interval type=vector names=FALSE length=1 as.numeric=TRUE >1.2</ruler.interval>
	<scaling.units type=vector names=FALSE length=1 as.numeric=FALSE >cm</scaling.units>
	<scaling type=vector names=FALSE length=1 as.numeric=TRUE >0.00254777070063694</scaling>
	<landmarks.pixel type=matrix rownames=TRUE colnames=FALSE nrow=12 ncol=2 as.numeric=TRUE >
		LM1	259	30
		LM2	259	50
		LM3	259	189
		LM4	259	226
		LM5	325	166
		LM6	324	196
		LM7	327	217
		LM8	354	56
		LM9	374	95
		LM10	259	30
		LM11	427	149
		LM12	446	160
	</landmarks.pixel>
	<landmarks.scaled type=matrix rownames=TRUE colnames=FALSE nrow=12 ncol=2 as.numeric=TRUE >
		LM1	0.659872611464968	-0.0764331210191083
		LM2	0.659872611464968	-0.127388535031847
		LM3	0.659872611464968	-0.481528662420382
		LM4	0.659872611464968	-0.575796178343949
		LM5	0.828025477707006	-0.422929936305732
		LM6	0.825477707006369	-0.499363057324841
		LM7	0.83312101910828	-0.552866242038217
		LM8	0.901910828025478	-0.142675159235669
		LM9	0.952866242038216	-0.24203821656051
		LM10	0.659872611464968	-0.0764331210191083
		LM11	1.08789808917197	-0.379617834394904
		LM12	1.13630573248408	-0.407643312101911
	</landmarks.scaled>
	<curves.control type=list>
		<glabela type=matrix rownames=FALSE colnames=FALSE nrow=11 ncol=2 as.numeric=TRUE >
			259	50
			300	57
			309	73
			313	89
			305	101
			321	112
			308	138
			333	135
			323	184
			326	197
			327	217
		</glabela>
		<sutura type=matrix rownames=FALSE colnames=FALSE nrow=13 ncol=2 as.numeric=TRUE >
			259	30
			307	34
			331	42
			358	53
			352	64
			337	86
			349	91
			361	101
			375	99
			418	102
			427	148
			444	148
			446	160
		</sutura>
	</curves.control>
	<curves.pixel type=list>
		<glabela type=matrix rownames=FALSE colnames=FALSE nrow=210 ncol=2 as.numeric=TRUE >
			259	50
			260	50
			261	50
			262	51
			263	51
			264	51
			265	51
			266	51
			267	52
			268	52
			269	52
			270	52
			271	52
			272	53
			273	53
			274	53
			275	53
			276	54
			277	54
			278	54
			279	55
			280	55
			281	55
			282	55
			283	56
			284	56
			285	57
			286	57
			287	57
			288	58
			289	58
			290	58
			291	59
			292	59
			293	60
			294	60
			295	61
			296	61
			297	62
			298	62
			299	63
			300	63
			300	64
			301	65
			302	65
			303	66
			304	67
			305	68
			306	69
			307	70
			308	71
			308	72
			309	73
			309	74
			309	75
			310	76
			310	77
			310	78
			310	79
			310	80
			310	81
			310	82
			310	83
			310	84
			310	85
			310	86
			310	87
			310	88
			310	89
			310	90
			309	91
			309	92
			309	93
			308	94
			308	95
			308	96
			307	97
			307	98
			306	99
			306	100
			305	100
			305	101
			306	102
			307	102
			307	103
			308	103
			308	104
			309	104
			309	105
			310	106
			311	107
			312	108
			312	109
			313	110
			313	111
			313	112
			313	113
			313	114
			314	115
			314	116
			314	117
			314	118
			314	119
			314	120
			314	121
			314	122
			313	123
			313	124
			313	125
			313	126
			312	127
			312	128
			312	129
			312	130
			311	131
			311	132
			310	133
			310	134
			309	135
			309	136
			308	137
			308	138
			309	138
			310	138
			311	138
			312	138
			313	138
			314	138
			315	138
			316	139
			317	139
			318	140
			319	140
			320	141
			321	142
			322	143
			323	144
			323	145
			323	146
			324	147
			324	148
			325	149
			325	150
			325	151
			325	152
			325	153
			326	154
			326	155
			326	156
			326	157
			326	158
			326	159
			326	160
			326	161
			326	162
			326	163
			326	164
			326	165
			326	166
			326	167
			325	168
			325	169
			325	170
			325	171
			325	172
			325	173
			325	174
			325	175
			324	176
			324	177
			324	178
			324	179
			324	180
			324	181
			323	182
			323	183
			323	184
			323	185
			323	186
			324	187
			324	188
			324	189
			324	190
			324	191
			325	192
			325	193
			325	194
			325	195
			325	196
			325	197
			325	198
			326	199
			326	200
			326	201
			326	202
			326	203
			326	204
			326	205
			326	206
			326	207
			326	208
			327	209
			327	210
			327	211
			327	212
			327	213
			327	214
			327	215
			327	216
			327	217
		</glabela>
		<sutura type=matrix rownames=FALSE colnames=FALSE nrow=261 ncol=2 as.numeric=TRUE >
			259	30
			260	30
			261	30
			262	30
			263	30
			264	30
			265	31
			266	31
			267	31
			268	31
			269	31
			270	31
			271	31
			272	31
			273	31
			274	31
			275	32
			276	32
			277	32
			278	32
			279	32
			280	32
			281	32
			282	32
			283	32
			284	33
			285	33
			286	33
			287	33
			288	33
			289	33
			290	33
			291	33
			292	34
			293	34
			294	34
			295	34
			296	34
			297	34
			298	35
			299	35
			300	35
			301	35
			302	35
			303	35
			304	36
			305	36
			306	36
			307	36
			308	36
			309	36
			310	37
			311	37
			312	37
			313	37
			314	37
			315	38
			316	38
			317	38
			318	38
			319	39
			320	39
			321	39
			322	39
			323	40
			324	40
			325	40
			326	40
			327	41
			328	41
			329	41
			330	42
			331	42
			332	43
			333	43
			334	43
			335	44
			336	44
			337	45
			338	45
			339	46
			340	46
			341	47
			342	47
			343	48
			344	48
			345	49
			346	49
			346	50
			347	51
			348	51
			348	52
			349	52
			349	53
			350	53
			350	54
			351	54
			351	55
			352	55
			352	56
			352	57
			353	58
			353	59
			353	60
			353	61
			353	62
			352	63
			352	64
			351	65
			351	66
			350	67
			349	68
			349	69
			348	70
			347	71
			347	72
			347	73
			346	74
			346	75
			345	76
			345	77
			345	78
			344	78
			344	79
			344	80
			344	81
			344	82
			344	83
			344	84
			344	85
			344	86
			344	87
			345	88
			346	89
			347	90
			348	91
			349	91
			350	92
			351	92
			352	93
			353	94
			354	95
			355	95
			356	96
			357	96
			358	97
			359	97
			360	98
			361	98
			362	98
			363	98
			364	99
			365	99
			366	99
			367	99
			368	99
			369	99
			370	99
			371	99
			372	99
			373	99
			374	99
			375	99
			376	99
			377	99
			378	99
			379	99
			380	100
			381	100
			382	100
			383	100
			384	100
			385	100
			386	101
			387	101
			388	101
			389	101
			390	102
			391	102
			392	102
			393	103
			394	103
			395	104
			396	104
			397	104
			398	105
			399	105
			400	106
			401	106
			401	107
			402	107
			403	108
			404	108
			405	109
			406	109
			406	110
			407	111
			408	111
			409	112
			409	113
			410	113
			411	114
			411	115
			412	115
			413	116
			413	117
			414	118
			415	119
			416	120
			417	121
			417	122
			418	123
			419	124
			419	125
			419	126
			420	126
			420	127
			420	128
			421	129
			421	130
			422	131
			422	132
			423	133
			423	134
			424	135
			424	136
			424	137
			424	138
			425	139
			425	140
			425	141
			426	142
			426	143
			426	144
			426	145
			427	146
			427	147
			427	148
			428	148
			429	148
			430	148
			431	148
			432	148
			433	148
			433	149
			434	149
			435	149
			436	149
			437	149
			438	150
			439	150
			440	151
			441	152
			442	153
			443	154
			444	155
			445	156
			445	157
			445	158
			446	159
			446	160
		</sutura>
	</curves.pixel>
	<curves.scaled type=list>
		<glabela type=matrix rownames=FALSE colnames=FALSE nrow=210 ncol=2 as.numeric=TRUE >
			0.659872611464968	-0.127388535031847
			0.662420382165605	-0.127388535031847
			0.664968152866242	-0.127388535031847
			0.667515923566879	-0.129936305732484
			0.670063694267516	-0.129936305732484
			0.672611464968153	-0.129936305732484
			0.67515923566879	-0.129936305732484
			0.677707006369427	-0.129936305732484
			0.680254777070064	-0.132484076433121
			0.682802547770701	-0.132484076433121
			0.685350318471338	-0.132484076433121
			0.687898089171974	-0.132484076433121
			0.690445859872611	-0.132484076433121
			0.692993630573248	-0.135031847133758
			0.695541401273885	-0.135031847133758
			0.698089171974522	-0.135031847133758
			0.700636942675159	-0.135031847133758
			0.703184713375796	-0.137579617834395
			0.705732484076433	-0.137579617834395
			0.70828025477707	-0.137579617834395
			0.710828025477707	-0.140127388535032
			0.713375796178344	-0.140127388535032
			0.715923566878981	-0.140127388535032
			0.718471337579618	-0.140127388535032
			0.721019108280255	-0.142675159235669
			0.723566878980892	-0.142675159235669
			0.726114649681529	-0.145222929936306
			0.728662420382166	-0.145222929936306
			0.731210191082802	-0.145222929936306
			0.733757961783439	-0.147770700636943
			0.736305732484076	-0.147770700636943
			0.738853503184713	-0.147770700636943
			0.74140127388535	-0.15031847133758
			0.743949044585987	-0.15031847133758
			0.746496815286624	-0.152866242038217
			0.749044585987261	-0.152866242038217
			0.751592356687898	-0.155414012738853
			0.754140127388535	-0.155414012738853
			0.756687898089172	-0.15796178343949
			0.759235668789809	-0.15796178343949
			0.761783439490446	-0.160509554140127
			0.764331210191083	-0.160509554140127
			0.764331210191083	-0.163057324840764
			0.76687898089172	-0.165605095541401
			0.769426751592357	-0.165605095541401
			0.771974522292994	-0.168152866242038
			0.774522292993631	-0.170700636942675
			0.777070063694267	-0.173248407643312
			0.779617834394904	-0.175796178343949
			0.782165605095541	-0.178343949044586
			0.784713375796178	-0.180891719745223
			0.784713375796178	-0.18343949044586
			0.787261146496815	-0.185987261146497
			0.787261146496815	-0.188535031847134
			0.787261146496815	-0.191082802547771
			0.789808917197452	-0.193630573248408
			0.789808917197452	-0.196178343949045
			0.789808917197452	-0.198726114649682
			0.789808917197452	-0.201273885350318
			0.789808917197452	-0.203821656050955
			0.789808917197452	-0.206369426751592
			0.789808917197452	-0.208917197452229
			0.789808917197452	-0.211464968152866
			0.789808917197452	-0.214012738853503
			0.789808917197452	-0.21656050955414
			0.789808917197452	-0.219108280254777
			0.789808917197452	-0.221656050955414
			0.789808917197452	-0.224203821656051
			0.789808917197452	-0.226751592356688
			0.789808917197452	-0.229299363057325
			0.787261146496815	-0.231847133757962
			0.787261146496815	-0.234394904458599
			0.787261146496815	-0.236942675159236
			0.784713375796178	-0.239490445859873
			0.784713375796178	-0.24203821656051
			0.784713375796178	-0.244585987261146
			0.782165605095541	-0.247133757961783
			0.782165605095541	-0.24968152866242
			0.779617834394904	-0.252229299363057
			0.779617834394904	-0.254777070063694
			0.777070063694267	-0.254777070063694
			0.777070063694267	-0.257324840764331
			0.779617834394904	-0.259872611464968
			0.782165605095541	-0.259872611464968
			0.782165605095541	-0.262420382165605
			0.784713375796178	-0.262420382165605
			0.784713375796178	-0.264968152866242
			0.787261146496815	-0.264968152866242
			0.787261146496815	-0.267515923566879
			0.789808917197452	-0.270063694267516
			0.792356687898089	-0.272611464968153
			0.794904458598726	-0.27515923566879
			0.794904458598726	-0.277707006369427
			0.797452229299363	-0.280254777070064
			0.797452229299363	-0.282802547770701
			0.797452229299363	-0.285350318471338
			0.797452229299363	-0.287898089171975
			0.797452229299363	-0.290445859872611
			0.8	-0.292993630573248
			0.8	-0.295541401273885
			0.8	-0.298089171974522
			0.8	-0.300636942675159
			0.8	-0.303184713375796
			0.8	-0.305732484076433
			0.8	-0.30828025477707
			0.8	-0.310828025477707
			0.797452229299363	-0.313375796178344
			0.797452229299363	-0.315923566878981
			0.797452229299363	-0.318471337579618
			0.797452229299363	-0.321019108280255
			0.794904458598726	-0.323566878980892
			0.794904458598726	-0.326114649681529
			0.794904458598726	-0.328662420382166
			0.794904458598726	-0.331210191082803
			0.792356687898089	-0.333757961783439
			0.792356687898089	-0.336305732484076
			0.789808917197452	-0.338853503184713
			0.789808917197452	-0.34140127388535
			0.787261146496815	-0.343949044585987
			0.787261146496815	-0.346496815286624
			0.784713375796178	-0.349044585987261
			0.784713375796178	-0.351592356687898
			0.787261146496815	-0.351592356687898
			0.789808917197452	-0.351592356687898
			0.792356687898089	-0.351592356687898
			0.794904458598726	-0.351592356687898
			0.797452229299363	-0.351592356687898
			0.8	-0.351592356687898
			0.802547770700637	-0.351592356687898
			0.805095541401274	-0.354140127388535
			0.807643312101911	-0.354140127388535
			0.810191082802548	-0.356687898089172
			0.812738853503185	-0.356687898089172
			0.815286624203822	-0.359235668789809
			0.817834394904459	-0.361783439490446
			0.820382165605095	-0.364331210191083
			0.822929936305732	-0.36687898089172
			0.822929936305732	-0.369426751592357
			0.822929936305732	-0.371974522292994
			0.825477707006369	-0.374522292993631
			0.825477707006369	-0.377070063694267
			0.828025477707006	-0.379617834394904
			0.828025477707006	-0.382165605095541
			0.828025477707006	-0.384713375796178
			0.828025477707006	-0.387261146496815
			0.828025477707006	-0.389808917197452
			0.830573248407643	-0.392356687898089
			0.830573248407643	-0.394904458598726
			0.830573248407643	-0.397452229299363
			0.830573248407643	-0.4
			0.830573248407643	-0.402547770700637
			0.830573248407643	-0.405095541401274
			0.830573248407643	-0.407643312101911
			0.830573248407643	-0.410191082802548
			0.830573248407643	-0.412738853503185
			0.830573248407643	-0.415286624203822
			0.830573248407643	-0.417834394904459
			0.830573248407643	-0.420382165605096
			0.830573248407643	-0.422929936305732
			0.830573248407643	-0.425477707006369
			0.828025477707006	-0.428025477707006
			0.828025477707006	-0.430573248407643
			0.828025477707006	-0.43312101910828
			0.828025477707006	-0.435668789808917
			0.828025477707006	-0.438216560509554
			0.828025477707006	-0.440764331210191
			0.828025477707006	-0.443312101910828
			0.828025477707006	-0.445859872611465
			0.825477707006369	-0.448407643312102
			0.825477707006369	-0.450955414012739
			0.825477707006369	-0.453503184713376
			0.825477707006369	-0.456050955414013
			0.825477707006369	-0.45859872611465
			0.825477707006369	-0.461146496815287
			0.822929936305732	-0.463694267515924
			0.822929936305732	-0.46624203821656
			0.822929936305732	-0.468789808917197
			0.822929936305732	-0.471337579617834
			0.822929936305732	-0.473885350318471
			0.825477707006369	-0.476433121019108
			0.825477707006369	-0.478980891719745
			0.825477707006369	-0.481528662420382
			0.825477707006369	-0.484076433121019
			0.825477707006369	-0.486624203821656
			0.828025477707006	-0.489171974522293
			0.828025477707006	-0.49171974522293
			0.828025477707006	-0.494267515923567
			0.828025477707006	-0.496815286624204
			0.828025477707006	-0.499363057324841
			0.828025477707006	-0.501910828025478
			0.828025477707006	-0.504458598726115
			0.830573248407643	-0.507006369426752
			0.830573248407643	-0.509554140127389
			0.830573248407643	-0.512101910828025
			0.830573248407643	-0.514649681528662
			0.830573248407643	-0.517197452229299
			0.830573248407643	-0.519745222929936
			0.830573248407643	-0.522292993630573
			0.830573248407643	-0.52484076433121
			0.830573248407643	-0.527388535031847
			0.830573248407643	-0.529936305732484
			0.83312101910828	-0.532484076433121
			0.83312101910828	-0.535031847133758
			0.83312101910828	-0.537579617834395
			0.83312101910828	-0.540127388535032
			0.83312101910828	-0.542675159235669
			0.83312101910828	-0.545222929936306
			0.83312101910828	-0.547770700636943
			0.83312101910828	-0.55031847133758
			0.83312101910828	-0.552866242038217
		</glabela>
		<sutura type=matrix rownames=FALSE colnames=FALSE nrow=261 ncol=2 as.numeric=TRUE >
			0.659872611464968	-0.0764331210191083
			0.662420382165605	-0.0764331210191083
			0.664968152866242	-0.0764331210191083
			0.667515923566879	-0.0764331210191083
			0.670063694267516	-0.0764331210191083
			0.672611464968153	-0.0764331210191083
			0.67515923566879	-0.0789808917197452
			0.677707006369427	-0.0789808917197452
			0.680254777070064	-0.0789808917197452
			0.682802547770701	-0.0789808917197452
			0.685350318471338	-0.0789808917197452
			0.687898089171974	-0.0789808917197452
			0.690445859872611	-0.0789808917197452
			0.692993630573248	-0.0789808917197452
			0.695541401273885	-0.0789808917197452
			0.698089171974522	-0.0789808917197452
			0.700636942675159	-0.0815286624203822
			0.703184713375796	-0.0815286624203822
			0.705732484076433	-0.0815286624203822
			0.70828025477707	-0.0815286624203822
			0.710828025477707	-0.0815286624203822
			0.713375796178344	-0.0815286624203822
			0.715923566878981	-0.0815286624203822
			0.718471337579618	-0.0815286624203822
			0.721019108280255	-0.0815286624203822
			0.723566878980892	-0.0840764331210191
			0.726114649681529	-0.0840764331210191
			0.728662420382166	-0.0840764331210191
			0.731210191082802	-0.0840764331210191
			0.733757961783439	-0.0840764331210191
			0.736305732484076	-0.0840764331210191
			0.738853503184713	-0.0840764331210191
			0.74140127388535	-0.0840764331210191
			0.743949044585987	-0.086624203821656
			0.746496815286624	-0.086624203821656
			0.749044585987261	-0.086624203821656
			0.751592356687898	-0.086624203821656
			0.754140127388535	-0.086624203821656
			0.756687898089172	-0.086624203821656
			0.759235668789809	-0.089171974522293
			0.761783439490446	-0.089171974522293
			0.764331210191083	-0.089171974522293
			0.76687898089172	-0.089171974522293
			0.769426751592357	-0.089171974522293
			0.771974522292994	-0.089171974522293
			0.774522292993631	-0.0917197452229299
			0.777070063694267	-0.0917197452229299
			0.779617834394904	-0.0917197452229299
			0.782165605095541	-0.0917197452229299
			0.784713375796178	-0.0917197452229299
			0.787261146496815	-0.0917197452229299
			0.789808917197452	-0.0942675159235669
			0.792356687898089	-0.0942675159235669
			0.794904458598726	-0.0942675159235669
			0.797452229299363	-0.0942675159235669
			0.8	-0.0942675159235669
			0.802547770700637	-0.0968152866242038
			0.805095541401274	-0.0968152866242038
			0.807643312101911	-0.0968152866242038
			0.810191082802548	-0.0968152866242038
			0.812738853503185	-0.0993630573248408
			0.815286624203822	-0.0993630573248408
			0.817834394904459	-0.0993630573248408
			0.820382165605095	-0.0993630573248408
			0.822929936305732	-0.101910828025478
			0.825477707006369	-0.101910828025478
			0.828025477707006	-0.101910828025478
			0.830573248407643	-0.101910828025478
			0.83312101910828	-0.104458598726115
			0.835668789808917	-0.104458598726115
			0.838216560509554	-0.104458598726115
			0.840764331210191	-0.107006369426752
			0.843312101910828	-0.107006369426752
			0.845859872611465	-0.109554140127389
			0.848407643312102	-0.109554140127389
			0.850955414012739	-0.109554140127389
			0.853503184713376	-0.112101910828025
			0.856050955414013	-0.112101910828025
			0.85859872611465	-0.114649681528662
			0.861146496815287	-0.114649681528662
			0.863694267515923	-0.117197452229299
			0.86624203821656	-0.117197452229299
			0.868789808917197	-0.119745222929936
			0.871337579617834	-0.119745222929936
			0.873885350318471	-0.122292993630573
			0.876433121019108	-0.122292993630573
			0.878980891719745	-0.12484076433121
			0.881528662420382	-0.12484076433121
			0.881528662420382	-0.127388535031847
			0.884076433121019	-0.129936305732484
			0.886624203821656	-0.129936305732484
			0.886624203821656	-0.132484076433121
			0.889171974522293	-0.132484076433121
			0.889171974522293	-0.135031847133758
			0.89171974522293	-0.135031847133758
			0.89171974522293	-0.137579617834395
			0.894267515923567	-0.137579617834395
			0.894267515923567	-0.140127388535032
			0.896815286624204	-0.140127388535032
			0.896815286624204	-0.142675159235669
			0.896815286624204	-0.145222929936306
			0.899363057324841	-0.147770700636943
			0.899363057324841	-0.15031847133758
			0.899363057324841	-0.152866242038217
			0.899363057324841	-0.155414012738853
			0.899363057324841	-0.15796178343949
			0.896815286624204	-0.160509554140127
			0.896815286624204	-0.163057324840764
			0.894267515923567	-0.165605095541401
			0.894267515923567	-0.168152866242038
			0.89171974522293	-0.170700636942675
			0.889171974522293	-0.173248407643312
			0.889171974522293	-0.175796178343949
			0.886624203821656	-0.178343949044586
			0.884076433121019	-0.180891719745223
			0.884076433121019	-0.18343949044586
			0.884076433121019	-0.185987261146497
			0.881528662420382	-0.188535031847134
			0.881528662420382	-0.191082802547771
			0.878980891719745	-0.193630573248408
			0.878980891719745	-0.196178343949045
			0.878980891719745	-0.198726114649682
			0.876433121019108	-0.198726114649682
			0.876433121019108	-0.201273885350318
			0.876433121019108	-0.203821656050955
			0.876433121019108	-0.206369426751592
			0.876433121019108	-0.208917197452229
			0.876433121019108	-0.211464968152866
			0.876433121019108	-0.214012738853503
			0.876433121019108	-0.21656050955414
			0.876433121019108	-0.219108280254777
			0.876433121019108	-0.221656050955414
			0.878980891719745	-0.224203821656051
			0.881528662420382	-0.226751592356688
			0.884076433121019	-0.229299363057325
			0.886624203821656	-0.231847133757962
			0.889171974522293	-0.231847133757962
			0.89171974522293	-0.234394904458599
			0.894267515923567	-0.234394904458599
			0.896815286624204	-0.236942675159236
			0.899363057324841	-0.239490445859873
			0.901910828025478	-0.24203821656051
			0.904458598726115	-0.24203821656051
			0.907006369426752	-0.244585987261146
			0.909554140127388	-0.244585987261146
			0.912101910828025	-0.247133757961783
			0.914649681528662	-0.247133757961783
			0.917197452229299	-0.24968152866242
			0.919745222929936	-0.24968152866242
			0.922292993630573	-0.24968152866242
			0.92484076433121	-0.24968152866242
			0.927388535031847	-0.252229299363057
			0.929936305732484	-0.252229299363057
			0.932484076433121	-0.252229299363057
			0.935031847133758	-0.252229299363057
			0.937579617834395	-0.252229299363057
			0.940127388535032	-0.252229299363057
			0.942675159235669	-0.252229299363057
			0.945222929936306	-0.252229299363057
			0.947770700636943	-0.252229299363057
			0.95031847133758	-0.252229299363057
			0.952866242038216	-0.252229299363057
			0.955414012738853	-0.252229299363057
			0.95796178343949	-0.252229299363057
			0.960509554140127	-0.252229299363057
			0.963057324840764	-0.252229299363057
			0.965605095541401	-0.252229299363057
			0.968152866242038	-0.254777070063694
			0.970700636942675	-0.254777070063694
			0.973248407643312	-0.254777070063694
			0.975796178343949	-0.254777070063694
			0.978343949044586	-0.254777070063694
			0.980891719745223	-0.254777070063694
			0.98343949044586	-0.257324840764331
			0.985987261146497	-0.257324840764331
			0.988535031847134	-0.257324840764331
			0.991082802547771	-0.257324840764331
			0.993630573248408	-0.259872611464968
			0.996178343949045	-0.259872611464968
			0.998726114649682	-0.259872611464968
			1.00127388535032	-0.262420382165605
			1.00382165605096	-0.262420382165605
			1.00636942675159	-0.264968152866242
			1.00891719745223	-0.264968152866242
			1.01146496815287	-0.264968152866242
			1.0140127388535	-0.267515923566879
			1.01656050955414	-0.267515923566879
			1.01910828025478	-0.270063694267516
			1.02165605095541	-0.270063694267516
			1.02165605095541	-0.272611464968153
			1.02420382165605	-0.272611464968153
			1.02675159235669	-0.27515923566879
			1.02929936305732	-0.27515923566879
			1.03184713375796	-0.277707006369427
			1.0343949044586	-0.277707006369427
			1.0343949044586	-0.280254777070064
			1.03694267515924	-0.282802547770701
			1.03949044585987	-0.282802547770701
			1.04203821656051	-0.285350318471338
			1.04203821656051	-0.287898089171975
			1.04458598726115	-0.287898089171975
			1.04713375796178	-0.290445859872611
			1.04713375796178	-0.292993630573248
			1.04968152866242	-0.292993630573248
			1.05222929936306	-0.295541401273885
			1.05222929936306	-0.298089171974522
			1.05477707006369	-0.300636942675159
			1.05732484076433	-0.303184713375796
			1.05987261146497	-0.305732484076433
			1.06242038216561	-0.30828025477707
			1.06242038216561	-0.310828025477707
			1.06496815286624	-0.313375796178344
			1.06751592356688	-0.315923566878981
			1.06751592356688	-0.318471337579618
			1.06751592356688	-0.321019108280255
			1.07006369426752	-0.321019108280255
			1.07006369426752	-0.323566878980892
			1.07006369426752	-0.326114649681529
			1.07261146496815	-0.328662420382166
			1.07261146496815	-0.331210191082803
			1.07515923566879	-0.333757961783439
			1.07515923566879	-0.336305732484076
			1.07770700636943	-0.338853503184713
			1.07770700636943	-0.34140127388535
			1.08025477707006	-0.343949044585987
			1.08025477707006	-0.346496815286624
			1.08025477707006	-0.349044585987261
			1.08025477707006	-0.351592356687898
			1.0828025477707	-0.354140127388535
			1.0828025477707	-0.356687898089172
			1.0828025477707	-0.359235668789809
			1.08535031847134	-0.361783439490446
			1.08535031847134	-0.364331210191083
			1.08535031847134	-0.36687898089172
			1.08535031847134	-0.369426751592357
			1.08789808917197	-0.371974522292994
			1.08789808917197	-0.374522292993631
			1.08789808917197	-0.377070063694267
			1.09044585987261	-0.377070063694267
			1.09299363057325	-0.377070063694267
			1.09554140127389	-0.377070063694267
			1.09808917197452	-0.377070063694267
			1.10063694267516	-0.377070063694267
			1.1031847133758	-0.377070063694267
			1.1031847133758	-0.379617834394904
			1.10573248407643	-0.379617834394904
			1.10828025477707	-0.379617834394904
			1.11082802547771	-0.379617834394904
			1.11337579617834	-0.379617834394904
			1.11592356687898	-0.382165605095541
			1.11847133757962	-0.382165605095541
			1.12101910828025	-0.384713375796178
			1.12356687898089	-0.387261146496815
			1.12611464968153	-0.389808917197452
			1.12866242038217	-0.392356687898089
			1.1312101910828	-0.394904458598726
			1.13375796178344	-0.397452229299363
			1.13375796178344	-0.4
			1.13375796178344	-0.402547770700637
			1.13630573248408	-0.405095541401274
			1.13630573248408	-0.407643312101911
		</sutura>
	</curves.scaled>
	<ruler.points type=matrix rownames=TRUE colnames=FALSE nrow=2 ncol=2 as.numeric=TRUE >
		Ruler point 1	21	25
		Ruler point 2	492	25
	</ruler.points>
</shapes>

