<shapes type=list>
	<ruler.pixel type=vector names=FALSE length=1 as.numeric=TRUE >193</ruler.pixel>
	<ruler.interval type=vector names=FALSE length=1 as.numeric=TRUE >0.8</ruler.interval>
	<scaling.units type=vector names=FALSE length=1 as.numeric=FALSE >mm</scaling.units>
	<scaling type=vector names=FALSE length=1 as.numeric=TRUE >0.00414507772020725</scaling>
	<landmarks.pixel type=matrix rownames=TRUE colnames=FALSE nrow=10 ncol=2 as.numeric=TRUE >
		LM1	220	14
		LM2	220	24
		LM3	220	158
		LM4	220	215
		LM5	292	69
		LM6	280	163
		LM7	303	207
		LM10	220	14
		LM11	422	198
		LM12	407	230
	</landmarks.pixel>
	<landmarks.scaled type=matrix rownames=TRUE colnames=FALSE nrow=10 ncol=2 as.numeric=TRUE >
		LM1	0.911917098445596	-0.0580310880829016
		LM2	0.911917098445596	-0.0994818652849741
		LM3	0.911917098445596	-0.654922279792746
		LM4	0.911917098445596	-0.89119170984456
		LM5	1.21036269430052	-0.286010362694301
		LM6	1.16062176165803	-0.675647668393782
		LM7	1.2559585492228	-0.858031088082902
		LM10	0.911917098445596	-0.0580310880829016
		LM11	1.74922279792746	-0.820725388601036
		LM12	1.68704663212435	-0.953367875647668
	</landmarks.scaled>
	<curves.control type=list>
		<glabela type=matrix rownames=FALSE colnames=FALSE nrow=11 ncol=2 as.numeric=TRUE >
			220	24
			231	25
			276	43
			303	59
			283	101
			282	130
			277	139
			281	153
			280	163
			303	180
			303	207
		</glabela>
		<sutura type=matrix rownames=FALSE colnames=FALSE nrow=9 ncol=2 as.numeric=TRUE >
			220	14
			272	11
			304	25
			369	51
			407	136
			429	180
			423	198
			419	220
			407	230
		</sutura>
	</curves.control>
	<curves.pixel type=list>
		<glabela type=matrix rownames=FALSE colnames=FALSE nrow=237 ncol=2 as.numeric=TRUE >
			220	24
			221	24
			222	24
			223	25
			224	25
			225	25
			226	25
			227	25
			228	26
			229	26
			230	26
			231	26
			232	27
			233	27
			234	28
			235	28
			236	28
			237	28
			237	29
			238	29
			239	29
			240	29
			241	30
			242	30
			243	30
			243	31
			244	31
			245	31
			246	32
			247	32
			248	32
			249	33
			250	33
			251	33
			252	34
			253	34
			254	35
			255	35
			256	35
			257	36
			258	36
			259	36
			260	37
			261	37
			262	38
			263	38
			264	38
			265	39
			266	39
			267	39
			267	40
			268	40
			269	40
			270	41
			271	41
			272	41
			273	42
			274	42
			275	42
			275	43
			276	43
			277	43
			277	44
			278	44
			279	45
			280	45
			280	46
			281	47
			282	47
			283	48
			284	49
			284	50
			285	50
			286	51
			286	52
			287	53
			287	54
			288	55
			288	56
			289	56
			289	57
			290	58
			290	59
			290	60
			290	61
			291	62
			291	63
			291	64
			291	65
			291	66
			291	67
			291	68
			292	69
			292	70
			292	71
			291	72
			291	73
			291	74
			291	75
			291	76
			291	77
			291	78
			291	79
			290	80
			290	81
			290	82
			290	83
			290	84
			289	85
			289	86
			289	87
			288	88
			288	89
			287	90
			287	91
			287	92
			286	93
			286	94
			286	95
			285	96
			285	97
			285	98
			284	98
			284	99
			283	100
			283	101
			283	102
			283	103
			283	104
			283	105
			283	106
			283	107
			283	108
			283	109
			283	110
			282	111
			282	112
			282	113
			282	114
			282	115
			282	116
			282	117
			282	118
			282	119
			282	120
			282	121
			281	122
			281	123
			281	124
			281	125
			281	126
			281	127
			281	128
			280	129
			280	130
			280	131
			280	132
			279	133
			279	134
			279	135
			278	136
			278	137
			278	138
			277	138
			277	139
			277	140
			277	141
			278	142
			278	143
			278	144
			278	145
			279	145
			279	146
			279	147
			279	148
			279	149
			279	150
			280	151
			280	152
			280	153
			280	154
			280	155
			280	156
			280	157
			280	158
			280	159
			280	160
			280	161
			280	162
			280	163
			281	164
			282	165
			283	165
			284	166
			284	167
			285	167
			286	168
			287	169
			288	170
			289	171
			290	172
			291	173
			291	174
			292	175
			293	176
			294	177
			295	178
			296	179
			296	180
			296	181
			297	182
			297	183
			298	184
			299	185
			299	186
			299	187
			300	188
			300	189
			301	190
			301	191
			301	192
			301	193
			301	194
			302	194
			302	195
			302	196
			302	197
			302	198
			303	199
			303	200
			303	201
			303	202
			303	203
			303	204
			303	205
			303	206
			303	207
		</glabela>
		<sutura type=matrix rownames=FALSE colnames=FALSE nrow=325 ncol=2 as.numeric=TRUE >
			220	14
			221	14
			222	14
			223	14
			224	14
			225	14
			226	14
			227	14
			228	14
			229	14
			230	14
			231	14
			232	14
			233	14
			234	13
			235	13
			236	13
			237	13
			238	13
			239	13
			240	13
			241	13
			242	14
			243	14
			244	14
			245	14
			246	14
			247	14
			248	14
			249	14
			250	14
			251	14
			252	14
			253	14
			254	14
			255	14
			256	14
			257	14
			258	14
			259	14
			260	14
			261	15
			262	15
			263	15
			264	15
			265	15
			266	15
			267	15
			268	15
			269	16
			270	16
			271	16
			272	16
			273	16
			274	16
			275	17
			276	17
			277	17
			278	17
			279	17
			280	17
			281	18
			282	18
			283	18
			284	18
			285	19
			286	19
			287	19
			288	19
			289	20
			290	20
			291	20
			292	21
			293	21
			294	21
			295	21
			295	22
			296	22
			297	22
			298	23
			299	23
			300	23
			301	24
			302	24
			303	25
			304	25
			305	25
			306	26
			307	26
			308	27
			309	27
			310	27
			310	28
			311	28
			312	28
			312	29
			313	29
			314	29
			315	30
			316	30
			317	31
			318	32
			319	32
			320	32
			321	33
			322	33
			322	34
			323	34
			324	35
			325	35
			326	36
			327	37
			328	37
			329	38
			330	39
			331	39
			332	40
			333	40
			334	41
			335	42
			336	42
			337	43
			338	44
			339	44
			340	45
			340	46
			341	47
			342	47
			343	48
			344	49
			345	49
			346	50
			347	51
			348	52
			349	53
			350	53
			350	54
			351	55
			352	56
			353	56
			354	57
			355	58
			356	59
			356	60
			357	61
			358	62
			359	62
			360	63
			361	64
			362	65
			362	66
			363	67
			364	68
			365	69
			366	70
			367	71
			368	72
			369	73
			369	74
			370	74
			370	75
			371	76
			372	77
			373	78
			374	79
			375	80
			375	81
			376	82
			377	83
			377	84
			378	85
			379	86
			379	87
			380	88
			381	88
			381	89
			382	90
			382	91
			383	92
			384	93
			384	94
			385	95
			386	96
			386	97
			387	98
			388	99
			388	100
			389	101
			389	102
			390	103
			391	104
			391	105
			392	106
			392	107
			393	108
			394	109
			394	110
			395	111
			395	112
			396	113
			396	114
			397	115
			397	116
			398	117
			398	118
			399	119
			399	120
			400	120
			400	121
			400	122
			401	123
			401	124
			402	124
			402	125
			402	126
			403	127
			403	128
			404	128
			404	129
			404	130
			405	131
			405	132
			405	133
			406	134
			407	135
			407	136
			408	137
			408	138
			409	139
			409	140
			409	141
			410	142
			410	143
			411	143
			411	144
			411	145
			412	146
			412	147
			412	148
			413	148
			413	149
			414	150
			414	151
			414	152
			415	152
			415	153
			415	154
			416	155
			416	156
			417	157
			417	158
			417	159
			418	160
			418	161
			419	162
			419	163
			419	164
			420	165
			420	166
			420	167
			421	168
			421	169
			421	170
			421	171
			422	172
			422	173
			422	174
			422	175
			423	176
			423	177
			423	178
			423	179
			423	180
			424	181
			424	182
			424	183
			424	184
			424	185
			424	186
			424	187
			424	188
			424	189
			424	190
			424	191
			424	192
			424	193
			424	194
			424	195
			424	196
			423	196
			423	197
			423	198
			423	199
			423	200
			422	201
			422	202
			422	203
			422	204
			421	205
			421	206
			421	207
			421	208
			420	209
			420	210
			420	211
			419	212
			419	213
			419	214
			418	215
			417	216
			417	217
			416	218
			416	219
			415	220
			415	221
			414	222
			414	223
			413	223
			413	224
			412	225
			411	226
			410	227
			409	228
			408	229
			407	230
		</sutura>
	</curves.pixel>
	<curves.scaled type=list>
		<glabela type=matrix rownames=FALSE colnames=FALSE nrow=237 ncol=2 as.numeric=TRUE >
			0.911917098445596	-0.0994818652849741
			0.916062176165803	-0.0994818652849741
			0.92020725388601	-0.0994818652849741
			0.924352331606218	-0.103626943005181
			0.928497409326425	-0.103626943005181
			0.932642487046632	-0.103626943005181
			0.936787564766839	-0.103626943005181
			0.940932642487047	-0.103626943005181
			0.945077720207254	-0.107772020725389
			0.949222797927461	-0.107772020725389
			0.953367875647668	-0.107772020725389
			0.957512953367876	-0.107772020725389
			0.961658031088083	-0.111917098445596
			0.96580310880829	-0.111917098445596
			0.969948186528497	-0.116062176165803
			0.974093264248705	-0.116062176165803
			0.978238341968912	-0.116062176165803
			0.982383419689119	-0.116062176165803
			0.982383419689119	-0.12020725388601
			0.986528497409326	-0.12020725388601
			0.990673575129534	-0.12020725388601
			0.994818652849741	-0.12020725388601
			0.998963730569948	-0.124352331606218
			1.00310880829016	-0.124352331606218
			1.00725388601036	-0.124352331606218
			1.00725388601036	-0.128497409326425
			1.01139896373057	-0.128497409326425
			1.01554404145078	-0.128497409326425
			1.01968911917098	-0.132642487046632
			1.02383419689119	-0.132642487046632
			1.0279792746114	-0.132642487046632
			1.03212435233161	-0.136787564766839
			1.03626943005181	-0.136787564766839
			1.04041450777202	-0.136787564766839
			1.04455958549223	-0.140932642487047
			1.04870466321244	-0.140932642487047
			1.05284974093264	-0.145077720207254
			1.05699481865285	-0.145077720207254
			1.06113989637306	-0.145077720207254
			1.06528497409326	-0.149222797927461
			1.06943005181347	-0.149222797927461
			1.07357512953368	-0.149222797927461
			1.07772020725389	-0.153367875647668
			1.08186528497409	-0.153367875647668
			1.0860103626943	-0.157512953367876
			1.09015544041451	-0.157512953367876
			1.09430051813471	-0.157512953367876
			1.09844559585492	-0.161658031088083
			1.10259067357513	-0.161658031088083
			1.10673575129534	-0.161658031088083
			1.10673575129534	-0.16580310880829
			1.11088082901554	-0.16580310880829
			1.11502590673575	-0.16580310880829
			1.11917098445596	-0.169948186528497
			1.12331606217617	-0.169948186528497
			1.12746113989637	-0.169948186528497
			1.13160621761658	-0.174093264248705
			1.13575129533679	-0.174093264248705
			1.13989637305699	-0.174093264248705
			1.13989637305699	-0.178238341968912
			1.1440414507772	-0.178238341968912
			1.14818652849741	-0.178238341968912
			1.14818652849741	-0.182383419689119
			1.15233160621762	-0.182383419689119
			1.15647668393782	-0.186528497409326
			1.16062176165803	-0.186528497409326
			1.16062176165803	-0.190673575129534
			1.16476683937824	-0.194818652849741
			1.16891191709845	-0.194818652849741
			1.17305699481865	-0.198963730569948
			1.17720207253886	-0.203108808290155
			1.17720207253886	-0.207253886010363
			1.18134715025907	-0.207253886010363
			1.18549222797927	-0.21139896373057
			1.18549222797927	-0.215544041450777
			1.18963730569948	-0.219689119170984
			1.18963730569948	-0.223834196891192
			1.19378238341969	-0.227979274611399
			1.19378238341969	-0.232124352331606
			1.1979274611399	-0.232124352331606
			1.1979274611399	-0.236269430051813
			1.2020725388601	-0.240414507772021
			1.2020725388601	-0.244559585492228
			1.2020725388601	-0.248704663212435
			1.2020725388601	-0.252849740932642
			1.20621761658031	-0.25699481865285
			1.20621761658031	-0.261139896373057
			1.20621761658031	-0.265284974093264
			1.20621761658031	-0.269430051813472
			1.20621761658031	-0.273575129533679
			1.20621761658031	-0.277720207253886
			1.20621761658031	-0.281865284974093
			1.21036269430052	-0.286010362694301
			1.21036269430052	-0.290155440414508
			1.21036269430052	-0.294300518134715
			1.20621761658031	-0.298445595854922
			1.20621761658031	-0.30259067357513
			1.20621761658031	-0.306735751295337
			1.20621761658031	-0.310880829015544
			1.20621761658031	-0.315025906735751
			1.20621761658031	-0.319170984455959
			1.20621761658031	-0.323316062176166
			1.20621761658031	-0.327461139896373
			1.2020725388601	-0.33160621761658
			1.2020725388601	-0.335751295336788
			1.2020725388601	-0.339896373056995
			1.2020725388601	-0.344041450777202
			1.2020725388601	-0.348186528497409
			1.1979274611399	-0.352331606217617
			1.1979274611399	-0.356476683937824
			1.1979274611399	-0.360621761658031
			1.19378238341969	-0.364766839378238
			1.19378238341969	-0.368911917098446
			1.18963730569948	-0.373056994818653
			1.18963730569948	-0.37720207253886
			1.18963730569948	-0.381347150259067
			1.18549222797927	-0.385492227979275
			1.18549222797927	-0.389637305699482
			1.18549222797927	-0.393782383419689
			1.18134715025907	-0.397927461139896
			1.18134715025907	-0.402072538860104
			1.18134715025907	-0.406217616580311
			1.17720207253886	-0.406217616580311
			1.17720207253886	-0.410362694300518
			1.17305699481865	-0.414507772020725
			1.17305699481865	-0.418652849740933
			1.17305699481865	-0.42279792746114
			1.17305699481865	-0.426943005181347
			1.17305699481865	-0.431088082901554
			1.17305699481865	-0.435233160621762
			1.17305699481865	-0.439378238341969
			1.17305699481865	-0.443523316062176
			1.17305699481865	-0.447668393782383
			1.17305699481865	-0.451813471502591
			1.17305699481865	-0.455958549222798
			1.16891191709845	-0.460103626943005
			1.16891191709845	-0.464248704663212
			1.16891191709845	-0.46839378238342
			1.16891191709845	-0.472538860103627
			1.16891191709845	-0.476683937823834
			1.16891191709845	-0.480829015544041
			1.16891191709845	-0.484974093264249
			1.16891191709845	-0.489119170984456
			1.16891191709845	-0.493264248704663
			1.16891191709845	-0.49740932642487
			1.16891191709845	-0.501554404145078
			1.16476683937824	-0.505699481865285
			1.16476683937824	-0.509844559585492
			1.16476683937824	-0.513989637305699
			1.16476683937824	-0.518134715025907
			1.16476683937824	-0.522279792746114
			1.16476683937824	-0.526424870466321
			1.16476683937824	-0.530569948186528
			1.16062176165803	-0.534715025906736
			1.16062176165803	-0.538860103626943
			1.16062176165803	-0.54300518134715
			1.16062176165803	-0.547150259067357
			1.15647668393782	-0.551295336787565
			1.15647668393782	-0.555440414507772
			1.15647668393782	-0.559585492227979
			1.15233160621762	-0.563730569948186
			1.15233160621762	-0.567875647668394
			1.15233160621762	-0.572020725388601
			1.14818652849741	-0.572020725388601
			1.14818652849741	-0.576165803108808
			1.14818652849741	-0.580310880829015
			1.14818652849741	-0.584455958549223
			1.15233160621762	-0.58860103626943
			1.15233160621762	-0.592746113989637
			1.15233160621762	-0.596891191709845
			1.15233160621762	-0.601036269430052
			1.15647668393782	-0.601036269430052
			1.15647668393782	-0.605181347150259
			1.15647668393782	-0.609326424870466
			1.15647668393782	-0.613471502590674
			1.15647668393782	-0.617616580310881
			1.15647668393782	-0.621761658031088
			1.16062176165803	-0.625906735751295
			1.16062176165803	-0.630051813471503
			1.16062176165803	-0.63419689119171
			1.16062176165803	-0.638341968911917
			1.16062176165803	-0.642487046632124
			1.16062176165803	-0.646632124352332
			1.16062176165803	-0.650777202072539
			1.16062176165803	-0.654922279792746
			1.16062176165803	-0.659067357512953
			1.16062176165803	-0.663212435233161
			1.16062176165803	-0.667357512953368
			1.16062176165803	-0.671502590673575
			1.16062176165803	-0.675647668393782
			1.16476683937824	-0.67979274611399
			1.16891191709845	-0.683937823834197
			1.17305699481865	-0.683937823834197
			1.17720207253886	-0.688082901554404
			1.17720207253886	-0.692227979274611
			1.18134715025907	-0.692227979274611
			1.18549222797927	-0.696373056994819
			1.18963730569948	-0.700518134715026
			1.19378238341969	-0.704663212435233
			1.1979274611399	-0.70880829015544
			1.2020725388601	-0.712953367875648
			1.20621761658031	-0.717098445595855
			1.20621761658031	-0.721243523316062
			1.21036269430052	-0.725388601036269
			1.21450777202073	-0.729533678756477
			1.21865284974093	-0.733678756476684
			1.22279792746114	-0.737823834196891
			1.22694300518135	-0.741968911917098
			1.22694300518135	-0.746113989637306
			1.22694300518135	-0.750259067357513
			1.23108808290155	-0.75440414507772
			1.23108808290155	-0.758549222797927
			1.23523316062176	-0.762694300518135
			1.23937823834197	-0.766839378238342
			1.23937823834197	-0.770984455958549
			1.23937823834197	-0.775129533678756
			1.24352331606218	-0.779274611398964
			1.24352331606218	-0.783419689119171
			1.24766839378238	-0.787564766839378
			1.24766839378238	-0.791709844559585
			1.24766839378238	-0.795854922279793
			1.24766839378238	-0.8
			1.24766839378238	-0.804145077720207
			1.25181347150259	-0.804145077720207
			1.25181347150259	-0.808290155440414
			1.25181347150259	-0.812435233160622
			1.25181347150259	-0.816580310880829
			1.25181347150259	-0.820725388601036
			1.2559585492228	-0.824870466321244
			1.2559585492228	-0.829015544041451
			1.2559585492228	-0.833160621761658
			1.2559585492228	-0.837305699481865
			1.2559585492228	-0.841450777202073
			1.2559585492228	-0.84559585492228
			1.2559585492228	-0.849740932642487
			1.2559585492228	-0.853886010362694
			1.2559585492228	-0.858031088082902
		</glabela>
		<sutura type=matrix rownames=FALSE colnames=FALSE nrow=325 ncol=2 as.numeric=TRUE >
			0.911917098445596	-0.0580310880829016
			0.916062176165803	-0.0580310880829016
			0.92020725388601	-0.0580310880829016
			0.924352331606218	-0.0580310880829016
			0.928497409326425	-0.0580310880829016
			0.932642487046632	-0.0580310880829016
			0.936787564766839	-0.0580310880829016
			0.940932642487047	-0.0580310880829016
			0.945077720207254	-0.0580310880829016
			0.949222797927461	-0.0580310880829016
			0.953367875647668	-0.0580310880829016
			0.957512953367876	-0.0580310880829016
			0.961658031088083	-0.0580310880829016
			0.96580310880829	-0.0580310880829016
			0.969948186528497	-0.0538860103626943
			0.974093264248705	-0.0538860103626943
			0.978238341968912	-0.0538860103626943
			0.982383419689119	-0.0538860103626943
			0.986528497409326	-0.0538860103626943
			0.990673575129534	-0.0538860103626943
			0.994818652849741	-0.0538860103626943
			0.998963730569948	-0.0538860103626943
			1.00310880829016	-0.0580310880829016
			1.00725388601036	-0.0580310880829016
			1.01139896373057	-0.0580310880829016
			1.01554404145078	-0.0580310880829016
			1.01968911917098	-0.0580310880829016
			1.02383419689119	-0.0580310880829016
			1.0279792746114	-0.0580310880829016
			1.03212435233161	-0.0580310880829016
			1.03626943005181	-0.0580310880829016
			1.04041450777202	-0.0580310880829016
			1.04455958549223	-0.0580310880829016
			1.04870466321244	-0.0580310880829016
			1.05284974093264	-0.0580310880829016
			1.05699481865285	-0.0580310880829016
			1.06113989637306	-0.0580310880829016
			1.06528497409326	-0.0580310880829016
			1.06943005181347	-0.0580310880829016
			1.07357512953368	-0.0580310880829016
			1.07772020725389	-0.0580310880829016
			1.08186528497409	-0.0621761658031088
			1.0860103626943	-0.0621761658031088
			1.09015544041451	-0.0621761658031088
			1.09430051813471	-0.0621761658031088
			1.09844559585492	-0.0621761658031088
			1.10259067357513	-0.0621761658031088
			1.10673575129534	-0.0621761658031088
			1.11088082901554	-0.0621761658031088
			1.11502590673575	-0.0663212435233161
			1.11917098445596	-0.0663212435233161
			1.12331606217617	-0.0663212435233161
			1.12746113989637	-0.0663212435233161
			1.13160621761658	-0.0663212435233161
			1.13575129533679	-0.0663212435233161
			1.13989637305699	-0.0704663212435233
			1.1440414507772	-0.0704663212435233
			1.14818652849741	-0.0704663212435233
			1.15233160621762	-0.0704663212435233
			1.15647668393782	-0.0704663212435233
			1.16062176165803	-0.0704663212435233
			1.16476683937824	-0.0746113989637306
			1.16891191709845	-0.0746113989637306
			1.17305699481865	-0.0746113989637306
			1.17720207253886	-0.0746113989637306
			1.18134715025907	-0.0787564766839378
			1.18549222797927	-0.0787564766839378
			1.18963730569948	-0.0787564766839378
			1.19378238341969	-0.0787564766839378
			1.1979274611399	-0.0829015544041451
			1.2020725388601	-0.0829015544041451
			1.20621761658031	-0.0829015544041451
			1.21036269430052	-0.0870466321243523
			1.21450777202073	-0.0870466321243523
			1.21865284974093	-0.0870466321243523
			1.22279792746114	-0.0870466321243523
			1.22279792746114	-0.0911917098445596
			1.22694300518135	-0.0911917098445596
			1.23108808290155	-0.0911917098445596
			1.23523316062176	-0.0953367875647668
			1.23937823834197	-0.0953367875647668
			1.24352331606218	-0.0953367875647668
			1.24766839378238	-0.0994818652849741
			1.25181347150259	-0.0994818652849741
			1.2559585492228	-0.103626943005181
			1.26010362694301	-0.103626943005181
			1.26424870466321	-0.103626943005181
			1.26839378238342	-0.107772020725389
			1.27253886010363	-0.107772020725389
			1.27668393782383	-0.111917098445596
			1.28082901554404	-0.111917098445596
			1.28497409326425	-0.111917098445596
			1.28497409326425	-0.116062176165803
			1.28911917098446	-0.116062176165803
			1.29326424870466	-0.116062176165803
			1.29326424870466	-0.12020725388601
			1.29740932642487	-0.12020725388601
			1.30155440414508	-0.12020725388601
			1.30569948186528	-0.124352331606218
			1.30984455958549	-0.124352331606218
			1.3139896373057	-0.128497409326425
			1.31813471502591	-0.132642487046632
			1.32227979274611	-0.132642487046632
			1.32642487046632	-0.132642487046632
			1.33056994818653	-0.136787564766839
			1.33471502590674	-0.136787564766839
			1.33471502590674	-0.140932642487047
			1.33886010362694	-0.140932642487047
			1.34300518134715	-0.145077720207254
			1.34715025906736	-0.145077720207254
			1.35129533678756	-0.149222797927461
			1.35544041450777	-0.153367875647668
			1.35958549222798	-0.153367875647668
			1.36373056994819	-0.157512953367876
			1.36787564766839	-0.161658031088083
			1.3720207253886	-0.161658031088083
			1.37616580310881	-0.16580310880829
			1.38031088082902	-0.16580310880829
			1.38445595854922	-0.169948186528497
			1.38860103626943	-0.174093264248705
			1.39274611398964	-0.174093264248705
			1.39689119170984	-0.178238341968912
			1.40103626943005	-0.182383419689119
			1.40518134715026	-0.182383419689119
			1.40932642487047	-0.186528497409326
			1.40932642487047	-0.190673575129534
			1.41347150259067	-0.194818652849741
			1.41761658031088	-0.194818652849741
			1.42176165803109	-0.198963730569948
			1.4259067357513	-0.203108808290155
			1.4300518134715	-0.203108808290155
			1.43419689119171	-0.207253886010363
			1.43834196891192	-0.21139896373057
			1.44248704663212	-0.215544041450777
			1.44663212435233	-0.219689119170984
			1.45077720207254	-0.219689119170984
			1.45077720207254	-0.223834196891192
			1.45492227979275	-0.227979274611399
			1.45906735751295	-0.232124352331606
			1.46321243523316	-0.232124352331606
			1.46735751295337	-0.236269430051813
			1.47150259067358	-0.240414507772021
			1.47564766839378	-0.244559585492228
			1.47564766839378	-0.248704663212435
			1.47979274611399	-0.252849740932642
			1.4839378238342	-0.25699481865285
			1.4880829015544	-0.25699481865285
			1.49222797927461	-0.261139896373057
			1.49637305699482	-0.265284974093264
			1.50051813471503	-0.269430051813472
			1.50051813471503	-0.273575129533679
			1.50466321243523	-0.277720207253886
			1.50880829015544	-0.281865284974093
			1.51295336787565	-0.286010362694301
			1.51709844559585	-0.290155440414508
			1.52124352331606	-0.294300518134715
			1.52538860103627	-0.298445595854922
			1.52953367875648	-0.30259067357513
			1.52953367875648	-0.306735751295337
			1.53367875647668	-0.306735751295337
			1.53367875647668	-0.310880829015544
			1.53782383419689	-0.315025906735751
			1.5419689119171	-0.319170984455959
			1.54611398963731	-0.323316062176166
			1.55025906735751	-0.327461139896373
			1.55440414507772	-0.33160621761658
			1.55440414507772	-0.335751295336788
			1.55854922279793	-0.339896373056995
			1.56269430051813	-0.344041450777202
			1.56269430051813	-0.348186528497409
			1.56683937823834	-0.352331606217617
			1.57098445595855	-0.356476683937824
			1.57098445595855	-0.360621761658031
			1.57512953367876	-0.364766839378238
			1.57927461139896	-0.364766839378238
			1.57927461139896	-0.368911917098446
			1.58341968911917	-0.373056994818653
			1.58341968911917	-0.37720207253886
			1.58756476683938	-0.381347150259067
			1.59170984455959	-0.385492227979275
			1.59170984455959	-0.389637305699482
			1.59585492227979	-0.393782383419689
			1.6	-0.397927461139896
			1.6	-0.402072538860104
			1.60414507772021	-0.406217616580311
			1.60829015544041	-0.410362694300518
			1.60829015544041	-0.414507772020725
			1.61243523316062	-0.418652849740933
			1.61243523316062	-0.42279792746114
			1.61658031088083	-0.426943005181347
			1.62072538860104	-0.431088082901554
			1.62072538860104	-0.435233160621762
			1.62487046632124	-0.439378238341969
			1.62487046632124	-0.443523316062176
			1.62901554404145	-0.447668393782383
			1.63316062176166	-0.451813471502591
			1.63316062176166	-0.455958549222798
			1.63730569948187	-0.460103626943005
			1.63730569948187	-0.464248704663212
			1.64145077720207	-0.46839378238342
			1.64145077720207	-0.472538860103627
			1.64559585492228	-0.476683937823834
			1.64559585492228	-0.480829015544041
			1.64974093264249	-0.484974093264249
			1.64974093264249	-0.489119170984456
			1.65388601036269	-0.493264248704663
			1.65388601036269	-0.49740932642487
			1.6580310880829	-0.49740932642487
			1.6580310880829	-0.501554404145078
			1.6580310880829	-0.505699481865285
			1.66217616580311	-0.509844559585492
			1.66217616580311	-0.513989637305699
			1.66632124352332	-0.513989637305699
			1.66632124352332	-0.518134715025907
			1.66632124352332	-0.522279792746114
			1.67046632124352	-0.526424870466321
			1.67046632124352	-0.530569948186528
			1.67461139896373	-0.530569948186528
			1.67461139896373	-0.534715025906736
			1.67461139896373	-0.538860103626943
			1.67875647668394	-0.54300518134715
			1.67875647668394	-0.547150259067357
			1.67875647668394	-0.551295336787565
			1.68290155440415	-0.555440414507772
			1.68704663212435	-0.559585492227979
			1.68704663212435	-0.563730569948186
			1.69119170984456	-0.567875647668394
			1.69119170984456	-0.572020725388601
			1.69533678756477	-0.576165803108808
			1.69533678756477	-0.580310880829015
			1.69533678756477	-0.584455958549223
			1.69948186528497	-0.58860103626943
			1.69948186528497	-0.592746113989637
			1.70362694300518	-0.592746113989637
			1.70362694300518	-0.596891191709845
			1.70362694300518	-0.601036269430052
			1.70777202072539	-0.605181347150259
			1.70777202072539	-0.609326424870466
			1.70777202072539	-0.613471502590674
			1.7119170984456	-0.613471502590674
			1.7119170984456	-0.617616580310881
			1.7160621761658	-0.621761658031088
			1.7160621761658	-0.625906735751295
			1.7160621761658	-0.630051813471503
			1.72020725388601	-0.630051813471503
			1.72020725388601	-0.63419689119171
			1.72020725388601	-0.638341968911917
			1.72435233160622	-0.642487046632124
			1.72435233160622	-0.646632124352332
			1.72849740932642	-0.650777202072539
			1.72849740932642	-0.654922279792746
			1.72849740932642	-0.659067357512953
			1.73264248704663	-0.663212435233161
			1.73264248704663	-0.667357512953368
			1.73678756476684	-0.671502590673575
			1.73678756476684	-0.675647668393782
			1.73678756476684	-0.67979274611399
			1.74093264248705	-0.683937823834197
			1.74093264248705	-0.688082901554404
			1.74093264248705	-0.692227979274611
			1.74507772020725	-0.696373056994819
			1.74507772020725	-0.700518134715026
			1.74507772020725	-0.704663212435233
			1.74507772020725	-0.70880829015544
			1.74922279792746	-0.712953367875648
			1.74922279792746	-0.717098445595855
			1.74922279792746	-0.721243523316062
			1.74922279792746	-0.725388601036269
			1.75336787564767	-0.729533678756477
			1.75336787564767	-0.733678756476684
			1.75336787564767	-0.737823834196891
			1.75336787564767	-0.741968911917098
			1.75336787564767	-0.746113989637306
			1.75751295336788	-0.750259067357513
			1.75751295336788	-0.75440414507772
			1.75751295336788	-0.758549222797927
			1.75751295336788	-0.762694300518135
			1.75751295336788	-0.766839378238342
			1.75751295336788	-0.770984455958549
			1.75751295336788	-0.775129533678756
			1.75751295336788	-0.779274611398964
			1.75751295336788	-0.783419689119171
			1.75751295336788	-0.787564766839378
			1.75751295336788	-0.791709844559585
			1.75751295336788	-0.795854922279793
			1.75751295336788	-0.8
			1.75751295336788	-0.804145077720207
			1.75751295336788	-0.808290155440414
			1.75751295336788	-0.812435233160622
			1.75336787564767	-0.812435233160622
			1.75336787564767	-0.816580310880829
			1.75336787564767	-0.820725388601036
			1.75336787564767	-0.824870466321244
			1.75336787564767	-0.829015544041451
			1.74922279792746	-0.833160621761658
			1.74922279792746	-0.837305699481865
			1.74922279792746	-0.841450777202073
			1.74922279792746	-0.84559585492228
			1.74507772020725	-0.849740932642487
			1.74507772020725	-0.853886010362694
			1.74507772020725	-0.858031088082902
			1.74507772020725	-0.862176165803109
			1.74093264248705	-0.866321243523316
			1.74093264248705	-0.870466321243523
			1.74093264248705	-0.874611398963731
			1.73678756476684	-0.878756476683938
			1.73678756476684	-0.882901554404145
			1.73678756476684	-0.887046632124352
			1.73264248704663	-0.89119170984456
			1.72849740932642	-0.895336787564767
			1.72849740932642	-0.899481865284974
			1.72435233160622	-0.903626943005181
			1.72435233160622	-0.907772020725389
			1.72020725388601	-0.911917098445596
			1.72020725388601	-0.916062176165803
			1.7160621761658	-0.92020725388601
			1.7160621761658	-0.924352331606218
			1.7119170984456	-0.924352331606218
			1.7119170984456	-0.928497409326425
			1.70777202072539	-0.932642487046632
			1.70362694300518	-0.936787564766839
			1.69948186528497	-0.940932642487047
			1.69533678756477	-0.945077720207254
			1.69119170984456	-0.949222797927461
			1.68704663212435	-0.953367875647668
		</sutura>
	</curves.scaled>
	<ruler.points type=matrix rownames=TRUE colnames=FALSE nrow=2 ncol=2 as.numeric=TRUE >
		Ruler point 1	446	6
		Ruler point 2	446	199
	</ruler.points>
</shapes>

