<shapes type=list>
	<ruler.pixel type=vector names=FALSE length=1 as.numeric=TRUE >41</ruler.pixel>
	<ruler.interval type=vector names=FALSE length=1 as.numeric=TRUE >2</ruler.interval>
	<scaling.units type=vector names=FALSE length=1 as.numeric=FALSE >mm</scaling.units>
	<scaling type=vector names=FALSE length=1 as.numeric=TRUE >0.0487804878048781</scaling>
	<landmarks.pixel type=matrix rownames=TRUE colnames=FALSE nrow=15 ncol=2 as.numeric=TRUE >
		LM1	152	12
		LM2	152	22
		LM3	152	152
		LM4	152	176
		LM5	197	72
		LM6	186	149
		LM7	189	177
		LM8	190	86
		LM9	190	144
		LM10	152	12
		LM11	203	152
		LM12	232	173
		LM13	152	12
		LM15	270	176
		LM16	269	182
	</landmarks.pixel>
	<landmarks.scaled type=matrix rownames=TRUE colnames=FALSE nrow=15 ncol=2 as.numeric=TRUE >
		LM1	7.41463414634146	-0.585365853658537
		LM2	7.41463414634146	-1.07317073170732
		LM3	7.41463414634146	-7.41463414634146
		LM4	7.41463414634146	-8.58536585365854
		LM5	9.60975609756098	-3.51219512195122
		LM6	9.07317073170732	-7.26829268292683
		LM7	9.21951219512195	-8.63414634146342
		LM8	9.26829268292683	-4.19512195121951
		LM9	9.26829268292683	-7.02439024390244
		LM10	7.41463414634146	-0.585365853658537
		LM11	9.90243902439024	-7.41463414634146
		LM12	11.3170731707317	-8.4390243902439
		LM13	7.41463414634146	-0.585365853658537
		LM15	13.1707317073171	-8.58536585365854
		LM16	13.1219512195122	-8.87804878048781
	</landmarks.scaled>
	<curves.control type=list>
		<glabella type=matrix rownames=FALSE colnames=FALSE nrow=11 ncol=2 as.numeric=TRUE >
			152	22
			177	26
			188	45
			201	64
			192	81
			188	98
			189	112
			189	127
			189	139
			191	160
			189	177
		</glabella>
		<suture type=matrix rownames=FALSE colnames=FALSE nrow=15 ncol=2 as.numeric=TRUE >
			152	12
			187	20
			199	29
			205	37
			209	48
			210	61
			203	81
			202	97
			215	109
			222	123
			212	136
			195	148
			208	157
			228	166
			232	173
		</suture>
		<anterior type=matrix rownames=FALSE colnames=FALSE nrow=9 ncol=2 as.numeric=TRUE >
			152	12
			169	14
			193	26
			209	37
			220	50
			228	63
			240	83
			256	125
			270	176
		</anterior>
		<posterior type=matrix rownames=FALSE colnames=FALSE nrow=11 ncol=2 as.numeric=TRUE >
			152	176
			175	178
			194	177
			212	175
			225	173
			243	168
			253	184
			256	190
			265	188
			270	182
			270	176
		</posterior>
	</curves.control>
	<curves.pixel type=list>
		<glabella type=matrix rownames=FALSE colnames=FALSE nrow=176 ncol=2 as.numeric=TRUE >
			152	22
			153	22
			154	22
			155	23
			156	23
			157	23
			158	23
			159	24
			160	24
			161	24
			162	24
			163	25
			164	25
			165	26
			166	26
			167	26
			168	27
			169	27
			170	28
			171	28
			172	29
			173	29
			174	30
			175	30
			175	31
			176	32
			177	32
			178	33
			179	34
			180	35
			181	36
			182	37
			183	38
			183	39
			184	39
			185	40
			186	41
			186	42
			187	43
			187	44
			188	44
			188	45
			188	46
			189	46
			189	47
			190	48
			191	49
			191	50
			192	51
			192	52
			192	53
			193	53
			193	54
			193	55
			194	56
			194	57
			194	58
			195	59
			195	60
			195	61
			195	62
			195	63
			196	64
			196	65
			196	66
			196	67
			196	68
			196	69
			195	70
			195	71
			195	72
			195	73
			195	74
			194	75
			194	76
			194	77
			194	78
			193	79
			192	80
			192	81
			192	82
			191	83
			191	84
			191	85
			191	86
			191	87
			191	88
			190	89
			190	90
			190	91
			190	92
			190	93
			190	94
			189	95
			189	96
			189	97
			189	98
			189	99
			189	100
			189	101
			189	102
			189	103
			189	104
			189	105
			189	106
			189	107
			189	108
			189	109
			189	110
			189	111
			189	112
			189	113
			189	114
			189	115
			189	116
			189	117
			189	118
			189	119
			189	120
			189	121
			189	122
			189	123
			189	124
			189	125
			189	126
			189	127
			189	128
			189	129
			189	130
			189	131
			189	132
			189	133
			189	134
			189	135
			189	136
			189	137
			189	138
			189	139
			189	140
			189	141
			189	142
			189	143
			189	144
			190	145
			190	146
			190	147
			190	148
			190	149
			190	150
			190	151
			190	152
			190	153
			190	154
			190	155
			190	156
			190	157
			190	158
			190	159
			190	160
			190	161
			190	162
			190	163
			190	164
			190	165
			190	166
			190	167
			190	168
			190	169
			190	170
			190	171
			189	172
			189	173
			189	174
			189	175
			189	176
			189	177
		</glabella>
		<suture type=matrix rownames=FALSE colnames=FALSE nrow=207 ncol=2 as.numeric=TRUE >
			152	12
			153	12
			154	12
			155	13
			156	13
			157	13
			158	13
			159	14
			160	14
			161	14
			162	14
			162	15
			163	15
			164	15
			165	15
			166	15
			167	16
			168	16
			169	16
			170	17
			171	17
			172	17
			173	17
			174	18
			175	18
			176	19
			177	19
			178	19
			179	20
			180	20
			181	20
			182	21
			183	21
			184	21
			185	22
			186	22
			187	23
			188	23
			189	23
			190	24
			191	24
			192	25
			193	25
			194	26
			195	26
			196	27
			197	27
			197	28
			198	28
			199	29
			200	30
			200	31
			201	32
			202	33
			202	34
			203	35
			203	36
			204	37
			205	38
			205	39
			206	40
			206	41
			207	42
			207	43
			208	44
			208	45
			208	46
			209	47
			209	48
			209	49
			209	50
			209	51
			209	52
			209	53
			209	54
			209	55
			209	56
			209	57
			209	58
			209	59
			209	60
			208	61
			208	62
			208	63
			208	64
			208	65
			207	66
			207	67
			207	68
			207	69
			206	70
			206	71
			206	72
			205	73
			205	74
			205	75
			205	76
			204	77
			204	78
			204	79
			203	80
			203	81
			203	82
			203	83
			203	84
			203	85
			203	86
			203	87
			203	88
			203	89
			204	90
			204	91
			204	92
			204	93
			205	94
			205	95
			206	96
			206	97
			207	98
			207	99
			208	100
			208	101
			209	102
			210	103
			211	104
			211	105
			212	106
			213	107
			214	108
			215	109
			216	110
			216	111
			216	112
			217	113
			217	114
			217	115
			218	116
			218	117
			218	118
			218	119
			218	120
			218	121
			218	122
			218	123
			218	124
			217	125
			217	126
			217	127
			216	128
			216	129
			216	130
			215	131
			215	132
			214	133
			214	134
			213	135
			212	135
			212	136
			211	137
			210	138
			209	139
			208	139
			207	140
			206	141
			206	142
			205	142
			204	143
			204	144
			203	145
			203	146
			203	147
			202	148
			202	149
			203	150
			203	151
			203	152
			204	153
			204	154
			205	155
			206	156
			207	156
			208	157
			209	157
			210	158
			211	158
			212	159
			213	159
			214	160
			215	160
			216	161
			217	161
			218	162
			219	162
			220	163
			221	164
			222	164
			223	165
			224	165
			225	166
			226	167
			227	168
			228	169
			229	169
			230	170
			231	171
			232	172
			232	173
		</suture>
		<anterior type=matrix rownames=FALSE colnames=FALSE nrow=206 ncol=2 as.numeric=TRUE >
			152	12
			153	12
			154	12
			155	12
			156	13
			157	13
			158	13
			159	13
			160	13
			161	14
			162	14
			163	14
			164	14
			165	15
			166	15
			167	15
			168	16
			169	16
			170	16
			171	17
			172	17
			173	17
			174	18
			175	18
			176	18
			176	19
			177	19
			178	19
			179	20
			180	20
			181	20
			181	21
			182	21
			183	21
			184	22
			185	22
			186	23
			187	23
			188	23
			188	24
			189	24
			190	25
			191	25
			192	26
			193	26
			194	26
			194	27
			195	27
			195	28
			196	28
			197	29
			198	29
			199	30
			200	31
			201	32
			202	33
			203	34
			204	34
			205	35
			206	36
			207	37
			208	38
			209	38
			210	39
			210	40
			211	40
			212	41
			212	42
			213	42
			214	43
			214	44
			215	45
			216	45
			216	46
			217	47
			218	47
			218	48
			219	49
			220	50
			221	51
			221	52
			222	53
			223	54
			223	55
			224	56
			224	57
			225	58
			226	59
			226	60
			227	61
			227	62
			228	63
			229	64
			229	65
			230	66
			230	67
			231	68
			232	69
			232	70
			233	71
			233	72
			234	73
			234	74
			235	74
			235	75
			236	76
			236	77
			237	78
			238	79
			238	80
			239	81
			239	82
			240	83
			240	84
			241	85
			241	86
			241	87
			242	88
			242	89
			243	90
			243	91
			243	92
			244	93
			244	94
			245	95
			245	96
			245	97
			246	98
			246	99
			246	100
			247	101
			247	102
			247	103
			248	104
			248	105
			248	106
			249	107
			249	108
			249	109
			250	110
			250	111
			250	112
			251	113
			251	114
			251	115
			252	116
			252	117
			252	118
			253	119
			253	120
			253	121
			254	122
			254	123
			254	124
			255	125
			255	126
			255	127
			256	128
			256	129
			256	130
			257	131
			257	132
			257	133
			258	134
			258	135
			258	136
			258	137
			259	138
			259	139
			259	140
			260	141
			260	142
			260	143
			261	144
			261	145
			261	146
			262	147
			262	148
			262	149
			263	150
			263	151
			263	152
			263	153
			264	154
			264	155
			264	156
			265	157
			265	158
			265	159
			266	160
			266	161
			266	162
			266	163
			267	164
			267	165
			267	166
			268	167
			268	168
			268	169
			268	170
			269	171
			269	172
			269	173
			269	174
			270	175
			270	176
		</anterior>
		<posterior type=matrix rownames=FALSE colnames=FALSE nrow=131 ncol=2 as.numeric=TRUE >
			152	176
			153	176
			154	176
			155	176
			156	176
			157	176
			158	176
			159	177
			160	177
			161	177
			162	177
			163	177
			164	177
			165	177
			166	177
			167	177
			168	177
			169	177
			170	177
			171	177
			172	177
			173	177
			174	177
			175	177
			176	177
			177	177
			178	177
			179	177
			180	177
			181	177
			182	177
			183	177
			184	177
			185	177
			186	177
			187	177
			188	177
			189	177
			190	177
			191	177
			192	177
			193	177
			194	177
			195	177
			196	177
			197	177
			198	177
			199	176
			200	176
			201	176
			202	176
			203	176
			204	176
			205	176
			206	176
			207	176
			208	175
			209	175
			210	175
			211	175
			212	175
			213	175
			214	175
			215	174
			216	174
			217	174
			218	174
			219	174
			220	174
			221	174
			222	173
			223	173
			224	173
			225	173
			226	173
			227	173
			228	172
			229	172
			230	172
			231	172
			232	172
			233	172
			234	172
			235	172
			236	172
			237	172
			238	172
			239	173
			240	173
			241	173
			242	174
			243	174
			244	175
			245	175
			246	176
			247	177
			248	178
			249	178
			249	179
			250	180
			251	181
			252	182
			252	183
			253	184
			253	185
			254	186
			255	186
			255	187
			256	187
			257	188
			258	188
			259	188
			260	188
			261	188
			262	188
			263	188
			264	188
			265	188
			266	187
			266	186
			267	186
			267	185
			268	184
			268	183
			269	182
			269	181
			270	180
			270	179
			270	178
			270	177
			270	176
		</posterior>
	</curves.pixel>
	<curves.scaled type=list>
		<glabella type=matrix rownames=FALSE colnames=FALSE nrow=176 ncol=2 as.numeric=TRUE >
			7.41463414634146	-1.07317073170732
			7.46341463414634	-1.07317073170732
			7.51219512195122	-1.07317073170732
			7.5609756097561	-1.1219512195122
			7.60975609756098	-1.1219512195122
			7.65853658536585	-1.1219512195122
			7.70731707317073	-1.1219512195122
			7.75609756097561	-1.17073170731707
			7.80487804878049	-1.17073170731707
			7.85365853658537	-1.17073170731707
			7.90243902439024	-1.17073170731707
			7.95121951219512	-1.21951219512195
			8	-1.21951219512195
			8.04878048780488	-1.26829268292683
			8.09756097560976	-1.26829268292683
			8.14634146341463	-1.26829268292683
			8.19512195121951	-1.31707317073171
			8.24390243902439	-1.31707317073171
			8.29268292682927	-1.36585365853659
			8.34146341463415	-1.36585365853659
			8.39024390243902	-1.41463414634146
			8.4390243902439	-1.41463414634146
			8.48780487804878	-1.46341463414634
			8.53658536585366	-1.46341463414634
			8.53658536585366	-1.51219512195122
			8.58536585365854	-1.5609756097561
			8.63414634146342	-1.5609756097561
			8.68292682926829	-1.60975609756098
			8.73170731707317	-1.65853658536585
			8.78048780487805	-1.70731707317073
			8.82926829268293	-1.75609756097561
			8.87804878048781	-1.80487804878049
			8.92682926829268	-1.85365853658537
			8.92682926829268	-1.90243902439024
			8.97560975609756	-1.90243902439024
			9.02439024390244	-1.95121951219512
			9.07317073170732	-2
			9.07317073170732	-2.04878048780488
			9.1219512195122	-2.09756097560976
			9.1219512195122	-2.14634146341463
			9.17073170731707	-2.14634146341463
			9.17073170731707	-2.19512195121951
			9.17073170731707	-2.24390243902439
			9.21951219512195	-2.24390243902439
			9.21951219512195	-2.29268292682927
			9.26829268292683	-2.34146341463415
			9.31707317073171	-2.39024390243902
			9.31707317073171	-2.4390243902439
			9.36585365853659	-2.48780487804878
			9.36585365853659	-2.53658536585366
			9.36585365853659	-2.58536585365854
			9.41463414634146	-2.58536585365854
			9.41463414634146	-2.63414634146341
			9.41463414634146	-2.68292682926829
			9.46341463414634	-2.73170731707317
			9.46341463414634	-2.78048780487805
			9.46341463414634	-2.82926829268293
			9.51219512195122	-2.8780487804878
			9.51219512195122	-2.92682926829268
			9.51219512195122	-2.97560975609756
			9.51219512195122	-3.02439024390244
			9.51219512195122	-3.07317073170732
			9.5609756097561	-3.1219512195122
			9.5609756097561	-3.17073170731707
			9.5609756097561	-3.21951219512195
			9.5609756097561	-3.26829268292683
			9.5609756097561	-3.31707317073171
			9.5609756097561	-3.36585365853659
			9.51219512195122	-3.41463414634146
			9.51219512195122	-3.46341463414634
			9.51219512195122	-3.51219512195122
			9.51219512195122	-3.5609756097561
			9.51219512195122	-3.60975609756098
			9.46341463414634	-3.65853658536585
			9.46341463414634	-3.70731707317073
			9.46341463414634	-3.75609756097561
			9.46341463414634	-3.80487804878049
			9.41463414634146	-3.85365853658537
			9.36585365853659	-3.90243902439024
			9.36585365853659	-3.95121951219512
			9.36585365853659	-4
			9.31707317073171	-4.04878048780488
			9.31707317073171	-4.09756097560976
			9.31707317073171	-4.14634146341463
			9.31707317073171	-4.19512195121951
			9.31707317073171	-4.24390243902439
			9.31707317073171	-4.29268292682927
			9.26829268292683	-4.34146341463415
			9.26829268292683	-4.39024390243902
			9.26829268292683	-4.4390243902439
			9.26829268292683	-4.48780487804878
			9.26829268292683	-4.53658536585366
			9.26829268292683	-4.58536585365854
			9.21951219512195	-4.63414634146342
			9.21951219512195	-4.68292682926829
			9.21951219512195	-4.73170731707317
			9.21951219512195	-4.78048780487805
			9.21951219512195	-4.82926829268293
			9.21951219512195	-4.8780487804878
			9.21951219512195	-4.92682926829268
			9.21951219512195	-4.97560975609756
			9.21951219512195	-5.02439024390244
			9.21951219512195	-5.07317073170732
			9.21951219512195	-5.1219512195122
			9.21951219512195	-5.17073170731707
			9.21951219512195	-5.21951219512195
			9.21951219512195	-5.26829268292683
			9.21951219512195	-5.31707317073171
			9.21951219512195	-5.36585365853659
			9.21951219512195	-5.41463414634146
			9.21951219512195	-5.46341463414634
			9.21951219512195	-5.51219512195122
			9.21951219512195	-5.5609756097561
			9.21951219512195	-5.60975609756098
			9.21951219512195	-5.65853658536585
			9.21951219512195	-5.70731707317073
			9.21951219512195	-5.75609756097561
			9.21951219512195	-5.80487804878049
			9.21951219512195	-5.85365853658537
			9.21951219512195	-5.90243902439024
			9.21951219512195	-5.95121951219512
			9.21951219512195	-6
			9.21951219512195	-6.04878048780488
			9.21951219512195	-6.09756097560976
			9.21951219512195	-6.14634146341463
			9.21951219512195	-6.19512195121951
			9.21951219512195	-6.24390243902439
			9.21951219512195	-6.29268292682927
			9.21951219512195	-6.34146341463415
			9.21951219512195	-6.39024390243902
			9.21951219512195	-6.4390243902439
			9.21951219512195	-6.48780487804878
			9.21951219512195	-6.53658536585366
			9.21951219512195	-6.58536585365854
			9.21951219512195	-6.63414634146342
			9.21951219512195	-6.68292682926829
			9.21951219512195	-6.73170731707317
			9.21951219512195	-6.78048780487805
			9.21951219512195	-6.82926829268293
			9.21951219512195	-6.8780487804878
			9.21951219512195	-6.92682926829268
			9.21951219512195	-6.97560975609756
			9.21951219512195	-7.02439024390244
			9.26829268292683	-7.07317073170732
			9.26829268292683	-7.1219512195122
			9.26829268292683	-7.17073170731707
			9.26829268292683	-7.21951219512195
			9.26829268292683	-7.26829268292683
			9.26829268292683	-7.31707317073171
			9.26829268292683	-7.36585365853659
			9.26829268292683	-7.41463414634146
			9.26829268292683	-7.46341463414634
			9.26829268292683	-7.51219512195122
			9.26829268292683	-7.5609756097561
			9.26829268292683	-7.60975609756098
			9.26829268292683	-7.65853658536585
			9.26829268292683	-7.70731707317073
			9.26829268292683	-7.75609756097561
			9.26829268292683	-7.80487804878049
			9.26829268292683	-7.85365853658537
			9.26829268292683	-7.90243902439024
			9.26829268292683	-7.95121951219512
			9.26829268292683	-8
			9.26829268292683	-8.04878048780488
			9.26829268292683	-8.09756097560976
			9.26829268292683	-8.14634146341463
			9.26829268292683	-8.19512195121951
			9.26829268292683	-8.24390243902439
			9.26829268292683	-8.29268292682927
			9.26829268292683	-8.34146341463415
			9.21951219512195	-8.39024390243902
			9.21951219512195	-8.4390243902439
			9.21951219512195	-8.48780487804878
			9.21951219512195	-8.53658536585366
			9.21951219512195	-8.58536585365854
			9.21951219512195	-8.63414634146342
		</glabella>
		<suture type=matrix rownames=FALSE colnames=FALSE nrow=207 ncol=2 as.numeric=TRUE >
			7.41463414634146	-0.585365853658537
			7.46341463414634	-0.585365853658537
			7.51219512195122	-0.585365853658537
			7.5609756097561	-0.634146341463415
			7.60975609756098	-0.634146341463415
			7.65853658536585	-0.634146341463415
			7.70731707317073	-0.634146341463415
			7.75609756097561	-0.682926829268293
			7.80487804878049	-0.682926829268293
			7.85365853658537	-0.682926829268293
			7.90243902439024	-0.682926829268293
			7.90243902439024	-0.731707317073171
			7.95121951219512	-0.731707317073171
			8	-0.731707317073171
			8.04878048780488	-0.731707317073171
			8.09756097560976	-0.731707317073171
			8.14634146341463	-0.780487804878049
			8.19512195121951	-0.780487804878049
			8.24390243902439	-0.780487804878049
			8.29268292682927	-0.829268292682927
			8.34146341463415	-0.829268292682927
			8.39024390243902	-0.829268292682927
			8.4390243902439	-0.829268292682927
			8.48780487804878	-0.878048780487805
			8.53658536585366	-0.878048780487805
			8.58536585365854	-0.926829268292683
			8.63414634146342	-0.926829268292683
			8.68292682926829	-0.926829268292683
			8.73170731707317	-0.975609756097561
			8.78048780487805	-0.975609756097561
			8.82926829268293	-0.975609756097561
			8.87804878048781	-1.02439024390244
			8.92682926829268	-1.02439024390244
			8.97560975609756	-1.02439024390244
			9.02439024390244	-1.07317073170732
			9.07317073170732	-1.07317073170732
			9.1219512195122	-1.1219512195122
			9.17073170731707	-1.1219512195122
			9.21951219512195	-1.1219512195122
			9.26829268292683	-1.17073170731707
			9.31707317073171	-1.17073170731707
			9.36585365853659	-1.21951219512195
			9.41463414634146	-1.21951219512195
			9.46341463414634	-1.26829268292683
			9.51219512195122	-1.26829268292683
			9.5609756097561	-1.31707317073171
			9.60975609756098	-1.31707317073171
			9.60975609756098	-1.36585365853659
			9.65853658536585	-1.36585365853659
			9.70731707317073	-1.41463414634146
			9.75609756097561	-1.46341463414634
			9.75609756097561	-1.51219512195122
			9.80487804878049	-1.5609756097561
			9.85365853658537	-1.60975609756098
			9.85365853658537	-1.65853658536585
			9.90243902439024	-1.70731707317073
			9.90243902439024	-1.75609756097561
			9.95121951219512	-1.80487804878049
			10	-1.85365853658537
			10	-1.90243902439024
			10.0487804878049	-1.95121951219512
			10.0487804878049	-2
			10.0975609756098	-2.04878048780488
			10.0975609756098	-2.09756097560976
			10.1463414634146	-2.14634146341463
			10.1463414634146	-2.19512195121951
			10.1463414634146	-2.24390243902439
			10.1951219512195	-2.29268292682927
			10.1951219512195	-2.34146341463415
			10.1951219512195	-2.39024390243902
			10.1951219512195	-2.4390243902439
			10.1951219512195	-2.48780487804878
			10.1951219512195	-2.53658536585366
			10.1951219512195	-2.58536585365854
			10.1951219512195	-2.63414634146341
			10.1951219512195	-2.68292682926829
			10.1951219512195	-2.73170731707317
			10.1951219512195	-2.78048780487805
			10.1951219512195	-2.82926829268293
			10.1951219512195	-2.8780487804878
			10.1951219512195	-2.92682926829268
			10.1463414634146	-2.97560975609756
			10.1463414634146	-3.02439024390244
			10.1463414634146	-3.07317073170732
			10.1463414634146	-3.1219512195122
			10.1463414634146	-3.17073170731707
			10.0975609756098	-3.21951219512195
			10.0975609756098	-3.26829268292683
			10.0975609756098	-3.31707317073171
			10.0975609756098	-3.36585365853659
			10.0487804878049	-3.41463414634146
			10.0487804878049	-3.46341463414634
			10.0487804878049	-3.51219512195122
			10	-3.5609756097561
			10	-3.60975609756098
			10	-3.65853658536585
			10	-3.70731707317073
			9.95121951219512	-3.75609756097561
			9.95121951219512	-3.80487804878049
			9.95121951219512	-3.85365853658537
			9.90243902439024	-3.90243902439024
			9.90243902439024	-3.95121951219512
			9.90243902439024	-4
			9.90243902439024	-4.04878048780488
			9.90243902439024	-4.09756097560976
			9.90243902439024	-4.14634146341463
			9.90243902439024	-4.19512195121951
			9.90243902439024	-4.24390243902439
			9.90243902439024	-4.29268292682927
			9.90243902439024	-4.34146341463415
			9.95121951219512	-4.39024390243902
			9.95121951219512	-4.4390243902439
			9.95121951219512	-4.48780487804878
			9.95121951219512	-4.53658536585366
			10	-4.58536585365854
			10	-4.63414634146342
			10.0487804878049	-4.68292682926829
			10.0487804878049	-4.73170731707317
			10.0975609756098	-4.78048780487805
			10.0975609756098	-4.82926829268293
			10.1463414634146	-4.8780487804878
			10.1463414634146	-4.92682926829268
			10.1951219512195	-4.97560975609756
			10.2439024390244	-5.02439024390244
			10.2926829268293	-5.07317073170732
			10.2926829268293	-5.1219512195122
			10.3414634146341	-5.17073170731707
			10.390243902439	-5.21951219512195
			10.4390243902439	-5.26829268292683
			10.4878048780488	-5.31707317073171
			10.5365853658537	-5.36585365853659
			10.5365853658537	-5.41463414634146
			10.5365853658537	-5.46341463414634
			10.5853658536585	-5.51219512195122
			10.5853658536585	-5.5609756097561
			10.5853658536585	-5.60975609756098
			10.6341463414634	-5.65853658536585
			10.6341463414634	-5.70731707317073
			10.6341463414634	-5.75609756097561
			10.6341463414634	-5.80487804878049
			10.6341463414634	-5.85365853658537
			10.6341463414634	-5.90243902439024
			10.6341463414634	-5.95121951219512
			10.6341463414634	-6
			10.6341463414634	-6.04878048780488
			10.5853658536585	-6.09756097560976
			10.5853658536585	-6.14634146341463
			10.5853658536585	-6.19512195121951
			10.5365853658537	-6.24390243902439
			10.5365853658537	-6.29268292682927
			10.5365853658537	-6.34146341463415
			10.4878048780488	-6.39024390243902
			10.4878048780488	-6.4390243902439
			10.4390243902439	-6.48780487804878
			10.4390243902439	-6.53658536585366
			10.390243902439	-6.58536585365854
			10.3414634146341	-6.58536585365854
			10.3414634146341	-6.63414634146342
			10.2926829268293	-6.68292682926829
			10.2439024390244	-6.73170731707317
			10.1951219512195	-6.78048780487805
			10.1463414634146	-6.78048780487805
			10.0975609756098	-6.82926829268293
			10.0487804878049	-6.8780487804878
			10.0487804878049	-6.92682926829268
			10	-6.92682926829268
			9.95121951219512	-6.97560975609756
			9.95121951219512	-7.02439024390244
			9.90243902439024	-7.07317073170732
			9.90243902439024	-7.1219512195122
			9.90243902439024	-7.17073170731707
			9.85365853658537	-7.21951219512195
			9.85365853658537	-7.26829268292683
			9.90243902439024	-7.31707317073171
			9.90243902439024	-7.36585365853659
			9.90243902439024	-7.41463414634146
			9.95121951219512	-7.46341463414634
			9.95121951219512	-7.51219512195122
			10	-7.5609756097561
			10.0487804878049	-7.60975609756098
			10.0975609756098	-7.60975609756098
			10.1463414634146	-7.65853658536585
			10.1951219512195	-7.65853658536585
			10.2439024390244	-7.70731707317073
			10.2926829268293	-7.70731707317073
			10.3414634146341	-7.75609756097561
			10.390243902439	-7.75609756097561
			10.4390243902439	-7.80487804878049
			10.4878048780488	-7.80487804878049
			10.5365853658537	-7.85365853658537
			10.5853658536585	-7.85365853658537
			10.6341463414634	-7.90243902439024
			10.6829268292683	-7.90243902439024
			10.7317073170732	-7.95121951219512
			10.780487804878	-8
			10.8292682926829	-8
			10.8780487804878	-8.04878048780488
			10.9268292682927	-8.04878048780488
			10.9756097560976	-8.09756097560976
			11.0243902439024	-8.14634146341463
			11.0731707317073	-8.19512195121951
			11.1219512195122	-8.24390243902439
			11.1707317073171	-8.24390243902439
			11.219512195122	-8.29268292682927
			11.2682926829268	-8.34146341463415
			11.3170731707317	-8.39024390243902
			11.3170731707317	-8.4390243902439
		</suture>
		<anterior type=matrix rownames=FALSE colnames=FALSE nrow=206 ncol=2 as.numeric=TRUE >
			7.41463414634146	-0.585365853658537
			7.46341463414634	-0.585365853658537
			7.51219512195122	-0.585365853658537
			7.5609756097561	-0.585365853658537
			7.60975609756098	-0.634146341463415
			7.65853658536585	-0.634146341463415
			7.70731707317073	-0.634146341463415
			7.75609756097561	-0.634146341463415
			7.80487804878049	-0.634146341463415
			7.85365853658537	-0.682926829268293
			7.90243902439024	-0.682926829268293
			7.95121951219512	-0.682926829268293
			8	-0.682926829268293
			8.04878048780488	-0.731707317073171
			8.09756097560976	-0.731707317073171
			8.14634146341463	-0.731707317073171
			8.19512195121951	-0.780487804878049
			8.24390243902439	-0.780487804878049
			8.29268292682927	-0.780487804878049
			8.34146341463415	-0.829268292682927
			8.39024390243902	-0.829268292682927
			8.4390243902439	-0.829268292682927
			8.48780487804878	-0.878048780487805
			8.53658536585366	-0.878048780487805
			8.58536585365854	-0.878048780487805
			8.58536585365854	-0.926829268292683
			8.63414634146342	-0.926829268292683
			8.68292682926829	-0.926829268292683
			8.73170731707317	-0.975609756097561
			8.78048780487805	-0.975609756097561
			8.82926829268293	-0.975609756097561
			8.82926829268293	-1.02439024390244
			8.87804878048781	-1.02439024390244
			8.92682926829268	-1.02439024390244
			8.97560975609756	-1.07317073170732
			9.02439024390244	-1.07317073170732
			9.07317073170732	-1.1219512195122
			9.1219512195122	-1.1219512195122
			9.17073170731707	-1.1219512195122
			9.17073170731707	-1.17073170731707
			9.21951219512195	-1.17073170731707
			9.26829268292683	-1.21951219512195
			9.31707317073171	-1.21951219512195
			9.36585365853659	-1.26829268292683
			9.41463414634146	-1.26829268292683
			9.46341463414634	-1.26829268292683
			9.46341463414634	-1.31707317073171
			9.51219512195122	-1.31707317073171
			9.51219512195122	-1.36585365853659
			9.5609756097561	-1.36585365853659
			9.60975609756098	-1.41463414634146
			9.65853658536585	-1.41463414634146
			9.70731707317073	-1.46341463414634
			9.75609756097561	-1.51219512195122
			9.80487804878049	-1.5609756097561
			9.85365853658537	-1.60975609756098
			9.90243902439024	-1.65853658536585
			9.95121951219512	-1.65853658536585
			10	-1.70731707317073
			10.0487804878049	-1.75609756097561
			10.0975609756098	-1.80487804878049
			10.1463414634146	-1.85365853658537
			10.1951219512195	-1.85365853658537
			10.2439024390244	-1.90243902439024
			10.2439024390244	-1.95121951219512
			10.2926829268293	-1.95121951219512
			10.3414634146341	-2
			10.3414634146341	-2.04878048780488
			10.390243902439	-2.04878048780488
			10.4390243902439	-2.09756097560976
			10.4390243902439	-2.14634146341463
			10.4878048780488	-2.19512195121951
			10.5365853658537	-2.19512195121951
			10.5365853658537	-2.24390243902439
			10.5853658536585	-2.29268292682927
			10.6341463414634	-2.29268292682927
			10.6341463414634	-2.34146341463415
			10.6829268292683	-2.39024390243902
			10.7317073170732	-2.4390243902439
			10.780487804878	-2.48780487804878
			10.780487804878	-2.53658536585366
			10.8292682926829	-2.58536585365854
			10.8780487804878	-2.63414634146341
			10.8780487804878	-2.68292682926829
			10.9268292682927	-2.73170731707317
			10.9268292682927	-2.78048780487805
			10.9756097560976	-2.82926829268293
			11.0243902439024	-2.8780487804878
			11.0243902439024	-2.92682926829268
			11.0731707317073	-2.97560975609756
			11.0731707317073	-3.02439024390244
			11.1219512195122	-3.07317073170732
			11.1707317073171	-3.1219512195122
			11.1707317073171	-3.17073170731707
			11.219512195122	-3.21951219512195
			11.219512195122	-3.26829268292683
			11.2682926829268	-3.31707317073171
			11.3170731707317	-3.36585365853659
			11.3170731707317	-3.41463414634146
			11.3658536585366	-3.46341463414634
			11.3658536585366	-3.51219512195122
			11.4146341463415	-3.5609756097561
			11.4146341463415	-3.60975609756098
			11.4634146341463	-3.60975609756098
			11.4634146341463	-3.65853658536585
			11.5121951219512	-3.70731707317073
			11.5121951219512	-3.75609756097561
			11.5609756097561	-3.80487804878049
			11.609756097561	-3.85365853658537
			11.609756097561	-3.90243902439024
			11.6585365853659	-3.95121951219512
			11.6585365853659	-4
			11.7073170731707	-4.04878048780488
			11.7073170731707	-4.09756097560976
			11.7560975609756	-4.14634146341463
			11.7560975609756	-4.19512195121951
			11.7560975609756	-4.24390243902439
			11.8048780487805	-4.29268292682927
			11.8048780487805	-4.34146341463415
			11.8536585365854	-4.39024390243902
			11.8536585365854	-4.4390243902439
			11.8536585365854	-4.48780487804878
			11.9024390243902	-4.53658536585366
			11.9024390243902	-4.58536585365854
			11.9512195121951	-4.63414634146342
			11.9512195121951	-4.68292682926829
			11.9512195121951	-4.73170731707317
			12	-4.78048780487805
			12	-4.82926829268293
			12	-4.8780487804878
			12.0487804878049	-4.92682926829268
			12.0487804878049	-4.97560975609756
			12.0487804878049	-5.02439024390244
			12.0975609756098	-5.07317073170732
			12.0975609756098	-5.1219512195122
			12.0975609756098	-5.17073170731707
			12.1463414634146	-5.21951219512195
			12.1463414634146	-5.26829268292683
			12.1463414634146	-5.31707317073171
			12.1951219512195	-5.36585365853659
			12.1951219512195	-5.41463414634146
			12.1951219512195	-5.46341463414634
			12.2439024390244	-5.51219512195122
			12.2439024390244	-5.5609756097561
			12.2439024390244	-5.60975609756098
			12.2926829268293	-5.65853658536585
			12.2926829268293	-5.70731707317073
			12.2926829268293	-5.75609756097561
			12.3414634146341	-5.80487804878049
			12.3414634146341	-5.85365853658537
			12.3414634146341	-5.90243902439024
			12.390243902439	-5.95121951219512
			12.390243902439	-6
			12.390243902439	-6.04878048780488
			12.4390243902439	-6.09756097560976
			12.4390243902439	-6.14634146341463
			12.4390243902439	-6.19512195121951
			12.4878048780488	-6.24390243902439
			12.4878048780488	-6.29268292682927
			12.4878048780488	-6.34146341463415
			12.5365853658537	-6.39024390243902
			12.5365853658537	-6.4390243902439
			12.5365853658537	-6.48780487804878
			12.5853658536585	-6.53658536585366
			12.5853658536585	-6.58536585365854
			12.5853658536585	-6.63414634146342
			12.5853658536585	-6.68292682926829
			12.6341463414634	-6.73170731707317
			12.6341463414634	-6.78048780487805
			12.6341463414634	-6.82926829268293
			12.6829268292683	-6.8780487804878
			12.6829268292683	-6.92682926829268
			12.6829268292683	-6.97560975609756
			12.7317073170732	-7.02439024390244
			12.7317073170732	-7.07317073170732
			12.7317073170732	-7.1219512195122
			12.780487804878	-7.17073170731707
			12.780487804878	-7.21951219512195
			12.780487804878	-7.26829268292683
			12.8292682926829	-7.31707317073171
			12.8292682926829	-7.36585365853659
			12.8292682926829	-7.41463414634146
			12.8292682926829	-7.46341463414634
			12.8780487804878	-7.51219512195122
			12.8780487804878	-7.5609756097561
			12.8780487804878	-7.60975609756098
			12.9268292682927	-7.65853658536585
			12.9268292682927	-7.70731707317073
			12.9268292682927	-7.75609756097561
			12.9756097560976	-7.80487804878049
			12.9756097560976	-7.85365853658537
			12.9756097560976	-7.90243902439024
			12.9756097560976	-7.95121951219512
			13.0243902439024	-8
			13.0243902439024	-8.04878048780488
			13.0243902439024	-8.09756097560976
			13.0731707317073	-8.14634146341463
			13.0731707317073	-8.19512195121951
			13.0731707317073	-8.24390243902439
			13.0731707317073	-8.29268292682927
			13.1219512195122	-8.34146341463415
			13.1219512195122	-8.39024390243902
			13.1219512195122	-8.4390243902439
			13.1219512195122	-8.48780487804878
			13.1707317073171	-8.53658536585366
			13.1707317073171	-8.58536585365854
		</anterior>
		<posterior type=matrix rownames=FALSE colnames=FALSE nrow=131 ncol=2 as.numeric=TRUE >
			7.41463414634146	-8.58536585365854
			7.46341463414634	-8.58536585365854
			7.51219512195122	-8.58536585365854
			7.5609756097561	-8.58536585365854
			7.60975609756098	-8.58536585365854
			7.65853658536585	-8.58536585365854
			7.70731707317073	-8.58536585365854
			7.75609756097561	-8.63414634146342
			7.80487804878049	-8.63414634146342
			7.85365853658537	-8.63414634146342
			7.90243902439024	-8.63414634146342
			7.95121951219512	-8.63414634146342
			8	-8.63414634146342
			8.04878048780488	-8.63414634146342
			8.09756097560976	-8.63414634146342
			8.14634146341463	-8.63414634146342
			8.19512195121951	-8.63414634146342
			8.24390243902439	-8.63414634146342
			8.29268292682927	-8.63414634146342
			8.34146341463415	-8.63414634146342
			8.39024390243902	-8.63414634146342
			8.4390243902439	-8.63414634146342
			8.48780487804878	-8.63414634146342
			8.53658536585366	-8.63414634146342
			8.58536585365854	-8.63414634146342
			8.63414634146342	-8.63414634146342
			8.68292682926829	-8.63414634146342
			8.73170731707317	-8.63414634146342
			8.78048780487805	-8.63414634146342
			8.82926829268293	-8.63414634146342
			8.87804878048781	-8.63414634146342
			8.92682926829268	-8.63414634146342
			8.97560975609756	-8.63414634146342
			9.02439024390244	-8.63414634146342
			9.07317073170732	-8.63414634146342
			9.1219512195122	-8.63414634146342
			9.17073170731707	-8.63414634146342
			9.21951219512195	-8.63414634146342
			9.26829268292683	-8.63414634146342
			9.31707317073171	-8.63414634146342
			9.36585365853659	-8.63414634146342
			9.41463414634146	-8.63414634146342
			9.46341463414634	-8.63414634146342
			9.51219512195122	-8.63414634146342
			9.5609756097561	-8.63414634146342
			9.60975609756098	-8.63414634146342
			9.65853658536585	-8.63414634146342
			9.70731707317073	-8.58536585365854
			9.75609756097561	-8.58536585365854
			9.80487804878049	-8.58536585365854
			9.85365853658537	-8.58536585365854
			9.90243902439024	-8.58536585365854
			9.95121951219512	-8.58536585365854
			10	-8.58536585365854
			10.0487804878049	-8.58536585365854
			10.0975609756098	-8.58536585365854
			10.1463414634146	-8.53658536585366
			10.1951219512195	-8.53658536585366
			10.2439024390244	-8.53658536585366
			10.2926829268293	-8.53658536585366
			10.3414634146341	-8.53658536585366
			10.390243902439	-8.53658536585366
			10.4390243902439	-8.53658536585366
			10.4878048780488	-8.48780487804878
			10.5365853658537	-8.48780487804878
			10.5853658536585	-8.48780487804878
			10.6341463414634	-8.48780487804878
			10.6829268292683	-8.48780487804878
			10.7317073170732	-8.48780487804878
			10.780487804878	-8.48780487804878
			10.8292682926829	-8.4390243902439
			10.8780487804878	-8.4390243902439
			10.9268292682927	-8.4390243902439
			10.9756097560976	-8.4390243902439
			11.0243902439024	-8.4390243902439
			11.0731707317073	-8.4390243902439
			11.1219512195122	-8.39024390243902
			11.1707317073171	-8.39024390243902
			11.219512195122	-8.39024390243902
			11.2682926829268	-8.39024390243902
			11.3170731707317	-8.39024390243902
			11.3658536585366	-8.39024390243902
			11.4146341463415	-8.39024390243902
			11.4634146341463	-8.39024390243902
			11.5121951219512	-8.39024390243902
			11.5609756097561	-8.39024390243902
			11.609756097561	-8.39024390243902
			11.6585365853659	-8.4390243902439
			11.7073170731707	-8.4390243902439
			11.7560975609756	-8.4390243902439
			11.8048780487805	-8.48780487804878
			11.8536585365854	-8.48780487804878
			11.9024390243902	-8.53658536585366
			11.9512195121951	-8.53658536585366
			12	-8.58536585365854
			12.0487804878049	-8.63414634146342
			12.0975609756098	-8.68292682926829
			12.1463414634146	-8.68292682926829
			12.1463414634146	-8.73170731707317
			12.1951219512195	-8.78048780487805
			12.2439024390244	-8.82926829268293
			12.2926829268293	-8.87804878048781
			12.2926829268293	-8.92682926829268
			12.3414634146341	-8.97560975609756
			12.3414634146341	-9.02439024390244
			12.390243902439	-9.07317073170732
			12.4390243902439	-9.07317073170732
			12.4390243902439	-9.1219512195122
			12.4878048780488	-9.1219512195122
			12.5365853658537	-9.17073170731707
			12.5853658536585	-9.17073170731707
			12.6341463414634	-9.17073170731707
			12.6829268292683	-9.17073170731707
			12.7317073170732	-9.17073170731707
			12.780487804878	-9.17073170731707
			12.8292682926829	-9.17073170731707
			12.8780487804878	-9.17073170731707
			12.9268292682927	-9.17073170731707
			12.9756097560976	-9.1219512195122
			12.9756097560976	-9.07317073170732
			13.0243902439024	-9.07317073170732
			13.0243902439024	-9.02439024390244
			13.0731707317073	-8.97560975609756
			13.0731707317073	-8.92682926829268
			13.1219512195122	-8.87804878048781
			13.1219512195122	-8.82926829268293
			13.1707317073171	-8.78048780487805
			13.1707317073171	-8.73170731707317
			13.1707317073171	-8.68292682926829
			13.1707317073171	-8.63414634146342
			13.1707317073171	-8.58536585365854
		</posterior>
	</curves.scaled>
	<ruler.points type=matrix rownames=TRUE colnames=FALSE nrow=2 ncol=2 as.numeric=TRUE >
		Ruler point 1	225	11
		Ruler point 2	266	11
	</ruler.points>
</shapes>

