<shapes type=list>
	<ruler.pixel type=vector names=FALSE length=1 as.numeric=TRUE >1851.00432198307</ruler.pixel>
	<ruler.interval type=vector names=FALSE length=1 as.numeric=TRUE >7.3</ruler.interval>
	<scaling.units type=vector names=FALSE length=1 as.numeric=FALSE >mm</scaling.units>
	<scaling type=vector names=FALSE length=1 as.numeric=TRUE >0.0039438049459437</scaling>
	<landmarks.pixel type=matrix rownames=TRUE colnames=FALSE nrow=12 ncol=2 as.numeric=TRUE >
		LM1	1038	181
		LM2	1040	381
		LM3	1032	792
		LM4	1035	888
		LM5	1227	712
		LM6	1227	784
		LM7	1230	836
		LM8	1318	392
		LM9	1319	459
		LM10	1038	181
		LM11	1735	784
		LM12	1771	838
	</landmarks.pixel>
	<landmarks.scaled type=matrix rownames=TRUE colnames=FALSE nrow=12 ncol=2 as.numeric=TRUE >
		LM1	4.09366953388956	-0.71382869521581
		LM2	4.10155714378145	-1.50258968440455
		LM3	4.0700067042139	-3.12349351718741
		LM4	4.08183811905173	-3.50209879199801
		LM5	4.83904866867293	-2.80798912151192
		LM6	4.83904866867293	-3.09194307761986
		LM7	4.85088008351076	-3.29702093480894
		LM8	5.1979349187538	-1.54597153880993
		LM9	5.20187872369975	-1.81020647018816
		LM10	4.09366953388956	-0.71382869521581
		LM11	6.84250158121233	-3.09194307761986
		LM12	6.9844785592663	-3.30490854470082
	</landmarks.scaled>
	<curves.control type=list>
		<glabela type=matrix rownames=FALSE colnames=FALSE nrow=3 ncol=2 as.numeric=TRUE >
			1040	381
			1267	362
			1230	836
		</glabela>
		<sutura type=matrix rownames=FALSE colnames=FALSE nrow=13 ncol=2 as.numeric=TRUE >
			1038	181
			1146	187
			1281	204
			1336	278
			1316	391
			1343	427
			1321	458
			1337	495
			1361	575
			1355	632
			1516	644
			1728	697
			1771	838
		</sutura>
	</curves.control>
	<curves.pixel type=list>
		<glabela type=matrix rownames=FALSE colnames=FALSE nrow=547 ncol=2 as.numeric=TRUE >
			1040	381
			1041	381
			1042	381
			1043	381
			1044	381
			1045	381
			1046	381
			1047	381
			1048	380
			1049	380
			1050	380
			1051	380
			1052	380
			1053	380
			1054	380
			1055	380
			1056	380
			1057	380
			1058	380
			1059	380
			1060	380
			1061	380
			1062	380
			1063	380
			1064	380
			1065	380
			1066	380
			1067	381
			1068	381
			1069	381
			1070	381
			1071	381
			1072	381
			1073	381
			1074	381
			1075	381
			1076	381
			1077	381
			1078	382
			1079	382
			1080	382
			1081	382
			1082	382
			1083	382
			1084	382
			1085	382
			1085	383
			1086	383
			1087	383
			1088	383
			1089	383
			1090	383
			1091	384
			1092	384
			1093	384
			1094	384
			1095	384
			1095	385
			1096	385
			1097	385
			1098	385
			1099	385
			1100	386
			1101	386
			1102	386
			1103	387
			1104	387
			1105	387
			1106	388
			1107	388
			1108	388
			1109	389
			1110	389
			1111	389
			1112	390
			1113	390
			1114	391
			1115	391
			1116	391
			1117	392
			1118	392
			1119	393
			1120	393
			1121	394
			1122	394
			1123	394
			1124	395
			1125	395
			1126	396
			1127	396
			1128	397
			1129	397
			1130	398
			1131	399
			1132	400
			1133	400
			1134	400
			1134	401
			1135	401
			1136	401
			1136	402
			1137	402
			1138	403
			1139	404
			1140	404
			1141	405
			1142	406
			1143	406
			1144	407
			1145	408
			1146	409
			1147	409
			1148	410
			1149	411
			1150	412
			1151	413
			1152	414
			1153	415
			1154	416
			1155	417
			1156	418
			1157	418
			1158	419
			1159	420
			1160	421
			1161	422
			1162	423
			1163	424
			1164	425
			1165	426
			1166	427
			1167	428
			1167	429
			1168	430
			1169	430
			1169	431
			1170	432
			1171	433
			1172	434
			1172	435
			1173	436
			1174	437
			1174	438
			1175	438
			1176	439
			1176	440
			1177	441
			1177	442
			1178	443
			1179	444
			1180	445
			1180	446
			1181	447
			1182	448
			1182	449
			1183	450
			1184	451
			1184	452
			1185	453
			1185	454
			1186	455
			1187	456
			1187	457
			1188	458
			1188	459
			1189	460
			1190	461
			1190	462
			1191	463
			1191	464
			1192	465
			1192	466
			1193	467
			1193	468
			1194	469
			1194	470
			1195	471
			1195	472
			1195	473
			1196	473
			1196	474
			1196	475
			1197	476
			1197	477
			1198	477
			1198	478
			1198	479
			1199	480
			1199	481
			1200	482
			1200	483
			1201	484
			1201	485
			1201	486
			1202	487
			1202	488
			1203	489
			1203	490
			1203	491
			1204	492
			1204	493
			1204	494
			1205	494
			1205	495
			1205	496
			1206	497
			1206	498
			1206	499
			1207	500
			1207	501
			1207	502
			1208	503
			1208	504
			1208	505
			1209	506
			1209	507
			1209	508
			1210	509
			1210	510
			1210	511
			1211	512
			1211	513
			1211	514
			1212	515
			1212	516
			1212	517
			1212	518
			1213	519
			1213	520
			1213	521
			1214	522
			1214	523
			1214	524
			1214	525
			1215	526
			1215	527
			1215	528
			1216	529
			1216	530
			1216	531
			1216	532
			1217	533
			1217	534
			1217	535
			1217	536
			1218	537
			1218	538
			1218	539
			1219	540
			1219	541
			1219	542
			1219	543
			1219	544
			1220	545
			1220	546
			1220	547
			1220	548
			1220	549
			1221	549
			1221	550
			1221	551
			1221	552
			1221	553
			1222	554
			1222	555
			1222	556
			1222	557
			1222	558
			1222	559
			1223	560
			1223	561
			1223	562
			1223	563
			1223	564
			1224	565
			1224	566
			1224	567
			1224	568
			1224	569
			1225	570
			1225	571
			1225	572
			1225	573
			1225	574
			1225	575
			1226	576
			1226	577
			1226	578
			1226	579
			1226	580
			1226	581
			1227	582
			1227	583
			1227	584
			1227	585
			1227	586
			1227	587
			1227	588
			1227	589
			1228	589
			1228	590
			1228	591
			1228	592
			1228	593
			1228	594
			1228	595
			1228	596
			1229	597
			1229	598
			1229	599
			1229	600
			1229	601
			1229	602
			1229	603
			1229	604
			1230	605
			1230	606
			1230	607
			1230	608
			1230	609
			1230	610
			1230	611
			1230	612
			1230	613
			1231	614
			1231	615
			1231	616
			1231	617
			1231	618
			1231	619
			1231	620
			1231	621
			1231	622
			1231	623
			1232	624
			1232	625
			1232	626
			1232	627
			1232	628
			1232	629
			1232	630
			1232	631
			1232	632
			1232	633
			1232	634
			1232	635
			1233	636
			1233	637
			1233	638
			1233	639
			1233	640
			1233	641
			1233	642
			1233	643
			1233	644
			1233	645
			1233	646
			1233	647
			1233	648
			1233	649
			1233	650
			1234	651
			1234	652
			1234	653
			1234	654
			1234	655
			1234	656
			1234	657
			1234	658
			1234	659
			1234	660
			1234	661
			1234	662
			1234	663
			1234	664
			1234	665
			1234	666
			1234	667
			1234	668
			1234	669
			1234	670
			1234	671
			1234	672
			1235	673
			1235	674
			1235	675
			1235	676
			1235	677
			1235	678
			1235	679
			1235	680
			1235	681
			1235	682
			1235	683
			1235	684
			1235	685
			1235	686
			1235	687
			1235	688
			1235	689
			1235	690
			1235	691
			1235	692
			1235	693
			1235	694
			1235	695
			1235	696
			1235	697
			1235	698
			1235	699
			1235	700
			1235	701
			1235	702
			1235	703
			1235	704
			1235	705
			1235	706
			1235	707
			1235	708
			1235	709
			1235	710
			1235	711
			1235	712
			1235	713
			1235	714
			1235	715
			1235	716
			1235	717
			1235	718
			1235	719
			1235	720
			1235	721
			1235	722
			1235	723
			1235	724
			1235	725
			1235	726
			1235	727
			1235	728
			1235	729
			1235	730
			1235	731
			1235	732
			1235	733
			1235	734
			1235	735
			1235	736
			1235	737
			1235	738
			1235	739
			1235	740
			1235	741
			1235	742
			1235	743
			1235	744
			1235	745
			1235	746
			1235	747
			1235	748
			1235	749
			1235	750
			1235	751
			1235	752
			1235	753
			1235	754
			1235	755
			1234	756
			1234	757
			1234	758
			1234	759
			1234	760
			1234	761
			1234	762
			1234	763
			1234	764
			1234	765
			1234	766
			1234	767
			1234	768
			1234	769
			1234	770
			1234	771
			1234	772
			1234	773
			1234	774
			1234	775
			1234	776
			1234	777
			1234	778
			1234	779
			1234	780
			1233	781
			1233	782
			1233	783
			1233	784
			1233	785
			1233	786
			1233	787
			1233	788
			1233	789
			1233	790
			1233	791
			1233	792
			1233	793
			1233	794
			1233	795
			1233	796
			1233	797
			1233	798
			1233	799
			1232	800
			1232	801
			1232	802
			1232	803
			1232	804
			1232	805
			1232	806
			1232	807
			1232	808
			1232	809
			1232	810
			1232	811
			1232	812
			1232	813
			1232	814
			1232	815
			1231	816
			1231	817
			1231	818
			1231	819
			1231	820
			1231	821
			1231	822
			1231	823
			1231	824
			1231	825
			1231	826
			1231	827
			1231	828
			1231	829
			1230	830
			1230	831
			1230	832
			1230	833
			1230	834
			1230	835
			1230	836
		</glabela>
		<sutura type=matrix rownames=FALSE colnames=FALSE nrow=1110 ncol=2 as.numeric=TRUE >
			1038	181
			1039	181
			1040	181
			1041	181
			1042	181
			1043	181
			1044	181
			1045	181
			1046	181
			1047	182
			1048	182
			1049	182
			1050	182
			1051	182
			1052	182
			1053	182
			1054	182
			1055	182
			1056	182
			1057	182
			1058	182
			1059	182
			1060	182
			1061	182
			1062	182
			1063	183
			1064	183
			1065	183
			1066	183
			1067	183
			1068	183
			1069	183
			1070	183
			1071	183
			1072	183
			1073	183
			1074	183
			1075	183
			1076	183
			1077	183
			1078	184
			1079	184
			1080	184
			1081	184
			1082	184
			1083	184
			1084	184
			1085	184
			1086	184
			1087	184
			1088	184
			1089	184
			1090	184
			1091	185
			1092	185
			1093	185
			1094	185
			1095	185
			1096	185
			1097	185
			1098	185
			1099	185
			1100	185
			1101	185
			1102	185
			1103	185
			1104	185
			1104	186
			1105	186
			1106	186
			1107	186
			1108	186
			1109	186
			1110	186
			1111	186
			1112	186
			1113	186
			1114	186
			1115	186
			1116	187
			1117	187
			1118	187
			1119	187
			1120	187
			1121	187
			1122	187
			1123	187
			1124	187
			1125	187
			1126	187
			1127	187
			1128	188
			1129	188
			1130	188
			1131	188
			1132	188
			1133	188
			1134	188
			1135	188
			1136	188
			1137	188
			1138	188
			1139	188
			1140	189
			1141	189
			1142	189
			1143	189
			1144	189
			1145	189
			1146	189
			1147	189
			1148	189
			1149	189
			1150	189
			1151	190
			1152	190
			1153	190
			1154	190
			1155	190
			1156	190
			1157	190
			1158	190
			1159	190
			1160	190
			1161	191
			1162	191
			1163	191
			1164	191
			1165	191
			1166	191
			1167	191
			1168	191
			1169	191
			1170	191
			1171	192
			1172	192
			1173	192
			1174	192
			1175	192
			1176	192
			1177	192
			1178	192
			1179	192
			1180	192
			1181	193
			1182	193
			1183	193
			1184	193
			1185	193
			1186	193
			1187	193
			1188	193
			1189	193
			1190	194
			1191	194
			1192	194
			1193	194
			1194	194
			1195	194
			1196	194
			1197	194
			1198	194
			1199	194
			1200	195
			1201	195
			1202	195
			1203	195
			1204	195
			1205	195
			1206	195
			1207	195
			1208	195
			1209	196
			1210	196
			1211	196
			1212	196
			1213	196
			1214	196
			1215	196
			1216	196
			1217	196
			1218	197
			1219	197
			1220	197
			1221	197
			1222	197
			1223	197
			1224	197
			1225	197
			1226	197
			1227	198
			1228	198
			1229	198
			1230	198
			1231	198
			1232	198
			1233	198
			1234	198
			1235	198
			1236	199
			1237	199
			1238	199
			1239	199
			1240	199
			1241	199
			1242	199
			1243	199
			1244	200
			1245	200
			1246	200
			1247	200
			1248	200
			1249	200
			1250	200
			1251	200
			1252	200
			1253	201
			1254	201
			1255	201
			1256	201
			1257	201
			1258	201
			1259	201
			1260	201
			1261	202
			1262	202
			1263	202
			1264	202
			1265	202
			1266	202
			1267	202
			1268	202
			1269	203
			1270	203
			1271	203
			1272	203
			1273	203
			1274	203
			1275	203
			1276	203
			1277	204
			1278	204
			1279	204
			1280	204
			1281	204
			1282	205
			1282	206
			1283	207
			1284	208
			1285	209
			1285	210
			1286	211
			1287	212
			1288	213
			1288	214
			1289	215
			1289	216
			1290	217
			1291	218
			1291	219
			1292	220
			1292	221
			1293	222
			1294	223
			1294	224
			1295	225
			1295	226
			1296	227
			1296	228
			1297	229
			1297	230
			1298	231
			1298	232
			1299	233
			1299	234
			1300	235
			1300	236
			1301	237
			1301	238
			1302	239
			1302	240
			1303	241
			1303	242
			1303	243
			1304	244
			1304	245
			1305	246
			1305	247
			1306	248
			1306	249
			1306	250
			1307	251
			1307	252
			1308	253
			1308	254
			1308	255
			1309	256
			1309	257
			1309	258
			1310	259
			1310	260
			1310	261
			1311	262
			1311	263
			1311	264
			1312	265
			1312	266
			1312	267
			1313	268
			1313	269
			1313	270
			1314	271
			1314	272
			1314	273
			1314	274
			1315	275
			1315	276
			1315	277
			1315	278
			1315	279
			1316	280
			1316	281
			1316	282
			1316	283
			1316	284
			1317	285
			1317	286
			1317	287
			1317	288
			1317	289
			1318	290
			1318	291
			1318	292
			1318	293
			1318	294
			1318	295
			1319	296
			1319	297
			1319	298
			1319	299
			1319	300
			1319	301
			1319	302
			1320	303
			1320	304
			1320	305
			1320	306
			1320	307
			1320	308
			1320	309
			1320	310
			1320	311
			1320	312
			1321	313
			1321	314
			1321	315
			1321	316
			1321	317
			1321	318
			1321	319
			1321	320
			1321	321
			1321	322
			1321	323
			1321	324
			1321	325
			1321	326
			1321	327
			1321	328
			1321	329
			1321	330
			1321	331
			1321	332
			1321	333
			1321	334
			1321	335
			1321	336
			1321	337
			1321	338
			1321	339
			1321	340
			1321	341
			1321	342
			1321	343
			1321	344
			1321	345
			1321	346
			1321	347
			1321	348
			1321	349
			1321	350
			1321	351
			1321	352
			1321	353
			1321	354
			1321	355
			1320	356
			1320	357
			1320	358
			1320	359
			1320	360
			1320	361
			1320	362
			1320	363
			1320	364
			1320	365
			1320	366
			1319	367
			1319	368
			1319	369
			1319	370
			1319	371
			1319	372
			1319	373
			1319	374
			1319	375
			1318	376
			1318	377
			1318	378
			1318	379
			1318	380
			1318	381
			1318	382
			1317	382
			1317	383
			1317	384
			1317	385
			1317	386
			1317	387
			1317	388
			1316	389
			1316	390
			1316	391
			1317	392
			1317	393
			1318	394
			1319	395
			1320	396
			1320	397
			1321	398
			1321	399
			1322	400
			1323	401
			1323	402
			1324	403
			1324	404
			1325	405
			1325	406
			1326	407
			1326	408
			1327	409
			1327	410
			1327	411
			1328	412
			1328	413
			1328	414
			1329	415
			1329	416
			1329	417
			1330	418
			1330	419
			1330	420
			1330	421
			1330	422
			1330	423
			1331	424
			1331	425
			1331	426
			1331	427
			1331	428
			1331	429
			1331	430
			1331	431
			1331	432
			1331	433
			1331	434
			1330	435
			1330	436
			1330	437
			1330	438
			1330	439
			1330	440
			1329	441
			1329	442
			1329	443
			1328	444
			1328	445
			1328	446
			1327	447
			1327	448
			1326	449
			1326	450
			1325	451
			1325	452
			1324	453
			1323	454
			1323	455
			1323	456
			1322	456
			1322	457
			1321	458
			1322	459
			1322	460
			1322	461
			1323	462
			1323	463
			1324	464
			1324	465
			1325	466
			1325	467
			1325	468
			1326	469
			1326	470
			1326	471
			1327	472
			1327	473
			1327	474
			1328	474
			1328	475
			1328	476
			1329	477
			1329	478
			1329	479
			1330	480
			1330	481
			1331	482
			1331	483
			1331	484
			1332	485
			1332	486
			1332	487
			1333	488
			1333	489
			1334	490
			1334	491
			1334	492
			1335	493
			1335	494
			1335	495
			1336	496
			1336	497
			1336	498
			1337	499
			1337	500
			1337	501
			1338	502
			1338	503
			1338	504
			1339	505
			1339	506
			1339	507
			1340	508
			1340	509
			1340	510
			1341	511
			1341	512
			1342	513
			1342	514
			1342	515
			1343	516
			1343	517
			1343	518
			1344	519
			1344	520
			1344	521
			1344	522
			1345	523
			1345	524
			1346	525
			1346	526
			1346	527
			1346	528
			1347	528
			1347	529
			1347	530
			1347	531
			1348	532
			1348	533
			1348	534
			1349	535
			1349	536
			1349	537
			1350	538
			1350	539
			1350	540
			1351	541
			1351	542
			1351	543
			1352	544
			1352	545
			1352	546
			1353	547
			1353	548
			1353	549
			1353	550
			1354	551
			1354	552
			1354	553
			1355	554
			1355	555
			1355	556
			1355	557
			1356	558
			1356	559
			1356	560
			1357	561
			1357	562
			1357	563
			1358	564
			1358	565
			1358	566
			1359	567
			1359	568
			1359	569
			1359	570
			1360	571
			1360	572
			1360	573
			1361	574
			1361	575
			1361	576
			1361	577
			1361	578
			1361	579
			1361	580
			1361	581
			1361	582
			1361	583
			1361	584
			1361	585
			1361	586
			1362	587
			1362	588
			1362	589
			1362	590
			1363	591
			1363	592
			1364	593
			1364	594
			1365	595
			1365	596
			1366	597
			1367	598
			1367	599
			1368	600
			1369	601
			1370	602
			1370	603
			1371	604
			1372	605
			1373	605
			1374	606
			1374	607
			1375	608
			1376	609
			1377	609
			1378	610
			1379	611
			1380	612
			1381	612
			1382	613
			1383	613
			1384	614
			1385	615
			1386	615
			1387	616
			1388	616
			1389	617
			1390	617
			1390	618
			1391	618
			1392	619
			1393	619
			1394	620
			1395	620
			1396	621
			1397	621
			1398	621
			1399	622
			1400	622
			1401	623
			1402	623
			1403	623
			1404	624
			1405	624
			1406	624
			1406	625
			1407	625
			1408	625
			1409	626
			1410	626
			1411	626
			1412	626
			1412	627
			1413	627
			1414	627
			1415	628
			1416	628
			1417	628
			1418	628
			1419	629
			1420	629
			1421	629
			1422	630
			1423	630
			1424	630
			1425	630
			1426	631
			1427	631
			1428	631
			1429	631
			1430	632
			1431	632
			1432	632
			1433	632
			1434	633
			1435	633
			1436	633
			1437	633
			1438	634
			1439	634
			1440	634
			1441	634
			1442	634
			1443	635
			1444	635
			1445	635
			1446	635
			1447	635
			1448	636
			1449	636
			1450	636
			1451	636
			1452	636
			1453	637
			1454	637
			1455	637
			1456	637
			1457	637
			1458	637
			1459	638
			1460	638
			1461	638
			1462	638
			1463	638
			1464	638
			1465	638
			1466	639
			1467	639
			1468	639
			1469	639
			1470	639
			1471	639
			1472	639
			1473	640
			1474	640
			1475	640
			1476	640
			1477	640
			1478	640
			1479	640
			1480	640
			1481	641
			1482	641
			1483	641
			1484	641
			1485	641
			1486	641
			1487	641
			1488	641
			1489	642
			1490	642
			1491	642
			1492	642
			1493	642
			1494	642
			1495	642
			1496	642
			1497	642
			1498	642
			1499	643
			1500	643
			1501	643
			1502	643
			1503	643
			1504	643
			1505	643
			1506	643
			1507	643
			1508	643
			1509	643
			1510	644
			1511	644
			1512	644
			1513	644
			1514	644
			1515	644
			1516	644
			1517	644
			1518	645
			1519	645
			1520	645
			1521	645
			1522	646
			1523	646
			1524	646
			1525	646
			1526	647
			1527	647
			1528	647
			1529	647
			1530	648
			1531	648
			1532	648
			1533	648
			1533	649
			1534	649
			1535	649
			1536	649
			1537	650
			1538	650
			1539	650
			1540	650
			1540	651
			1541	651
			1542	651
			1543	651
			1544	651
			1544	652
			1545	652
			1546	652
			1547	652
			1547	653
			1548	653
			1549	653
			1550	653
			1550	654
			1551	654
			1552	654
			1553	654
			1554	655
			1555	655
			1556	655
			1557	656
			1558	656
			1559	656
			1560	656
			1561	657
			1562	657
			1563	658
			1564	658
			1565	658
			1566	658
			1566	659
			1567	659
			1568	659
			1569	659
			1570	660
			1571	660
			1572	661
			1573	661
			1574	661
			1575	662
			1576	662
			1577	662
			1578	663
			1579	663
			1580	663
			1580	664
			1581	664
			1582	664
			1583	665
			1584	665
			1585	665
			1586	666
			1587	666
			1588	666
			1589	667
			1590	667
			1591	668
			1592	668
			1593	668
			1594	669
			1595	669
			1596	669
			1596	670
			1597	670
			1598	670
			1599	671
			1600	671
			1601	672
			1602	672
			1603	672
			1604	673
			1605	673
			1606	674
			1607	674
			1608	675
			1609	675
			1610	675
			1611	676
			1612	676
			1613	677
			1614	677
			1615	678
			1616	678
			1617	679
			1618	679
			1619	680
			1620	680
			1621	680
			1622	681
			1623	681
			1624	682
			1625	682
			1626	683
			1627	683
			1628	684
			1629	684
			1630	685
			1631	685
			1632	686
			1633	686
			1634	687
			1635	687
			1636	688
			1637	688
			1637	689
			1638	689
			1639	690
			1640	690
			1641	690
			1642	691
			1643	691
			1644	692
			1645	692
			1646	693
			1647	693
			1647	694
			1648	694
			1649	695
			1650	696
			1651	696
			1652	697
			1653	697
			1654	698
			1655	698
			1655	699
			1656	699
			1657	700
			1658	700
			1659	701
			1660	701
			1661	702
			1662	703
			1663	703
			1664	704
			1665	705
			1666	705
			1667	706
			1668	707
			1669	707
			1670	708
			1671	709
			1672	709
			1673	710
			1674	711
			1675	711
			1676	712
			1677	713
			1678	713
			1679	714
			1680	715
			1681	715
			1682	716
			1683	717
			1684	717
			1684	718
			1685	719
			1686	719
			1687	720
			1688	721
			1689	722
			1690	722
			1691	723
			1692	724
			1693	724
			1693	725
			1694	726
			1695	726
			1696	727
			1697	728
			1698	729
			1699	729
			1699	730
			1700	731
			1701	732
			1702	732
			1703	733
			1704	734
			1705	735
			1706	736
			1707	737
			1708	738
			1709	739
			1710	740
			1711	741
			1712	742
			1713	742
			1714	743
			1715	744
			1716	745
			1716	746
			1717	747
			1718	748
			1719	749
			1720	750
			1721	751
			1722	752
			1723	753
			1723	754
			1724	755
			1725	756
			1726	757
			1727	758
			1728	759
			1728	760
			1729	760
			1730	761
			1731	762
			1732	763
			1732	764
			1733	765
			1734	766
			1735	767
			1736	768
			1736	769
			1737	770
			1738	771
			1739	772
			1739	773
			1740	774
			1740	775
			1741	776
			1742	777
			1743	778
			1743	779
			1744	780
			1744	781
			1745	782
			1746	783
			1746	784
			1747	785
			1748	786
			1748	787
			1749	788
			1749	789
			1750	790
			1750	791
			1751	791
			1751	792
			1752	793
			1752	794
			1753	795
			1753	796
			1754	797
			1754	798
			1755	799
			1755	800
			1756	801
			1756	802
			1757	803
			1757	804
			1758	805
			1758	806
			1759	807
			1759	808
			1760	809
			1760	810
			1761	811
			1761	812
			1762	813
			1762	814
			1763	815
			1763	816
			1763	817
			1764	817
			1764	818
			1764	819
			1765	820
			1765	821
			1765	822
			1766	823
			1766	824
			1766	825
			1767	825
			1767	826
			1767	827
			1768	828
			1768	829
			1768	830
			1769	831
			1769	832
			1769	833
			1770	833
			1770	834
			1770	835
			1770	836
			1771	837
			1771	838
		</sutura>
	</curves.pixel>
	<curves.scaled type=list>
		<glabela type=matrix rownames=FALSE colnames=FALSE nrow=547 ncol=2 as.numeric=TRUE >
			4.10155714378145	-1.50258968440455
			4.1055009487274	-1.50258968440455
			4.10944475367334	-1.50258968440455
			4.11338855861928	-1.50258968440455
			4.11733236356523	-1.50258968440455
			4.12127616851117	-1.50258968440455
			4.12521997345711	-1.50258968440455
			4.12916377840306	-1.50258968440455
			4.133107583349	-1.49864587945861
			4.13705138829495	-1.49864587945861
			4.14099519324089	-1.49864587945861
			4.14493899818683	-1.49864587945861
			4.14888280313278	-1.49864587945861
			4.15282660807872	-1.49864587945861
			4.15677041302466	-1.49864587945861
			4.16071421797061	-1.49864587945861
			4.16465802291655	-1.49864587945861
			4.16860182786249	-1.49864587945861
			4.17254563280844	-1.49864587945861
			4.17648943775438	-1.49864587945861
			4.18043324270033	-1.49864587945861
			4.18437704764627	-1.49864587945861
			4.18832085259221	-1.49864587945861
			4.19226465753816	-1.49864587945861
			4.1962084624841	-1.49864587945861
			4.20015226743004	-1.49864587945861
			4.20409607237599	-1.49864587945861
			4.20803987732193	-1.50258968440455
			4.21198368226788	-1.50258968440455
			4.21592748721382	-1.50258968440455
			4.21987129215976	-1.50258968440455
			4.22381509710571	-1.50258968440455
			4.22775890205165	-1.50258968440455
			4.23170270699759	-1.50258968440455
			4.23564651194354	-1.50258968440455
			4.23959031688948	-1.50258968440455
			4.24353412183543	-1.50258968440455
			4.24747792678137	-1.50258968440455
			4.25142173172731	-1.50653348935049
			4.25536553667326	-1.50653348935049
			4.2593093416192	-1.50653348935049
			4.26325314656514	-1.50653348935049
			4.26719695151109	-1.50653348935049
			4.27114075645703	-1.50653348935049
			4.27508456140298	-1.50653348935049
			4.27902836634892	-1.50653348935049
			4.27902836634892	-1.51047729429644
			4.28297217129486	-1.51047729429644
			4.28691597624081	-1.51047729429644
			4.29085978118675	-1.51047729429644
			4.29480358613269	-1.51047729429644
			4.29874739107864	-1.51047729429644
			4.30269119602458	-1.51442109924238
			4.30663500097052	-1.51442109924238
			4.31057880591647	-1.51442109924238
			4.31452261086241	-1.51442109924238
			4.31846641580836	-1.51442109924238
			4.31846641580836	-1.51836490418833
			4.3224102207543	-1.51836490418833
			4.32635402570024	-1.51836490418833
			4.33029783064619	-1.51836490418833
			4.33424163559213	-1.51836490418833
			4.33818544053807	-1.52230870913427
			4.34212924548402	-1.52230870913427
			4.34607305042996	-1.52230870913427
			4.35001685537591	-1.52625251408021
			4.35396066032185	-1.52625251408021
			4.35790446526779	-1.52625251408021
			4.36184827021374	-1.53019631902616
			4.36579207515968	-1.53019631902616
			4.36973588010562	-1.53019631902616
			4.37367968505157	-1.5341401239721
			4.37762348999751	-1.5341401239721
			4.38156729494345	-1.5341401239721
			4.3855110998894	-1.53808392891804
			4.38945490483534	-1.53808392891804
			4.39339870978129	-1.54202773386399
			4.39734251472723	-1.54202773386399
			4.40128631967317	-1.54202773386399
			4.40523012461912	-1.54597153880993
			4.40917392956506	-1.54597153880993
			4.413117734511	-1.54991534375588
			4.41706153945695	-1.54991534375588
			4.42100534440289	-1.55385914870182
			4.42494914934884	-1.55385914870182
			4.42889295429478	-1.55385914870182
			4.43283675924072	-1.55780295364776
			4.43678056418667	-1.55780295364776
			4.44072436913261	-1.56174675859371
			4.44466817407855	-1.56174675859371
			4.4486119790245	-1.56569056353965
			4.45255578397044	-1.56569056353965
			4.45649958891639	-1.56963436848559
			4.46044339386233	-1.57357817343154
			4.46438719880827	-1.57752197837748
			4.46833100375422	-1.57752197837748
			4.47227480870016	-1.57752197837748
			4.47227480870016	-1.58146578332343
			4.4762186136461	-1.58146578332343
			4.48016241859205	-1.58146578332343
			4.48016241859205	-1.58540958826937
			4.48410622353799	-1.58540958826937
			4.48805002848394	-1.58935339321531
			4.49199383342988	-1.59329719816126
			4.49593763837582	-1.59329719816126
			4.49988144332177	-1.5972410031072
			4.50382524826771	-1.60118480805314
			4.50776905321365	-1.60118480805314
			4.5117128581596	-1.60512861299909
			4.51565666310554	-1.60907241794503
			4.51960046805149	-1.61301622289098
			4.52354427299743	-1.61301622289098
			4.52748807794337	-1.61696002783692
			4.53143188288932	-1.62090383278286
			4.53537568783526	-1.62484763772881
			4.5393194927812	-1.62879144267475
			4.54326329772715	-1.63273524762069
			4.54720710267309	-1.63667905256664
			4.55115090761903	-1.64062285751258
			4.55509471256498	-1.64456666245852
			4.55903851751092	-1.64851046740447
			4.56298232245687	-1.64851046740447
			4.56692612740281	-1.65245427235041
			4.57086993234875	-1.65639807729636
			4.5748137372947	-1.6603418822423
			4.57875754224064	-1.66428568718824
			4.58270134718658	-1.66822949213419
			4.58664515213253	-1.67217329708013
			4.59058895707847	-1.67611710202607
			4.59453276202442	-1.68006090697202
			4.59847656697036	-1.68400471191796
			4.6024203719163	-1.68794851686391
			4.6024203719163	-1.69189232180985
			4.60636417686225	-1.69583612675579
			4.61030798180819	-1.69583612675579
			4.61030798180819	-1.69977993170174
			4.61425178675413	-1.70372373664768
			4.61819559170008	-1.70766754159362
			4.62213939664602	-1.71161134653957
			4.62213939664602	-1.71555515148551
			4.62608320159196	-1.71949895643145
			4.63002700653791	-1.7234427613774
			4.63002700653791	-1.72738656632334
			4.63397081148385	-1.72738656632334
			4.6379146164298	-1.73133037126929
			4.6379146164298	-1.73527417621523
			4.64185842137574	-1.73921798116117
			4.64185842137574	-1.74316178610712
			4.64580222632168	-1.74710559105306
			4.64974603126763	-1.751049395999
			4.65368983621357	-1.75499320094495
			4.65368983621357	-1.75893700589089
			4.65763364115951	-1.76288081083684
			4.66157744610546	-1.76682461578278
			4.66157744610546	-1.77076842072872
			4.6655212510514	-1.77471222567467
			4.66946505599735	-1.77865603062061
			4.66946505599735	-1.78259983556655
			4.67340886094329	-1.7865436405125
			4.67340886094329	-1.79048744545844
			4.67735266588923	-1.79443125040439
			4.68129647083518	-1.79837505535033
			4.68129647083518	-1.80231886029627
			4.68524027578112	-1.80626266524222
			4.68524027578112	-1.81020647018816
			4.68918408072706	-1.8141502751341
			4.69312788567301	-1.81809408008005
			4.69312788567301	-1.82203788502599
			4.69707169061895	-1.82598168997193
			4.69707169061895	-1.82992549491788
			4.70101549556489	-1.83386929986382
			4.70101549556489	-1.83781310480977
			4.70495930051084	-1.84175690975571
			4.70495930051084	-1.84570071470165
			4.70890310545678	-1.8496445196476
			4.70890310545678	-1.85358832459354
			4.71284691040273	-1.85753212953948
			4.71284691040273	-1.86147593448543
			4.71284691040273	-1.86541973943137
			4.71679071534867	-1.86541973943137
			4.71679071534867	-1.86936354437732
			4.71679071534867	-1.87330734932326
			4.72073452029461	-1.8772511542692
			4.72073452029461	-1.88119495921515
			4.72467832524056	-1.88119495921515
			4.72467832524056	-1.88513876416109
			4.72467832524056	-1.88908256910703
			4.7286221301865	-1.89302637405298
			4.7286221301865	-1.89697017899892
			4.73256593513244	-1.90091398394487
			4.73256593513244	-1.90485778889081
			4.73650974007839	-1.90880159383675
			4.73650974007839	-1.9127453987827
			4.73650974007839	-1.91668920372864
			4.74045354502433	-1.92063300867458
			4.74045354502433	-1.92457681362053
			4.74439734997028	-1.92852061856647
			4.74439734997028	-1.93246442351241
			4.74439734997028	-1.93640822845836
			4.74834115491622	-1.9403520334043
			4.74834115491622	-1.94429583835025
			4.74834115491622	-1.94823964329619
			4.75228495986216	-1.94823964329619
			4.75228495986216	-1.95218344824213
			4.75228495986216	-1.95612725318808
			4.75622876480811	-1.96007105813402
			4.75622876480811	-1.96401486307996
			4.75622876480811	-1.96795866802591
			4.76017256975405	-1.97190247297185
			4.76017256975405	-1.9758462779178
			4.76017256975405	-1.97979008286374
			4.76411637469999	-1.98373388780968
			4.76411637469999	-1.98767769275563
			4.76411637469999	-1.99162149770157
			4.76806017964594	-1.99556530264751
			4.76806017964594	-1.99950910759346
			4.76806017964594	-2.0034529125394
			4.77200398459188	-2.00739671748535
			4.77200398459188	-2.01134052243129
			4.77200398459188	-2.01528432737723
			4.77594778953783	-2.01922813232318
			4.77594778953783	-2.02317193726912
			4.77594778953783	-2.02711574221506
			4.77989159448377	-2.03105954716101
			4.77989159448377	-2.03500335210695
			4.77989159448377	-2.03894715705289
			4.77989159448377	-2.04289096199884
			4.78383539942971	-2.04683476694478
			4.78383539942971	-2.05077857189073
			4.78383539942971	-2.05472237683667
			4.78777920437566	-2.05866618178261
			4.78777920437566	-2.06260998672856
			4.78777920437566	-2.0665537916745
			4.78777920437566	-2.07049759662044
			4.7917230093216	-2.07444140156639
			4.7917230093216	-2.07838520651233
			4.7917230093216	-2.08232901145828
			4.79566681426754	-2.08627281640422
			4.79566681426754	-2.09021662135016
			4.79566681426754	-2.09416042629611
			4.79566681426754	-2.09810423124205
			4.79961061921349	-2.10204803618799
			4.79961061921349	-2.10599184113394
			4.79961061921349	-2.10993564607988
			4.79961061921349	-2.11387945102583
			4.80355442415943	-2.11782325597177
			4.80355442415943	-2.12176706091771
			4.80355442415943	-2.12571086586366
			4.80749822910538	-2.1296546708096
			4.80749822910538	-2.13359847575554
			4.80749822910538	-2.13754228070149
			4.80749822910538	-2.14148608564743
			4.80749822910538	-2.14542989059338
			4.81144203405132	-2.14937369553932
			4.81144203405132	-2.15331750048526
			4.81144203405132	-2.15726130543121
			4.81144203405132	-2.16120511037715
			4.81144203405132	-2.16514891532309
			4.81538583899726	-2.16514891532309
			4.81538583899726	-2.16909272026904
			4.81538583899726	-2.17303652521498
			4.81538583899726	-2.17698033016092
			4.81538583899726	-2.18092413510687
			4.81932964394321	-2.18486794005281
			4.81932964394321	-2.18881174499876
			4.81932964394321	-2.1927555499447
			4.81932964394321	-2.19669935489064
			4.81932964394321	-2.20064315983659
			4.81932964394321	-2.20458696478253
			4.82327344888915	-2.20853076972847
			4.82327344888915	-2.21247457467442
			4.82327344888915	-2.21641837962036
			4.82327344888915	-2.22036218456631
			4.82327344888915	-2.22430598951225
			4.82721725383509	-2.22824979445819
			4.82721725383509	-2.23219359940414
			4.82721725383509	-2.23613740435008
			4.82721725383509	-2.24008120929602
			4.82721725383509	-2.24402501424197
			4.83116105878104	-2.24796881918791
			4.83116105878104	-2.25191262413386
			4.83116105878104	-2.2558564290798
			4.83116105878104	-2.25980023402574
			4.83116105878104	-2.26374403897169
			4.83116105878104	-2.26768784391763
			4.83510486372698	-2.27163164886357
			4.83510486372698	-2.27557545380952
			4.83510486372698	-2.27951925875546
			4.83510486372698	-2.2834630637014
			4.83510486372698	-2.28740686864735
			4.83510486372698	-2.29135067359329
			4.83904866867293	-2.29529447853924
			4.83904866867293	-2.29923828348518
			4.83904866867293	-2.30318208843112
			4.83904866867293	-2.30712589337707
			4.83904866867293	-2.31106969832301
			4.83904866867293	-2.31501350326895
			4.83904866867293	-2.3189573082149
			4.83904866867293	-2.32290111316084
			4.84299247361887	-2.32290111316084
			4.84299247361887	-2.32684491810679
			4.84299247361887	-2.33078872305273
			4.84299247361887	-2.33473252799867
			4.84299247361887	-2.33867633294462
			4.84299247361887	-2.34262013789056
			4.84299247361887	-2.3465639428365
			4.84299247361887	-2.35050774778245
			4.84693627856481	-2.35445155272839
			4.84693627856481	-2.35839535767433
			4.84693627856481	-2.36233916262028
			4.84693627856481	-2.36628296756622
			4.84693627856481	-2.37022677251217
			4.84693627856481	-2.37417057745811
			4.84693627856481	-2.37811438240405
			4.84693627856481	-2.38205818735
			4.85088008351076	-2.38600199229594
			4.85088008351076	-2.38994579724188
			4.85088008351076	-2.39388960218783
			4.85088008351076	-2.39783340713377
			4.85088008351076	-2.40177721207972
			4.85088008351076	-2.40572101702566
			4.85088008351076	-2.4096648219716
			4.85088008351076	-2.41360862691755
			4.85088008351076	-2.41755243186349
			4.8548238884567	-2.42149623680943
			4.8548238884567	-2.42544004175538
			4.8548238884567	-2.42938384670132
			4.8548238884567	-2.43332765164727
			4.8548238884567	-2.43727145659321
			4.8548238884567	-2.44121526153915
			4.8548238884567	-2.4451590664851
			4.8548238884567	-2.44910287143104
			4.8548238884567	-2.45304667637698
			4.8548238884567	-2.45699048132293
			4.85876769340264	-2.46093428626887
			4.85876769340264	-2.46487809121481
			4.85876769340264	-2.46882189616076
			4.85876769340264	-2.4727657011067
			4.85876769340264	-2.47670950605265
			4.85876769340264	-2.48065331099859
			4.85876769340264	-2.48459711594453
			4.85876769340264	-2.48854092089048
			4.85876769340264	-2.49248472583642
			4.85876769340264	-2.49642853078236
			4.85876769340264	-2.50037233572831
			4.85876769340264	-2.50431614067425
			4.86271149834859	-2.5082599456202
			4.86271149834859	-2.51220375056614
			4.86271149834859	-2.51614755551208
			4.86271149834859	-2.52009136045803
			4.86271149834859	-2.52403516540397
			4.86271149834859	-2.52797897034991
			4.86271149834859	-2.53192277529586
			4.86271149834859	-2.5358665802418
			4.86271149834859	-2.53981038518775
			4.86271149834859	-2.54375419013369
			4.86271149834859	-2.54769799507963
			4.86271149834859	-2.55164180002558
			4.86271149834859	-2.55558560497152
			4.86271149834859	-2.55952940991746
			4.86271149834859	-2.56347321486341
			4.86665530329453	-2.56741701980935
			4.86665530329453	-2.5713608247553
			4.86665530329453	-2.57530462970124
			4.86665530329453	-2.57924843464718
			4.86665530329453	-2.58319223959313
			4.86665530329453	-2.58713604453907
			4.86665530329453	-2.59107984948501
			4.86665530329453	-2.59502365443096
			4.86665530329453	-2.5989674593769
			4.86665530329453	-2.60291126432284
			4.86665530329453	-2.60685506926879
			4.86665530329453	-2.61079887421473
			4.86665530329453	-2.61474267916068
			4.86665530329453	-2.61868648410662
			4.86665530329453	-2.62263028905256
			4.86665530329453	-2.62657409399851
			4.86665530329453	-2.63051789894445
			4.86665530329453	-2.63446170389039
			4.86665530329453	-2.63840550883634
			4.86665530329453	-2.64234931378228
			4.86665530329453	-2.64629311872823
			4.86665530329453	-2.65023692367417
			4.87059910824047	-2.65418072862011
			4.87059910824047	-2.65812453356606
			4.87059910824047	-2.662068338512
			4.87059910824047	-2.66601214345794
			4.87059910824047	-2.66995594840389
			4.87059910824047	-2.67389975334983
			4.87059910824047	-2.67784355829578
			4.87059910824047	-2.68178736324172
			4.87059910824047	-2.68573116818766
			4.87059910824047	-2.68967497313361
			4.87059910824047	-2.69361877807955
			4.87059910824047	-2.69756258302549
			4.87059910824047	-2.70150638797144
			4.87059910824047	-2.70545019291738
			4.87059910824047	-2.70939399786332
			4.87059910824047	-2.71333780280927
			4.87059910824047	-2.71728160775521
			4.87059910824047	-2.72122541270116
			4.87059910824047	-2.7251692176471
			4.87059910824047	-2.72911302259304
			4.87059910824047	-2.73305682753899
			4.87059910824047	-2.73700063248493
			4.87059910824047	-2.74094443743087
			4.87059910824047	-2.74488824237682
			4.87059910824047	-2.74883204732276
			4.87059910824047	-2.75277585226871
			4.87059910824047	-2.75671965721465
			4.87059910824047	-2.76066346216059
			4.87059910824047	-2.76460726710654
			4.87059910824047	-2.76855107205248
			4.87059910824047	-2.77249487699842
			4.87059910824047	-2.77643868194437
			4.87059910824047	-2.78038248689031
			4.87059910824047	-2.78432629183625
			4.87059910824047	-2.7882700967822
			4.87059910824047	-2.79221390172814
			4.87059910824047	-2.79615770667409
			4.87059910824047	-2.80010151162003
			4.87059910824047	-2.80404531656597
			4.87059910824047	-2.80798912151192
			4.87059910824047	-2.81193292645786
			4.87059910824047	-2.8158767314038
			4.87059910824047	-2.81982053634975
			4.87059910824047	-2.82376434129569
			4.87059910824047	-2.82770814624164
			4.87059910824047	-2.83165195118758
			4.87059910824047	-2.83559575613352
			4.87059910824047	-2.83953956107947
			4.87059910824047	-2.84348336602541
			4.87059910824047	-2.84742717097135
			4.87059910824047	-2.8513709759173
			4.87059910824047	-2.85531478086324
			4.87059910824047	-2.85925858580919
			4.87059910824047	-2.86320239075513
			4.87059910824047	-2.86714619570107
			4.87059910824047	-2.87109000064702
			4.87059910824047	-2.87503380559296
			4.87059910824047	-2.8789776105389
			4.87059910824047	-2.88292141548485
			4.87059910824047	-2.88686522043079
			4.87059910824047	-2.89080902537673
			4.87059910824047	-2.89475283032268
			4.87059910824047	-2.89869663526862
			4.87059910824047	-2.90264044021457
			4.87059910824047	-2.90658424516051
			4.87059910824047	-2.91052805010645
			4.87059910824047	-2.9144718550524
			4.87059910824047	-2.91841565999834
			4.87059910824047	-2.92235946494428
			4.87059910824047	-2.92630326989023
			4.87059910824047	-2.93024707483617
			4.87059910824047	-2.93419087978212
			4.87059910824047	-2.93813468472806
			4.87059910824047	-2.942078489674
			4.87059910824047	-2.94602229461995
			4.87059910824047	-2.94996609956589
			4.87059910824047	-2.95390990451183
			4.87059910824047	-2.95785370945778
			4.87059910824047	-2.96179751440372
			4.87059910824047	-2.96574131934967
			4.87059910824047	-2.96968512429561
			4.87059910824047	-2.97362892924155
			4.87059910824047	-2.9775727341875
			4.86665530329453	-2.98151653913344
			4.86665530329453	-2.98546034407938
			4.86665530329453	-2.98940414902533
			4.86665530329453	-2.99334795397127
			4.86665530329453	-2.99729175891721
			4.86665530329453	-3.00123556386316
			4.86665530329453	-3.0051793688091
			4.86665530329453	-3.00912317375505
			4.86665530329453	-3.01306697870099
			4.86665530329453	-3.01701078364693
			4.86665530329453	-3.02095458859288
			4.86665530329453	-3.02489839353882
			4.86665530329453	-3.02884219848476
			4.86665530329453	-3.03278600343071
			4.86665530329453	-3.03672980837665
			4.86665530329453	-3.0406736133226
			4.86665530329453	-3.04461741826854
			4.86665530329453	-3.04856122321448
			4.86665530329453	-3.05250502816043
			4.86665530329453	-3.05644883310637
			4.86665530329453	-3.06039263805231
			4.86665530329453	-3.06433644299826
			4.86665530329453	-3.0682802479442
			4.86665530329453	-3.07222405289015
			4.86665530329453	-3.07616785783609
			4.86271149834859	-3.08011166278203
			4.86271149834859	-3.08405546772798
			4.86271149834859	-3.08799927267392
			4.86271149834859	-3.09194307761986
			4.86271149834859	-3.09588688256581
			4.86271149834859	-3.09983068751175
			4.86271149834859	-3.1037744924577
			4.86271149834859	-3.10771829740364
			4.86271149834859	-3.11166210234958
			4.86271149834859	-3.11560590729553
			4.86271149834859	-3.11954971224147
			4.86271149834859	-3.12349351718741
			4.86271149834859	-3.12743732213336
			4.86271149834859	-3.1313811270793
			4.86271149834859	-3.13532493202524
			4.86271149834859	-3.13926873697119
			4.86271149834859	-3.14321254191713
			4.86271149834859	-3.14715634686308
			4.86271149834859	-3.15110015180902
			4.85876769340264	-3.15504395675496
			4.85876769340264	-3.15898776170091
			4.85876769340264	-3.16293156664685
			4.85876769340264	-3.16687537159279
			4.85876769340264	-3.17081917653874
			4.85876769340264	-3.17476298148468
			4.85876769340264	-3.17870678643063
			4.85876769340264	-3.18265059137657
			4.85876769340264	-3.18659439632251
			4.85876769340264	-3.19053820126846
			4.85876769340264	-3.1944820062144
			4.85876769340264	-3.19842581116034
			4.85876769340264	-3.20236961610629
			4.85876769340264	-3.20631342105223
			4.85876769340264	-3.21025722599818
			4.85876769340264	-3.21420103094412
			4.8548238884567	-3.21814483589006
			4.8548238884567	-3.22208864083601
			4.8548238884567	-3.22603244578195
			4.8548238884567	-3.22997625072789
			4.8548238884567	-3.23392005567384
			4.8548238884567	-3.23786386061978
			4.8548238884567	-3.24180766556572
			4.8548238884567	-3.24575147051167
			4.8548238884567	-3.24969527545761
			4.8548238884567	-3.25363908040356
			4.8548238884567	-3.2575828853495
			4.8548238884567	-3.26152669029544
			4.8548238884567	-3.26547049524139
			4.8548238884567	-3.26941430018733
			4.85088008351076	-3.27335810513327
			4.85088008351076	-3.27730191007922
			4.85088008351076	-3.28124571502516
			4.85088008351076	-3.28518951997111
			4.85088008351076	-3.28913332491705
			4.85088008351076	-3.29307712986299
			4.85088008351076	-3.29702093480894
		</glabela>
		<sutura type=matrix rownames=FALSE colnames=FALSE nrow=1110 ncol=2 as.numeric=TRUE >
			4.09366953388956	-0.71382869521581
			4.09761333883551	-0.71382869521581
			4.10155714378145	-0.71382869521581
			4.1055009487274	-0.71382869521581
			4.10944475367334	-0.71382869521581
			4.11338855861928	-0.71382869521581
			4.11733236356523	-0.71382869521581
			4.12127616851117	-0.71382869521581
			4.12521997345711	-0.71382869521581
			4.12916377840306	-0.717772500161754
			4.133107583349	-0.717772500161754
			4.13705138829495	-0.717772500161754
			4.14099519324089	-0.717772500161754
			4.14493899818683	-0.717772500161754
			4.14888280313278	-0.717772500161754
			4.15282660807872	-0.717772500161754
			4.15677041302466	-0.717772500161754
			4.16071421797061	-0.717772500161754
			4.16465802291655	-0.717772500161754
			4.16860182786249	-0.717772500161754
			4.17254563280844	-0.717772500161754
			4.17648943775438	-0.717772500161754
			4.18043324270033	-0.717772500161754
			4.18437704764627	-0.717772500161754
			4.18832085259221	-0.717772500161754
			4.19226465753816	-0.721716305107698
			4.1962084624841	-0.721716305107698
			4.20015226743004	-0.721716305107698
			4.20409607237599	-0.721716305107698
			4.20803987732193	-0.721716305107698
			4.21198368226788	-0.721716305107698
			4.21592748721382	-0.721716305107698
			4.21987129215976	-0.721716305107698
			4.22381509710571	-0.721716305107698
			4.22775890205165	-0.721716305107698
			4.23170270699759	-0.721716305107698
			4.23564651194354	-0.721716305107698
			4.23959031688948	-0.721716305107698
			4.24353412183543	-0.721716305107698
			4.24747792678137	-0.721716305107698
			4.25142173172731	-0.725660110053642
			4.25536553667326	-0.725660110053642
			4.2593093416192	-0.725660110053642
			4.26325314656514	-0.725660110053642
			4.26719695151109	-0.725660110053642
			4.27114075645703	-0.725660110053642
			4.27508456140298	-0.725660110053642
			4.27902836634892	-0.725660110053642
			4.28297217129486	-0.725660110053642
			4.28691597624081	-0.725660110053642
			4.29085978118675	-0.725660110053642
			4.29480358613269	-0.725660110053642
			4.29874739107864	-0.725660110053642
			4.30269119602458	-0.729603914999585
			4.30663500097052	-0.729603914999585
			4.31057880591647	-0.729603914999585
			4.31452261086241	-0.729603914999585
			4.31846641580836	-0.729603914999585
			4.3224102207543	-0.729603914999585
			4.32635402570024	-0.729603914999585
			4.33029783064619	-0.729603914999585
			4.33424163559213	-0.729603914999585
			4.33818544053807	-0.729603914999585
			4.34212924548402	-0.729603914999585
			4.34607305042996	-0.729603914999585
			4.35001685537591	-0.729603914999585
			4.35396066032185	-0.729603914999585
			4.35396066032185	-0.733547719945529
			4.35790446526779	-0.733547719945529
			4.36184827021374	-0.733547719945529
			4.36579207515968	-0.733547719945529
			4.36973588010562	-0.733547719945529
			4.37367968505157	-0.733547719945529
			4.37762348999751	-0.733547719945529
			4.38156729494345	-0.733547719945529
			4.3855110998894	-0.733547719945529
			4.38945490483534	-0.733547719945529
			4.39339870978129	-0.733547719945529
			4.39734251472723	-0.733547719945529
			4.40128631967317	-0.737491524891473
			4.40523012461912	-0.737491524891473
			4.40917392956506	-0.737491524891473
			4.413117734511	-0.737491524891473
			4.41706153945695	-0.737491524891473
			4.42100534440289	-0.737491524891473
			4.42494914934884	-0.737491524891473
			4.42889295429478	-0.737491524891473
			4.43283675924072	-0.737491524891473
			4.43678056418667	-0.737491524891473
			4.44072436913261	-0.737491524891473
			4.44466817407855	-0.737491524891473
			4.4486119790245	-0.741435329837416
			4.45255578397044	-0.741435329837416
			4.45649958891639	-0.741435329837416
			4.46044339386233	-0.741435329837416
			4.46438719880827	-0.741435329837416
			4.46833100375422	-0.741435329837416
			4.47227480870016	-0.741435329837416
			4.4762186136461	-0.741435329837416
			4.48016241859205	-0.741435329837416
			4.48410622353799	-0.741435329837416
			4.48805002848394	-0.741435329837416
			4.49199383342988	-0.741435329837416
			4.49593763837582	-0.74537913478336
			4.49988144332177	-0.74537913478336
			4.50382524826771	-0.74537913478336
			4.50776905321365	-0.74537913478336
			4.5117128581596	-0.74537913478336
			4.51565666310554	-0.74537913478336
			4.51960046805149	-0.74537913478336
			4.52354427299743	-0.74537913478336
			4.52748807794337	-0.74537913478336
			4.53143188288932	-0.74537913478336
			4.53537568783526	-0.74537913478336
			4.5393194927812	-0.749322939729304
			4.54326329772715	-0.749322939729304
			4.54720710267309	-0.749322939729304
			4.55115090761903	-0.749322939729304
			4.55509471256498	-0.749322939729304
			4.55903851751092	-0.749322939729304
			4.56298232245687	-0.749322939729304
			4.56692612740281	-0.749322939729304
			4.57086993234875	-0.749322939729304
			4.5748137372947	-0.749322939729304
			4.57875754224064	-0.753266744675247
			4.58270134718658	-0.753266744675247
			4.58664515213253	-0.753266744675247
			4.59058895707847	-0.753266744675247
			4.59453276202442	-0.753266744675247
			4.59847656697036	-0.753266744675247
			4.6024203719163	-0.753266744675247
			4.60636417686225	-0.753266744675247
			4.61030798180819	-0.753266744675247
			4.61425178675413	-0.753266744675247
			4.61819559170008	-0.757210549621191
			4.62213939664602	-0.757210549621191
			4.62608320159196	-0.757210549621191
			4.63002700653791	-0.757210549621191
			4.63397081148385	-0.757210549621191
			4.6379146164298	-0.757210549621191
			4.64185842137574	-0.757210549621191
			4.64580222632168	-0.757210549621191
			4.64974603126763	-0.757210549621191
			4.65368983621357	-0.757210549621191
			4.65763364115951	-0.761154354567135
			4.66157744610546	-0.761154354567135
			4.6655212510514	-0.761154354567135
			4.66946505599735	-0.761154354567135
			4.67340886094329	-0.761154354567135
			4.67735266588923	-0.761154354567135
			4.68129647083518	-0.761154354567135
			4.68524027578112	-0.761154354567135
			4.68918408072706	-0.761154354567135
			4.69312788567301	-0.765098159513079
			4.69707169061895	-0.765098159513079
			4.70101549556489	-0.765098159513079
			4.70495930051084	-0.765098159513079
			4.70890310545678	-0.765098159513079
			4.71284691040273	-0.765098159513079
			4.71679071534867	-0.765098159513079
			4.72073452029461	-0.765098159513079
			4.72467832524056	-0.765098159513079
			4.7286221301865	-0.765098159513079
			4.73256593513244	-0.769041964459022
			4.73650974007839	-0.769041964459022
			4.74045354502433	-0.769041964459022
			4.74439734997028	-0.769041964459022
			4.74834115491622	-0.769041964459022
			4.75228495986216	-0.769041964459022
			4.75622876480811	-0.769041964459022
			4.76017256975405	-0.769041964459022
			4.76411637469999	-0.769041964459022
			4.76806017964594	-0.772985769404966
			4.77200398459188	-0.772985769404966
			4.77594778953783	-0.772985769404966
			4.77989159448377	-0.772985769404966
			4.78383539942971	-0.772985769404966
			4.78777920437566	-0.772985769404966
			4.7917230093216	-0.772985769404966
			4.79566681426754	-0.772985769404966
			4.79961061921349	-0.772985769404966
			4.80355442415943	-0.77692957435091
			4.80749822910538	-0.77692957435091
			4.81144203405132	-0.77692957435091
			4.81538583899726	-0.77692957435091
			4.81932964394321	-0.77692957435091
			4.82327344888915	-0.77692957435091
			4.82721725383509	-0.77692957435091
			4.83116105878104	-0.77692957435091
			4.83510486372698	-0.77692957435091
			4.83904866867293	-0.780873379296853
			4.84299247361887	-0.780873379296853
			4.84693627856481	-0.780873379296853
			4.85088008351076	-0.780873379296853
			4.8548238884567	-0.780873379296853
			4.85876769340264	-0.780873379296853
			4.86271149834859	-0.780873379296853
			4.86665530329453	-0.780873379296853
			4.87059910824047	-0.780873379296853
			4.87454291318642	-0.784817184242797
			4.87848671813236	-0.784817184242797
			4.88243052307831	-0.784817184242797
			4.88637432802425	-0.784817184242797
			4.89031813297019	-0.784817184242797
			4.89426193791614	-0.784817184242797
			4.89820574286208	-0.784817184242797
			4.90214954780802	-0.784817184242797
			4.90609335275397	-0.788760989188741
			4.91003715769991	-0.788760989188741
			4.91398096264586	-0.788760989188741
			4.9179247675918	-0.788760989188741
			4.92186857253774	-0.788760989188741
			4.92581237748369	-0.788760989188741
			4.92975618242963	-0.788760989188741
			4.93369998737557	-0.788760989188741
			4.93764379232152	-0.788760989188741
			4.94158759726746	-0.792704794134685
			4.9455314022134	-0.792704794134685
			4.94947520715935	-0.792704794134685
			4.95341901210529	-0.792704794134685
			4.95736281705124	-0.792704794134685
			4.96130662199718	-0.792704794134685
			4.96525042694312	-0.792704794134685
			4.96919423188907	-0.792704794134685
			4.97313803683501	-0.796648599080628
			4.97708184178095	-0.796648599080628
			4.9810256467269	-0.796648599080628
			4.98496945167284	-0.796648599080628
			4.98891325661879	-0.796648599080628
			4.99285706156473	-0.796648599080628
			4.99680086651067	-0.796648599080628
			5.00074467145662	-0.796648599080628
			5.00468847640256	-0.800592404026572
			5.0086322813485	-0.800592404026572
			5.01257608629445	-0.800592404026572
			5.01651989124039	-0.800592404026572
			5.02046369618634	-0.800592404026572
			5.02440750113228	-0.800592404026572
			5.02835130607822	-0.800592404026572
			5.03229511102417	-0.800592404026572
			5.03623891597011	-0.804536208972516
			5.04018272091605	-0.804536208972516
			5.044126525862	-0.804536208972516
			5.04807033080794	-0.804536208972516
			5.05201413575388	-0.804536208972516
			5.05595794069983	-0.808480013918459
			5.05595794069983	-0.812423818864403
			5.05990174564577	-0.816367623810347
			5.06384555059172	-0.82031142875629
			5.06778935553766	-0.824255233702234
			5.06778935553766	-0.828199038648178
			5.0717331604836	-0.832142843594121
			5.07567696542955	-0.836086648540065
			5.07962077037549	-0.840030453486009
			5.07962077037549	-0.843974258431953
			5.08356457532143	-0.847918063377896
			5.08356457532143	-0.85186186832384
			5.08750838026738	-0.855805673269784
			5.09145218521332	-0.859749478215727
			5.09145218521332	-0.863693283161671
			5.09539599015927	-0.867637088107615
			5.09539599015927	-0.871580893053559
			5.09933979510521	-0.875524697999502
			5.10328360005115	-0.879468502945446
			5.10328360005115	-0.88341230789139
			5.1072274049971	-0.887356112837333
			5.1072274049971	-0.891299917783277
			5.11117120994304	-0.895243722729221
			5.11117120994304	-0.899187527675165
			5.11511501488898	-0.903131332621108
			5.11511501488898	-0.907075137567052
			5.11905881983493	-0.911018942512996
			5.11905881983493	-0.914962747458939
			5.12300262478087	-0.918906552404883
			5.12300262478087	-0.922850357350827
			5.12694642972682	-0.92679416229677
			5.12694642972682	-0.930737967242714
			5.13089023467276	-0.934681772188658
			5.13089023467276	-0.938625577134602
			5.1348340396187	-0.942569382080545
			5.1348340396187	-0.946513187026489
			5.13877784456465	-0.950456991972433
			5.13877784456465	-0.954400796918376
			5.13877784456465	-0.95834460186432
			5.14272164951059	-0.962288406810264
			5.14272164951059	-0.966232211756207
			5.14666545445653	-0.970176016702151
			5.14666545445653	-0.974119821648095
			5.15060925940248	-0.978063626594039
			5.15060925940248	-0.982007431539982
			5.15060925940248	-0.985951236485926
			5.15455306434842	-0.98989504143187
			5.15455306434842	-0.993838846377813
			5.15849686929436	-0.997782651323757
			5.15849686929436	-1.0017264562697
			5.15849686929436	-1.00567026121564
			5.16244067424031	-1.00961406616159
			5.16244067424031	-1.01355787110753
			5.16244067424031	-1.01750167605348
			5.16638447918625	-1.02144548099942
			5.16638447918625	-1.02538928594536
			5.16638447918625	-1.02933309089131
			5.1703282841322	-1.03327689583725
			5.1703282841322	-1.03722070078319
			5.1703282841322	-1.04116450572914
			5.17427208907814	-1.04510831067508
			5.17427208907814	-1.04905211562103
			5.17427208907814	-1.05299592056697
			5.17821589402408	-1.05693972551291
			5.17821589402408	-1.06088353045886
			5.17821589402408	-1.0648273354048
			5.18215969897003	-1.06877114035074
			5.18215969897003	-1.07271494529669
			5.18215969897003	-1.07665875024263
			5.18215969897003	-1.08060255518857
			5.18610350391597	-1.08454636013452
			5.18610350391597	-1.08849016508046
			5.18610350391597	-1.09243397002641
			5.18610350391597	-1.09637777497235
			5.18610350391597	-1.10032157991829
			5.19004730886191	-1.10426538486424
			5.19004730886191	-1.10820918981018
			5.19004730886191	-1.11215299475612
			5.19004730886191	-1.11609679970207
			5.19004730886191	-1.12004060464801
			5.19399111380786	-1.12398440959396
			5.19399111380786	-1.1279282145399
			5.19399111380786	-1.13187201948584
			5.19399111380786	-1.13581582443179
			5.19399111380786	-1.13975962937773
			5.1979349187538	-1.14370343432367
			5.1979349187538	-1.14764723926962
			5.1979349187538	-1.15159104421556
			5.1979349187538	-1.15553484916151
			5.1979349187538	-1.15947865410745
			5.1979349187538	-1.16342245905339
			5.20187872369975	-1.16736626399934
			5.20187872369975	-1.17131006894528
			5.20187872369975	-1.17525387389122
			5.20187872369975	-1.17919767883717
			5.20187872369975	-1.18314148378311
			5.20187872369975	-1.18708528872905
			5.20187872369975	-1.191029093675
			5.20582252864569	-1.19497289862094
			5.20582252864569	-1.19891670356689
			5.20582252864569	-1.20286050851283
			5.20582252864569	-1.20680431345877
			5.20582252864569	-1.21074811840472
			5.20582252864569	-1.21469192335066
			5.20582252864569	-1.2186357282966
			5.20582252864569	-1.22257953324255
			5.20582252864569	-1.22652333818849
			5.20582252864569	-1.23046714313444
			5.20976633359163	-1.23441094808038
			5.20976633359163	-1.23835475302632
			5.20976633359163	-1.24229855797227
			5.20976633359163	-1.24624236291821
			5.20976633359163	-1.25018616786415
			5.20976633359163	-1.2541299728101
			5.20976633359163	-1.25807377775604
			5.20976633359163	-1.26201758270199
			5.20976633359163	-1.26596138764793
			5.20976633359163	-1.26990519259387
			5.20976633359163	-1.27384899753982
			5.20976633359163	-1.27779280248576
			5.20976633359163	-1.2817366074317
			5.20976633359163	-1.28568041237765
			5.20976633359163	-1.28962421732359
			5.20976633359163	-1.29356802226953
			5.20976633359163	-1.29751182721548
			5.20976633359163	-1.30145563216142
			5.20976633359163	-1.30539943710737
			5.20976633359163	-1.30934324205331
			5.20976633359163	-1.31328704699925
			5.20976633359163	-1.3172308519452
			5.20976633359163	-1.32117465689114
			5.20976633359163	-1.32511846183708
			5.20976633359163	-1.32906226678303
			5.20976633359163	-1.33300607172897
			5.20976633359163	-1.33694987667492
			5.20976633359163	-1.34089368162086
			5.20976633359163	-1.3448374865668
			5.20976633359163	-1.34878129151275
			5.20976633359163	-1.35272509645869
			5.20976633359163	-1.35666890140463
			5.20976633359163	-1.36061270635058
			5.20976633359163	-1.36455651129652
			5.20976633359163	-1.36850031624247
			5.20976633359163	-1.37244412118841
			5.20976633359163	-1.37638792613435
			5.20976633359163	-1.3803317310803
			5.20976633359163	-1.38427553602624
			5.20976633359163	-1.38821934097218
			5.20976633359163	-1.39216314591813
			5.20976633359163	-1.39610695086407
			5.20976633359163	-1.40005075581001
			5.20582252864569	-1.40399456075596
			5.20582252864569	-1.4079383657019
			5.20582252864569	-1.41188217064785
			5.20582252864569	-1.41582597559379
			5.20582252864569	-1.41976978053973
			5.20582252864569	-1.42371358548568
			5.20582252864569	-1.42765739043162
			5.20582252864569	-1.43160119537756
			5.20582252864569	-1.43554500032351
			5.20582252864569	-1.43948880526945
			5.20582252864569	-1.4434326102154
			5.20187872369975	-1.44737641516134
			5.20187872369975	-1.45132022010728
			5.20187872369975	-1.45526402505323
			5.20187872369975	-1.45920782999917
			5.20187872369975	-1.46315163494511
			5.20187872369975	-1.46709543989106
			5.20187872369975	-1.471039244837
			5.20187872369975	-1.47498304978295
			5.20187872369975	-1.47892685472889
			5.1979349187538	-1.48287065967483
			5.1979349187538	-1.48681446462078
			5.1979349187538	-1.49075826956672
			5.1979349187538	-1.49470207451266
			5.1979349187538	-1.49864587945861
			5.1979349187538	-1.50258968440455
			5.1979349187538	-1.50653348935049
			5.19399111380786	-1.50653348935049
			5.19399111380786	-1.51047729429644
			5.19399111380786	-1.51442109924238
			5.19399111380786	-1.51836490418833
			5.19399111380786	-1.52230870913427
			5.19399111380786	-1.52625251408021
			5.19399111380786	-1.53019631902616
			5.19004730886191	-1.5341401239721
			5.19004730886191	-1.53808392891804
			5.19004730886191	-1.54202773386399
			5.19399111380786	-1.54597153880993
			5.19399111380786	-1.54991534375588
			5.1979349187538	-1.55385914870182
			5.20187872369975	-1.55780295364776
			5.20582252864569	-1.56174675859371
			5.20582252864569	-1.56569056353965
			5.20976633359163	-1.56963436848559
			5.20976633359163	-1.57357817343154
			5.21371013853758	-1.57752197837748
			5.21765394348352	-1.58146578332343
			5.21765394348352	-1.58540958826937
			5.22159774842946	-1.58935339321531
			5.22159774842946	-1.59329719816126
			5.22554155337541	-1.5972410031072
			5.22554155337541	-1.60118480805314
			5.22948535832135	-1.60512861299909
			5.22948535832135	-1.60907241794503
			5.23342916326729	-1.61301622289098
			5.23342916326729	-1.61696002783692
			5.23342916326729	-1.62090383278286
			5.23737296821324	-1.62484763772881
			5.23737296821324	-1.62879144267475
			5.23737296821324	-1.63273524762069
			5.24131677315918	-1.63667905256664
			5.24131677315918	-1.64062285751258
			5.24131677315918	-1.64456666245852
			5.24526057810513	-1.64851046740447
			5.24526057810513	-1.65245427235041
			5.24526057810513	-1.65639807729636
			5.24526057810513	-1.6603418822423
			5.24526057810513	-1.66428568718824
			5.24526057810513	-1.66822949213419
			5.24920438305107	-1.67217329708013
			5.24920438305107	-1.67611710202607
			5.24920438305107	-1.68006090697202
			5.24920438305107	-1.68400471191796
			5.24920438305107	-1.68794851686391
			5.24920438305107	-1.69189232180985
			5.24920438305107	-1.69583612675579
			5.24920438305107	-1.69977993170174
			5.24920438305107	-1.70372373664768
			5.24920438305107	-1.70766754159362
			5.24920438305107	-1.71161134653957
			5.24526057810513	-1.71555515148551
			5.24526057810513	-1.71949895643145
			5.24526057810513	-1.7234427613774
			5.24526057810513	-1.72738656632334
			5.24526057810513	-1.73133037126929
			5.24526057810513	-1.73527417621523
			5.24131677315918	-1.73921798116117
			5.24131677315918	-1.74316178610712
			5.24131677315918	-1.74710559105306
			5.23737296821324	-1.751049395999
			5.23737296821324	-1.75499320094495
			5.23737296821324	-1.75893700589089
			5.23342916326729	-1.76288081083684
			5.23342916326729	-1.76682461578278
			5.22948535832135	-1.77076842072872
			5.22948535832135	-1.77471222567467
			5.22554155337541	-1.77865603062061
			5.22554155337541	-1.78259983556655
			5.22159774842946	-1.7865436405125
			5.21765394348352	-1.79048744545844
			5.21765394348352	-1.79443125040439
			5.21765394348352	-1.79837505535033
			5.21371013853758	-1.79837505535033
			5.21371013853758	-1.80231886029627
			5.20976633359163	-1.80626266524222
			5.21371013853758	-1.81020647018816
			5.21371013853758	-1.8141502751341
			5.21371013853758	-1.81809408008005
			5.21765394348352	-1.82203788502599
			5.21765394348352	-1.82598168997193
			5.22159774842946	-1.82992549491788
			5.22159774842946	-1.83386929986382
			5.22554155337541	-1.83781310480977
			5.22554155337541	-1.84175690975571
			5.22554155337541	-1.84570071470165
			5.22948535832135	-1.8496445196476
			5.22948535832135	-1.85358832459354
			5.22948535832135	-1.85753212953948
			5.23342916326729	-1.86147593448543
			5.23342916326729	-1.86541973943137
			5.23342916326729	-1.86936354437732
			5.23737296821324	-1.86936354437732
			5.23737296821324	-1.87330734932326
			5.23737296821324	-1.8772511542692
			5.24131677315918	-1.88119495921515
			5.24131677315918	-1.88513876416109
			5.24131677315918	-1.88908256910703
			5.24526057810513	-1.89302637405298
			5.24526057810513	-1.89697017899892
			5.24920438305107	-1.90091398394487
			5.24920438305107	-1.90485778889081
			5.24920438305107	-1.90880159383675
			5.25314818799701	-1.9127453987827
			5.25314818799701	-1.91668920372864
			5.25314818799701	-1.92063300867458
			5.25709199294296	-1.92457681362053
			5.25709199294296	-1.92852061856647
			5.2610357978889	-1.93246442351241
			5.2610357978889	-1.93640822845836
			5.2610357978889	-1.9403520334043
			5.26497960283484	-1.94429583835025
			5.26497960283484	-1.94823964329619
			5.26497960283484	-1.95218344824213
			5.26892340778079	-1.95612725318808
			5.26892340778079	-1.96007105813402
			5.26892340778079	-1.96401486307996
			5.27286721272673	-1.96795866802591
			5.27286721272673	-1.97190247297185
			5.27286721272673	-1.9758462779178
			5.27681101767268	-1.97979008286374
			5.27681101767268	-1.98373388780968
			5.27681101767268	-1.98767769275563
			5.28075482261862	-1.99162149770157
			5.28075482261862	-1.99556530264751
			5.28075482261862	-1.99950910759346
			5.28469862756456	-2.0034529125394
			5.28469862756456	-2.00739671748535
			5.28469862756456	-2.01134052243129
			5.28864243251051	-2.01528432737723
			5.28864243251051	-2.01922813232318
			5.29258623745645	-2.02317193726912
			5.29258623745645	-2.02711574221506
			5.29258623745645	-2.03105954716101
			5.29653004240239	-2.03500335210695
			5.29653004240239	-2.03894715705289
			5.29653004240239	-2.04289096199884
			5.30047384734834	-2.04683476694478
			5.30047384734834	-2.05077857189073
			5.30047384734834	-2.05472237683667
			5.30047384734834	-2.05866618178261
			5.30441765229428	-2.06260998672856
			5.30441765229428	-2.0665537916745
			5.30836145724023	-2.07049759662044
			5.30836145724023	-2.07444140156639
			5.30836145724023	-2.07838520651233
			5.30836145724023	-2.08232901145828
			5.31230526218617	-2.08232901145828
			5.31230526218617	-2.08627281640422
			5.31230526218617	-2.09021662135016
			5.31230526218617	-2.09416042629611
			5.31624906713211	-2.09810423124205
			5.31624906713211	-2.10204803618799
			5.31624906713211	-2.10599184113394
			5.32019287207806	-2.10993564607988
			5.32019287207806	-2.11387945102583
			5.32019287207806	-2.11782325597177
			5.324136677024	-2.12176706091771
			5.324136677024	-2.12571086586366
			5.324136677024	-2.1296546708096
			5.32808048196994	-2.13359847575554
			5.32808048196994	-2.13754228070149
			5.32808048196994	-2.14148608564743
			5.33202428691589	-2.14542989059338
			5.33202428691589	-2.14937369553932
			5.33202428691589	-2.15331750048526
			5.33596809186183	-2.15726130543121
			5.33596809186183	-2.16120511037715
			5.33596809186183	-2.16514891532309
			5.33596809186183	-2.16909272026904
			5.33991189680778	-2.17303652521498
			5.33991189680778	-2.17698033016092
			5.33991189680778	-2.18092413510687
			5.34385570175372	-2.18486794005281
			5.34385570175372	-2.18881174499876
			5.34385570175372	-2.1927555499447
			5.34385570175372	-2.19669935489064
			5.34779950669966	-2.20064315983659
			5.34779950669966	-2.20458696478253
			5.34779950669966	-2.20853076972847
			5.35174331164561	-2.21247457467442
			5.35174331164561	-2.21641837962036
			5.35174331164561	-2.22036218456631
			5.35568711659155	-2.22430598951225
			5.35568711659155	-2.22824979445819
			5.35568711659155	-2.23219359940414
			5.35963092153749	-2.23613740435008
			5.35963092153749	-2.24008120929602
			5.35963092153749	-2.24402501424197
			5.35963092153749	-2.24796881918791
			5.36357472648344	-2.25191262413386
			5.36357472648344	-2.2558564290798
			5.36357472648344	-2.25980023402574
			5.36751853142938	-2.26374403897169
			5.36751853142938	-2.26768784391763
			5.36751853142938	-2.27163164886357
			5.36751853142938	-2.27557545380952
			5.36751853142938	-2.27951925875546
			5.36751853142938	-2.2834630637014
			5.36751853142938	-2.28740686864735
			5.36751853142938	-2.29135067359329
			5.36751853142938	-2.29529447853924
			5.36751853142938	-2.29923828348518
			5.36751853142938	-2.30318208843112
			5.36751853142938	-2.30712589337707
			5.36751853142938	-2.31106969832301
			5.37146233637533	-2.31501350326895
			5.37146233637533	-2.3189573082149
			5.37146233637533	-2.32290111316084
			5.37146233637533	-2.32684491810679
			5.37540614132127	-2.33078872305273
			5.37540614132127	-2.33473252799867
			5.37934994626721	-2.33867633294462
			5.37934994626721	-2.34262013789056
			5.38329375121316	-2.3465639428365
			5.38329375121316	-2.35050774778245
			5.3872375561591	-2.35445155272839
			5.39118136110504	-2.35839535767433
			5.39118136110504	-2.36233916262028
			5.39512516605099	-2.36628296756622
			5.39906897099693	-2.37022677251217
			5.40301277594287	-2.37417057745811
			5.40301277594287	-2.37811438240405
			5.40695658088882	-2.38205818735
			5.41090038583476	-2.38600199229594
			5.41484419078071	-2.38600199229594
			5.41878799572665	-2.38994579724188
			5.41878799572665	-2.39388960218783
			5.42273180067259	-2.39783340713377
			5.42667560561854	-2.40177721207972
			5.43061941056448	-2.40177721207972
			5.43456321551042	-2.40572101702566
			5.43850702045637	-2.4096648219716
			5.44245082540231	-2.41360862691755
			5.44639463034826	-2.41360862691755
			5.4503384352942	-2.41755243186349
			5.45428224024014	-2.41755243186349
			5.45822604518609	-2.42149623680943
			5.46216985013203	-2.42544004175538
			5.46611365507797	-2.42544004175538
			5.47005746002392	-2.42938384670132
			5.47400126496986	-2.42938384670132
			5.4779450699158	-2.43332765164727
			5.48188887486175	-2.43332765164727
			5.48188887486175	-2.43727145659321
			5.48583267980769	-2.43727145659321
			5.48977648475364	-2.44121526153915
			5.49372028969958	-2.44121526153915
			5.49766409464552	-2.4451590664851
			5.50160789959147	-2.4451590664851
			5.50555170453741	-2.44910287143104
			5.50949550948335	-2.44910287143104
			5.5134393144293	-2.44910287143104
			5.51738311937524	-2.45304667637698
			5.52132692432119	-2.45304667637698
			5.52527072926713	-2.45699048132293
			5.52921453421307	-2.45699048132293
			5.53315833915902	-2.45699048132293
			5.53710214410496	-2.46093428626887
			5.5410459490509	-2.46093428626887
			5.54498975399685	-2.46093428626887
			5.54498975399685	-2.46487809121481
			5.54893355894279	-2.46487809121481
			5.55287736388873	-2.46487809121481
			5.55682116883468	-2.46882189616076
			5.56076497378062	-2.46882189616076
			5.56470877872657	-2.46882189616076
			5.56865258367251	-2.46882189616076
			5.56865258367251	-2.4727657011067
			5.57259638861845	-2.4727657011067
			5.5765401935644	-2.4727657011067
			5.58048399851034	-2.47670950605265
			5.58442780345628	-2.47670950605265
			5.58837160840223	-2.47670950605265
			5.59231541334817	-2.47670950605265
			5.59625921829412	-2.48065331099859
			5.60020302324006	-2.48065331099859
			5.604146828186	-2.48065331099859
			5.60809063313195	-2.48459711594453
			5.61203443807789	-2.48459711594453
			5.61597824302383	-2.48459711594453
			5.61992204796978	-2.48459711594453
			5.62386585291572	-2.48854092089048
			5.62780965786167	-2.48854092089048
			5.63175346280761	-2.48854092089048
			5.63569726775355	-2.48854092089048
			5.6396410726995	-2.49248472583642
			5.64358487764544	-2.49248472583642
			5.64752868259138	-2.49248472583642
			5.65147248753733	-2.49248472583642
			5.65541629248327	-2.49642853078236
			5.65936009742922	-2.49642853078236
			5.66330390237516	-2.49642853078236
			5.6672477073211	-2.49642853078236
			5.67119151226705	-2.50037233572831
			5.67513531721299	-2.50037233572831
			5.67907912215893	-2.50037233572831
			5.68302292710488	-2.50037233572831
			5.68696673205082	-2.50037233572831
			5.69091053699676	-2.50431614067425
			5.69485434194271	-2.50431614067425
			5.69879814688865	-2.50431614067425
			5.7027419518346	-2.50431614067425
			5.70668575678054	-2.50431614067425
			5.71062956172648	-2.5082599456202
			5.71457336667243	-2.5082599456202
			5.71851717161837	-2.5082599456202
			5.72246097656431	-2.5082599456202
			5.72640478151026	-2.5082599456202
			5.7303485864562	-2.51220375056614
			5.73429239140215	-2.51220375056614
			5.73823619634809	-2.51220375056614
			5.74218000129403	-2.51220375056614
			5.74612380623998	-2.51220375056614
			5.75006761118592	-2.51220375056614
			5.75401141613186	-2.51614755551208
			5.75795522107781	-2.51614755551208
			5.76189902602375	-2.51614755551208
			5.76584283096969	-2.51614755551208
			5.76978663591564	-2.51614755551208
			5.77373044086158	-2.51614755551208
			5.77767424580753	-2.51614755551208
			5.78161805075347	-2.52009136045803
			5.78556185569941	-2.52009136045803
			5.78950566064536	-2.52009136045803
			5.7934494655913	-2.52009136045803
			5.79739327053724	-2.52009136045803
			5.80133707548319	-2.52009136045803
			5.80528088042913	-2.52009136045803
			5.80922468537508	-2.52403516540397
			5.81316849032102	-2.52403516540397
			5.81711229526696	-2.52403516540397
			5.82105610021291	-2.52403516540397
			5.82499990515885	-2.52403516540397
			5.82894371010479	-2.52403516540397
			5.83288751505074	-2.52403516540397
			5.83683131999668	-2.52403516540397
			5.84077512494263	-2.52797897034991
			5.84471892988857	-2.52797897034991
			5.84866273483451	-2.52797897034991
			5.85260653978046	-2.52797897034991
			5.8565503447264	-2.52797897034991
			5.86049414967234	-2.52797897034991
			5.86443795461829	-2.52797897034991
			5.86838175956423	-2.52797897034991
			5.87232556451018	-2.53192277529586
			5.87626936945612	-2.53192277529586
			5.88021317440206	-2.53192277529586
			5.88415697934801	-2.53192277529586
			5.88810078429395	-2.53192277529586
			5.89204458923989	-2.53192277529586
			5.89598839418584	-2.53192277529586
			5.89993219913178	-2.53192277529586
			5.90387600407773	-2.53192277529586
			5.90781980902367	-2.53192277529586
			5.91176361396961	-2.5358665802418
			5.91570741891556	-2.5358665802418
			5.9196512238615	-2.5358665802418
			5.92359502880744	-2.5358665802418
			5.92753883375339	-2.5358665802418
			5.93148263869933	-2.5358665802418
			5.93542644364527	-2.5358665802418
			5.93937024859122	-2.5358665802418
			5.94331405353716	-2.5358665802418
			5.94725785848311	-2.5358665802418
			5.95120166342905	-2.5358665802418
			5.95514546837499	-2.53981038518775
			5.95908927332094	-2.53981038518775
			5.96303307826688	-2.53981038518775
			5.96697688321282	-2.53981038518775
			5.97092068815877	-2.53981038518775
			5.97486449310471	-2.53981038518775
			5.97880829805066	-2.53981038518775
			5.9827521029966	-2.53981038518775
			5.98669590794254	-2.54375419013369
			5.99063971288849	-2.54375419013369
			5.99458351783443	-2.54375419013369
			5.99852732278037	-2.54375419013369
			6.00247112772632	-2.54769799507963
			6.00641493267226	-2.54769799507963
			6.0103587376182	-2.54769799507963
			6.01430254256415	-2.54769799507963
			6.01824634751009	-2.55164180002558
			6.02219015245604	-2.55164180002558
			6.02613395740198	-2.55164180002558
			6.03007776234792	-2.55164180002558
			6.03402156729387	-2.55558560497152
			6.03796537223981	-2.55558560497152
			6.04190917718575	-2.55558560497152
			6.0458529821317	-2.55558560497152
			6.0458529821317	-2.55952940991746
			6.04979678707764	-2.55952940991746
			6.05374059202359	-2.55952940991746
			6.05768439696953	-2.55952940991746
			6.06162820191547	-2.56347321486341
			6.06557200686142	-2.56347321486341
			6.06951581180736	-2.56347321486341
			6.0734596167533	-2.56347321486341
			6.0734596167533	-2.56741701980935
			6.07740342169925	-2.56741701980935
			6.08134722664519	-2.56741701980935
			6.08529103159113	-2.56741701980935
			6.08923483653708	-2.56741701980935
			6.08923483653708	-2.5713608247553
			6.09317864148302	-2.5713608247553
			6.09712244642897	-2.5713608247553
			6.10106625137491	-2.5713608247553
			6.10106625137491	-2.57530462970124
			6.10501005632085	-2.57530462970124
			6.1089538612668	-2.57530462970124
			6.11289766621274	-2.57530462970124
			6.11289766621274	-2.57924843464718
			6.11684147115868	-2.57924843464718
			6.12078527610463	-2.57924843464718
			6.12472908105057	-2.57924843464718
			6.12867288599652	-2.58319223959313
			6.13261669094246	-2.58319223959313
			6.1365604958884	-2.58319223959313
			6.14050430083435	-2.58713604453907
			6.14444810578029	-2.58713604453907
			6.14839191072623	-2.58713604453907
			6.15233571567218	-2.58713604453907
			6.15627952061812	-2.59107984948501
			6.16022332556407	-2.59107984948501
			6.16416713051001	-2.59502365443096
			6.16811093545595	-2.59502365443096
			6.1720547404019	-2.59502365443096
			6.17599854534784	-2.59502365443096
			6.17599854534784	-2.5989674593769
			6.17994235029378	-2.5989674593769
			6.18388615523973	-2.5989674593769
			6.18782996018567	-2.5989674593769
			6.19177376513162	-2.60291126432284
			6.19571757007756	-2.60291126432284
			6.1996613750235	-2.60685506926879
			6.20360517996945	-2.60685506926879
			6.20754898491539	-2.60685506926879
			6.21149278986133	-2.61079887421473
			6.21543659480728	-2.61079887421473
			6.21938039975322	-2.61079887421473
			6.22332420469917	-2.61474267916068
			6.22726800964511	-2.61474267916068
			6.23121181459105	-2.61474267916068
			6.23121181459105	-2.61868648410662
			6.235155619537	-2.61868648410662
			6.23909942448294	-2.61868648410662
			6.24304322942888	-2.62263028905256
			6.24698703437483	-2.62263028905256
			6.25093083932077	-2.62263028905256
			6.25487464426671	-2.62657409399851
			6.25881844921266	-2.62657409399851
			6.2627622541586	-2.62657409399851
			6.26670605910455	-2.63051789894445
			6.27064986405049	-2.63051789894445
			6.27459366899643	-2.63446170389039
			6.27853747394238	-2.63446170389039
			6.28248127888832	-2.63446170389039
			6.28642508383426	-2.63840550883634
			6.29036888878021	-2.63840550883634
			6.29431269372615	-2.63840550883634
			6.29431269372615	-2.64234931378228
			6.2982564986721	-2.64234931378228
			6.30220030361804	-2.64234931378228
			6.30614410856398	-2.64629311872823
			6.31008791350993	-2.64629311872823
			6.31403171845587	-2.65023692367417
			6.31797552340181	-2.65023692367417
			6.32191932834776	-2.65023692367417
			6.3258631332937	-2.65418072862011
			6.32980693823964	-2.65418072862011
			6.33375074318559	-2.65812453356606
			6.33769454813153	-2.65812453356606
			6.34163835307748	-2.662068338512
			6.34558215802342	-2.662068338512
			6.34952596296936	-2.662068338512
			6.35346976791531	-2.66601214345794
			6.35741357286125	-2.66601214345794
			6.36135737780719	-2.66995594840389
			6.36530118275314	-2.66995594840389
			6.36924498769908	-2.67389975334983
			6.37318879264503	-2.67389975334983
			6.37713259759097	-2.67784355829578
			6.38107640253691	-2.67784355829578
			6.38502020748286	-2.68178736324172
			6.3889640124288	-2.68178736324172
			6.39290781737474	-2.68178736324172
			6.39685162232069	-2.68573116818766
			6.40079542726663	-2.68573116818766
			6.40473923221258	-2.68967497313361
			6.40868303715852	-2.68967497313361
			6.41262684210446	-2.69361877807955
			6.41657064705041	-2.69361877807955
			6.42051445199635	-2.69756258302549
			6.42445825694229	-2.69756258302549
			6.42840206188824	-2.70150638797144
			6.43234586683418	-2.70150638797144
			6.43628967178013	-2.70545019291738
			6.44023347672607	-2.70545019291738
			6.44417728167201	-2.70939399786332
			6.44812108661796	-2.70939399786332
			6.4520648915639	-2.71333780280927
			6.45600869650984	-2.71333780280927
			6.45600869650984	-2.71728160775521
			6.45995250145579	-2.71728160775521
			6.46389630640173	-2.72122541270116
			6.46784011134767	-2.72122541270116
			6.47178391629362	-2.72122541270116
			6.47572772123956	-2.7251692176471
			6.47967152618551	-2.7251692176471
			6.48361533113145	-2.72911302259304
			6.48755913607739	-2.72911302259304
			6.49150294102334	-2.73305682753899
			6.49544674596928	-2.73305682753899
			6.49544674596928	-2.73700063248493
			6.49939055091522	-2.73700063248493
			6.50333435586117	-2.74094443743087
			6.50727816080711	-2.74488824237682
			6.51122196575306	-2.74488824237682
			6.515165770699	-2.74883204732276
			6.51910957564494	-2.74883204732276
			6.52305338059089	-2.75277585226871
			6.52699718553683	-2.75277585226871
			6.52699718553683	-2.75671965721465
			6.53094099048277	-2.75671965721465
			6.53488479542872	-2.76066346216059
			6.53882860037466	-2.76066346216059
			6.5427724053206	-2.76460726710654
			6.54671621026655	-2.76460726710654
			6.55066001521249	-2.76855107205248
			6.55460382015844	-2.77249487699842
			6.55854762510438	-2.77249487699842
			6.56249143005032	-2.77643868194437
			6.56643523499627	-2.78038248689031
			6.57037903994221	-2.78038248689031
			6.57432284488815	-2.78432629183625
			6.5782666498341	-2.7882700967822
			6.58221045478004	-2.7882700967822
			6.58615425972599	-2.79221390172814
			6.59009806467193	-2.79615770667409
			6.59404186961787	-2.79615770667409
			6.59798567456382	-2.80010151162003
			6.60192947950976	-2.80404531656597
			6.6058732844557	-2.80404531656597
			6.60981708940165	-2.80798912151192
			6.61376089434759	-2.81193292645786
			6.61770469929353	-2.81193292645786
			6.62164850423948	-2.8158767314038
			6.62559230918542	-2.81982053634975
			6.62953611413137	-2.81982053634975
			6.63347991907731	-2.82376434129569
			6.63742372402325	-2.82770814624164
			6.6413675289692	-2.82770814624164
			6.6413675289692	-2.83165195118758
			6.64531133391514	-2.83559575613352
			6.64925513886108	-2.83559575613352
			6.65319894380703	-2.83953956107947
			6.65714274875297	-2.84348336602541
			6.66108655369892	-2.84742717097135
			6.66503035864486	-2.84742717097135
			6.6689741635908	-2.8513709759173
			6.67291796853675	-2.85531478086324
			6.67686177348269	-2.85531478086324
			6.67686177348269	-2.85925858580919
			6.68080557842863	-2.86320239075513
			6.68474938337458	-2.86320239075513
			6.68869318832052	-2.86714619570107
			6.69263699326647	-2.87109000064702
			6.69658079821241	-2.87503380559296
			6.70052460315835	-2.87503380559296
			6.70052460315835	-2.8789776105389
			6.7044684081043	-2.88292141548485
			6.70841221305024	-2.88686522043079
			6.71235601799618	-2.88686522043079
			6.71629982294213	-2.89080902537673
			6.72024362788807	-2.89475283032268
			6.72418743283402	-2.89869663526862
			6.72813123777996	-2.90264044021457
			6.7320750427259	-2.90658424516051
			6.73601884767185	-2.91052805010645
			6.73996265261779	-2.9144718550524
			6.74390645756373	-2.91841565999834
			6.74785026250968	-2.92235946494428
			6.75179406745562	-2.92630326989023
			6.75573787240157	-2.92630326989023
			6.75968167734751	-2.93024707483617
			6.76362548229345	-2.93419087978212
			6.7675692872394	-2.93813468472806
			6.7675692872394	-2.942078489674
			6.77151309218534	-2.94602229461995
			6.77545689713128	-2.94996609956589
			6.77940070207723	-2.95390990451183
			6.78334450702317	-2.95785370945778
			6.78728831196911	-2.96179751440372
			6.79123211691506	-2.96574131934967
			6.795175921861	-2.96968512429561
			6.795175921861	-2.97362892924155
			6.79911972680695	-2.9775727341875
			6.80306353175289	-2.98151653913344
			6.80700733669883	-2.98546034407938
			6.81095114164478	-2.98940414902533
			6.81489494659072	-2.99334795397127
			6.81489494659072	-2.99729175891721
			6.81883875153666	-2.99729175891721
			6.82278255648261	-3.00123556386316
			6.82672636142855	-3.0051793688091
			6.8306701663745	-3.00912317375505
			6.8306701663745	-3.01306697870099
			6.83461397132044	-3.01701078364693
			6.83855777626638	-3.02095458859288
			6.84250158121233	-3.02489839353882
			6.84644538615827	-3.02884219848476
			6.84644538615827	-3.03278600343071
			6.85038919110421	-3.03672980837665
			6.85433299605016	-3.0406736133226
			6.8582768009961	-3.04461741826854
			6.8582768009961	-3.04856122321448
			6.86222060594204	-3.05250502816043
			6.86222060594204	-3.05644883310637
			6.86616441088799	-3.06039263805231
			6.87010821583393	-3.06433644299826
			6.87405202077988	-3.0682802479442
			6.87405202077988	-3.07222405289015
			6.87799582572582	-3.07616785783609
			6.87799582572582	-3.08011166278203
			6.88193963067176	-3.08405546772798
			6.88588343561771	-3.08799927267392
			6.88588343561771	-3.09194307761986
			6.88982724056365	-3.09588688256581
			6.89377104550959	-3.09983068751175
			6.89377104550959	-3.1037744924577
			6.89771485045554	-3.10771829740364
			6.89771485045554	-3.11166210234958
			6.90165865540148	-3.11560590729553
			6.90165865540148	-3.11954971224147
			6.90560246034743	-3.11954971224147
			6.90560246034743	-3.12349351718741
			6.90954626529337	-3.12743732213336
			6.90954626529337	-3.1313811270793
			6.91349007023931	-3.13532493202524
			6.91349007023931	-3.13926873697119
			6.91743387518526	-3.14321254191713
			6.91743387518526	-3.14715634686308
			6.9213776801312	-3.15110015180902
			6.9213776801312	-3.15504395675496
			6.92532148507714	-3.15898776170091
			6.92532148507714	-3.16293156664685
			6.92926529002309	-3.16687537159279
			6.92926529002309	-3.17081917653874
			6.93320909496903	-3.17476298148468
			6.93320909496903	-3.17870678643063
			6.93715289991498	-3.18265059137657
			6.93715289991498	-3.18659439632251
			6.94109670486092	-3.19053820126846
			6.94109670486092	-3.1944820062144
			6.94504050980686	-3.19842581116034
			6.94504050980686	-3.20236961610629
			6.94898431475281	-3.20631342105223
			6.94898431475281	-3.21025722599818
			6.95292811969875	-3.21420103094412
			6.95292811969875	-3.21814483589006
			6.95292811969875	-3.22208864083601
			6.95687192464469	-3.22208864083601
			6.95687192464469	-3.22603244578195
			6.95687192464469	-3.22997625072789
			6.96081572959064	-3.23392005567384
			6.96081572959064	-3.23786386061978
			6.96081572959064	-3.24180766556572
			6.96475953453658	-3.24575147051167
			6.96475953453658	-3.24969527545761
			6.96475953453658	-3.25363908040356
			6.96870333948253	-3.25363908040356
			6.96870333948253	-3.2575828853495
			6.96870333948253	-3.26152669029544
			6.97264714442847	-3.26547049524139
			6.97264714442847	-3.26941430018733
			6.97264714442847	-3.27335810513327
			6.97659094937441	-3.27730191007922
			6.97659094937441	-3.28124571502516
			6.97659094937441	-3.28518951997111
			6.98053475432036	-3.28518951997111
			6.98053475432036	-3.28913332491705
			6.98053475432036	-3.29307712986299
			6.98053475432036	-3.29702093480894
			6.9844785592663	-3.30096473975488
			6.9844785592663	-3.30490854470082
		</sutura>
	</curves.scaled>
	<ruler.points type=matrix rownames=TRUE colnames=FALSE nrow=2 ncol=2 as.numeric=TRUE >
		Ruler point 1	141	124
		Ruler point 2	1992	128
	</ruler.points>
</shapes>

