<shapes type=list>
	<ruler.pixel type=vector names=FALSE length=1 as.numeric=TRUE >543.074580513579</ruler.pixel>
	<ruler.interval type=vector names=FALSE length=1 as.numeric=TRUE >12.5</ruler.interval>
	<scaling.units type=vector names=FALSE length=1 as.numeric=FALSE >mm</scaling.units>
	<scaling type=vector names=FALSE length=1 as.numeric=TRUE >0.0230170964514283</scaling>
	<landmarks.pixel type=matrix rownames=TRUE colnames=FALSE nrow=12 ncol=2 as.numeric=TRUE >
		LM1	264	35
		LM2	269	88
		LM3	284	233
		LM4	287	263
		LM5	374	199
		LM6	378	218
		LM7	385	232
		LM8	423	105
		LM9	440	128
		LM10	264	35
		LM11	525	213
		LM12	528	233
	</landmarks.pixel>
	<landmarks.scaled type=matrix rownames=TRUE colnames=FALSE nrow=12 ncol=2 as.numeric=TRUE >
		LM1	6.07651346317706	-0.805598375799989
		LM2	6.1915989454342	-2.02550448772569
		LM3	6.53685539220563	-5.36298347318279
		LM4	6.60590668155991	-6.05349636672563
		LM5	8.60839407283417	-4.58040219383423
		LM6	8.70046245863989	-5.01772702641136
		LM7	8.86158213379988	-5.33996637673136
		LM8	9.73623179895416	-2.41679512739997
		LM9	10.1275224386284	-2.94618834578282
		LM10	6.07651346317706	-0.805598375799989
		LM11	12.0839756369998	-4.90264154415422
		LM12	12.1530269263541	-5.36298347318279
	</landmarks.scaled>
	<curves.control type=list>
		<glabella type=matrix rownames=FALSE colnames=FALSE nrow=7 ncol=2 as.numeric=TRUE >
			269	88
			311	89
			332	112
			365	145
			378	218
			385	223
			385	232
		</glabella>
		<suture type=matrix rownames=FALSE colnames=FALSE nrow=13 ncol=2 as.numeric=TRUE >
			264	35
			299	34
			336	27
			376	27
			402	67
			409	87
			423	105
			453	113
			440	128
			431	144
			464	133
			515	137
			528	233
		</suture>
	</curves.control>
	<curves.pixel type=list>
		<glabella type=matrix rownames=FALSE colnames=FALSE nrow=192 ncol=2 as.numeric=TRUE >
			269	88
			270	88
			271	88
			272	88
			273	88
			274	88
			275	88
			276	88
			277	88
			278	88
			279	89
			280	89
			281	89
			282	89
			283	89
			284	89
			285	89
			286	89
			287	90
			288	90
			289	90
			290	90
			291	90
			292	90
			293	91
			294	91
			295	91
			296	91
			297	92
			298	92
			299	92
			300	93
			301	93
			302	93
			303	93
			303	94
			304	94
			305	94
			306	95
			307	95
			308	95
			309	96
			310	96
			311	97
			312	97
			313	98
			314	98
			315	99
			316	99
			317	100
			318	100
			318	101
			319	101
			320	102
			321	102
			322	103
			323	104
			324	105
			325	105
			326	106
			327	107
			328	108
			329	109
			330	110
			331	111
			332	112
			333	113
			334	114
			335	115
			336	116
			337	117
			338	118
			339	119
			339	120
			340	121
			341	122
			342	123
			343	124
			343	125
			344	126
			345	127
			345	128
			346	129
			346	130
			347	130
			347	131
			348	132
			349	133
			349	134
			350	135
			350	136
			351	137
			352	138
			352	139
			353	140
			353	141
			354	142
			354	143
			355	144
			355	145
			356	145
			356	146
			356	147
			357	148
			357	149
			358	150
			358	151
			358	152
			359	152
			359	153
			360	154
			360	155
			360	156
			361	157
			361	158
			362	159
			362	160
			362	161
			363	162
			363	163
			363	164
			364	164
			364	165
			365	166
			365	167
			365	168
			366	169
			366	170
			366	171
			367	172
			367	173
			367	174
			368	175
			368	176
			368	177
			368	178
			369	179
			369	180
			369	181
			370	182
			370	183
			370	184
			371	185
			371	186
			371	187
			371	188
			372	189
			372	190
			372	191
			372	192
			373	193
			373	194
			373	195
			373	196
			374	197
			374	198
			374	199
			374	200
			375	201
			375	202
			375	203
			375	204
			375	205
			376	206
			376	207
			376	208
			376	209
			376	210
			377	211
			377	212
			377	213
			377	214
			377	215
			378	216
			378	217
			378	218
			379	219
			380	219
			380	220
			381	221
			382	221
			382	222
			383	223
			383	224
			384	225
			384	226
			384	227
			385	228
			385	229
			385	230
			385	231
			385	232
		</glabella>
		<suture type=matrix rownames=FALSE colnames=FALSE nrow=384 ncol=2 as.numeric=TRUE >
			264	35
			265	35
			266	35
			267	35
			268	35
			269	35
			270	35
			271	35
			272	35
			273	35
			274	35
			275	35
			276	34
			277	34
			278	34
			279	34
			280	34
			281	34
			282	34
			283	34
			284	34
			285	34
			286	34
			287	34
			288	34
			289	34
			290	33
			291	33
			292	33
			293	33
			294	33
			295	33
			296	33
			297	33
			298	33
			299	33
			300	32
			301	32
			302	32
			303	32
			304	32
			305	32
			306	32
			307	32
			308	31
			309	31
			310	31
			311	31
			312	31
			313	31
			314	31
			315	31
			316	30
			317	30
			318	30
			319	30
			320	30
			321	30
			322	29
			323	29
			324	29
			325	29
			326	29
			327	29
			328	28
			329	28
			330	28
			331	28
			332	28
			333	28
			334	27
			335	27
			336	27
			337	27
			338	27
			339	27
			340	27
			341	27
			342	27
			343	27
			344	27
			345	28
			346	28
			347	28
			348	28
			349	28
			350	28
			351	29
			352	29
			353	29
			354	29
			355	29
			356	30
			357	30
			358	30
			359	31
			360	31
			361	31
			361	32
			362	32
			363	32
			364	33
			365	33
			366	33
			366	34
			367	34
			368	34
			369	35
			370	35
			370	36
			371	36
			372	37
			373	37
			373	38
			374	38
			375	39
			376	39
			376	40
			377	40
			378	41
			379	41
			379	42
			380	42
			381	43
			382	44
			383	45
			384	46
			385	46
			386	47
			386	48
			387	49
			388	50
			389	50
			390	51
			391	52
			391	53
			392	54
			393	55
			394	56
			395	57
			395	58
			396	59
			397	60
			398	61
			398	62
			399	63
			400	64
			401	65
			401	66
			402	67
			402	68
			403	69
			403	70
			403	71
			404	72
			404	73
			405	74
			405	75
			406	76
			406	77
			407	78
			407	79
			407	80
			408	81
			408	82
			409	83
			409	84
			410	85
			410	86
			411	87
			411	88
			412	89
			413	90
			413	91
			414	91
			414	92
			415	93
			415	94
			416	95
			417	96
			417	97
			418	98
			418	99
			419	100
			420	100
			420	101
			421	102
			422	103
			422	104
			423	105
			424	105
			425	106
			426	106
			427	106
			428	107
			429	107
			430	107
			431	107
			432	108
			433	108
			434	109
			435	109
			436	110
			437	110
			438	111
			439	112
			440	112
			440	113
			441	113
			441	114
			442	114
			442	115
			443	115
			443	116
			443	117
			444	117
			444	118
			444	119
			444	120
			444	121
			444	122
			443	123
			443	124
			442	125
			441	126
			441	127
			440	128
			439	129
			439	130
			439	131
			438	132
			438	133
			438	134
			438	135
			439	135
			439	136
			440	137
			441	137
			442	137
			443	137
			444	137
			445	137
			446	137
			447	137
			448	137
			449	137
			450	137
			451	137
			452	136
			453	136
			454	136
			455	136
			456	135
			457	135
			458	135
			459	135
			460	134
			461	134
			462	134
			463	133
			464	133
			465	133
			466	133
			467	133
			468	133
			469	134
			470	134
			471	134
			472	134
			473	134
			473	135
			474	135
			475	135
			476	135
			477	136
			478	136
			479	136
			480	137
			481	137
			481	138
			482	138
			483	138
			484	139
			485	139
			486	140
			487	140
			487	141
			488	141
			489	142
			490	143
			491	144
			492	145
			493	145
			494	146
			495	147
			496	148
			497	149
			497	150
			498	150
			499	151
			500	152
			501	153
			502	154
			502	155
			503	156
			504	157
			504	158
			505	159
			506	160
			506	161
			507	162
			507	163
			508	164
			509	165
			509	166
			510	167
			510	168
			510	169
			511	169
			511	170
			511	171
			512	171
			512	172
			512	173
			513	174
			513	175
			514	176
			514	177
			515	178
			515	179
			515	180
			516	181
			516	182
			516	183
			517	184
			517	185
			517	186
			518	187
			518	188
			518	189
			519	190
			519	191
			519	192
			520	193
			520	194
			520	195
			521	196
			521	197
			521	198
			522	199
			522	200
			522	201
			522	202
			523	203
			523	204
			523	205
			523	206
			523	207
			524	208
			524	209
			524	210
			524	211
			524	212
			525	213
			525	214
			525	215
			525	216
			525	217
			526	218
			526	219
			526	220
			526	221
			526	222
			527	223
			527	224
			527	225
			527	226
			527	227
			527	228
			527	229
			528	230
			528	231
			528	232
			528	233
		</suture>
	</curves.pixel>
	<curves.scaled type=list>
		<glabella type=matrix rownames=FALSE colnames=FALSE nrow=192 ncol=2 as.numeric=TRUE >
			6.1915989454342	-2.02550448772569
			6.21461604188563	-2.02550448772569
			6.23763313833706	-2.02550448772569
			6.26065023478849	-2.02550448772569
			6.28366733123992	-2.02550448772569
			6.30668442769135	-2.02550448772569
			6.32970152414277	-2.02550448772569
			6.3527186205942	-2.02550448772569
			6.37573571704563	-2.02550448772569
			6.39875281349706	-2.02550448772569
			6.42176990994849	-2.04852158417712
			6.44478700639992	-2.04852158417712
			6.46780410285134	-2.04852158417712
			6.49082119930277	-2.04852158417712
			6.5138382957542	-2.04852158417712
			6.53685539220563	-2.04852158417712
			6.55987248865706	-2.04852158417712
			6.58288958510848	-2.04852158417712
			6.60590668155991	-2.07153868062854
			6.62892377801134	-2.07153868062854
			6.65194087446277	-2.07153868062854
			6.6749579709142	-2.07153868062854
			6.69797506736563	-2.07153868062854
			6.72099216381705	-2.07153868062854
			6.74400926026848	-2.09455577707997
			6.76702635671991	-2.09455577707997
			6.79004345317134	-2.09455577707997
			6.81306054962277	-2.09455577707997
			6.8360776460742	-2.1175728735314
			6.85909474252562	-2.1175728735314
			6.88211183897705	-2.1175728735314
			6.90512893542848	-2.14058996998283
			6.92814603187991	-2.14058996998283
			6.95116312833134	-2.14058996998283
			6.97418022478277	-2.14058996998283
			6.97418022478277	-2.16360706643426
			6.99719732123419	-2.16360706643426
			7.02021441768562	-2.16360706643426
			7.04323151413705	-2.18662416288569
			7.06624861058848	-2.18662416288569
			7.08926570703991	-2.18662416288569
			7.11228280349133	-2.20964125933711
			7.13529989994276	-2.20964125933711
			7.15831699639419	-2.23265835578854
			7.18133409284562	-2.23265835578854
			7.20435118929705	-2.25567545223997
			7.22736828574848	-2.25567545223997
			7.2503853821999	-2.2786925486914
			7.27340247865133	-2.2786925486914
			7.29641957510276	-2.30170964514283
			7.31943667155419	-2.30170964514283
			7.31943667155419	-2.32472674159425
			7.34245376800562	-2.32472674159425
			7.36547086445705	-2.34774383804568
			7.38848796090847	-2.34774383804568
			7.4115050573599	-2.37076093449711
			7.43452215381133	-2.39377803094854
			7.45753925026276	-2.41679512739997
			7.48055634671419	-2.41679512739997
			7.50357344316561	-2.4398122238514
			7.52659053961704	-2.46282932030282
			7.54960763606847	-2.48584641675425
			7.5726247325199	-2.50886351320568
			7.59564182897133	-2.53188060965711
			7.61865892542276	-2.55489770610854
			7.64167602187418	-2.57791480255997
			7.66469311832561	-2.60093189901139
			7.68771021477704	-2.62394899546282
			7.71072731122847	-2.64696609191425
			7.7337444076799	-2.66998318836568
			7.75676150413133	-2.69300028481711
			7.77977860058275	-2.71601738126854
			7.80279569703418	-2.73903447771996
			7.80279569703418	-2.76205157417139
			7.82581279348561	-2.78506867062282
			7.84882988993704	-2.80808576707425
			7.87184698638847	-2.83110286352568
			7.8948640828399	-2.85411995997711
			7.8948640828399	-2.87713705642853
			7.91788117929132	-2.90015415287996
			7.94089827574275	-2.92317124933139
			7.94089827574275	-2.94618834578282
			7.96391537219418	-2.96920544223425
			7.96391537219418	-2.99222253868567
			7.98693246864561	-2.99222253868567
			7.98693246864561	-3.0152396351371
			8.00994956509704	-3.03825673158853
			8.03296666154847	-3.06127382803996
			8.03296666154847	-3.08429092449139
			8.05598375799989	-3.10730802094282
			8.05598375799989	-3.13032511739424
			8.07900085445132	-3.15334221384567
			8.10201795090275	-3.1763593102971
			8.10201795090275	-3.19937640674853
			8.12503504735418	-3.22239350319996
			8.12503504735418	-3.24541059965139
			8.14805214380561	-3.26842769610281
			8.14805214380561	-3.29144479255424
			8.17106924025703	-3.31446188900567
			8.17106924025703	-3.3374789854571
			8.19408633670846	-3.3374789854571
			8.19408633670846	-3.36049608190853
			8.19408633670846	-3.38351317835996
			8.21710343315989	-3.40653027481138
			8.21710343315989	-3.42954737126281
			8.24012052961132	-3.45256446771424
			8.24012052961132	-3.47558156416567
			8.24012052961132	-3.4985986606171
			8.26313762606275	-3.4985986606171
			8.26313762606275	-3.52161575706852
			8.28615472251418	-3.54463285351995
			8.28615472251418	-3.56764994997138
			8.28615472251418	-3.59066704642281
			8.3091718189656	-3.61368414287424
			8.3091718189656	-3.63670123932567
			8.33218891541703	-3.65971833577709
			8.33218891541703	-3.68273543222852
			8.33218891541703	-3.70575252867995
			8.35520601186846	-3.72876962513138
			8.35520601186846	-3.75178672158281
			8.35520601186846	-3.77480381803424
			8.37822310831989	-3.77480381803424
			8.37822310831989	-3.79782091448566
			8.40124020477132	-3.82083801093709
			8.40124020477132	-3.84385510738852
			8.40124020477132	-3.86687220383995
			8.42425730122275	-3.88988930029138
			8.42425730122275	-3.91290639674281
			8.42425730122275	-3.93592349319423
			8.44727439767417	-3.95894058964566
			8.44727439767417	-3.98195768609709
			8.44727439767417	-4.00497478254852
			8.4702914941256	-4.02799187899995
			8.4702914941256	-4.05100897545138
			8.4702914941256	-4.0740260719028
			8.4702914941256	-4.09704316835423
			8.49330859057703	-4.12006026480566
			8.49330859057703	-4.14307736125709
			8.49330859057703	-4.16609445770852
			8.51632568702846	-4.18911155415994
			8.51632568702846	-4.21212865061137
			8.51632568702846	-4.2351457470628
			8.53934278347989	-4.25816284351423
			8.53934278347989	-4.28117993996566
			8.53934278347989	-4.30419703641709
			8.53934278347989	-4.32721413286851
			8.56235987993132	-4.35023122931994
			8.56235987993132	-4.37324832577137
			8.56235987993132	-4.3962654222228
			8.56235987993132	-4.41928251867423
			8.58537697638274	-4.44229961512566
			8.58537697638274	-4.46531671157708
			8.58537697638274	-4.48833380802851
			8.58537697638274	-4.51135090447994
			8.60839407283417	-4.53436800093137
			8.60839407283417	-4.5573850973828
			8.60839407283417	-4.58040219383423
			8.60839407283417	-4.60341929028565
			8.6314111692856	-4.62643638673708
			8.6314111692856	-4.64945348318851
			8.6314111692856	-4.67247057963994
			8.6314111692856	-4.69548767609137
			8.6314111692856	-4.71850477254279
			8.65442826573703	-4.74152186899422
			8.65442826573703	-4.76453896544565
			8.65442826573703	-4.78755606189708
			8.65442826573703	-4.81057315834851
			8.65442826573703	-4.83359025479994
			8.67744536218846	-4.85660735125136
			8.67744536218846	-4.87962444770279
			8.67744536218846	-4.90264154415422
			8.67744536218846	-4.92565864060565
			8.67744536218846	-4.94867573705708
			8.70046245863989	-4.97169283350851
			8.70046245863989	-4.99470992995993
			8.70046245863989	-5.01772702641136
			8.72347955509131	-5.04074412286279
			8.74649665154274	-5.04074412286279
			8.74649665154274	-5.06376121931422
			8.76951374799417	-5.08677831576565
			8.7925308444456	-5.08677831576565
			8.7925308444456	-5.10979541221708
			8.81554794089703	-5.1328125086685
			8.81554794089703	-5.15582960511993
			8.83856503734845	-5.17884670157136
			8.83856503734845	-5.20186379802279
			8.83856503734845	-5.22488089447422
			8.86158213379988	-5.24789799092564
			8.86158213379988	-5.27091508737707
			8.86158213379988	-5.2939321838285
			8.86158213379988	-5.31694928027993
			8.86158213379988	-5.33996637673136
		</glabella>
		<suture type=matrix rownames=FALSE colnames=FALSE nrow=384 ncol=2 as.numeric=TRUE >
			6.07651346317706	-0.805598375799989
			6.09953055962849	-0.805598375799989
			6.12254765607992	-0.805598375799989
			6.14556475253135	-0.805598375799989
			6.16858184898278	-0.805598375799989
			6.1915989454342	-0.805598375799989
			6.21461604188563	-0.805598375799989
			6.23763313833706	-0.805598375799989
			6.26065023478849	-0.805598375799989
			6.28366733123992	-0.805598375799989
			6.30668442769135	-0.805598375799989
			6.32970152414277	-0.805598375799989
			6.3527186205942	-0.782581279348561
			6.37573571704563	-0.782581279348561
			6.39875281349706	-0.782581279348561
			6.42176990994849	-0.782581279348561
			6.44478700639992	-0.782581279348561
			6.46780410285134	-0.782581279348561
			6.49082119930277	-0.782581279348561
			6.5138382957542	-0.782581279348561
			6.53685539220563	-0.782581279348561
			6.55987248865706	-0.782581279348561
			6.58288958510848	-0.782581279348561
			6.60590668155991	-0.782581279348561
			6.62892377801134	-0.782581279348561
			6.65194087446277	-0.782581279348561
			6.6749579709142	-0.759564182897133
			6.69797506736563	-0.759564182897133
			6.72099216381705	-0.759564182897133
			6.74400926026848	-0.759564182897133
			6.76702635671991	-0.759564182897133
			6.79004345317134	-0.759564182897133
			6.81306054962277	-0.759564182897133
			6.8360776460742	-0.759564182897133
			6.85909474252562	-0.759564182897133
			6.88211183897705	-0.759564182897133
			6.90512893542848	-0.736547086445705
			6.92814603187991	-0.736547086445705
			6.95116312833134	-0.736547086445705
			6.97418022478277	-0.736547086445705
			6.99719732123419	-0.736547086445705
			7.02021441768562	-0.736547086445705
			7.04323151413705	-0.736547086445705
			7.06624861058848	-0.736547086445705
			7.08926570703991	-0.713529989994276
			7.11228280349133	-0.713529989994276
			7.13529989994276	-0.713529989994276
			7.15831699639419	-0.713529989994276
			7.18133409284562	-0.713529989994276
			7.20435118929705	-0.713529989994276
			7.22736828574848	-0.713529989994276
			7.2503853821999	-0.713529989994276
			7.27340247865133	-0.690512893542848
			7.29641957510276	-0.690512893542848
			7.31943667155419	-0.690512893542848
			7.34245376800562	-0.690512893542848
			7.36547086445705	-0.690512893542848
			7.38848796090847	-0.690512893542848
			7.4115050573599	-0.66749579709142
			7.43452215381133	-0.66749579709142
			7.45753925026276	-0.66749579709142
			7.48055634671419	-0.66749579709142
			7.50357344316561	-0.66749579709142
			7.52659053961704	-0.66749579709142
			7.54960763606847	-0.644478700639991
			7.5726247325199	-0.644478700639991
			7.59564182897133	-0.644478700639991
			7.61865892542276	-0.644478700639991
			7.64167602187418	-0.644478700639991
			7.66469311832561	-0.644478700639991
			7.68771021477704	-0.621461604188563
			7.71072731122847	-0.621461604188563
			7.7337444076799	-0.621461604188563
			7.75676150413133	-0.621461604188563
			7.77977860058275	-0.621461604188563
			7.80279569703418	-0.621461604188563
			7.82581279348561	-0.621461604188563
			7.84882988993704	-0.621461604188563
			7.87184698638847	-0.621461604188563
			7.8948640828399	-0.621461604188563
			7.91788117929132	-0.621461604188563
			7.94089827574275	-0.644478700639991
			7.96391537219418	-0.644478700639991
			7.98693246864561	-0.644478700639991
			8.00994956509704	-0.644478700639991
			8.03296666154847	-0.644478700639991
			8.05598375799989	-0.644478700639991
			8.07900085445132	-0.66749579709142
			8.10201795090275	-0.66749579709142
			8.12503504735418	-0.66749579709142
			8.14805214380561	-0.66749579709142
			8.17106924025703	-0.66749579709142
			8.19408633670846	-0.690512893542848
			8.21710343315989	-0.690512893542848
			8.24012052961132	-0.690512893542848
			8.26313762606275	-0.713529989994276
			8.28615472251418	-0.713529989994276
			8.3091718189656	-0.713529989994276
			8.3091718189656	-0.736547086445705
			8.33218891541703	-0.736547086445705
			8.35520601186846	-0.736547086445705
			8.37822310831989	-0.759564182897133
			8.40124020477132	-0.759564182897133
			8.42425730122275	-0.759564182897133
			8.42425730122275	-0.782581279348561
			8.44727439767417	-0.782581279348561
			8.4702914941256	-0.782581279348561
			8.49330859057703	-0.805598375799989
			8.51632568702846	-0.805598375799989
			8.51632568702846	-0.828615472251418
			8.53934278347989	-0.828615472251418
			8.56235987993132	-0.851632568702846
			8.58537697638274	-0.851632568702846
			8.58537697638274	-0.874649665154274
			8.60839407283417	-0.874649665154274
			8.6314111692856	-0.897666761605702
			8.65442826573703	-0.897666761605702
			8.65442826573703	-0.920683858057131
			8.67744536218846	-0.920683858057131
			8.70046245863989	-0.943700954508559
			8.72347955509131	-0.943700954508559
			8.72347955509131	-0.966718050959987
			8.74649665154274	-0.966718050959987
			8.76951374799417	-0.989735147411415
			8.7925308444456	-1.01275224386284
			8.81554794089703	-1.03576934031427
			8.83856503734845	-1.0587864367657
			8.86158213379988	-1.0587864367657
			8.88459923025131	-1.08180353321713
			8.88459923025131	-1.10482062966856
			8.90761632670274	-1.12783772611999
			8.93063342315417	-1.15085482257141
			8.9536505196056	-1.15085482257141
			8.97666761605702	-1.17387191902284
			8.99968471250845	-1.19688901547427
			8.99968471250845	-1.2199061119257
			9.02270180895988	-1.24292320837713
			9.04571890541131	-1.26594030482855
			9.06873600186274	-1.28895740127998
			9.09175309831417	-1.31197449773141
			9.09175309831417	-1.33499159418284
			9.11477019476559	-1.35800869063427
			9.13778729121702	-1.3810257870857
			9.16080438766845	-1.40404288353712
			9.16080438766845	-1.42705997998855
			9.18382148411988	-1.45007707643998
			9.20683858057131	-1.47309417289141
			9.22985567702274	-1.49611126934284
			9.22985567702274	-1.51912836579427
			9.25287277347416	-1.54214546224569
			9.25287277347416	-1.56516255869712
			9.27588986992559	-1.58817965514855
			9.27588986992559	-1.61119675159998
			9.27588986992559	-1.63421384805141
			9.29890696637702	-1.65723094450284
			9.29890696637702	-1.68024804095426
			9.32192406282845	-1.70326513740569
			9.32192406282845	-1.72628223385712
			9.34494115927988	-1.74929933030855
			9.34494115927988	-1.77231642675998
			9.3679582557313	-1.7953335232114
			9.3679582557313	-1.81835061966283
			9.3679582557313	-1.84136771611426
			9.39097535218273	-1.86438481256569
			9.39097535218273	-1.88740190901712
			9.41399244863416	-1.91041900546855
			9.41399244863416	-1.93343610191997
			9.43700954508559	-1.9564531983714
			9.43700954508559	-1.97947029482283
			9.46002664153702	-2.00248739127426
			9.46002664153702	-2.02550448772569
			9.48304373798845	-2.04852158417712
			9.50606083443988	-2.07153868062854
			9.50606083443988	-2.09455577707997
			9.5290779308913	-2.09455577707997
			9.5290779308913	-2.1175728735314
			9.55209502734273	-2.14058996998283
			9.55209502734273	-2.16360706643426
			9.57511212379416	-2.18662416288569
			9.59812922024559	-2.20964125933711
			9.59812922024559	-2.23265835578854
			9.62114631669701	-2.25567545223997
			9.62114631669701	-2.2786925486914
			9.64416341314844	-2.30170964514283
			9.66718050959987	-2.30170964514283
			9.66718050959987	-2.32472674159425
			9.6901976060513	-2.34774383804568
			9.71321470250273	-2.37076093449711
			9.71321470250273	-2.39377803094854
			9.73623179895416	-2.41679512739997
			9.75924889540559	-2.41679512739997
			9.78226599185701	-2.4398122238514
			9.80528308830844	-2.4398122238514
			9.82830018475987	-2.4398122238514
			9.8513172812113	-2.46282932030282
			9.87433437766273	-2.46282932030282
			9.89735147411415	-2.46282932030282
			9.92036857056558	-2.46282932030282
			9.94338566701701	-2.48584641675425
			9.96640276346844	-2.48584641675425
			9.98941985991987	-2.50886351320568
			10.0124369563713	-2.50886351320568
			10.0354540528227	-2.53188060965711
			10.0584711492742	-2.53188060965711
			10.0814882457256	-2.55489770610854
			10.104505342177	-2.57791480255997
			10.1275224386284	-2.57791480255997
			10.1275224386284	-2.60093189901139
			10.1505395350799	-2.60093189901139
			10.1505395350799	-2.62394899546282
			10.1735566315313	-2.62394899546282
			10.1735566315313	-2.64696609191425
			10.1965737279827	-2.64696609191425
			10.1965737279827	-2.66998318836568
			10.1965737279827	-2.69300028481711
			10.2195908244342	-2.69300028481711
			10.2195908244342	-2.71601738126854
			10.2195908244342	-2.73903447771996
			10.2195908244342	-2.76205157417139
			10.2195908244342	-2.78506867062282
			10.2195908244342	-2.80808576707425
			10.1965737279827	-2.83110286352568
			10.1965737279827	-2.85411995997711
			10.1735566315313	-2.87713705642853
			10.1505395350799	-2.90015415287996
			10.1505395350799	-2.92317124933139
			10.1275224386284	-2.94618834578282
			10.104505342177	-2.96920544223425
			10.104505342177	-2.99222253868567
			10.104505342177	-3.0152396351371
			10.0814882457256	-3.03825673158853
			10.0814882457256	-3.06127382803996
			10.0814882457256	-3.08429092449139
			10.0814882457256	-3.10730802094282
			10.104505342177	-3.10730802094282
			10.104505342177	-3.13032511739424
			10.1275224386284	-3.15334221384567
			10.1505395350799	-3.15334221384567
			10.1735566315313	-3.15334221384567
			10.1965737279827	-3.15334221384567
			10.2195908244342	-3.15334221384567
			10.2426079208856	-3.15334221384567
			10.265625017337	-3.15334221384567
			10.2886421137884	-3.15334221384567
			10.3116592102399	-3.15334221384567
			10.3346763066913	-3.15334221384567
			10.3576934031427	-3.15334221384567
			10.3807104995941	-3.15334221384567
			10.4037275960456	-3.13032511739424
			10.426744692497	-3.13032511739424
			10.4497617889484	-3.13032511739424
			10.4727788853999	-3.13032511739424
			10.4957959818513	-3.10730802094282
			10.5188130783027	-3.10730802094282
			10.5418301747541	-3.10730802094282
			10.5648472712056	-3.10730802094282
			10.587864367657	-3.08429092449139
			10.6108814641084	-3.08429092449139
			10.6338985605599	-3.08429092449139
			10.6569156570113	-3.06127382803996
			10.6799327534627	-3.06127382803996
			10.7029498499141	-3.06127382803996
			10.7259669463656	-3.06127382803996
			10.748984042817	-3.06127382803996
			10.7720011392684	-3.06127382803996
			10.7950182357199	-3.08429092449139
			10.8180353321713	-3.08429092449139
			10.8410524286227	-3.08429092449139
			10.8640695250741	-3.08429092449139
			10.8870866215256	-3.08429092449139
			10.8870866215256	-3.10730802094282
			10.910103717977	-3.10730802094282
			10.9331208144284	-3.10730802094282
			10.9561379108799	-3.10730802094282
			10.9791550073313	-3.13032511739424
			11.0021721037827	-3.13032511739424
			11.0251892002341	-3.13032511739424
			11.0482062966856	-3.15334221384567
			11.071223393137	-3.15334221384567
			11.071223393137	-3.1763593102971
			11.0942404895884	-3.1763593102971
			11.1172575860399	-3.1763593102971
			11.1402746824913	-3.19937640674853
			11.1632917789427	-3.19937640674853
			11.1863088753941	-3.22239350319996
			11.2093259718456	-3.22239350319996
			11.2093259718456	-3.24541059965139
			11.232343068297	-3.24541059965139
			11.2553601647484	-3.26842769610281
			11.2783772611999	-3.29144479255424
			11.3013943576513	-3.31446188900567
			11.3244114541027	-3.3374789854571
			11.3474285505541	-3.3374789854571
			11.3704456470056	-3.36049608190853
			11.393462743457	-3.38351317835996
			11.4164798399084	-3.40653027481138
			11.4394969363598	-3.42954737126281
			11.4394969363598	-3.45256446771424
			11.4625140328113	-3.45256446771424
			11.4855311292627	-3.47558156416567
			11.5085482257141	-3.4985986606171
			11.5315653221656	-3.52161575706852
			11.554582418617	-3.54463285351995
			11.554582418617	-3.56764994997138
			11.5775995150684	-3.59066704642281
			11.6006166115198	-3.61368414287424
			11.6006166115198	-3.63670123932567
			11.6236337079713	-3.65971833577709
			11.6466508044227	-3.68273543222852
			11.6466508044227	-3.70575252867995
			11.6696679008741	-3.72876962513138
			11.6696679008741	-3.75178672158281
			11.6926849973256	-3.77480381803424
			11.715702093777	-3.79782091448566
			11.715702093777	-3.82083801093709
			11.7387191902284	-3.84385510738852
			11.7387191902284	-3.86687220383995
			11.7387191902284	-3.88988930029138
			11.7617362866798	-3.88988930029138
			11.7617362866798	-3.91290639674281
			11.7617362866798	-3.93592349319423
			11.7847533831313	-3.93592349319423
			11.7847533831313	-3.95894058964566
			11.7847533831313	-3.98195768609709
			11.8077704795827	-4.00497478254852
			11.8077704795827	-4.02799187899995
			11.8307875760341	-4.05100897545138
			11.8307875760341	-4.0740260719028
			11.8538046724856	-4.09704316835423
			11.8538046724856	-4.12006026480566
			11.8538046724856	-4.14307736125709
			11.876821768937	-4.16609445770852
			11.876821768937	-4.18911155415994
			11.876821768937	-4.21212865061137
			11.8998388653884	-4.2351457470628
			11.8998388653884	-4.25816284351423
			11.8998388653884	-4.28117993996566
			11.9228559618398	-4.30419703641709
			11.9228559618398	-4.32721413286851
			11.9228559618398	-4.35023122931994
			11.9458730582913	-4.37324832577137
			11.9458730582913	-4.3962654222228
			11.9458730582913	-4.41928251867423
			11.9688901547427	-4.44229961512566
			11.9688901547427	-4.46531671157708
			11.9688901547427	-4.48833380802851
			11.9919072511941	-4.51135090447994
			11.9919072511941	-4.53436800093137
			11.9919072511941	-4.5573850973828
			12.0149243476456	-4.58040219383423
			12.0149243476456	-4.60341929028565
			12.0149243476456	-4.62643638673708
			12.0149243476456	-4.64945348318851
			12.037941444097	-4.67247057963994
			12.037941444097	-4.69548767609137
			12.037941444097	-4.71850477254279
			12.037941444097	-4.74152186899422
			12.037941444097	-4.76453896544565
			12.0609585405484	-4.78755606189708
			12.0609585405484	-4.81057315834851
			12.0609585405484	-4.83359025479994
			12.0609585405484	-4.85660735125136
			12.0609585405484	-4.87962444770279
			12.0839756369998	-4.90264154415422
			12.0839756369998	-4.92565864060565
			12.0839756369998	-4.94867573705708
			12.0839756369998	-4.97169283350851
			12.0839756369998	-4.99470992995993
			12.1069927334513	-5.01772702641136
			12.1069927334513	-5.04074412286279
			12.1069927334513	-5.06376121931422
			12.1069927334513	-5.08677831576565
			12.1069927334513	-5.10979541221708
			12.1300098299027	-5.1328125086685
			12.1300098299027	-5.15582960511993
			12.1300098299027	-5.17884670157136
			12.1300098299027	-5.20186379802279
			12.1300098299027	-5.22488089447422
			12.1300098299027	-5.24789799092564
			12.1300098299027	-5.27091508737707
			12.1530269263541	-5.2939321838285
			12.1530269263541	-5.31694928027993
			12.1530269263541	-5.33996637673136
			12.1530269263541	-5.36298347318279
		</suture>
	</curves.scaled>
	<ruler.points type=matrix rownames=TRUE colnames=FALSE nrow=2 ncol=2 as.numeric=TRUE >
		Ruler point 1	11	422
		Ruler point 2	554	413
	</ruler.points>
</shapes>

