<shapes type=list>
	<ruler.pixel type=vector names=FALSE length=1 as.numeric=TRUE >164</ruler.pixel>
	<ruler.interval type=vector names=FALSE length=1 as.numeric=TRUE >2</ruler.interval>
	<scaling.units type=vector names=FALSE length=1 as.numeric=FALSE >cm</scaling.units>
	<scaling type=vector names=FALSE length=1 as.numeric=TRUE >0.0121951219512195</scaling>
	<landmarks.pixel type=matrix rownames=TRUE colnames=FALSE nrow=16 ncol=2 as.numeric=TRUE >
		LM1	222	6
		LM2	222	37
		LM3	222	146
		LM4	222	167
		LM5	266	112
		LM6	262	141
		LM7	265	161
		LM8	264	72
		LM9	269	141
		LM10	222	6
		LM11	306	159
		LM12	325	171
		LM13	222	6
		LM14	304	110
		LM15	401	167
		LM16	414	418
	</landmarks.pixel>
	<landmarks.scaled type=matrix rownames=TRUE colnames=FALSE nrow=16 ncol=2 as.numeric=TRUE >
		LM1	2.70731707317073	-0.0731707317073171
		LM2	2.70731707317073	-0.451219512195122
		LM3	2.70731707317073	-1.78048780487805
		LM4	2.70731707317073	-2.03658536585366
		LM5	3.24390243902439	-1.36585365853659
		LM6	3.19512195121951	-1.71951219512195
		LM7	3.23170731707317	-1.96341463414634
		LM8	3.21951219512195	-0.878048780487805
		LM9	3.28048780487805	-1.71951219512195
		LM10	2.70731707317073	-0.0731707317073171
		LM11	3.73170731707317	-1.9390243902439
		LM12	3.96341463414634	-2.08536585365854
		LM13	2.70731707317073	-0.0731707317073171
		LM14	3.70731707317073	-1.34146341463415
		LM15	4.89024390243902	-2.03658536585366
		LM16	5.04878048780488	-5.09756097560976
	</landmarks.scaled>
	<curves.control type=list>
		<glabella type=matrix rownames=FALSE colnames=FALSE nrow=9 ncol=2 as.numeric=TRUE >
			222	37
			246	40
			250	46
			257	47
			255	77
			272	91
			261	141
			271	148
			265	161
		</glabella>
		<suture type=matrix rownames=FALSE colnames=FALSE nrow=19 ncol=2 as.numeric=TRUE >
			222	6
			254	10
			283	20
			293	27
			293	36
			287	44
			276	53
			267	60
			262	66
			260	74
			272	83
			288	93
			288	114
			282	127
			267	140
			264	146
			301	158
			317	162
			325	171
		</suture>
		<posterior type=matrix rownames=FALSE colnames=FALSE nrow=19 ncol=2 as.numeric=TRUE >
			222	167
			240	175
			266	161
			276	162
			291	170
			331	176
			358	170
			375	171
			387	179
			397	200
			403	223
			411	272
			416	330
			415	379
			414	419
			419	408
			421	354
			428	267
			401	167
		</posterior>
		<anterior type=matrix rownames=FALSE colnames=FALSE nrow=5 ncol=2 as.numeric=TRUE >
			222	6
			277	12
			310	34
			382	83
			401	167
		</anterior>
	</curves.control>
	<curves.pixel type=list>
		<glabella type=matrix rownames=FALSE colnames=FALSE nrow=152 ncol=2 as.numeric=TRUE >
			222	37
			223	37
			224	37
			225	37
			226	38
			227	38
			228	38
			229	38
			230	38
			231	38
			232	38
			232	39
			233	39
			234	39
			235	39
			236	39
			237	40
			238	40
			239	40
			240	40
			241	41
			242	41
			243	42
			244	42
			245	42
			246	43
			247	43
			248	44
			249	45
			250	46
			251	46
			252	47
			253	48
			253	49
			254	50
			254	51
			254	52
			255	53
			255	54
			255	55
			255	56
			255	57
			255	58
			255	59
			255	60
			255	61
			255	62
			255	63
			255	64
			255	65
			255	66
			255	67
			255	68
			255	69
			255	70
			255	71
			255	72
			255	73
			255	74
			255	75
			255	76
			255	77
			256	78
			257	79
			258	80
			259	81
			259	82
			260	83
			261	84
			261	85
			262	86
			262	87
			262	88
			263	89
			263	90
			263	91
			264	91
			264	92
			264	93
			264	94
			264	95
			265	96
			265	97
			265	98
			265	99
			265	100
			265	101
			265	102
			265	103
			265	104
			265	105
			265	106
			265	107
			265	108
			265	109
			265	110
			265	111
			265	112
			265	113
			265	114
			265	115
			265	116
			265	117
			265	118
			265	119
			265	120
			264	121
			264	122
			264	123
			264	124
			264	125
			264	126
			264	127
			264	128
			263	128
			263	129
			263	130
			263	131
			263	132
			263	133
			262	134
			262	135
			262	136
			262	137
			262	138
			261	139
			261	140
			261	141
			262	141
			262	142
			263	142
			263	143
			264	143
			264	144
			265	144
			265	145
			266	146
			266	147
			267	148
			267	149
			267	150
			267	151
			267	152
			267	153
			267	154
			267	155
			267	156
			267	157
			266	158
			266	159
			265	160
			265	161
		</glabella>
		<suture type=matrix rownames=FALSE colnames=FALSE nrow=266 ncol=2 as.numeric=TRUE >
			222	6
			223	6
			224	6
			225	6
			226	7
			227	7
			228	7
			229	7
			230	7
			231	7
			232	7
			233	8
			234	8
			235	8
			236	8
			237	8
			238	8
			239	9
			240	9
			241	9
			242	9
			243	9
			244	10
			245	10
			246	10
			247	10
			248	10
			249	11
			250	11
			251	11
			252	11
			253	12
			254	12
			255	12
			256	12
			257	12
			258	13
			259	13
			260	13
			261	13
			262	14
			263	14
			264	14
			265	15
			266	15
			267	15
			268	15
			269	16
			270	16
			271	16
			272	17
			273	17
			274	17
			275	17
			276	18
			277	18
			278	18
			279	19
			280	19
			281	19
			282	20
			283	20
			284	20
			284	21
			285	21
			285	22
			286	22
			286	23
			287	23
			287	24
			288	24
			288	25
			289	25
			289	26
			290	26
			290	27
			291	28
			291	29
			292	30
			292	31
			293	32
			293	33
			293	34
			293	35
			293	36
			293	37
			292	37
			292	38
			291	38
			291	39
			290	40
			289	40
			289	41
			288	42
			287	43
			286	44
			285	45
			284	46
			283	47
			282	48
			281	48
			280	49
			280	50
			279	51
			278	52
			277	53
			276	53
			275	54
			274	55
			273	55
			272	56
			272	57
			271	57
			270	58
			269	58
			269	59
			268	60
			267	60
			267	61
			266	62
			265	63
			264	64
			263	65
			262	66
			262	67
			262	68
			262	69
			262	70
			262	71
			262	72
			263	73
			263	74
			264	75
			264	76
			265	77
			266	78
			267	79
			268	80
			269	81
			270	82
			271	82
			272	83
			273	83
			274	84
			275	85
			276	86
			277	86
			278	87
			278	88
			279	89
			280	90
			281	91
			282	92
			282	93
			283	94
			283	95
			284	96
			285	97
			285	98
			285	99
			286	100
			286	101
			286	102
			287	103
			287	104
			287	105
			287	106
			287	107
			288	108
			288	109
			288	110
			288	111
			288	112
			288	113
			288	114
			287	115
			287	116
			286	117
			286	118
			286	119
			285	119
			285	120
			284	121
			284	122
			283	122
			283	123
			282	124
			281	125
			281	126
			280	126
			280	127
			279	128
			278	129
			277	130
			276	131
			275	132
			275	133
			274	134
			273	135
			272	136
			271	137
			270	137
			269	138
			268	139
			267	140
			267	141
			267	142
			268	143
			269	144
			270	145
			271	146
			272	146
			273	147
			274	147
			275	148
			276	149
			277	149
			278	150
			279	150
			280	150
			281	151
			282	151
			283	152
			284	152
			285	152
			286	153
			287	153
			288	153
			289	154
			290	154
			291	154
			292	155
			293	155
			294	156
			295	156
			296	156
			297	157
			298	157
			299	157
			300	158
			301	158
			302	158
			303	158
			304	159
			305	159
			306	159
			306	160
			307	160
			308	160
			309	161
			310	161
			311	161
			312	162
			313	162
			314	163
			315	163
			316	164
			317	164
			318	165
			319	166
			320	167
			321	167
			322	168
			323	169
			324	170
			325	171
		</suture>
		<posterior type=matrix rownames=FALSE colnames=FALSE nrow=660 ncol=2 as.numeric=TRUE >
			222	167
			223	167
			224	168
			225	168
			226	168
			227	169
			228	169
			229	169
			230	169
			231	170
			232	170
			233	170
			234	170
			235	170
			236	170
			237	170
			238	170
			239	170
			240	170
			241	170
			242	169
			243	169
			244	169
			245	169
			246	169
			247	169
			248	168
			249	168
			250	168
			251	167
			252	167
			253	167
			254	167
			254	166
			255	166
			256	166
			257	165
			258	165
			259	164
			260	164
			261	163
			262	163
			263	162
			264	162
			265	161
			266	161
			267	161
			268	161
			269	161
			270	162
			271	162
			272	162
			273	162
			274	163
			275	163
			276	163
			277	164
			278	164
			279	164
			280	165
			281	165
			282	166
			283	166
			284	166
			285	167
			286	167
			287	168
			288	168
			289	169
			290	169
			291	170
			292	170
			293	170
			294	170
			295	171
			296	171
			297	171
			298	171
			299	171
			300	171
			301	171
			302	171
			303	172
			304	172
			305	172
			306	172
			307	172
			308	172
			309	172
			310	172
			311	172
			312	172
			313	172
			314	173
			315	173
			316	173
			317	173
			318	173
			319	173
			320	173
			321	173
			322	173
			323	173
			324	173
			325	173
			326	173
			327	173
			328	173
			329	173
			330	173
			331	173
			332	173
			333	173
			334	173
			335	173
			336	173
			337	173
			338	173
			339	173
			340	173
			341	172
			342	172
			343	172
			344	172
			345	172
			346	172
			347	172
			348	172
			349	172
			350	171
			351	171
			352	171
			353	171
			354	171
			355	171
			356	170
			357	170
			358	170
			359	170
			360	170
			361	170
			362	170
			363	171
			364	171
			365	171
			366	171
			367	171
			368	171
			369	171
			370	172
			371	172
			372	172
			373	173
			374	173
			375	173
			376	174
			377	174
			378	174
			379	175
			380	175
			381	175
			382	176
			383	177
			384	177
			385	178
			386	179
			387	180
			388	181
			388	182
			389	183
			389	184
			390	185
			390	186
			391	187
			391	188
			392	189
			392	190
			393	191
			393	192
			393	193
			394	194
			394	195
			394	196
			395	197
			395	198
			395	199
			396	200
			396	201
			397	202
			397	203
			397	204
			397	205
			398	206
			398	207
			399	208
			399	209
			399	210
			400	211
			400	212
			400	213
			400	214
			401	215
			401	216
			401	217
			402	218
			402	219
			402	220
			402	221
			403	222
			403	223
			403	224
			403	225
			403	226
			404	227
			404	228
			404	229
			404	230
			404	231
			404	232
			405	233
			405	234
			405	235
			405	236
			405	237
			405	238
			406	239
			406	240
			406	241
			406	242
			406	243
			406	244
			406	245
			407	246
			407	247
			407	248
			407	249
			407	250
			407	251
			407	252
			408	253
			408	254
			408	255
			408	256
			408	257
			408	258
			408	259
			408	260
			409	261
			409	262
			409	263
			409	264
			409	265
			409	266
			409	267
			410	268
			410	269
			410	270
			410	271
			410	272
			410	273
			410	274
			410	275
			410	276
			411	277
			411	278
			411	279
			411	280
			411	281
			411	282
			411	283
			411	284
			411	285
			412	286
			412	287
			412	288
			412	289
			412	290
			412	291
			412	292
			412	293
			413	294
			413	295
			413	296
			413	297
			413	298
			413	299
			413	300
			413	301
			413	302
			413	303
			414	304
			414	305
			414	306
			414	307
			414	308
			414	309
			414	310
			414	311
			414	312
			414	313
			415	314
			415	315
			415	316
			415	317
			415	318
			415	319
			415	320
			415	321
			415	322
			415	323
			415	324
			416	325
			416	326
			416	327
			416	328
			416	329
			416	330
			416	331
			416	332
			416	333
			416	334
			416	335
			416	336
			416	337
			416	338
			416	339
			416	340
			416	341
			416	342
			416	343
			416	344
			416	345
			416	346
			416	347
			416	348
			416	349
			416	350
			416	351
			416	352
			416	353
			415	354
			415	355
			415	356
			415	357
			415	358
			415	359
			415	360
			415	361
			415	362
			415	363
			415	364
			415	365
			415	366
			415	367
			415	368
			415	369
			415	370
			415	371
			415	372
			415	373
			415	374
			415	375
			415	376
			415	377
			415	378
			415	379
			415	380
			415	381
			415	382
			415	383
			415	384
			415	385
			415	386
			415	387
			415	388
			415	389
			415	390
			415	391
			415	392
			415	393
			415	394
			415	395
			415	396
			415	397
			415	398
			414	399
			414	400
			414	401
			414	402
			414	403
			414	404
			414	405
			414	406
			414	407
			414	408
			414	409
			414	410
			414	411
			414	412
			414	413
			414	414
			414	415
			414	416
			414	417
			414	418
			414	419
			414	418
			415	417
			415	416
			415	415
			416	414
			416	413
			416	412
			416	411
			416	410
			417	409
			417	408
			417	407
			417	406
			417	405
			417	404
			418	403
			418	402
			418	401
			418	400
			418	399
			418	398
			418	397
			418	396
			418	395
			419	394
			419	393
			419	392
			419	391
			419	390
			419	389
			419	388
			419	387
			419	386
			419	385
			419	384
			419	383
			420	382
			420	381
			420	380
			420	379
			420	378
			420	377
			420	376
			420	375
			420	374
			420	373
			420	372
			420	371
			420	370
			420	369
			420	368
			420	367
			421	366
			421	365
			421	364
			421	363
			421	362
			421	361
			421	360
			421	359
			421	358
			421	357
			421	356
			421	355
			421	354
			421	353
			421	352
			421	351
			421	350
			421	349
			421	348
			422	347
			422	346
			422	345
			422	344
			422	343
			422	342
			422	341
			422	340
			422	339
			422	338
			422	337
			422	336
			422	335
			422	334
			422	333
			422	332
			422	331
			422	330
			422	329
			422	328
			422	327
			422	326
			422	325
			422	324
			422	323
			422	322
			422	321
			422	320
			422	319
			422	318
			422	317
			422	316
			422	315
			422	314
			422	313
			422	312
			422	311
			422	310
			422	309
			422	308
			422	307
			422	306
			422	305
			422	304
			422	303
			422	302
			422	301
			422	300
			422	299
			422	298
			422	297
			422	296
			422	295
			422	294
			422	293
			422	292
			422	291
			422	290
			422	289
			422	288
			421	287
			421	286
			421	285
			421	284
			421	283
			421	282
			421	281
			421	280
			421	279
			421	278
			421	277
			421	276
			421	275
			420	274
			420	273
			420	272
			420	271
			420	270
			420	269
			420	268
			420	267
			420	266
			420	265
			420	264
			419	264
			419	263
			419	262
			419	261
			419	260
			419	259
			419	258
			419	257
			419	256
			419	255
			418	254
			418	253
			418	252
			418	251
			418	250
			418	249
			418	248
			417	247
			417	246
			417	245
			417	244
			417	243
			417	242
			417	241
			416	240
			416	239
			416	238
			416	237
			416	236
			416	235
			416	234
			415	233
			415	232
			415	231
			415	230
			415	229
			414	228
			414	227
			414	226
			414	225
			414	224
			414	223
			413	222
			413	221
			413	220
			413	219
			413	218
			412	217
			412	216
			412	215
			412	214
			412	213
			412	212
			411	211
			411	210
			411	209
			411	208
			410	207
			410	206
			410	205
			410	204
			410	203
			409	202
			409	201
			409	200
			409	199
			409	198
			408	197
			408	196
			408	195
			408	194
			407	193
			407	192
			407	191
			407	190
			407	189
			406	189
			406	188
			406	187
			406	186
			406	185
			405	184
			405	183
			405	182
			405	181
			404	180
			404	179
			404	178
			404	177
			403	176
			403	175
			403	174
			402	173
			402	172
			402	171
			402	170
			402	169
			401	168
			401	167
		</posterior>
		<anterior type=matrix rownames=FALSE colnames=FALSE nrow=242 ncol=2 as.numeric=TRUE >
			222	6
			223	6
			224	6
			225	6
			226	6
			227	7
			228	7
			229	7
			230	7
			231	7
			232	7
			233	7
			234	8
			235	8
			236	8
			237	8
			238	8
			239	8
			240	8
			241	9
			242	9
			243	9
			244	9
			245	9
			246	9
			247	10
			248	10
			249	10
			250	10
			251	11
			252	11
			253	11
			254	11
			255	11
			256	12
			257	12
			258	12
			259	12
			260	13
			261	13
			262	13
			263	13
			264	14
			265	14
			266	14
			267	15
			268	15
			269	15
			270	16
			271	16
			272	16
			273	17
			274	17
			275	17
			276	18
			277	18
			278	18
			279	19
			280	19
			281	19
			282	20
			283	20
			284	21
			285	21
			286	21
			287	22
			288	22
			289	23
			290	23
			291	23
			292	24
			293	25
			294	25
			295	26
			296	26
			297	27
			298	27
			299	27
			300	28
			301	28
			302	29
			303	30
			304	30
			305	31
			306	31
			307	32
			308	33
			309	33
			310	34
			311	35
			312	35
			313	36
			314	37
			315	38
			316	38
			317	39
			318	40
			319	40
			320	41
			321	42
			322	43
			323	43
			324	44
			325	45
			326	46
			327	46
			328	47
			329	48
			330	49
			331	50
			332	51
			333	52
			334	53
			335	54
			336	54
			336	55
			337	55
			338	56
			338	57
			339	57
			340	58
			341	59
			342	60
			343	61
			344	62
			345	63
			346	64
			347	65
			348	66
			349	67
			350	68
			350	69
			351	70
			352	71
			353	71
			354	72
			355	73
			355	74
			356	75
			357	76
			358	77
			358	78
			359	79
			360	80
			361	81
			361	82
			362	83
			363	84
			364	85
			364	86
			365	87
			366	87
			366	88
			367	89
			368	90
			369	91
			369	92
			370	93
			371	94
			371	95
			372	96
			372	97
			373	98
			374	99
			374	100
			375	101
			375	102
			376	102
			376	103
			376	104
			377	104
			377	105
			378	106
			378	107
			379	108
			379	109
			380	110
			380	111
			381	112
			381	113
			382	114
			382	115
			383	116
			383	117
			384	118
			384	119
			385	120
			386	121
			386	122
			386	123
			387	123
			387	124
			387	125
			387	126
			388	126
			388	127
			388	128
			389	128
			389	129
			389	130
			390	130
			390	131
			390	132
			390	133
			391	133
			391	134
			391	135
			392	135
			392	136
			392	137
			392	138
			393	138
			393	139
			393	140
			394	141
			394	142
			394	143
			395	144
			395	145
			395	146
			396	147
			396	148
			396	149
			397	150
			397	151
			397	152
			398	153
			398	154
			398	155
			398	156
			398	157
			399	157
			399	158
			399	159
			399	160
			400	161
			400	162
			400	163
			400	164
			401	165
			401	166
			401	167
		</anterior>
	</curves.pixel>
	<curves.scaled type=list>
		<glabella type=matrix rownames=FALSE colnames=FALSE nrow=152 ncol=2 as.numeric=TRUE >
			2.70731707317073	-0.451219512195122
			2.71951219512195	-0.451219512195122
			2.73170731707317	-0.451219512195122
			2.74390243902439	-0.451219512195122
			2.75609756097561	-0.463414634146341
			2.76829268292683	-0.463414634146341
			2.78048780487805	-0.463414634146341
			2.79268292682927	-0.463414634146341
			2.80487804878049	-0.463414634146341
			2.81707317073171	-0.463414634146341
			2.82926829268293	-0.463414634146341
			2.82926829268293	-0.475609756097561
			2.84146341463415	-0.475609756097561
			2.85365853658537	-0.475609756097561
			2.86585365853659	-0.475609756097561
			2.8780487804878	-0.475609756097561
			2.89024390243902	-0.48780487804878
			2.90243902439024	-0.48780487804878
			2.91463414634146	-0.48780487804878
			2.92682926829268	-0.48780487804878
			2.9390243902439	-0.5
			2.95121951219512	-0.5
			2.96341463414634	-0.51219512195122
			2.97560975609756	-0.51219512195122
			2.98780487804878	-0.51219512195122
			3	-0.524390243902439
			3.01219512195122	-0.524390243902439
			3.02439024390244	-0.536585365853659
			3.03658536585366	-0.548780487804878
			3.04878048780488	-0.560975609756098
			3.0609756097561	-0.560975609756098
			3.07317073170732	-0.573170731707317
			3.08536585365854	-0.585365853658537
			3.08536585365854	-0.597560975609756
			3.09756097560976	-0.609756097560976
			3.09756097560976	-0.621951219512195
			3.09756097560976	-0.634146341463415
			3.10975609756098	-0.646341463414634
			3.10975609756098	-0.658536585365854
			3.10975609756098	-0.670731707317073
			3.10975609756098	-0.682926829268293
			3.10975609756098	-0.695121951219512
			3.10975609756098	-0.707317073170732
			3.10975609756098	-0.719512195121951
			3.10975609756098	-0.731707317073171
			3.10975609756098	-0.74390243902439
			3.10975609756098	-0.75609756097561
			3.10975609756098	-0.768292682926829
			3.10975609756098	-0.780487804878049
			3.10975609756098	-0.792682926829268
			3.10975609756098	-0.804878048780488
			3.10975609756098	-0.817073170731707
			3.10975609756098	-0.829268292682927
			3.10975609756098	-0.841463414634146
			3.10975609756098	-0.853658536585366
			3.10975609756098	-0.865853658536585
			3.10975609756098	-0.878048780487805
			3.10975609756098	-0.890243902439024
			3.10975609756098	-0.902439024390244
			3.10975609756098	-0.914634146341463
			3.10975609756098	-0.926829268292683
			3.10975609756098	-0.939024390243902
			3.1219512195122	-0.951219512195122
			3.13414634146341	-0.963414634146342
			3.14634146341463	-0.975609756097561
			3.15853658536585	-0.98780487804878
			3.15853658536585	-1
			3.17073170731707	-1.01219512195122
			3.18292682926829	-1.02439024390244
			3.18292682926829	-1.03658536585366
			3.19512195121951	-1.04878048780488
			3.19512195121951	-1.0609756097561
			3.19512195121951	-1.07317073170732
			3.20731707317073	-1.08536585365854
			3.20731707317073	-1.09756097560976
			3.20731707317073	-1.10975609756098
			3.21951219512195	-1.10975609756098
			3.21951219512195	-1.1219512195122
			3.21951219512195	-1.13414634146341
			3.21951219512195	-1.14634146341463
			3.21951219512195	-1.15853658536585
			3.23170731707317	-1.17073170731707
			3.23170731707317	-1.18292682926829
			3.23170731707317	-1.19512195121951
			3.23170731707317	-1.20731707317073
			3.23170731707317	-1.21951219512195
			3.23170731707317	-1.23170731707317
			3.23170731707317	-1.24390243902439
			3.23170731707317	-1.25609756097561
			3.23170731707317	-1.26829268292683
			3.23170731707317	-1.28048780487805
			3.23170731707317	-1.29268292682927
			3.23170731707317	-1.30487804878049
			3.23170731707317	-1.31707317073171
			3.23170731707317	-1.32926829268293
			3.23170731707317	-1.34146341463415
			3.23170731707317	-1.35365853658537
			3.23170731707317	-1.36585365853659
			3.23170731707317	-1.3780487804878
			3.23170731707317	-1.39024390243902
			3.23170731707317	-1.40243902439024
			3.23170731707317	-1.41463414634146
			3.23170731707317	-1.42682926829268
			3.23170731707317	-1.4390243902439
			3.23170731707317	-1.45121951219512
			3.23170731707317	-1.46341463414634
			3.21951219512195	-1.47560975609756
			3.21951219512195	-1.48780487804878
			3.21951219512195	-1.5
			3.21951219512195	-1.51219512195122
			3.21951219512195	-1.52439024390244
			3.21951219512195	-1.53658536585366
			3.21951219512195	-1.54878048780488
			3.21951219512195	-1.5609756097561
			3.20731707317073	-1.5609756097561
			3.20731707317073	-1.57317073170732
			3.20731707317073	-1.58536585365854
			3.20731707317073	-1.59756097560976
			3.20731707317073	-1.60975609756098
			3.20731707317073	-1.6219512195122
			3.19512195121951	-1.63414634146341
			3.19512195121951	-1.64634146341463
			3.19512195121951	-1.65853658536585
			3.19512195121951	-1.67073170731707
			3.19512195121951	-1.68292682926829
			3.18292682926829	-1.69512195121951
			3.18292682926829	-1.70731707317073
			3.18292682926829	-1.71951219512195
			3.19512195121951	-1.71951219512195
			3.19512195121951	-1.73170731707317
			3.20731707317073	-1.73170731707317
			3.20731707317073	-1.74390243902439
			3.21951219512195	-1.74390243902439
			3.21951219512195	-1.75609756097561
			3.23170731707317	-1.75609756097561
			3.23170731707317	-1.76829268292683
			3.24390243902439	-1.78048780487805
			3.24390243902439	-1.79268292682927
			3.25609756097561	-1.80487804878049
			3.25609756097561	-1.81707317073171
			3.25609756097561	-1.82926829268293
			3.25609756097561	-1.84146341463415
			3.25609756097561	-1.85365853658537
			3.25609756097561	-1.86585365853659
			3.25609756097561	-1.8780487804878
			3.25609756097561	-1.89024390243902
			3.25609756097561	-1.90243902439024
			3.25609756097561	-1.91463414634146
			3.24390243902439	-1.92682926829268
			3.24390243902439	-1.9390243902439
			3.23170731707317	-1.95121951219512
			3.23170731707317	-1.96341463414634
		</glabella>
		<suture type=matrix rownames=FALSE colnames=FALSE nrow=266 ncol=2 as.numeric=TRUE >
			2.70731707317073	-0.0731707317073171
			2.71951219512195	-0.0731707317073171
			2.73170731707317	-0.0731707317073171
			2.74390243902439	-0.0731707317073171
			2.75609756097561	-0.0853658536585366
			2.76829268292683	-0.0853658536585366
			2.78048780487805	-0.0853658536585366
			2.79268292682927	-0.0853658536585366
			2.80487804878049	-0.0853658536585366
			2.81707317073171	-0.0853658536585366
			2.82926829268293	-0.0853658536585366
			2.84146341463415	-0.0975609756097561
			2.85365853658537	-0.0975609756097561
			2.86585365853659	-0.0975609756097561
			2.8780487804878	-0.0975609756097561
			2.89024390243902	-0.0975609756097561
			2.90243902439024	-0.0975609756097561
			2.91463414634146	-0.109756097560976
			2.92682926829268	-0.109756097560976
			2.9390243902439	-0.109756097560976
			2.95121951219512	-0.109756097560976
			2.96341463414634	-0.109756097560976
			2.97560975609756	-0.121951219512195
			2.98780487804878	-0.121951219512195
			3	-0.121951219512195
			3.01219512195122	-0.121951219512195
			3.02439024390244	-0.121951219512195
			3.03658536585366	-0.134146341463415
			3.04878048780488	-0.134146341463415
			3.0609756097561	-0.134146341463415
			3.07317073170732	-0.134146341463415
			3.08536585365854	-0.146341463414634
			3.09756097560976	-0.146341463414634
			3.10975609756098	-0.146341463414634
			3.1219512195122	-0.146341463414634
			3.13414634146341	-0.146341463414634
			3.14634146341463	-0.158536585365854
			3.15853658536585	-0.158536585365854
			3.17073170731707	-0.158536585365854
			3.18292682926829	-0.158536585365854
			3.19512195121951	-0.170731707317073
			3.20731707317073	-0.170731707317073
			3.21951219512195	-0.170731707317073
			3.23170731707317	-0.182926829268293
			3.24390243902439	-0.182926829268293
			3.25609756097561	-0.182926829268293
			3.26829268292683	-0.182926829268293
			3.28048780487805	-0.195121951219512
			3.29268292682927	-0.195121951219512
			3.30487804878049	-0.195121951219512
			3.31707317073171	-0.207317073170732
			3.32926829268293	-0.207317073170732
			3.34146341463415	-0.207317073170732
			3.35365853658537	-0.207317073170732
			3.36585365853659	-0.219512195121951
			3.37804878048781	-0.219512195121951
			3.39024390243902	-0.219512195121951
			3.40243902439024	-0.231707317073171
			3.41463414634146	-0.231707317073171
			3.42682926829268	-0.231707317073171
			3.4390243902439	-0.24390243902439
			3.45121951219512	-0.24390243902439
			3.46341463414634	-0.24390243902439
			3.46341463414634	-0.25609756097561
			3.47560975609756	-0.25609756097561
			3.47560975609756	-0.268292682926829
			3.48780487804878	-0.268292682926829
			3.48780487804878	-0.280487804878049
			3.5	-0.280487804878049
			3.5	-0.292682926829268
			3.51219512195122	-0.292682926829268
			3.51219512195122	-0.304878048780488
			3.52439024390244	-0.304878048780488
			3.52439024390244	-0.317073170731707
			3.53658536585366	-0.317073170731707
			3.53658536585366	-0.329268292682927
			3.54878048780488	-0.341463414634146
			3.54878048780488	-0.353658536585366
			3.5609756097561	-0.365853658536585
			3.5609756097561	-0.378048780487805
			3.57317073170732	-0.390243902439024
			3.57317073170732	-0.402439024390244
			3.57317073170732	-0.414634146341463
			3.57317073170732	-0.426829268292683
			3.57317073170732	-0.439024390243902
			3.57317073170732	-0.451219512195122
			3.5609756097561	-0.451219512195122
			3.5609756097561	-0.463414634146341
			3.54878048780488	-0.463414634146341
			3.54878048780488	-0.475609756097561
			3.53658536585366	-0.48780487804878
			3.52439024390244	-0.48780487804878
			3.52439024390244	-0.5
			3.51219512195122	-0.51219512195122
			3.5	-0.524390243902439
			3.48780487804878	-0.536585365853659
			3.47560975609756	-0.548780487804878
			3.46341463414634	-0.560975609756098
			3.45121951219512	-0.573170731707317
			3.4390243902439	-0.585365853658537
			3.42682926829268	-0.585365853658537
			3.41463414634146	-0.597560975609756
			3.41463414634146	-0.609756097560976
			3.40243902439024	-0.621951219512195
			3.39024390243902	-0.634146341463415
			3.37804878048781	-0.646341463414634
			3.36585365853659	-0.646341463414634
			3.35365853658537	-0.658536585365854
			3.34146341463415	-0.670731707317073
			3.32926829268293	-0.670731707317073
			3.31707317073171	-0.682926829268293
			3.31707317073171	-0.695121951219512
			3.30487804878049	-0.695121951219512
			3.29268292682927	-0.707317073170732
			3.28048780487805	-0.707317073170732
			3.28048780487805	-0.719512195121951
			3.26829268292683	-0.731707317073171
			3.25609756097561	-0.731707317073171
			3.25609756097561	-0.74390243902439
			3.24390243902439	-0.75609756097561
			3.23170731707317	-0.768292682926829
			3.21951219512195	-0.780487804878049
			3.20731707317073	-0.792682926829268
			3.19512195121951	-0.804878048780488
			3.19512195121951	-0.817073170731707
			3.19512195121951	-0.829268292682927
			3.19512195121951	-0.841463414634146
			3.19512195121951	-0.853658536585366
			3.19512195121951	-0.865853658536585
			3.19512195121951	-0.878048780487805
			3.20731707317073	-0.890243902439024
			3.20731707317073	-0.902439024390244
			3.21951219512195	-0.914634146341463
			3.21951219512195	-0.926829268292683
			3.23170731707317	-0.939024390243902
			3.24390243902439	-0.951219512195122
			3.25609756097561	-0.963414634146342
			3.26829268292683	-0.975609756097561
			3.28048780487805	-0.98780487804878
			3.29268292682927	-1
			3.30487804878049	-1
			3.31707317073171	-1.01219512195122
			3.32926829268293	-1.01219512195122
			3.34146341463415	-1.02439024390244
			3.35365853658537	-1.03658536585366
			3.36585365853659	-1.04878048780488
			3.37804878048781	-1.04878048780488
			3.39024390243902	-1.0609756097561
			3.39024390243902	-1.07317073170732
			3.40243902439024	-1.08536585365854
			3.41463414634146	-1.09756097560976
			3.42682926829268	-1.10975609756098
			3.4390243902439	-1.1219512195122
			3.4390243902439	-1.13414634146341
			3.45121951219512	-1.14634146341463
			3.45121951219512	-1.15853658536585
			3.46341463414634	-1.17073170731707
			3.47560975609756	-1.18292682926829
			3.47560975609756	-1.19512195121951
			3.47560975609756	-1.20731707317073
			3.48780487804878	-1.21951219512195
			3.48780487804878	-1.23170731707317
			3.48780487804878	-1.24390243902439
			3.5	-1.25609756097561
			3.5	-1.26829268292683
			3.5	-1.28048780487805
			3.5	-1.29268292682927
			3.5	-1.30487804878049
			3.51219512195122	-1.31707317073171
			3.51219512195122	-1.32926829268293
			3.51219512195122	-1.34146341463415
			3.51219512195122	-1.35365853658537
			3.51219512195122	-1.36585365853659
			3.51219512195122	-1.3780487804878
			3.51219512195122	-1.39024390243902
			3.5	-1.40243902439024
			3.5	-1.41463414634146
			3.48780487804878	-1.42682926829268
			3.48780487804878	-1.4390243902439
			3.48780487804878	-1.45121951219512
			3.47560975609756	-1.45121951219512
			3.47560975609756	-1.46341463414634
			3.46341463414634	-1.47560975609756
			3.46341463414634	-1.48780487804878
			3.45121951219512	-1.48780487804878
			3.45121951219512	-1.5
			3.4390243902439	-1.51219512195122
			3.42682926829268	-1.52439024390244
			3.42682926829268	-1.53658536585366
			3.41463414634146	-1.53658536585366
			3.41463414634146	-1.54878048780488
			3.40243902439024	-1.5609756097561
			3.39024390243902	-1.57317073170732
			3.37804878048781	-1.58536585365854
			3.36585365853659	-1.59756097560976
			3.35365853658537	-1.60975609756098
			3.35365853658537	-1.6219512195122
			3.34146341463415	-1.63414634146341
			3.32926829268293	-1.64634146341463
			3.31707317073171	-1.65853658536585
			3.30487804878049	-1.67073170731707
			3.29268292682927	-1.67073170731707
			3.28048780487805	-1.68292682926829
			3.26829268292683	-1.69512195121951
			3.25609756097561	-1.70731707317073
			3.25609756097561	-1.71951219512195
			3.25609756097561	-1.73170731707317
			3.26829268292683	-1.74390243902439
			3.28048780487805	-1.75609756097561
			3.29268292682927	-1.76829268292683
			3.30487804878049	-1.78048780487805
			3.31707317073171	-1.78048780487805
			3.32926829268293	-1.79268292682927
			3.34146341463415	-1.79268292682927
			3.35365853658537	-1.80487804878049
			3.36585365853659	-1.81707317073171
			3.37804878048781	-1.81707317073171
			3.39024390243902	-1.82926829268293
			3.40243902439024	-1.82926829268293
			3.41463414634146	-1.82926829268293
			3.42682926829268	-1.84146341463415
			3.4390243902439	-1.84146341463415
			3.45121951219512	-1.85365853658537
			3.46341463414634	-1.85365853658537
			3.47560975609756	-1.85365853658537
			3.48780487804878	-1.86585365853659
			3.5	-1.86585365853659
			3.51219512195122	-1.86585365853659
			3.52439024390244	-1.8780487804878
			3.53658536585366	-1.8780487804878
			3.54878048780488	-1.8780487804878
			3.5609756097561	-1.89024390243902
			3.57317073170732	-1.89024390243902
			3.58536585365854	-1.90243902439024
			3.59756097560976	-1.90243902439024
			3.60975609756098	-1.90243902439024
			3.6219512195122	-1.91463414634146
			3.63414634146341	-1.91463414634146
			3.64634146341463	-1.91463414634146
			3.65853658536585	-1.92682926829268
			3.67073170731707	-1.92682926829268
			3.68292682926829	-1.92682926829268
			3.69512195121951	-1.92682926829268
			3.70731707317073	-1.9390243902439
			3.71951219512195	-1.9390243902439
			3.73170731707317	-1.9390243902439
			3.73170731707317	-1.95121951219512
			3.74390243902439	-1.95121951219512
			3.75609756097561	-1.95121951219512
			3.76829268292683	-1.96341463414634
			3.78048780487805	-1.96341463414634
			3.79268292682927	-1.96341463414634
			3.80487804878049	-1.97560975609756
			3.81707317073171	-1.97560975609756
			3.82926829268293	-1.98780487804878
			3.84146341463415	-1.98780487804878
			3.85365853658537	-2
			3.86585365853659	-2
			3.87804878048781	-2.01219512195122
			3.89024390243902	-2.02439024390244
			3.90243902439024	-2.03658536585366
			3.91463414634146	-2.03658536585366
			3.92682926829268	-2.04878048780488
			3.9390243902439	-2.0609756097561
			3.95121951219512	-2.07317073170732
			3.96341463414634	-2.08536585365854
		</suture>
		<posterior type=matrix rownames=FALSE colnames=FALSE nrow=660 ncol=2 as.numeric=TRUE >
			2.70731707317073	-2.03658536585366
			2.71951219512195	-2.03658536585366
			2.73170731707317	-2.04878048780488
			2.74390243902439	-2.04878048780488
			2.75609756097561	-2.04878048780488
			2.76829268292683	-2.0609756097561
			2.78048780487805	-2.0609756097561
			2.79268292682927	-2.0609756097561
			2.80487804878049	-2.0609756097561
			2.81707317073171	-2.07317073170732
			2.82926829268293	-2.07317073170732
			2.84146341463415	-2.07317073170732
			2.85365853658537	-2.07317073170732
			2.86585365853659	-2.07317073170732
			2.8780487804878	-2.07317073170732
			2.89024390243902	-2.07317073170732
			2.90243902439024	-2.07317073170732
			2.91463414634146	-2.07317073170732
			2.92682926829268	-2.07317073170732
			2.9390243902439	-2.07317073170732
			2.95121951219512	-2.0609756097561
			2.96341463414634	-2.0609756097561
			2.97560975609756	-2.0609756097561
			2.98780487804878	-2.0609756097561
			3	-2.0609756097561
			3.01219512195122	-2.0609756097561
			3.02439024390244	-2.04878048780488
			3.03658536585366	-2.04878048780488
			3.04878048780488	-2.04878048780488
			3.0609756097561	-2.03658536585366
			3.07317073170732	-2.03658536585366
			3.08536585365854	-2.03658536585366
			3.09756097560976	-2.03658536585366
			3.09756097560976	-2.02439024390244
			3.10975609756098	-2.02439024390244
			3.1219512195122	-2.02439024390244
			3.13414634146341	-2.01219512195122
			3.14634146341463	-2.01219512195122
			3.15853658536585	-2
			3.17073170731707	-2
			3.18292682926829	-1.98780487804878
			3.19512195121951	-1.98780487804878
			3.20731707317073	-1.97560975609756
			3.21951219512195	-1.97560975609756
			3.23170731707317	-1.96341463414634
			3.24390243902439	-1.96341463414634
			3.25609756097561	-1.96341463414634
			3.26829268292683	-1.96341463414634
			3.28048780487805	-1.96341463414634
			3.29268292682927	-1.97560975609756
			3.30487804878049	-1.97560975609756
			3.31707317073171	-1.97560975609756
			3.32926829268293	-1.97560975609756
			3.34146341463415	-1.98780487804878
			3.35365853658537	-1.98780487804878
			3.36585365853659	-1.98780487804878
			3.37804878048781	-2
			3.39024390243902	-2
			3.40243902439024	-2
			3.41463414634146	-2.01219512195122
			3.42682926829268	-2.01219512195122
			3.4390243902439	-2.02439024390244
			3.45121951219512	-2.02439024390244
			3.46341463414634	-2.02439024390244
			3.47560975609756	-2.03658536585366
			3.48780487804878	-2.03658536585366
			3.5	-2.04878048780488
			3.51219512195122	-2.04878048780488
			3.52439024390244	-2.0609756097561
			3.53658536585366	-2.0609756097561
			3.54878048780488	-2.07317073170732
			3.5609756097561	-2.07317073170732
			3.57317073170732	-2.07317073170732
			3.58536585365854	-2.07317073170732
			3.59756097560976	-2.08536585365854
			3.60975609756098	-2.08536585365854
			3.6219512195122	-2.08536585365854
			3.63414634146341	-2.08536585365854
			3.64634146341463	-2.08536585365854
			3.65853658536585	-2.08536585365854
			3.67073170731707	-2.08536585365854
			3.68292682926829	-2.08536585365854
			3.69512195121951	-2.09756097560976
			3.70731707317073	-2.09756097560976
			3.71951219512195	-2.09756097560976
			3.73170731707317	-2.09756097560976
			3.74390243902439	-2.09756097560976
			3.75609756097561	-2.09756097560976
			3.76829268292683	-2.09756097560976
			3.78048780487805	-2.09756097560976
			3.79268292682927	-2.09756097560976
			3.80487804878049	-2.09756097560976
			3.81707317073171	-2.09756097560976
			3.82926829268293	-2.10975609756098
			3.84146341463415	-2.10975609756098
			3.85365853658537	-2.10975609756098
			3.86585365853659	-2.10975609756098
			3.87804878048781	-2.10975609756098
			3.89024390243902	-2.10975609756098
			3.90243902439024	-2.10975609756098
			3.91463414634146	-2.10975609756098
			3.92682926829268	-2.10975609756098
			3.9390243902439	-2.10975609756098
			3.95121951219512	-2.10975609756098
			3.96341463414634	-2.10975609756098
			3.97560975609756	-2.10975609756098
			3.98780487804878	-2.10975609756098
			4	-2.10975609756098
			4.01219512195122	-2.10975609756098
			4.02439024390244	-2.10975609756098
			4.03658536585366	-2.10975609756098
			4.04878048780488	-2.10975609756098
			4.0609756097561	-2.10975609756098
			4.07317073170732	-2.10975609756098
			4.08536585365854	-2.10975609756098
			4.09756097560976	-2.10975609756098
			4.10975609756098	-2.10975609756098
			4.1219512195122	-2.10975609756098
			4.13414634146342	-2.10975609756098
			4.14634146341463	-2.10975609756098
			4.15853658536585	-2.09756097560976
			4.17073170731707	-2.09756097560976
			4.18292682926829	-2.09756097560976
			4.19512195121951	-2.09756097560976
			4.20731707317073	-2.09756097560976
			4.21951219512195	-2.09756097560976
			4.23170731707317	-2.09756097560976
			4.24390243902439	-2.09756097560976
			4.25609756097561	-2.09756097560976
			4.26829268292683	-2.08536585365854
			4.28048780487805	-2.08536585365854
			4.29268292682927	-2.08536585365854
			4.30487804878049	-2.08536585365854
			4.31707317073171	-2.08536585365854
			4.32926829268293	-2.08536585365854
			4.34146341463415	-2.07317073170732
			4.35365853658537	-2.07317073170732
			4.36585365853659	-2.07317073170732
			4.3780487804878	-2.07317073170732
			4.39024390243902	-2.07317073170732
			4.40243902439024	-2.07317073170732
			4.41463414634146	-2.07317073170732
			4.42682926829268	-2.08536585365854
			4.4390243902439	-2.08536585365854
			4.45121951219512	-2.08536585365854
			4.46341463414634	-2.08536585365854
			4.47560975609756	-2.08536585365854
			4.48780487804878	-2.08536585365854
			4.5	-2.08536585365854
			4.51219512195122	-2.09756097560976
			4.52439024390244	-2.09756097560976
			4.53658536585366	-2.09756097560976
			4.54878048780488	-2.10975609756098
			4.5609756097561	-2.10975609756098
			4.57317073170732	-2.10975609756098
			4.58536585365854	-2.1219512195122
			4.59756097560976	-2.1219512195122
			4.60975609756098	-2.1219512195122
			4.6219512195122	-2.13414634146341
			4.63414634146342	-2.13414634146341
			4.64634146341463	-2.13414634146341
			4.65853658536585	-2.14634146341463
			4.67073170731707	-2.15853658536585
			4.68292682926829	-2.15853658536585
			4.69512195121951	-2.17073170731707
			4.70731707317073	-2.18292682926829
			4.71951219512195	-2.19512195121951
			4.73170731707317	-2.20731707317073
			4.73170731707317	-2.21951219512195
			4.74390243902439	-2.23170731707317
			4.74390243902439	-2.24390243902439
			4.75609756097561	-2.25609756097561
			4.75609756097561	-2.26829268292683
			4.76829268292683	-2.28048780487805
			4.76829268292683	-2.29268292682927
			4.78048780487805	-2.30487804878049
			4.78048780487805	-2.31707317073171
			4.79268292682927	-2.32926829268293
			4.79268292682927	-2.34146341463415
			4.79268292682927	-2.35365853658537
			4.80487804878049	-2.36585365853659
			4.80487804878049	-2.3780487804878
			4.80487804878049	-2.39024390243902
			4.81707317073171	-2.40243902439024
			4.81707317073171	-2.41463414634146
			4.81707317073171	-2.42682926829268
			4.82926829268293	-2.4390243902439
			4.82926829268293	-2.45121951219512
			4.84146341463415	-2.46341463414634
			4.84146341463415	-2.47560975609756
			4.84146341463415	-2.48780487804878
			4.84146341463415	-2.5
			4.85365853658537	-2.51219512195122
			4.85365853658537	-2.52439024390244
			4.86585365853659	-2.53658536585366
			4.86585365853659	-2.54878048780488
			4.86585365853659	-2.5609756097561
			4.8780487804878	-2.57317073170732
			4.8780487804878	-2.58536585365854
			4.8780487804878	-2.59756097560976
			4.8780487804878	-2.60975609756098
			4.89024390243902	-2.6219512195122
			4.89024390243902	-2.63414634146341
			4.89024390243902	-2.64634146341463
			4.90243902439024	-2.65853658536585
			4.90243902439024	-2.67073170731707
			4.90243902439024	-2.68292682926829
			4.90243902439024	-2.69512195121951
			4.91463414634146	-2.70731707317073
			4.91463414634146	-2.71951219512195
			4.91463414634146	-2.73170731707317
			4.91463414634146	-2.74390243902439
			4.91463414634146	-2.75609756097561
			4.92682926829268	-2.76829268292683
			4.92682926829268	-2.78048780487805
			4.92682926829268	-2.79268292682927
			4.92682926829268	-2.80487804878049
			4.92682926829268	-2.81707317073171
			4.92682926829268	-2.82926829268293
			4.9390243902439	-2.84146341463415
			4.9390243902439	-2.85365853658537
			4.9390243902439	-2.86585365853659
			4.9390243902439	-2.8780487804878
			4.9390243902439	-2.89024390243902
			4.9390243902439	-2.90243902439024
			4.95121951219512	-2.91463414634146
			4.95121951219512	-2.92682926829268
			4.95121951219512	-2.9390243902439
			4.95121951219512	-2.95121951219512
			4.95121951219512	-2.96341463414634
			4.95121951219512	-2.97560975609756
			4.95121951219512	-2.98780487804878
			4.96341463414634	-3
			4.96341463414634	-3.01219512195122
			4.96341463414634	-3.02439024390244
			4.96341463414634	-3.03658536585366
			4.96341463414634	-3.04878048780488
			4.96341463414634	-3.0609756097561
			4.96341463414634	-3.07317073170732
			4.97560975609756	-3.08536585365854
			4.97560975609756	-3.09756097560976
			4.97560975609756	-3.10975609756098
			4.97560975609756	-3.1219512195122
			4.97560975609756	-3.13414634146341
			4.97560975609756	-3.14634146341463
			4.97560975609756	-3.15853658536585
			4.97560975609756	-3.17073170731707
			4.98780487804878	-3.18292682926829
			4.98780487804878	-3.19512195121951
			4.98780487804878	-3.20731707317073
			4.98780487804878	-3.21951219512195
			4.98780487804878	-3.23170731707317
			4.98780487804878	-3.24390243902439
			4.98780487804878	-3.25609756097561
			5	-3.26829268292683
			5	-3.28048780487805
			5	-3.29268292682927
			5	-3.30487804878049
			5	-3.31707317073171
			5	-3.32926829268293
			5	-3.34146341463415
			5	-3.35365853658537
			5	-3.36585365853659
			5.01219512195122	-3.37804878048781
			5.01219512195122	-3.39024390243902
			5.01219512195122	-3.40243902439024
			5.01219512195122	-3.41463414634146
			5.01219512195122	-3.42682926829268
			5.01219512195122	-3.4390243902439
			5.01219512195122	-3.45121951219512
			5.01219512195122	-3.46341463414634
			5.01219512195122	-3.47560975609756
			5.02439024390244	-3.48780487804878
			5.02439024390244	-3.5
			5.02439024390244	-3.51219512195122
			5.02439024390244	-3.52439024390244
			5.02439024390244	-3.53658536585366
			5.02439024390244	-3.54878048780488
			5.02439024390244	-3.5609756097561
			5.02439024390244	-3.57317073170732
			5.03658536585366	-3.58536585365854
			5.03658536585366	-3.59756097560976
			5.03658536585366	-3.60975609756098
			5.03658536585366	-3.6219512195122
			5.03658536585366	-3.63414634146341
			5.03658536585366	-3.64634146341463
			5.03658536585366	-3.65853658536585
			5.03658536585366	-3.67073170731707
			5.03658536585366	-3.68292682926829
			5.03658536585366	-3.69512195121951
			5.04878048780488	-3.70731707317073
			5.04878048780488	-3.71951219512195
			5.04878048780488	-3.73170731707317
			5.04878048780488	-3.74390243902439
			5.04878048780488	-3.75609756097561
			5.04878048780488	-3.76829268292683
			5.04878048780488	-3.78048780487805
			5.04878048780488	-3.79268292682927
			5.04878048780488	-3.80487804878049
			5.04878048780488	-3.81707317073171
			5.0609756097561	-3.82926829268293
			5.0609756097561	-3.84146341463415
			5.0609756097561	-3.85365853658537
			5.0609756097561	-3.86585365853659
			5.0609756097561	-3.87804878048781
			5.0609756097561	-3.89024390243902
			5.0609756097561	-3.90243902439024
			5.0609756097561	-3.91463414634146
			5.0609756097561	-3.92682926829268
			5.0609756097561	-3.9390243902439
			5.0609756097561	-3.95121951219512
			5.07317073170732	-3.96341463414634
			5.07317073170732	-3.97560975609756
			5.07317073170732	-3.98780487804878
			5.07317073170732	-4
			5.07317073170732	-4.01219512195122
			5.07317073170732	-4.02439024390244
			5.07317073170732	-4.03658536585366
			5.07317073170732	-4.04878048780488
			5.07317073170732	-4.0609756097561
			5.07317073170732	-4.07317073170732
			5.07317073170732	-4.08536585365854
			5.07317073170732	-4.09756097560976
			5.07317073170732	-4.10975609756098
			5.07317073170732	-4.1219512195122
			5.07317073170732	-4.13414634146342
			5.07317073170732	-4.14634146341463
			5.07317073170732	-4.15853658536585
			5.07317073170732	-4.17073170731707
			5.07317073170732	-4.18292682926829
			5.07317073170732	-4.19512195121951
			5.07317073170732	-4.20731707317073
			5.07317073170732	-4.21951219512195
			5.07317073170732	-4.23170731707317
			5.07317073170732	-4.24390243902439
			5.07317073170732	-4.25609756097561
			5.07317073170732	-4.26829268292683
			5.07317073170732	-4.28048780487805
			5.07317073170732	-4.29268292682927
			5.07317073170732	-4.30487804878049
			5.0609756097561	-4.31707317073171
			5.0609756097561	-4.32926829268293
			5.0609756097561	-4.34146341463415
			5.0609756097561	-4.35365853658537
			5.0609756097561	-4.36585365853659
			5.0609756097561	-4.3780487804878
			5.0609756097561	-4.39024390243902
			5.0609756097561	-4.40243902439024
			5.0609756097561	-4.41463414634146
			5.0609756097561	-4.42682926829268
			5.0609756097561	-4.4390243902439
			5.0609756097561	-4.45121951219512
			5.0609756097561	-4.46341463414634
			5.0609756097561	-4.47560975609756
			5.0609756097561	-4.48780487804878
			5.0609756097561	-4.5
			5.0609756097561	-4.51219512195122
			5.0609756097561	-4.52439024390244
			5.0609756097561	-4.53658536585366
			5.0609756097561	-4.54878048780488
			5.0609756097561	-4.5609756097561
			5.0609756097561	-4.57317073170732
			5.0609756097561	-4.58536585365854
			5.0609756097561	-4.59756097560976
			5.0609756097561	-4.60975609756098
			5.0609756097561	-4.6219512195122
			5.0609756097561	-4.63414634146342
			5.0609756097561	-4.64634146341463
			5.0609756097561	-4.65853658536585
			5.0609756097561	-4.67073170731707
			5.0609756097561	-4.68292682926829
			5.0609756097561	-4.69512195121951
			5.0609756097561	-4.70731707317073
			5.0609756097561	-4.71951219512195
			5.0609756097561	-4.73170731707317
			5.0609756097561	-4.74390243902439
			5.0609756097561	-4.75609756097561
			5.0609756097561	-4.76829268292683
			5.0609756097561	-4.78048780487805
			5.0609756097561	-4.79268292682927
			5.0609756097561	-4.80487804878049
			5.0609756097561	-4.81707317073171
			5.0609756097561	-4.82926829268293
			5.0609756097561	-4.84146341463415
			5.0609756097561	-4.85365853658537
			5.04878048780488	-4.86585365853659
			5.04878048780488	-4.8780487804878
			5.04878048780488	-4.89024390243902
			5.04878048780488	-4.90243902439024
			5.04878048780488	-4.91463414634146
			5.04878048780488	-4.92682926829268
			5.04878048780488	-4.9390243902439
			5.04878048780488	-4.95121951219512
			5.04878048780488	-4.96341463414634
			5.04878048780488	-4.97560975609756
			5.04878048780488	-4.98780487804878
			5.04878048780488	-5
			5.04878048780488	-5.01219512195122
			5.04878048780488	-5.02439024390244
			5.04878048780488	-5.03658536585366
			5.04878048780488	-5.04878048780488
			5.04878048780488	-5.0609756097561
			5.04878048780488	-5.07317073170732
			5.04878048780488	-5.08536585365854
			5.04878048780488	-5.09756097560976
			5.04878048780488	-5.10975609756098
			5.04878048780488	-5.09756097560976
			5.0609756097561	-5.08536585365854
			5.0609756097561	-5.07317073170732
			5.0609756097561	-5.0609756097561
			5.07317073170732	-5.04878048780488
			5.07317073170732	-5.03658536585366
			5.07317073170732	-5.02439024390244
			5.07317073170732	-5.01219512195122
			5.07317073170732	-5
			5.08536585365854	-4.98780487804878
			5.08536585365854	-4.97560975609756
			5.08536585365854	-4.96341463414634
			5.08536585365854	-4.95121951219512
			5.08536585365854	-4.9390243902439
			5.08536585365854	-4.92682926829268
			5.09756097560976	-4.91463414634146
			5.09756097560976	-4.90243902439024
			5.09756097560976	-4.89024390243902
			5.09756097560976	-4.8780487804878
			5.09756097560976	-4.86585365853659
			5.09756097560976	-4.85365853658537
			5.09756097560976	-4.84146341463415
			5.09756097560976	-4.82926829268293
			5.09756097560976	-4.81707317073171
			5.10975609756098	-4.80487804878049
			5.10975609756098	-4.79268292682927
			5.10975609756098	-4.78048780487805
			5.10975609756098	-4.76829268292683
			5.10975609756098	-4.75609756097561
			5.10975609756098	-4.74390243902439
			5.10975609756098	-4.73170731707317
			5.10975609756098	-4.71951219512195
			5.10975609756098	-4.70731707317073
			5.10975609756098	-4.69512195121951
			5.10975609756098	-4.68292682926829
			5.10975609756098	-4.67073170731707
			5.1219512195122	-4.65853658536585
			5.1219512195122	-4.64634146341463
			5.1219512195122	-4.63414634146342
			5.1219512195122	-4.6219512195122
			5.1219512195122	-4.60975609756098
			5.1219512195122	-4.59756097560976
			5.1219512195122	-4.58536585365854
			5.1219512195122	-4.57317073170732
			5.1219512195122	-4.5609756097561
			5.1219512195122	-4.54878048780488
			5.1219512195122	-4.53658536585366
			5.1219512195122	-4.52439024390244
			5.1219512195122	-4.51219512195122
			5.1219512195122	-4.5
			5.1219512195122	-4.48780487804878
			5.1219512195122	-4.47560975609756
			5.13414634146342	-4.46341463414634
			5.13414634146342	-4.45121951219512
			5.13414634146342	-4.4390243902439
			5.13414634146342	-4.42682926829268
			5.13414634146342	-4.41463414634146
			5.13414634146342	-4.40243902439024
			5.13414634146342	-4.39024390243902
			5.13414634146342	-4.3780487804878
			5.13414634146342	-4.36585365853659
			5.13414634146342	-4.35365853658537
			5.13414634146342	-4.34146341463415
			5.13414634146342	-4.32926829268293
			5.13414634146342	-4.31707317073171
			5.13414634146342	-4.30487804878049
			5.13414634146342	-4.29268292682927
			5.13414634146342	-4.28048780487805
			5.13414634146342	-4.26829268292683
			5.13414634146342	-4.25609756097561
			5.13414634146342	-4.24390243902439
			5.14634146341463	-4.23170731707317
			5.14634146341463	-4.21951219512195
			5.14634146341463	-4.20731707317073
			5.14634146341463	-4.19512195121951
			5.14634146341463	-4.18292682926829
			5.14634146341463	-4.17073170731707
			5.14634146341463	-4.15853658536585
			5.14634146341463	-4.14634146341463
			5.14634146341463	-4.13414634146342
			5.14634146341463	-4.1219512195122
			5.14634146341463	-4.10975609756098
			5.14634146341463	-4.09756097560976
			5.14634146341463	-4.08536585365854
			5.14634146341463	-4.07317073170732
			5.14634146341463	-4.0609756097561
			5.14634146341463	-4.04878048780488
			5.14634146341463	-4.03658536585366
			5.14634146341463	-4.02439024390244
			5.14634146341463	-4.01219512195122
			5.14634146341463	-4
			5.14634146341463	-3.98780487804878
			5.14634146341463	-3.97560975609756
			5.14634146341463	-3.96341463414634
			5.14634146341463	-3.95121951219512
			5.14634146341463	-3.9390243902439
			5.14634146341463	-3.92682926829268
			5.14634146341463	-3.91463414634146
			5.14634146341463	-3.90243902439024
			5.14634146341463	-3.89024390243902
			5.14634146341463	-3.87804878048781
			5.14634146341463	-3.86585365853659
			5.14634146341463	-3.85365853658537
			5.14634146341463	-3.84146341463415
			5.14634146341463	-3.82926829268293
			5.14634146341463	-3.81707317073171
			5.14634146341463	-3.80487804878049
			5.14634146341463	-3.79268292682927
			5.14634146341463	-3.78048780487805
			5.14634146341463	-3.76829268292683
			5.14634146341463	-3.75609756097561
			5.14634146341463	-3.74390243902439
			5.14634146341463	-3.73170731707317
			5.14634146341463	-3.71951219512195
			5.14634146341463	-3.70731707317073
			5.14634146341463	-3.69512195121951
			5.14634146341463	-3.68292682926829
			5.14634146341463	-3.67073170731707
			5.14634146341463	-3.65853658536585
			5.14634146341463	-3.64634146341463
			5.14634146341463	-3.63414634146341
			5.14634146341463	-3.6219512195122
			5.14634146341463	-3.60975609756098
			5.14634146341463	-3.59756097560976
			5.14634146341463	-3.58536585365854
			5.14634146341463	-3.57317073170732
			5.14634146341463	-3.5609756097561
			5.14634146341463	-3.54878048780488
			5.14634146341463	-3.53658536585366
			5.14634146341463	-3.52439024390244
			5.14634146341463	-3.51219512195122
			5.13414634146342	-3.5
			5.13414634146342	-3.48780487804878
			5.13414634146342	-3.47560975609756
			5.13414634146342	-3.46341463414634
			5.13414634146342	-3.45121951219512
			5.13414634146342	-3.4390243902439
			5.13414634146342	-3.42682926829268
			5.13414634146342	-3.41463414634146
			5.13414634146342	-3.40243902439024
			5.13414634146342	-3.39024390243902
			5.13414634146342	-3.37804878048781
			5.13414634146342	-3.36585365853659
			5.13414634146342	-3.35365853658537
			5.1219512195122	-3.34146341463415
			5.1219512195122	-3.32926829268293
			5.1219512195122	-3.31707317073171
			5.1219512195122	-3.30487804878049
			5.1219512195122	-3.29268292682927
			5.1219512195122	-3.28048780487805
			5.1219512195122	-3.26829268292683
			5.1219512195122	-3.25609756097561
			5.1219512195122	-3.24390243902439
			5.1219512195122	-3.23170731707317
			5.1219512195122	-3.21951219512195
			5.10975609756098	-3.21951219512195
			5.10975609756098	-3.20731707317073
			5.10975609756098	-3.19512195121951
			5.10975609756098	-3.18292682926829
			5.10975609756098	-3.17073170731707
			5.10975609756098	-3.15853658536585
			5.10975609756098	-3.14634146341463
			5.10975609756098	-3.13414634146341
			5.10975609756098	-3.1219512195122
			5.10975609756098	-3.10975609756098
			5.09756097560976	-3.09756097560976
			5.09756097560976	-3.08536585365854
			5.09756097560976	-3.07317073170732
			5.09756097560976	-3.0609756097561
			5.09756097560976	-3.04878048780488
			5.09756097560976	-3.03658536585366
			5.09756097560976	-3.02439024390244
			5.08536585365854	-3.01219512195122
			5.08536585365854	-3
			5.08536585365854	-2.98780487804878
			5.08536585365854	-2.97560975609756
			5.08536585365854	-2.96341463414634
			5.08536585365854	-2.95121951219512
			5.08536585365854	-2.9390243902439
			5.07317073170732	-2.92682926829268
			5.07317073170732	-2.91463414634146
			5.07317073170732	-2.90243902439024
			5.07317073170732	-2.89024390243902
			5.07317073170732	-2.8780487804878
			5.07317073170732	-2.86585365853659
			5.07317073170732	-2.85365853658537
			5.0609756097561	-2.84146341463415
			5.0609756097561	-2.82926829268293
			5.0609756097561	-2.81707317073171
			5.0609756097561	-2.80487804878049
			5.0609756097561	-2.79268292682927
			5.04878048780488	-2.78048780487805
			5.04878048780488	-2.76829268292683
			5.04878048780488	-2.75609756097561
			5.04878048780488	-2.74390243902439
			5.04878048780488	-2.73170731707317
			5.04878048780488	-2.71951219512195
			5.03658536585366	-2.70731707317073
			5.03658536585366	-2.69512195121951
			5.03658536585366	-2.68292682926829
			5.03658536585366	-2.67073170731707
			5.03658536585366	-2.65853658536585
			5.02439024390244	-2.64634146341463
			5.02439024390244	-2.63414634146341
			5.02439024390244	-2.6219512195122
			5.02439024390244	-2.60975609756098
			5.02439024390244	-2.59756097560976
			5.02439024390244	-2.58536585365854
			5.01219512195122	-2.57317073170732
			5.01219512195122	-2.5609756097561
			5.01219512195122	-2.54878048780488
			5.01219512195122	-2.53658536585366
			5	-2.52439024390244
			5	-2.51219512195122
			5	-2.5
			5	-2.48780487804878
			5	-2.47560975609756
			4.98780487804878	-2.46341463414634
			4.98780487804878	-2.45121951219512
			4.98780487804878	-2.4390243902439
			4.98780487804878	-2.42682926829268
			4.98780487804878	-2.41463414634146
			4.97560975609756	-2.40243902439024
			4.97560975609756	-2.39024390243902
			4.97560975609756	-2.3780487804878
			4.97560975609756	-2.36585365853659
			4.96341463414634	-2.35365853658537
			4.96341463414634	-2.34146341463415
			4.96341463414634	-2.32926829268293
			4.96341463414634	-2.31707317073171
			4.96341463414634	-2.30487804878049
			4.95121951219512	-2.30487804878049
			4.95121951219512	-2.29268292682927
			4.95121951219512	-2.28048780487805
			4.95121951219512	-2.26829268292683
			4.95121951219512	-2.25609756097561
			4.9390243902439	-2.24390243902439
			4.9390243902439	-2.23170731707317
			4.9390243902439	-2.21951219512195
			4.9390243902439	-2.20731707317073
			4.92682926829268	-2.19512195121951
			4.92682926829268	-2.18292682926829
			4.92682926829268	-2.17073170731707
			4.92682926829268	-2.15853658536585
			4.91463414634146	-2.14634146341463
			4.91463414634146	-2.13414634146341
			4.91463414634146	-2.1219512195122
			4.90243902439024	-2.10975609756098
			4.90243902439024	-2.09756097560976
			4.90243902439024	-2.08536585365854
			4.90243902439024	-2.07317073170732
			4.90243902439024	-2.0609756097561
			4.89024390243902	-2.04878048780488
			4.89024390243902	-2.03658536585366
		</posterior>
		<anterior type=matrix rownames=FALSE colnames=FALSE nrow=242 ncol=2 as.numeric=TRUE >
			2.70731707317073	-0.0731707317073171
			2.71951219512195	-0.0731707317073171
			2.73170731707317	-0.0731707317073171
			2.74390243902439	-0.0731707317073171
			2.75609756097561	-0.0731707317073171
			2.76829268292683	-0.0853658536585366
			2.78048780487805	-0.0853658536585366
			2.79268292682927	-0.0853658536585366
			2.80487804878049	-0.0853658536585366
			2.81707317073171	-0.0853658536585366
			2.82926829268293	-0.0853658536585366
			2.84146341463415	-0.0853658536585366
			2.85365853658537	-0.0975609756097561
			2.86585365853659	-0.0975609756097561
			2.8780487804878	-0.0975609756097561
			2.89024390243902	-0.0975609756097561
			2.90243902439024	-0.0975609756097561
			2.91463414634146	-0.0975609756097561
			2.92682926829268	-0.0975609756097561
			2.9390243902439	-0.109756097560976
			2.95121951219512	-0.109756097560976
			2.96341463414634	-0.109756097560976
			2.97560975609756	-0.109756097560976
			2.98780487804878	-0.109756097560976
			3	-0.109756097560976
			3.01219512195122	-0.121951219512195
			3.02439024390244	-0.121951219512195
			3.03658536585366	-0.121951219512195
			3.04878048780488	-0.121951219512195
			3.0609756097561	-0.134146341463415
			3.07317073170732	-0.134146341463415
			3.08536585365854	-0.134146341463415
			3.09756097560976	-0.134146341463415
			3.10975609756098	-0.134146341463415
			3.1219512195122	-0.146341463414634
			3.13414634146341	-0.146341463414634
			3.14634146341463	-0.146341463414634
			3.15853658536585	-0.146341463414634
			3.17073170731707	-0.158536585365854
			3.18292682926829	-0.158536585365854
			3.19512195121951	-0.158536585365854
			3.20731707317073	-0.158536585365854
			3.21951219512195	-0.170731707317073
			3.23170731707317	-0.170731707317073
			3.24390243902439	-0.170731707317073
			3.25609756097561	-0.182926829268293
			3.26829268292683	-0.182926829268293
			3.28048780487805	-0.182926829268293
			3.29268292682927	-0.195121951219512
			3.30487804878049	-0.195121951219512
			3.31707317073171	-0.195121951219512
			3.32926829268293	-0.207317073170732
			3.34146341463415	-0.207317073170732
			3.35365853658537	-0.207317073170732
			3.36585365853659	-0.219512195121951
			3.37804878048781	-0.219512195121951
			3.39024390243902	-0.219512195121951
			3.40243902439024	-0.231707317073171
			3.41463414634146	-0.231707317073171
			3.42682926829268	-0.231707317073171
			3.4390243902439	-0.24390243902439
			3.45121951219512	-0.24390243902439
			3.46341463414634	-0.25609756097561
			3.47560975609756	-0.25609756097561
			3.48780487804878	-0.25609756097561
			3.5	-0.268292682926829
			3.51219512195122	-0.268292682926829
			3.52439024390244	-0.280487804878049
			3.53658536585366	-0.280487804878049
			3.54878048780488	-0.280487804878049
			3.5609756097561	-0.292682926829268
			3.57317073170732	-0.304878048780488
			3.58536585365854	-0.304878048780488
			3.59756097560976	-0.317073170731707
			3.60975609756098	-0.317073170731707
			3.6219512195122	-0.329268292682927
			3.63414634146341	-0.329268292682927
			3.64634146341463	-0.329268292682927
			3.65853658536585	-0.341463414634146
			3.67073170731707	-0.341463414634146
			3.68292682926829	-0.353658536585366
			3.69512195121951	-0.365853658536585
			3.70731707317073	-0.365853658536585
			3.71951219512195	-0.378048780487805
			3.73170731707317	-0.378048780487805
			3.74390243902439	-0.390243902439024
			3.75609756097561	-0.402439024390244
			3.76829268292683	-0.402439024390244
			3.78048780487805	-0.414634146341463
			3.79268292682927	-0.426829268292683
			3.80487804878049	-0.426829268292683
			3.81707317073171	-0.439024390243902
			3.82926829268293	-0.451219512195122
			3.84146341463415	-0.463414634146341
			3.85365853658537	-0.463414634146341
			3.86585365853659	-0.475609756097561
			3.87804878048781	-0.48780487804878
			3.89024390243902	-0.48780487804878
			3.90243902439024	-0.5
			3.91463414634146	-0.51219512195122
			3.92682926829268	-0.524390243902439
			3.9390243902439	-0.524390243902439
			3.95121951219512	-0.536585365853659
			3.96341463414634	-0.548780487804878
			3.97560975609756	-0.560975609756098
			3.98780487804878	-0.560975609756098
			4	-0.573170731707317
			4.01219512195122	-0.585365853658537
			4.02439024390244	-0.597560975609756
			4.03658536585366	-0.609756097560976
			4.04878048780488	-0.621951219512195
			4.0609756097561	-0.634146341463415
			4.07317073170732	-0.646341463414634
			4.08536585365854	-0.658536585365854
			4.09756097560976	-0.658536585365854
			4.09756097560976	-0.670731707317073
			4.10975609756098	-0.670731707317073
			4.1219512195122	-0.682926829268293
			4.1219512195122	-0.695121951219512
			4.13414634146342	-0.695121951219512
			4.14634146341463	-0.707317073170732
			4.15853658536585	-0.719512195121951
			4.17073170731707	-0.731707317073171
			4.18292682926829	-0.74390243902439
			4.19512195121951	-0.75609756097561
			4.20731707317073	-0.768292682926829
			4.21951219512195	-0.780487804878049
			4.23170731707317	-0.792682926829268
			4.24390243902439	-0.804878048780488
			4.25609756097561	-0.817073170731707
			4.26829268292683	-0.829268292682927
			4.26829268292683	-0.841463414634146
			4.28048780487805	-0.853658536585366
			4.29268292682927	-0.865853658536585
			4.30487804878049	-0.865853658536585
			4.31707317073171	-0.878048780487805
			4.32926829268293	-0.890243902439024
			4.32926829268293	-0.902439024390244
			4.34146341463415	-0.914634146341463
			4.35365853658537	-0.926829268292683
			4.36585365853659	-0.939024390243902
			4.36585365853659	-0.951219512195122
			4.3780487804878	-0.963414634146342
			4.39024390243902	-0.975609756097561
			4.40243902439024	-0.98780487804878
			4.40243902439024	-1
			4.41463414634146	-1.01219512195122
			4.42682926829268	-1.02439024390244
			4.4390243902439	-1.03658536585366
			4.4390243902439	-1.04878048780488
			4.45121951219512	-1.0609756097561
			4.46341463414634	-1.0609756097561
			4.46341463414634	-1.07317073170732
			4.47560975609756	-1.08536585365854
			4.48780487804878	-1.09756097560976
			4.5	-1.10975609756098
			4.5	-1.1219512195122
			4.51219512195122	-1.13414634146341
			4.52439024390244	-1.14634146341463
			4.52439024390244	-1.15853658536585
			4.53658536585366	-1.17073170731707
			4.53658536585366	-1.18292682926829
			4.54878048780488	-1.19512195121951
			4.5609756097561	-1.20731707317073
			4.5609756097561	-1.21951219512195
			4.57317073170732	-1.23170731707317
			4.57317073170732	-1.24390243902439
			4.58536585365854	-1.24390243902439
			4.58536585365854	-1.25609756097561
			4.58536585365854	-1.26829268292683
			4.59756097560976	-1.26829268292683
			4.59756097560976	-1.28048780487805
			4.60975609756098	-1.29268292682927
			4.60975609756098	-1.30487804878049
			4.6219512195122	-1.31707317073171
			4.6219512195122	-1.32926829268293
			4.63414634146342	-1.34146341463415
			4.63414634146342	-1.35365853658537
			4.64634146341463	-1.36585365853659
			4.64634146341463	-1.3780487804878
			4.65853658536585	-1.39024390243902
			4.65853658536585	-1.40243902439024
			4.67073170731707	-1.41463414634146
			4.67073170731707	-1.42682926829268
			4.68292682926829	-1.4390243902439
			4.68292682926829	-1.45121951219512
			4.69512195121951	-1.46341463414634
			4.70731707317073	-1.47560975609756
			4.70731707317073	-1.48780487804878
			4.70731707317073	-1.5
			4.71951219512195	-1.5
			4.71951219512195	-1.51219512195122
			4.71951219512195	-1.52439024390244
			4.71951219512195	-1.53658536585366
			4.73170731707317	-1.53658536585366
			4.73170731707317	-1.54878048780488
			4.73170731707317	-1.5609756097561
			4.74390243902439	-1.5609756097561
			4.74390243902439	-1.57317073170732
			4.74390243902439	-1.58536585365854
			4.75609756097561	-1.58536585365854
			4.75609756097561	-1.59756097560976
			4.75609756097561	-1.60975609756098
			4.75609756097561	-1.6219512195122
			4.76829268292683	-1.6219512195122
			4.76829268292683	-1.63414634146341
			4.76829268292683	-1.64634146341463
			4.78048780487805	-1.64634146341463
			4.78048780487805	-1.65853658536585
			4.78048780487805	-1.67073170731707
			4.78048780487805	-1.68292682926829
			4.79268292682927	-1.68292682926829
			4.79268292682927	-1.69512195121951
			4.79268292682927	-1.70731707317073
			4.80487804878049	-1.71951219512195
			4.80487804878049	-1.73170731707317
			4.80487804878049	-1.74390243902439
			4.81707317073171	-1.75609756097561
			4.81707317073171	-1.76829268292683
			4.81707317073171	-1.78048780487805
			4.82926829268293	-1.79268292682927
			4.82926829268293	-1.80487804878049
			4.82926829268293	-1.81707317073171
			4.84146341463415	-1.82926829268293
			4.84146341463415	-1.84146341463415
			4.84146341463415	-1.85365853658537
			4.85365853658537	-1.86585365853659
			4.85365853658537	-1.8780487804878
			4.85365853658537	-1.89024390243902
			4.85365853658537	-1.90243902439024
			4.85365853658537	-1.91463414634146
			4.86585365853659	-1.91463414634146
			4.86585365853659	-1.92682926829268
			4.86585365853659	-1.9390243902439
			4.86585365853659	-1.95121951219512
			4.8780487804878	-1.96341463414634
			4.8780487804878	-1.97560975609756
			4.8780487804878	-1.98780487804878
			4.8780487804878	-2
			4.89024390243902	-2.01219512195122
			4.89024390243902	-2.02439024390244
			4.89024390243902	-2.03658536585366
		</anterior>
	</curves.scaled>
	<ruler.points type=matrix rownames=TRUE colnames=FALSE nrow=2 ncol=2 as.numeric=TRUE >
		Ruler point 1	13	4
		Ruler point 2	13	168
	</ruler.points>
</shapes>

