<shapes type=list>
	<ruler.pixel type=vector names=FALSE length=1 as.numeric=TRUE >419</ruler.pixel>
	<ruler.interval type=vector names=FALSE length=1 as.numeric=TRUE >12.6</ruler.interval>
	<scaling.units type=vector names=FALSE length=1 as.numeric=FALSE >mm</scaling.units>
	<scaling type=vector names=FALSE length=1 as.numeric=TRUE >0.0300715990453461</scaling>
	<landmarks.pixel type=matrix rownames=TRUE colnames=FALSE nrow=12 ncol=2 as.numeric=TRUE >
		LM1	374	207
		LM2	374	286
		LM3	374	587
		LM4	374	615
		LM5	504	559
		LM6	503	582
		LM7	502	603
		LM8	495	404
		LM9	511	488
		LM10	374	207
		LM11	666	586
		LM12	657	608
	</landmarks.pixel>
	<landmarks.scaled type=matrix rownames=TRUE colnames=FALSE nrow=12 ncol=2 as.numeric=TRUE >
		LM1	11.2467780429594	-6.22482100238663
		LM2	11.2467780429594	-8.60047732696897
		LM3	11.2467780429594	-17.6520286396181
		LM4	11.2467780429594	-18.4940334128878
		LM5	15.1560859188544	-16.8100238663484
		LM6	15.1260143198091	-17.5016706443914
		LM7	15.0959427207637	-18.1331742243437
		LM8	14.8854415274463	-12.1489260143198
		LM9	15.3665871121718	-14.6749403341289
		LM10	11.2467780429594	-6.22482100238663
		LM11	20.0276849642005	-17.6219570405728
		LM12	19.7570405727924	-18.2835322195704
	</landmarks.scaled>
	<curves.control type=list>
		<glabella type=matrix rownames=FALSE colnames=FALSE nrow=9 ncol=2 as.numeric=TRUE >
			374	286
			419	287
			446	315
			473	359
			470	419
			463	445
			487	500
			514	570
			502	603
		</glabella>
		<suture type=matrix rownames=FALSE colnames=FALSE nrow=19 ncol=2 as.numeric=TRUE >
			374	207
			399	218
			444	226
			502	250
			517	267
			535	287
			525	337
			512	359
			498	377
			492	391
			493	406
			562	423
			535	475
			522	486
			507	489
			508	507
			533	512
			708	499
			657	608
		</suture>
	</curves.control>
	<curves.pixel type=list>
		<glabella type=matrix rownames=FALSE colnames=FALSE nrow=369 ncol=2 as.numeric=TRUE >
			374	286
			375	286
			376	286
			377	286
			378	286
			379	286
			380	286
			381	286
			382	286
			383	287
			384	287
			385	287
			386	287
			387	287
			388	287
			389	287
			390	287
			391	287
			392	288
			393	288
			394	288
			395	288
			396	288
			397	288
			397	289
			398	289
			399	289
			400	289
			401	289
			402	290
			403	290
			404	290
			405	291
			406	291
			407	291
			408	291
			409	292
			410	292
			411	292
			412	293
			413	293
			414	294
			415	294
			416	294
			417	295
			418	295
			419	296
			420	296
			421	296
			421	297
			422	297
			423	298
			424	298
			425	299
			426	299
			427	300
			428	300
			428	301
			429	301
			430	302
			431	302
			432	303
			433	304
			434	305
			435	305
			436	306
			437	307
			438	308
			439	308
			440	309
			441	310
			442	311
			443	312
			444	313
			445	314
			446	315
			447	316
			447	317
			448	318
			448	319
			449	320
			450	321
			450	322
			451	323
			451	324
			452	325
			452	326
			453	327
			453	328
			454	329
			454	330
			455	331
			455	332
			456	333
			456	334
			456	335
			457	336
			457	337
			458	338
			458	339
			458	340
			459	341
			459	342
			460	343
			460	344
			460	345
			461	346
			461	347
			461	348
			462	349
			462	350
			462	351
			462	352
			463	353
			463	354
			463	355
			464	356
			464	357
			464	358
			464	359
			465	360
			465	361
			465	362
			465	363
			466	364
			466	365
			466	366
			466	367
			467	368
			467	369
			467	370
			467	371
			467	372
			468	373
			468	374
			468	375
			468	376
			468	377
			468	378
			468	379
			469	380
			469	381
			469	382
			469	383
			469	384
			469	385
			469	386
			469	387
			469	388
			470	389
			470	390
			470	391
			470	392
			470	393
			470	394
			470	395
			470	396
			470	397
			470	398
			470	399
			470	400
			470	401
			470	402
			470	403
			470	404
			470	405
			470	406
			470	407
			470	408
			470	409
			470	410
			470	411
			470	412
			470	413
			470	414
			470	415
			470	416
			470	417
			470	418
			470	419
			470	420
			470	421
			469	422
			469	423
			469	424
			469	425
			469	426
			469	427
			469	428
			469	429
			468	429
			468	430
			468	431
			468	432
			468	433
			468	434
			468	435
			469	436
			469	437
			469	438
			469	439
			469	440
			469	441
			469	442
			469	443
			469	444
			470	445
			470	446
			470	447
			470	448
			470	449
			470	450
			470	451
			471	451
			471	452
			471	453
			471	454
			471	455
			472	456
			472	457
			472	458
			472	459
			473	460
			473	461
			473	462
			473	463
			474	464
			474	465
			474	466
			475	467
			475	468
			475	469
			475	470
			476	471
			476	472
			476	473
			477	473
			477	474
			477	475
			478	476
			478	477
			478	478
			479	479
			479	480
			479	481
			480	482
			480	483
			480	484
			481	485
			481	486
			481	487
			482	488
			482	489
			483	490
			483	491
			484	492
			484	493
			484	494
			485	494
			485	495
			485	496
			486	497
			486	498
			487	499
			487	500
			487	501
			488	502
			488	503
			489	504
			489	505
			489	506
			490	507
			490	508
			491	509
			491	510
			491	511
			491	512
			492	513
			492	514
			493	515
			493	516
			493	517
			493	518
			494	519
			494	520
			494	521
			495	522
			495	523
			496	524
			496	525
			496	526
			496	527
			497	527
			497	528
			497	529
			497	530
			498	531
			498	532
			498	533
			498	534
			499	535
			499	536
			499	537
			499	538
			500	539
			500	540
			500	541
			501	542
			501	543
			501	544
			501	545
			502	546
			502	547
			502	548
			502	549
			502	550
			503	551
			503	552
			503	553
			503	554
			503	555
			503	556
			504	557
			504	558
			504	559
			504	560
			504	561
			504	562
			505	563
			505	564
			505	565
			505	566
			505	567
			505	568
			505	569
			505	570
			505	571
			505	572
			506	573
			506	574
			506	575
			506	576
			506	577
			506	578
			506	579
			506	580
			506	581
			506	582
			506	583
			506	584
			506	585
			505	586
			505	587
			505	588
			505	589
			505	590
			505	591
			505	592
			505	593
			504	594
			504	595
			504	596
			504	597
			504	598
			503	599
			503	600
			503	601
			502	602
			502	603
		</glabella>
		<suture type=matrix rownames=FALSE colnames=FALSE nrow=657 ncol=2 as.numeric=TRUE >
			374	207
			375	207
			375	208
			376	208
			377	208
			378	209
			379	209
			380	210
			381	210
			382	210
			383	211
			384	211
			385	211
			386	212
			387	212
			388	212
			389	213
			390	213
			391	214
			392	214
			393	214
			394	214
			395	215
			396	215
			397	215
			398	215
			399	216
			400	216
			401	216
			401	217
			402	217
			403	217
			404	217
			405	218
			406	218
			407	218
			408	218
			409	219
			410	219
			411	219
			412	219
			413	220
			414	220
			415	220
			416	220
			417	221
			418	221
			419	221
			420	221
			421	221
			422	222
			423	222
			424	222
			425	222
			426	223
			427	223
			428	223
			429	223
			430	223
			431	224
			432	224
			433	224
			434	224
			435	224
			436	225
			437	225
			438	225
			439	225
			440	225
			441	226
			442	226
			443	226
			444	226
			445	227
			446	227
			447	227
			448	228
			449	228
			450	229
			451	229
			452	229
			453	230
			454	230
			455	231
			456	231
			457	231
			457	232
			458	232
			459	233
			460	233
			461	233
			462	234
			463	234
			464	234
			464	235
			465	235
			466	236
			467	236
			468	236
			469	237
			470	238
			471	238
			472	238
			473	239
			474	239
			475	240
			476	240
			477	241
			478	241
			479	242
			480	242
			481	243
			482	243
			483	244
			484	245
			485	245
			486	246
			487	246
			488	247
			489	247
			490	248
			491	248
			492	249
			493	249
			494	250
			495	251
			496	251
			497	252
			498	252
			499	253
			500	253
			501	254
			502	255
			503	255
			504	256
			505	257
			506	258
			507	258
			508	259
			509	260
			510	260
			510	261
			511	261
			512	262
			513	263
			514	264
			515	265
			516	266
			517	267
			518	268
			519	269
			519	270
			520	271
			521	272
			521	273
			522	274
			522	275
			523	276
			523	277
			524	278
			524	279
			525	280
			525	281
			525	282
			526	283
			526	284
			526	285
			527	286
			527	287
			527	288
			527	289
			527	290
			528	291
			528	292
			528	293
			528	294
			528	295
			528	296
			528	297
			528	298
			528	299
			528	300
			528	301
			529	302
			529	303
			529	304
			529	305
			529	306
			529	307
			529	308
			528	309
			528	310
			528	311
			528	312
			528	313
			528	314
			528	315
			528	316
			528	317
			528	318
			528	319
			528	320
			528	321
			527	322
			527	323
			527	324
			527	325
			527	326
			527	327
			527	328
			526	329
			526	330
			526	331
			526	332
			526	333
			526	334
			525	335
			525	336
			525	337
			525	338
			524	338
			524	339
			523	340
			523	341
			522	341
			522	342
			521	343
			521	344
			520	345
			520	346
			519	346
			519	347
			518	348
			518	349
			517	350
			516	351
			516	352
			515	353
			514	354
			514	355
			513	356
			512	357
			512	358
			511	359
			510	360
			510	361
			509	362
			509	363
			508	364
			507	365
			506	366
			505	367
			504	368
			504	369
			503	370
			503	371
			502	372
			501	373
			500	374
			500	375
			499	375
			499	376
			498	377
			498	378
			497	379
			497	380
			496	381
			496	382
			496	383
			495	384
			495	385
			495	386
			495	387
			495	388
			494	388
			494	389
			494	390
			494	391
			494	392
			494	393
			493	393
			493	394
			493	395
			493	396
			493	397
			493	398
			493	399
			493	400
			493	401
			493	402
			493	403
			493	404
			493	405
			493	406
			494	406
			495	407
			496	407
			497	407
			498	407
			499	408
			500	408
			501	408
			502	408
			503	409
			504	409
			505	409
			506	410
			507	410
			508	410
			509	411
			510	411
			511	411
			511	412
			512	412
			513	413
			514	413
			515	413
			516	414
			517	414
			518	415
			519	415
			520	416
			521	416
			522	417
			523	418
			524	418
			525	419
			526	420
			527	420
			528	421
			529	422
			530	422
			530	423
			531	424
			532	424
			533	425
			533	426
			534	426
			535	427
			535	428
			536	429
			537	430
			537	431
			538	432
			539	433
			539	434
			540	435
			540	436
			540	437
			541	438
			541	439
			541	440
			542	441
			542	442
			542	443
			542	444
			542	445
			543	446
			543	447
			543	448
			543	449
			543	450
			543	451
			542	452
			542	453
			542	454
			542	455
			542	456
			542	457
			542	458
			541	458
			541	459
			541	460
			541	461
			540	462
			540	463
			540	464
			539	465
			539	466
			539	467
			538	468
			538	469
			537	470
			537	471
			537	472
			536	473
			536	474
			535	475
			534	476
			533	477
			532	477
			531	478
			530	479
			529	480
			528	480
			527	481
			526	482
			525	482
			524	483
			523	483
			522	484
			521	484
			520	485
			519	485
			518	486
			517	486
			516	486
			515	487
			514	487
			513	488
			512	488
			511	488
			510	488
			509	489
			508	489
			507	489
			507	490
			507	491
			507	492
			508	493
			508	494
			508	495
			508	496
			509	497
			509	498
			510	499
			510	500
			511	501
			512	501
			512	502
			513	503
			514	503
			514	504
			515	505
			516	505
			517	506
			518	507
			519	507
			520	508
			521	508
			522	509
			523	509
			524	510
			525	510
			526	510
			527	510
			527	511
			528	511
			529	511
			530	511
			531	511
			531	512
			532	512
			533	512
			534	512
			535	512
			536	512
			537	512
			538	512
			539	512
			540	512
			541	511
			542	511
			543	511
			544	511
			545	511
			546	511
			547	511
			548	511
			549	511
			550	511
			551	511
			552	511
			553	511
			554	511
			555	511
			556	511
			557	511
			558	511
			559	511
			560	511
			561	511
			562	511
			563	511
			564	511
			565	511
			566	511
			567	511
			568	511
			569	511
			570	511
			571	511
			572	511
			573	511
			574	511
			575	511
			576	511
			577	511
			578	511
			579	511
			580	511
			581	511
			582	511
			583	511
			584	511
			585	511
			586	511
			587	511
			588	511
			589	511
			590	511
			591	511
			592	512
			593	512
			594	512
			595	512
			596	512
			597	512
			598	512
			599	512
			600	512
			601	512
			602	512
			602	513
			603	513
			604	513
			605	513
			606	513
			607	513
			608	513
			609	513
			609	514
			610	514
			611	514
			612	514
			613	514
			614	514
			615	515
			616	515
			617	515
			618	515
			619	515
			620	516
			621	516
			622	516
			623	517
			624	517
			625	517
			626	517
			627	518
			628	518
			629	518
			630	519
			631	519
			632	519
			633	520
			634	520
			635	520
			636	521
			637	521
			638	522
			639	522
			640	523
			641	523
			642	524
			643	524
			644	525
			645	525
			646	526
			647	526
			648	527
			649	528
			650	528
			651	529
			652	530
			653	531
			654	531
			655	532
			655	533
			656	534
			657	534
			658	535
			658	536
			659	537
			660	538
			661	539
			662	540
			662	541
			663	542
			663	543
			664	544
			664	545
			665	546
			665	547
			666	548
			666	549
			666	550
			666	551
			667	551
			667	552
			667	553
			667	554
			668	555
			668	556
			668	557
			668	558
			668	559
			668	560
			668	561
			668	562
			668	563
			668	564
			669	565
			669	566
			668	567
			668	568
			668	569
			668	570
			668	571
			668	572
			668	573
			668	574
			668	575
			668	576
			667	576
			667	577
			667	578
			667	579
			667	580
			667	581
			666	582
			666	583
			666	584
			666	585
			665	586
			665	587
			665	588
			664	589
			664	590
			664	591
			663	592
			663	593
			663	594
			662	595
			662	596
			662	597
			661	598
			661	599
			660	600
			660	601
			660	602
			659	603
			659	604
			658	605
			658	606
			657	607
			657	608
		</suture>
	</curves.pixel>
	<curves.scaled type=list>
		<glabella type=matrix rownames=FALSE colnames=FALSE nrow=369 ncol=2 as.numeric=TRUE >
			11.2467780429594	-8.60047732696897
			11.2768496420048	-8.60047732696897
			11.3069212410501	-8.60047732696897
			11.3369928400955	-8.60047732696897
			11.3670644391408	-8.60047732696897
			11.3971360381862	-8.60047732696897
			11.4272076372315	-8.60047732696897
			11.4572792362768	-8.60047732696897
			11.4873508353222	-8.60047732696897
			11.5174224343675	-8.63054892601432
			11.5474940334129	-8.63054892601432
			11.5775656324582	-8.63054892601432
			11.6076372315036	-8.63054892601432
			11.6377088305489	-8.63054892601432
			11.6677804295943	-8.63054892601432
			11.6978520286396	-8.63054892601432
			11.727923627685	-8.63054892601432
			11.7579952267303	-8.63054892601432
			11.7880668257757	-8.66062052505966
			11.818138424821	-8.66062052505966
			11.8482100238663	-8.66062052505966
			11.8782816229117	-8.66062052505966
			11.908353221957	-8.66062052505966
			11.9384248210024	-8.66062052505966
			11.9384248210024	-8.69069212410501
			11.9684964200477	-8.69069212410501
			11.9985680190931	-8.69069212410501
			12.0286396181384	-8.69069212410501
			12.0587112171838	-8.69069212410501
			12.0887828162291	-8.72076372315036
			12.1188544152745	-8.72076372315036
			12.1489260143198	-8.72076372315036
			12.1789976133652	-8.7508353221957
			12.2090692124105	-8.7508353221957
			12.2391408114558	-8.7508353221957
			12.2692124105012	-8.7508353221957
			12.2992840095465	-8.78090692124105
			12.3293556085919	-8.78090692124105
			12.3594272076372	-8.78090692124105
			12.3894988066826	-8.8109785202864
			12.4195704057279	-8.8109785202864
			12.4496420047733	-8.84105011933174
			12.4797136038186	-8.84105011933174
			12.509785202864	-8.84105011933174
			12.5398568019093	-8.87112171837709
			12.5699284009547	-8.87112171837709
			12.6	-8.90119331742243
			12.6300715990453	-8.90119331742243
			12.6601431980907	-8.90119331742243
			12.6601431980907	-8.93126491646778
			12.690214797136	-8.93126491646778
			12.7202863961814	-8.96133651551313
			12.7503579952267	-8.96133651551313
			12.7804295942721	-8.99140811455847
			12.8105011933174	-8.99140811455847
			12.8405727923628	-9.02147971360382
			12.8706443914081	-9.02147971360382
			12.8706443914081	-9.05155131264917
			12.9007159904535	-9.05155131264917
			12.9307875894988	-9.08162291169451
			12.9608591885442	-9.08162291169451
			12.9909307875895	-9.11169451073986
			13.0210023866348	-9.1417661097852
			13.0510739856802	-9.17183770883055
			13.0811455847255	-9.17183770883055
			13.1112171837709	-9.20190930787589
			13.1412887828162	-9.23198090692124
			13.1713603818616	-9.26205250596659
			13.2014319809069	-9.26205250596659
			13.2315035799523	-9.29212410501193
			13.2615751789976	-9.32219570405728
			13.291646778043	-9.35226730310263
			13.3217183770883	-9.38233890214797
			13.3517899761337	-9.41241050119332
			13.381861575179	-9.44248210023866
			13.4119331742243	-9.47255369928401
			13.4420047732697	-9.50262529832936
			13.4420047732697	-9.5326968973747
			13.472076372315	-9.56276849642005
			13.472076372315	-9.59284009546539
			13.5021479713604	-9.62291169451074
			13.5322195704057	-9.65298329355609
			13.5322195704057	-9.68305489260143
			13.5622911694511	-9.71312649164678
			13.5622911694511	-9.74319809069212
			13.5923627684964	-9.77326968973747
			13.5923627684964	-9.80334128878282
			13.6224343675418	-9.83341288782816
			13.6224343675418	-9.86348448687351
			13.6525059665871	-9.89355608591885
			13.6525059665871	-9.9236276849642
			13.6825775656325	-9.95369928400955
			13.6825775656325	-9.98377088305489
			13.7126491646778	-10.0138424821002
			13.7126491646778	-10.0439140811456
			13.7126491646778	-10.0739856801909
			13.7427207637232	-10.1040572792363
			13.7427207637232	-10.1341288782816
			13.7727923627685	-10.164200477327
			13.7727923627685	-10.1942720763723
			13.7727923627685	-10.2243436754177
			13.8028639618138	-10.254415274463
			13.8028639618138	-10.2844868735084
			13.8329355608592	-10.3145584725537
			13.8329355608592	-10.344630071599
			13.8329355608592	-10.3747016706444
			13.8630071599045	-10.4047732696897
			13.8630071599045	-10.4348448687351
			13.8630071599045	-10.4649164677804
			13.8930787589499	-10.4949880668258
			13.8930787589499	-10.5250596658711
			13.8930787589499	-10.5551312649165
			13.8930787589499	-10.5852028639618
			13.9231503579952	-10.6152744630072
			13.9231503579952	-10.6453460620525
			13.9231503579952	-10.6754176610979
			13.9532219570406	-10.7054892601432
			13.9532219570406	-10.7355608591885
			13.9532219570406	-10.7656324582339
			13.9532219570406	-10.7957040572792
			13.9832935560859	-10.8257756563246
			13.9832935560859	-10.8558472553699
			13.9832935560859	-10.8859188544153
			13.9832935560859	-10.9159904534606
			14.0133651551313	-10.946062052506
			14.0133651551313	-10.9761336515513
			14.0133651551313	-11.0062052505967
			14.0133651551313	-11.036276849642
			14.0434367541766	-11.0663484486874
			14.0434367541766	-11.0964200477327
			14.0434367541766	-11.126491646778
			14.0434367541766	-11.1565632458234
			14.0434367541766	-11.1866348448687
			14.073508353222	-11.2167064439141
			14.073508353222	-11.2467780429594
			14.073508353222	-11.2768496420048
			14.073508353222	-11.3069212410501
			14.073508353222	-11.3369928400955
			14.073508353222	-11.3670644391408
			14.073508353222	-11.3971360381862
			14.1035799522673	-11.4272076372315
			14.1035799522673	-11.4572792362768
			14.1035799522673	-11.4873508353222
			14.1035799522673	-11.5174224343675
			14.1035799522673	-11.5474940334129
			14.1035799522673	-11.5775656324582
			14.1035799522673	-11.6076372315036
			14.1035799522673	-11.6377088305489
			14.1035799522673	-11.6677804295943
			14.1336515513126	-11.6978520286396
			14.1336515513126	-11.727923627685
			14.1336515513126	-11.7579952267303
			14.1336515513126	-11.7880668257757
			14.1336515513126	-11.818138424821
			14.1336515513126	-11.8482100238663
			14.1336515513126	-11.8782816229117
			14.1336515513126	-11.908353221957
			14.1336515513126	-11.9384248210024
			14.1336515513126	-11.9684964200477
			14.1336515513126	-11.9985680190931
			14.1336515513126	-12.0286396181384
			14.1336515513126	-12.0587112171838
			14.1336515513126	-12.0887828162291
			14.1336515513126	-12.1188544152745
			14.1336515513126	-12.1489260143198
			14.1336515513126	-12.1789976133652
			14.1336515513126	-12.2090692124105
			14.1336515513126	-12.2391408114558
			14.1336515513126	-12.2692124105012
			14.1336515513126	-12.2992840095465
			14.1336515513126	-12.3293556085919
			14.1336515513126	-12.3594272076372
			14.1336515513126	-12.3894988066826
			14.1336515513126	-12.4195704057279
			14.1336515513126	-12.4496420047733
			14.1336515513126	-12.4797136038186
			14.1336515513126	-12.509785202864
			14.1336515513126	-12.5398568019093
			14.1336515513126	-12.5699284009547
			14.1336515513126	-12.6
			14.1336515513126	-12.6300715990453
			14.1336515513126	-12.6601431980907
			14.1035799522673	-12.690214797136
			14.1035799522673	-12.7202863961814
			14.1035799522673	-12.7503579952267
			14.1035799522673	-12.7804295942721
			14.1035799522673	-12.8105011933174
			14.1035799522673	-12.8405727923628
			14.1035799522673	-12.8706443914081
			14.1035799522673	-12.9007159904535
			14.073508353222	-12.9007159904535
			14.073508353222	-12.9307875894988
			14.073508353222	-12.9608591885442
			14.073508353222	-12.9909307875895
			14.073508353222	-13.0210023866348
			14.073508353222	-13.0510739856802
			14.073508353222	-13.0811455847255
			14.1035799522673	-13.1112171837709
			14.1035799522673	-13.1412887828162
			14.1035799522673	-13.1713603818616
			14.1035799522673	-13.2014319809069
			14.1035799522673	-13.2315035799523
			14.1035799522673	-13.2615751789976
			14.1035799522673	-13.291646778043
			14.1035799522673	-13.3217183770883
			14.1035799522673	-13.3517899761337
			14.1336515513126	-13.381861575179
			14.1336515513126	-13.4119331742243
			14.1336515513126	-13.4420047732697
			14.1336515513126	-13.472076372315
			14.1336515513126	-13.5021479713604
			14.1336515513126	-13.5322195704057
			14.1336515513126	-13.5622911694511
			14.163723150358	-13.5622911694511
			14.163723150358	-13.5923627684964
			14.163723150358	-13.6224343675418
			14.163723150358	-13.6525059665871
			14.163723150358	-13.6825775656325
			14.1937947494033	-13.7126491646778
			14.1937947494033	-13.7427207637232
			14.1937947494033	-13.7727923627685
			14.1937947494033	-13.8028639618138
			14.2238663484487	-13.8329355608592
			14.2238663484487	-13.8630071599045
			14.2238663484487	-13.8930787589499
			14.2238663484487	-13.9231503579952
			14.253937947494	-13.9532219570406
			14.253937947494	-13.9832935560859
			14.253937947494	-14.0133651551313
			14.2840095465394	-14.0434367541766
			14.2840095465394	-14.073508353222
			14.2840095465394	-14.1035799522673
			14.2840095465394	-14.1336515513126
			14.3140811455847	-14.163723150358
			14.3140811455847	-14.1937947494033
			14.3140811455847	-14.2238663484487
			14.3441527446301	-14.2238663484487
			14.3441527446301	-14.253937947494
			14.3441527446301	-14.2840095465394
			14.3742243436754	-14.3140811455847
			14.3742243436754	-14.3441527446301
			14.3742243436754	-14.3742243436754
			14.4042959427208	-14.4042959427208
			14.4042959427208	-14.4343675417661
			14.4042959427208	-14.4644391408115
			14.4343675417661	-14.4945107398568
			14.4343675417661	-14.5245823389021
			14.4343675417661	-14.5546539379475
			14.4644391408115	-14.5847255369928
			14.4644391408115	-14.6147971360382
			14.4644391408115	-14.6448687350835
			14.4945107398568	-14.6749403341289
			14.4945107398568	-14.7050119331742
			14.5245823389021	-14.7350835322196
			14.5245823389021	-14.7651551312649
			14.5546539379475	-14.7952267303103
			14.5546539379475	-14.8252983293556
			14.5546539379475	-14.855369928401
			14.5847255369928	-14.855369928401
			14.5847255369928	-14.8854415274463
			14.5847255369928	-14.9155131264916
			14.6147971360382	-14.945584725537
			14.6147971360382	-14.9756563245823
			14.6448687350835	-15.0057279236277
			14.6448687350835	-15.035799522673
			14.6448687350835	-15.0658711217184
			14.6749403341289	-15.0959427207637
			14.6749403341289	-15.1260143198091
			14.7050119331742	-15.1560859188544
			14.7050119331742	-15.1861575178998
			14.7050119331742	-15.2162291169451
			14.7350835322196	-15.2463007159905
			14.7350835322196	-15.2763723150358
			14.7651551312649	-15.3064439140811
			14.7651551312649	-15.3365155131265
			14.7651551312649	-15.3665871121718
			14.7651551312649	-15.3966587112172
			14.7952267303103	-15.4267303102625
			14.7952267303103	-15.4568019093079
			14.8252983293556	-15.4868735083532
			14.8252983293556	-15.5169451073986
			14.8252983293556	-15.5470167064439
			14.8252983293556	-15.5770883054893
			14.855369928401	-15.6071599045346
			14.855369928401	-15.63723150358
			14.855369928401	-15.6673031026253
			14.8854415274463	-15.6973747016706
			14.8854415274463	-15.727446300716
			14.9155131264916	-15.7575178997613
			14.9155131264916	-15.7875894988067
			14.9155131264916	-15.817661097852
			14.9155131264916	-15.8477326968974
			14.945584725537	-15.8477326968974
			14.945584725537	-15.8778042959427
			14.945584725537	-15.9078758949881
			14.945584725537	-15.9379474940334
			14.9756563245823	-15.9680190930788
			14.9756563245823	-15.9980906921241
			14.9756563245823	-16.0281622911695
			14.9756563245823	-16.0582338902148
			15.0057279236277	-16.0883054892601
			15.0057279236277	-16.1183770883055
			15.0057279236277	-16.1484486873508
			15.0057279236277	-16.1785202863962
			15.035799522673	-16.2085918854415
			15.035799522673	-16.2386634844869
			15.035799522673	-16.2687350835322
			15.0658711217184	-16.2988066825776
			15.0658711217184	-16.3288782816229
			15.0658711217184	-16.3589498806683
			15.0658711217184	-16.3890214797136
			15.0959427207637	-16.4190930787589
			15.0959427207637	-16.4491646778043
			15.0959427207637	-16.4792362768496
			15.0959427207637	-16.509307875895
			15.0959427207637	-16.5393794749403
			15.1260143198091	-16.5694510739857
			15.1260143198091	-16.599522673031
			15.1260143198091	-16.6295942720764
			15.1260143198091	-16.6596658711217
			15.1260143198091	-16.6897374701671
			15.1260143198091	-16.7198090692124
			15.1560859188544	-16.7498806682578
			15.1560859188544	-16.7799522673031
			15.1560859188544	-16.8100238663484
			15.1560859188544	-16.8400954653938
			15.1560859188544	-16.8701670644391
			15.1560859188544	-16.9002386634845
			15.1861575178998	-16.9303102625298
			15.1861575178998	-16.9603818615752
			15.1861575178998	-16.9904534606205
			15.1861575178998	-17.0205250596659
			15.1861575178998	-17.0505966587112
			15.1861575178998	-17.0806682577566
			15.1861575178998	-17.1107398568019
			15.1861575178998	-17.1408114558473
			15.1861575178998	-17.1708830548926
			15.1861575178998	-17.2009546539379
			15.2162291169451	-17.2310262529833
			15.2162291169451	-17.2610978520286
			15.2162291169451	-17.291169451074
			15.2162291169451	-17.3212410501193
			15.2162291169451	-17.3513126491647
			15.2162291169451	-17.38138424821
			15.2162291169451	-17.4114558472554
			15.2162291169451	-17.4415274463007
			15.2162291169451	-17.4715990453461
			15.2162291169451	-17.5016706443914
			15.2162291169451	-17.5317422434368
			15.2162291169451	-17.5618138424821
			15.2162291169451	-17.5918854415274
			15.1861575178998	-17.6219570405728
			15.1861575178998	-17.6520286396181
			15.1861575178998	-17.6821002386635
			15.1861575178998	-17.7121718377088
			15.1861575178998	-17.7422434367542
			15.1861575178998	-17.7723150357995
			15.1861575178998	-17.8023866348449
			15.1861575178998	-17.8324582338902
			15.1560859188544	-17.8625298329356
			15.1560859188544	-17.8926014319809
			15.1560859188544	-17.9226730310263
			15.1560859188544	-17.9527446300716
			15.1560859188544	-17.9828162291169
			15.1260143198091	-18.0128878281623
			15.1260143198091	-18.0429594272076
			15.1260143198091	-18.073031026253
			15.0959427207637	-18.1031026252983
			15.0959427207637	-18.1331742243437
		</glabella>
		<suture type=matrix rownames=FALSE colnames=FALSE nrow=657 ncol=2 as.numeric=TRUE >
			11.2467780429594	-6.22482100238663
			11.2768496420048	-6.22482100238663
			11.2768496420048	-6.25489260143198
			11.3069212410501	-6.25489260143198
			11.3369928400955	-6.25489260143198
			11.3670644391408	-6.28496420047733
			11.3971360381862	-6.28496420047733
			11.4272076372315	-6.31503579952267
			11.4572792362768	-6.31503579952267
			11.4873508353222	-6.31503579952267
			11.5174224343675	-6.34510739856802
			11.5474940334129	-6.34510739856802
			11.5775656324582	-6.34510739856802
			11.6076372315036	-6.37517899761337
			11.6377088305489	-6.37517899761337
			11.6677804295943	-6.37517899761337
			11.6978520286396	-6.40525059665871
			11.727923627685	-6.40525059665871
			11.7579952267303	-6.43532219570406
			11.7880668257757	-6.43532219570406
			11.818138424821	-6.43532219570406
			11.8482100238663	-6.43532219570406
			11.8782816229117	-6.4653937947494
			11.908353221957	-6.4653937947494
			11.9384248210024	-6.4653937947494
			11.9684964200477	-6.4653937947494
			11.9985680190931	-6.49546539379475
			12.0286396181384	-6.49546539379475
			12.0587112171838	-6.49546539379475
			12.0587112171838	-6.5255369928401
			12.0887828162291	-6.5255369928401
			12.1188544152745	-6.5255369928401
			12.1489260143198	-6.5255369928401
			12.1789976133652	-6.55560859188544
			12.2090692124105	-6.55560859188544
			12.2391408114558	-6.55560859188544
			12.2692124105012	-6.55560859188544
			12.2992840095465	-6.58568019093079
			12.3293556085919	-6.58568019093079
			12.3594272076372	-6.58568019093079
			12.3894988066826	-6.58568019093079
			12.4195704057279	-6.61575178997613
			12.4496420047733	-6.61575178997613
			12.4797136038186	-6.61575178997613
			12.509785202864	-6.61575178997613
			12.5398568019093	-6.64582338902148
			12.5699284009547	-6.64582338902148
			12.6	-6.64582338902148
			12.6300715990453	-6.64582338902148
			12.6601431980907	-6.64582338902148
			12.690214797136	-6.67589498806683
			12.7202863961814	-6.67589498806683
			12.7503579952267	-6.67589498806683
			12.7804295942721	-6.67589498806683
			12.8105011933174	-6.70596658711217
			12.8405727923628	-6.70596658711217
			12.8706443914081	-6.70596658711217
			12.9007159904535	-6.70596658711217
			12.9307875894988	-6.70596658711217
			12.9608591885442	-6.73603818615752
			12.9909307875895	-6.73603818615752
			13.0210023866348	-6.73603818615752
			13.0510739856802	-6.73603818615752
			13.0811455847255	-6.73603818615752
			13.1112171837709	-6.76610978520286
			13.1412887828162	-6.76610978520286
			13.1713603818616	-6.76610978520286
			13.2014319809069	-6.76610978520286
			13.2315035799523	-6.76610978520286
			13.2615751789976	-6.79618138424821
			13.291646778043	-6.79618138424821
			13.3217183770883	-6.79618138424821
			13.3517899761337	-6.79618138424821
			13.381861575179	-6.82625298329356
			13.4119331742243	-6.82625298329356
			13.4420047732697	-6.82625298329356
			13.472076372315	-6.8563245823389
			13.5021479713604	-6.8563245823389
			13.5322195704057	-6.88639618138425
			13.5622911694511	-6.88639618138425
			13.5923627684964	-6.88639618138425
			13.6224343675418	-6.91646778042959
			13.6525059665871	-6.91646778042959
			13.6825775656325	-6.94653937947494
			13.7126491646778	-6.94653937947494
			13.7427207637232	-6.94653937947494
			13.7427207637232	-6.97661097852029
			13.7727923627685	-6.97661097852029
			13.8028639618138	-7.00668257756563
			13.8329355608592	-7.00668257756563
			13.8630071599045	-7.00668257756563
			13.8930787589499	-7.03675417661098
			13.9231503579952	-7.03675417661098
			13.9532219570406	-7.03675417661098
			13.9532219570406	-7.06682577565632
			13.9832935560859	-7.06682577565632
			14.0133651551313	-7.09689737470167
			14.0434367541766	-7.09689737470167
			14.073508353222	-7.09689737470167
			14.1035799522673	-7.12696897374702
			14.1336515513126	-7.15704057279236
			14.163723150358	-7.15704057279236
			14.1937947494033	-7.15704057279236
			14.2238663484487	-7.18711217183771
			14.253937947494	-7.18711217183771
			14.2840095465394	-7.21718377088305
			14.3140811455847	-7.21718377088305
			14.3441527446301	-7.2472553699284
			14.3742243436754	-7.2472553699284
			14.4042959427208	-7.27732696897375
			14.4343675417661	-7.27732696897375
			14.4644391408115	-7.30739856801909
			14.4945107398568	-7.30739856801909
			14.5245823389021	-7.33747016706444
			14.5546539379475	-7.36754176610978
			14.5847255369928	-7.36754176610978
			14.6147971360382	-7.39761336515513
			14.6448687350835	-7.39761336515513
			14.6749403341289	-7.42768496420048
			14.7050119331742	-7.42768496420048
			14.7350835322196	-7.45775656324582
			14.7651551312649	-7.45775656324582
			14.7952267303103	-7.48782816229117
			14.8252983293556	-7.48782816229117
			14.855369928401	-7.51789976133652
			14.8854415274463	-7.54797136038186
			14.9155131264916	-7.54797136038186
			14.945584725537	-7.57804295942721
			14.9756563245823	-7.57804295942721
			15.0057279236277	-7.60811455847255
			15.035799522673	-7.60811455847255
			15.0658711217184	-7.6381861575179
			15.0959427207637	-7.66825775656325
			15.1260143198091	-7.66825775656325
			15.1560859188544	-7.69832935560859
			15.1861575178998	-7.72840095465394
			15.2162291169451	-7.75847255369928
			15.2463007159905	-7.75847255369928
			15.2763723150358	-7.78854415274463
			15.3064439140811	-7.81861575178998
			15.3365155131265	-7.81861575178998
			15.3365155131265	-7.84868735083532
			15.3665871121718	-7.84868735083532
			15.3966587112172	-7.87875894988067
			15.4267303102625	-7.90883054892601
			15.4568019093079	-7.93890214797136
			15.4868735083532	-7.96897374701671
			15.5169451073986	-7.99904534606205
			15.5470167064439	-8.0291169451074
			15.5770883054893	-8.05918854415274
			15.6071599045346	-8.08926014319809
			15.6071599045346	-8.11933174224344
			15.63723150358	-8.14940334128878
			15.6673031026253	-8.17947494033413
			15.6673031026253	-8.20954653937947
			15.6973747016706	-8.23961813842482
			15.6973747016706	-8.26968973747017
			15.727446300716	-8.29976133651551
			15.727446300716	-8.32983293556086
			15.7575178997613	-8.3599045346062
			15.7575178997613	-8.38997613365155
			15.7875894988067	-8.4200477326969
			15.7875894988067	-8.45011933174224
			15.7875894988067	-8.48019093078759
			15.817661097852	-8.51026252983294
			15.817661097852	-8.54033412887828
			15.817661097852	-8.57040572792363
			15.8477326968974	-8.60047732696897
			15.8477326968974	-8.63054892601432
			15.8477326968974	-8.66062052505966
			15.8477326968974	-8.69069212410501
			15.8477326968974	-8.72076372315036
			15.8778042959427	-8.7508353221957
			15.8778042959427	-8.78090692124105
			15.8778042959427	-8.8109785202864
			15.8778042959427	-8.84105011933174
			15.8778042959427	-8.87112171837709
			15.8778042959427	-8.90119331742243
			15.8778042959427	-8.93126491646778
			15.8778042959427	-8.96133651551313
			15.8778042959427	-8.99140811455847
			15.8778042959427	-9.02147971360382
			15.8778042959427	-9.05155131264917
			15.9078758949881	-9.08162291169451
			15.9078758949881	-9.11169451073986
			15.9078758949881	-9.1417661097852
			15.9078758949881	-9.17183770883055
			15.9078758949881	-9.20190930787589
			15.9078758949881	-9.23198090692124
			15.9078758949881	-9.26205250596659
			15.8778042959427	-9.29212410501193
			15.8778042959427	-9.32219570405728
			15.8778042959427	-9.35226730310263
			15.8778042959427	-9.38233890214797
			15.8778042959427	-9.41241050119332
			15.8778042959427	-9.44248210023866
			15.8778042959427	-9.47255369928401
			15.8778042959427	-9.50262529832936
			15.8778042959427	-9.5326968973747
			15.8778042959427	-9.56276849642005
			15.8778042959427	-9.59284009546539
			15.8778042959427	-9.62291169451074
			15.8778042959427	-9.65298329355609
			15.8477326968974	-9.68305489260143
			15.8477326968974	-9.71312649164678
			15.8477326968974	-9.74319809069212
			15.8477326968974	-9.77326968973747
			15.8477326968974	-9.80334128878282
			15.8477326968974	-9.83341288782816
			15.8477326968974	-9.86348448687351
			15.817661097852	-9.89355608591885
			15.817661097852	-9.9236276849642
			15.817661097852	-9.95369928400955
			15.817661097852	-9.98377088305489
			15.817661097852	-10.0138424821002
			15.817661097852	-10.0439140811456
			15.7875894988067	-10.0739856801909
			15.7875894988067	-10.1040572792363
			15.7875894988067	-10.1341288782816
			15.7875894988067	-10.164200477327
			15.7575178997613	-10.164200477327
			15.7575178997613	-10.1942720763723
			15.727446300716	-10.2243436754177
			15.727446300716	-10.254415274463
			15.6973747016706	-10.254415274463
			15.6973747016706	-10.2844868735084
			15.6673031026253	-10.3145584725537
			15.6673031026253	-10.344630071599
			15.63723150358	-10.3747016706444
			15.63723150358	-10.4047732696897
			15.6071599045346	-10.4047732696897
			15.6071599045346	-10.4348448687351
			15.5770883054893	-10.4649164677804
			15.5770883054893	-10.4949880668258
			15.5470167064439	-10.5250596658711
			15.5169451073986	-10.5551312649165
			15.5169451073986	-10.5852028639618
			15.4868735083532	-10.6152744630072
			15.4568019093079	-10.6453460620525
			15.4568019093079	-10.6754176610979
			15.4267303102625	-10.7054892601432
			15.3966587112172	-10.7355608591885
			15.3966587112172	-10.7656324582339
			15.3665871121718	-10.7957040572792
			15.3365155131265	-10.8257756563246
			15.3365155131265	-10.8558472553699
			15.3064439140811	-10.8859188544153
			15.3064439140811	-10.9159904534606
			15.2763723150358	-10.946062052506
			15.2463007159905	-10.9761336515513
			15.2162291169451	-11.0062052505967
			15.1861575178998	-11.036276849642
			15.1560859188544	-11.0663484486874
			15.1560859188544	-11.0964200477327
			15.1260143198091	-11.126491646778
			15.1260143198091	-11.1565632458234
			15.0959427207637	-11.1866348448687
			15.0658711217184	-11.2167064439141
			15.035799522673	-11.2467780429594
			15.035799522673	-11.2768496420048
			15.0057279236277	-11.2768496420048
			15.0057279236277	-11.3069212410501
			14.9756563245823	-11.3369928400955
			14.9756563245823	-11.3670644391408
			14.945584725537	-11.3971360381862
			14.945584725537	-11.4272076372315
			14.9155131264916	-11.4572792362768
			14.9155131264916	-11.4873508353222
			14.9155131264916	-11.5174224343675
			14.8854415274463	-11.5474940334129
			14.8854415274463	-11.5775656324582
			14.8854415274463	-11.6076372315036
			14.8854415274463	-11.6377088305489
			14.8854415274463	-11.6677804295943
			14.855369928401	-11.6677804295943
			14.855369928401	-11.6978520286396
			14.855369928401	-11.727923627685
			14.855369928401	-11.7579952267303
			14.855369928401	-11.7880668257757
			14.855369928401	-11.818138424821
			14.8252983293556	-11.818138424821
			14.8252983293556	-11.8482100238663
			14.8252983293556	-11.8782816229117
			14.8252983293556	-11.908353221957
			14.8252983293556	-11.9384248210024
			14.8252983293556	-11.9684964200477
			14.8252983293556	-11.9985680190931
			14.8252983293556	-12.0286396181384
			14.8252983293556	-12.0587112171838
			14.8252983293556	-12.0887828162291
			14.8252983293556	-12.1188544152745
			14.8252983293556	-12.1489260143198
			14.8252983293556	-12.1789976133652
			14.8252983293556	-12.2090692124105
			14.855369928401	-12.2090692124105
			14.8854415274463	-12.2391408114558
			14.9155131264916	-12.2391408114558
			14.945584725537	-12.2391408114558
			14.9756563245823	-12.2391408114558
			15.0057279236277	-12.2692124105012
			15.035799522673	-12.2692124105012
			15.0658711217184	-12.2692124105012
			15.0959427207637	-12.2692124105012
			15.1260143198091	-12.2992840095465
			15.1560859188544	-12.2992840095465
			15.1861575178998	-12.2992840095465
			15.2162291169451	-12.3293556085919
			15.2463007159905	-12.3293556085919
			15.2763723150358	-12.3293556085919
			15.3064439140811	-12.3594272076372
			15.3365155131265	-12.3594272076372
			15.3665871121718	-12.3594272076372
			15.3665871121718	-12.3894988066826
			15.3966587112172	-12.3894988066826
			15.4267303102625	-12.4195704057279
			15.4568019093079	-12.4195704057279
			15.4868735083532	-12.4195704057279
			15.5169451073986	-12.4496420047733
			15.5470167064439	-12.4496420047733
			15.5770883054893	-12.4797136038186
			15.6071599045346	-12.4797136038186
			15.63723150358	-12.509785202864
			15.6673031026253	-12.509785202864
			15.6973747016706	-12.5398568019093
			15.727446300716	-12.5699284009547
			15.7575178997613	-12.5699284009547
			15.7875894988067	-12.6
			15.817661097852	-12.6300715990453
			15.8477326968974	-12.6300715990453
			15.8778042959427	-12.6601431980907
			15.9078758949881	-12.690214797136
			15.9379474940334	-12.690214797136
			15.9379474940334	-12.7202863961814
			15.9680190930788	-12.7503579952267
			15.9980906921241	-12.7503579952267
			16.0281622911695	-12.7804295942721
			16.0281622911695	-12.8105011933174
			16.0582338902148	-12.8105011933174
			16.0883054892601	-12.8405727923628
			16.0883054892601	-12.8706443914081
			16.1183770883055	-12.9007159904535
			16.1484486873508	-12.9307875894988
			16.1484486873508	-12.9608591885442
			16.1785202863962	-12.9909307875895
			16.2085918854415	-13.0210023866348
			16.2085918854415	-13.0510739856802
			16.2386634844869	-13.0811455847255
			16.2386634844869	-13.1112171837709
			16.2386634844869	-13.1412887828162
			16.2687350835322	-13.1713603818616
			16.2687350835322	-13.2014319809069
			16.2687350835322	-13.2315035799523
			16.2988066825776	-13.2615751789976
			16.2988066825776	-13.291646778043
			16.2988066825776	-13.3217183770883
			16.2988066825776	-13.3517899761337
			16.2988066825776	-13.381861575179
			16.3288782816229	-13.4119331742243
			16.3288782816229	-13.4420047732697
			16.3288782816229	-13.472076372315
			16.3288782816229	-13.5021479713604
			16.3288782816229	-13.5322195704057
			16.3288782816229	-13.5622911694511
			16.2988066825776	-13.5923627684964
			16.2988066825776	-13.6224343675418
			16.2988066825776	-13.6525059665871
			16.2988066825776	-13.6825775656325
			16.2988066825776	-13.7126491646778
			16.2988066825776	-13.7427207637232
			16.2988066825776	-13.7727923627685
			16.2687350835322	-13.7727923627685
			16.2687350835322	-13.8028639618138
			16.2687350835322	-13.8329355608592
			16.2687350835322	-13.8630071599045
			16.2386634844869	-13.8930787589499
			16.2386634844869	-13.9231503579952
			16.2386634844869	-13.9532219570406
			16.2085918854415	-13.9832935560859
			16.2085918854415	-14.0133651551313
			16.2085918854415	-14.0434367541766
			16.1785202863962	-14.073508353222
			16.1785202863962	-14.1035799522673
			16.1484486873508	-14.1336515513126
			16.1484486873508	-14.163723150358
			16.1484486873508	-14.1937947494033
			16.1183770883055	-14.2238663484487
			16.1183770883055	-14.253937947494
			16.0883054892601	-14.2840095465394
			16.0582338902148	-14.3140811455847
			16.0281622911695	-14.3441527446301
			15.9980906921241	-14.3441527446301
			15.9680190930788	-14.3742243436754
			15.9379474940334	-14.4042959427208
			15.9078758949881	-14.4343675417661
			15.8778042959427	-14.4343675417661
			15.8477326968974	-14.4644391408115
			15.817661097852	-14.4945107398568
			15.7875894988067	-14.4945107398568
			15.7575178997613	-14.5245823389021
			15.727446300716	-14.5245823389021
			15.6973747016706	-14.5546539379475
			15.6673031026253	-14.5546539379475
			15.63723150358	-14.5847255369928
			15.6071599045346	-14.5847255369928
			15.5770883054893	-14.6147971360382
			15.5470167064439	-14.6147971360382
			15.5169451073986	-14.6147971360382
			15.4868735083532	-14.6448687350835
			15.4568019093079	-14.6448687350835
			15.4267303102625	-14.6749403341289
			15.3966587112172	-14.6749403341289
			15.3665871121718	-14.6749403341289
			15.3365155131265	-14.6749403341289
			15.3064439140811	-14.7050119331742
			15.2763723150358	-14.7050119331742
			15.2463007159905	-14.7050119331742
			15.2463007159905	-14.7350835322196
			15.2463007159905	-14.7651551312649
			15.2463007159905	-14.7952267303103
			15.2763723150358	-14.8252983293556
			15.2763723150358	-14.855369928401
			15.2763723150358	-14.8854415274463
			15.2763723150358	-14.9155131264916
			15.3064439140811	-14.945584725537
			15.3064439140811	-14.9756563245823
			15.3365155131265	-15.0057279236277
			15.3365155131265	-15.035799522673
			15.3665871121718	-15.0658711217184
			15.3966587112172	-15.0658711217184
			15.3966587112172	-15.0959427207637
			15.4267303102625	-15.1260143198091
			15.4568019093079	-15.1260143198091
			15.4568019093079	-15.1560859188544
			15.4868735083532	-15.1861575178998
			15.5169451073986	-15.1861575178998
			15.5470167064439	-15.2162291169451
			15.5770883054893	-15.2463007159905
			15.6071599045346	-15.2463007159905
			15.63723150358	-15.2763723150358
			15.6673031026253	-15.2763723150358
			15.6973747016706	-15.3064439140811
			15.727446300716	-15.3064439140811
			15.7575178997613	-15.3365155131265
			15.7875894988067	-15.3365155131265
			15.817661097852	-15.3365155131265
			15.8477326968974	-15.3365155131265
			15.8477326968974	-15.3665871121718
			15.8778042959427	-15.3665871121718
			15.9078758949881	-15.3665871121718
			15.9379474940334	-15.3665871121718
			15.9680190930788	-15.3665871121718
			15.9680190930788	-15.3966587112172
			15.9980906921241	-15.3966587112172
			16.0281622911695	-15.3966587112172
			16.0582338902148	-15.3966587112172
			16.0883054892601	-15.3966587112172
			16.1183770883055	-15.3966587112172
			16.1484486873508	-15.3966587112172
			16.1785202863962	-15.3966587112172
			16.2085918854415	-15.3966587112172
			16.2386634844869	-15.3966587112172
			16.2687350835322	-15.3665871121718
			16.2988066825776	-15.3665871121718
			16.3288782816229	-15.3665871121718
			16.3589498806683	-15.3665871121718
			16.3890214797136	-15.3665871121718
			16.4190930787589	-15.3665871121718
			16.4491646778043	-15.3665871121718
			16.4792362768496	-15.3665871121718
			16.509307875895	-15.3665871121718
			16.5393794749403	-15.3665871121718
			16.5694510739857	-15.3665871121718
			16.599522673031	-15.3665871121718
			16.6295942720764	-15.3665871121718
			16.6596658711217	-15.3665871121718
			16.6897374701671	-15.3665871121718
			16.7198090692124	-15.3665871121718
			16.7498806682578	-15.3665871121718
			16.7799522673031	-15.3665871121718
			16.8100238663484	-15.3665871121718
			16.8400954653938	-15.3665871121718
			16.8701670644391	-15.3665871121718
			16.9002386634845	-15.3665871121718
			16.9303102625298	-15.3665871121718
			16.9603818615752	-15.3665871121718
			16.9904534606205	-15.3665871121718
			17.0205250596659	-15.3665871121718
			17.0505966587112	-15.3665871121718
			17.0806682577566	-15.3665871121718
			17.1107398568019	-15.3665871121718
			17.1408114558473	-15.3665871121718
			17.1708830548926	-15.3665871121718
			17.2009546539379	-15.3665871121718
			17.2310262529833	-15.3665871121718
			17.2610978520286	-15.3665871121718
			17.291169451074	-15.3665871121718
			17.3212410501193	-15.3665871121718
			17.3513126491647	-15.3665871121718
			17.38138424821	-15.3665871121718
			17.4114558472554	-15.3665871121718
			17.4415274463007	-15.3665871121718
			17.4715990453461	-15.3665871121718
			17.5016706443914	-15.3665871121718
			17.5317422434368	-15.3665871121718
			17.5618138424821	-15.3665871121718
			17.5918854415274	-15.3665871121718
			17.6219570405728	-15.3665871121718
			17.6520286396181	-15.3665871121718
			17.6821002386635	-15.3665871121718
			17.7121718377088	-15.3665871121718
			17.7422434367542	-15.3665871121718
			17.7723150357995	-15.3665871121718
			17.8023866348449	-15.3966587112172
			17.8324582338902	-15.3966587112172
			17.8625298329356	-15.3966587112172
			17.8926014319809	-15.3966587112172
			17.9226730310263	-15.3966587112172
			17.9527446300716	-15.3966587112172
			17.9828162291169	-15.3966587112172
			18.0128878281623	-15.3966587112172
			18.0429594272076	-15.3966587112172
			18.073031026253	-15.3966587112172
			18.1031026252983	-15.3966587112172
			18.1031026252983	-15.4267303102625
			18.1331742243437	-15.4267303102625
			18.163245823389	-15.4267303102625
			18.1933174224344	-15.4267303102625
			18.2233890214797	-15.4267303102625
			18.2534606205251	-15.4267303102625
			18.2835322195704	-15.4267303102625
			18.3136038186157	-15.4267303102625
			18.3136038186157	-15.4568019093079
			18.3436754176611	-15.4568019093079
			18.3737470167064	-15.4568019093079
			18.4038186157518	-15.4568019093079
			18.4338902147971	-15.4568019093079
			18.4639618138425	-15.4568019093079
			18.4940334128878	-15.4868735083532
			18.5241050119332	-15.4868735083532
			18.5541766109785	-15.4868735083532
			18.5842482100239	-15.4868735083532
			18.6143198090692	-15.4868735083532
			18.6443914081146	-15.5169451073986
			18.6744630071599	-15.5169451073986
			18.7045346062053	-15.5169451073986
			18.7346062052506	-15.5470167064439
			18.7646778042959	-15.5470167064439
			18.7947494033413	-15.5470167064439
			18.8248210023866	-15.5470167064439
			18.854892601432	-15.5770883054893
			18.8849642004773	-15.5770883054893
			18.9150357995227	-15.5770883054893
			18.945107398568	-15.6071599045346
			18.9751789976134	-15.6071599045346
			19.0052505966587	-15.6071599045346
			19.0353221957041	-15.63723150358
			19.0653937947494	-15.63723150358
			19.0954653937948	-15.63723150358
			19.1255369928401	-15.6673031026253
			19.1556085918854	-15.6673031026253
			19.1856801909308	-15.6973747016706
			19.2157517899761	-15.6973747016706
			19.2458233890215	-15.727446300716
			19.2758949880668	-15.727446300716
			19.3059665871122	-15.7575178997613
			19.3360381861575	-15.7575178997613
			19.3661097852029	-15.7875894988067
			19.3961813842482	-15.7875894988067
			19.4262529832936	-15.817661097852
			19.4563245823389	-15.817661097852
			19.4863961813842	-15.8477326968974
			19.5164677804296	-15.8778042959427
			19.5465393794749	-15.8778042959427
			19.5766109785203	-15.9078758949881
			19.6066825775656	-15.9379474940334
			19.636754176611	-15.9680190930788
			19.6668257756563	-15.9680190930788
			19.6968973747017	-15.9980906921241
			19.6968973747017	-16.0281622911695
			19.726968973747	-16.0582338902148
			19.7570405727924	-16.0582338902148
			19.7871121718377	-16.0883054892601
			19.7871121718377	-16.1183770883055
			19.8171837708831	-16.1484486873508
			19.8472553699284	-16.1785202863962
			19.8773269689737	-16.2085918854415
			19.9073985680191	-16.2386634844869
			19.9073985680191	-16.2687350835322
			19.9374701670644	-16.2988066825776
			19.9374701670644	-16.3288782816229
			19.9675417661098	-16.3589498806683
			19.9675417661098	-16.3890214797136
			19.9976133651551	-16.4190930787589
			19.9976133651551	-16.4491646778043
			20.0276849642005	-16.4792362768496
			20.0276849642005	-16.509307875895
			20.0276849642005	-16.5393794749403
			20.0276849642005	-16.5694510739857
			20.0577565632458	-16.5694510739857
			20.0577565632458	-16.599522673031
			20.0577565632458	-16.6295942720764
			20.0577565632458	-16.6596658711217
			20.0878281622912	-16.6897374701671
			20.0878281622912	-16.7198090692124
			20.0878281622912	-16.7498806682578
			20.0878281622912	-16.7799522673031
			20.0878281622912	-16.8100238663484
			20.0878281622912	-16.8400954653938
			20.0878281622912	-16.8701670644391
			20.0878281622912	-16.9002386634845
			20.0878281622912	-16.9303102625298
			20.0878281622912	-16.9603818615752
			20.1178997613365	-16.9904534606205
			20.1178997613365	-17.0205250596659
			20.0878281622912	-17.0505966587112
			20.0878281622912	-17.0806682577566
			20.0878281622912	-17.1107398568019
			20.0878281622912	-17.1408114558473
			20.0878281622912	-17.1708830548926
			20.0878281622912	-17.2009546539379
			20.0878281622912	-17.2310262529833
			20.0878281622912	-17.2610978520286
			20.0878281622912	-17.291169451074
			20.0878281622912	-17.3212410501193
			20.0577565632458	-17.3212410501193
			20.0577565632458	-17.3513126491647
			20.0577565632458	-17.38138424821
			20.0577565632458	-17.4114558472554
			20.0577565632458	-17.4415274463007
			20.0577565632458	-17.4715990453461
			20.0276849642005	-17.5016706443914
			20.0276849642005	-17.5317422434368
			20.0276849642005	-17.5618138424821
			20.0276849642005	-17.5918854415274
			19.9976133651551	-17.6219570405728
			19.9976133651551	-17.6520286396181
			19.9976133651551	-17.6821002386635
			19.9675417661098	-17.7121718377088
			19.9675417661098	-17.7422434367542
			19.9675417661098	-17.7723150357995
			19.9374701670644	-17.8023866348449
			19.9374701670644	-17.8324582338902
			19.9374701670644	-17.8625298329356
			19.9073985680191	-17.8926014319809
			19.9073985680191	-17.9226730310263
			19.9073985680191	-17.9527446300716
			19.8773269689737	-17.9828162291169
			19.8773269689737	-18.0128878281623
			19.8472553699284	-18.0429594272076
			19.8472553699284	-18.073031026253
			19.8472553699284	-18.1031026252983
			19.8171837708831	-18.1331742243437
			19.8171837708831	-18.163245823389
			19.7871121718377	-18.1933174224344
			19.7871121718377	-18.2233890214797
			19.7570405727924	-18.2534606205251
			19.7570405727924	-18.2835322195704
		</suture>
	</curves.scaled>
	<ruler.points type=matrix rownames=TRUE colnames=FALSE nrow=2 ncol=2 as.numeric=TRUE >
		Ruler point 1	16	318
		Ruler point 2	16	737
	</ruler.points>
</shapes>

