<shapes type=list>
	<ruler.pixel type=vector names=FALSE length=1 as.numeric=TRUE >146.00342461737</ruler.pixel>
	<ruler.interval type=vector names=FALSE length=1 as.numeric=TRUE >10</ruler.interval>
	<scaling.units type=vector names=FALSE length=1 as.numeric=FALSE >mm</scaling.units>
	<scaling type=vector names=FALSE length=1 as.numeric=TRUE >0.068491544127865</scaling>
	<landmarks.pixel type=matrix rownames=TRUE colnames=FALSE nrow=16 ncol=2 as.numeric=TRUE >
		LM1	258	61
		LM2	258	83
		LM3	258	322
		LM4	258	360
		LM5	372	270
		LM6	351	310
		LM7	360	346
		LM8	370	218
		LM9	356	312
		LM10	258	61
		LM11	365	325
		LM12	422	361
		LM13	258	61
		LM14	409	254
		LM15	460	360
		LM16	450	434
	</landmarks.pixel>
	<landmarks.scaled type=matrix rownames=TRUE colnames=FALSE nrow=16 ncol=2 as.numeric=TRUE >
		LM1	17.6708183849892	-4.17798419179977
		LM2	17.6708183849892	-5.6847981626128
		LM3	17.6708183849892	-22.0542772091725
		LM4	17.6708183849892	-24.6569558860314
		LM5	25.4788544155658	-18.4927169145236
		LM6	24.0405319888806	-21.2323786796382
		LM7	24.6569558860314	-23.6980742682413
		LM8	25.3418713273101	-14.9311566198746
		LM9	24.3829897095199	-21.3693617678939
		LM10	17.6708183849892	-4.17798419179977
		LM11	24.9994136066707	-22.2597518415561
		LM12	28.903431621959	-24.7254474301593
		LM13	17.6708183849892	-4.17798419179977
		LM14	28.0130415482968	-17.3968522084777
		LM15	31.5061102988179	-24.6569558860314
		LM16	30.8211948575393	-29.7253301514934
	</landmarks.scaled>
	<curves.control type=list>
		<glabella type=matrix rownames=FALSE colnames=FALSE nrow=13 ncol=2 as.numeric=TRUE >
			258	83
			280	85
			299	95
			318	104
			332	139
			346	177
			359	224
			379	271
			367	284
			354	306
			347	313
			359	333
			360	346
		</glabella>
		<suture type=matrix rownames=FALSE colnames=FALSE nrow=35 ncol=2 as.numeric=TRUE >
			258	61
			293	63
			316	74
			339	81
			365	102
			372	111
			382	121
			392	133
			397	143
			400	152
			396	164
			387	174
			375	183
			368	194
			369	208
			369	222
			375	232
			389	240
			394	246
			398	253
			399	262
			401	272
			396	287
			388	300
			378	305
			370	312
			363	318
			357	324
			365	325
			377	329
			402	338
			408	344
			408	351
			411	358
			422	361
		</suture>
		<anterior type=matrix rownames=FALSE colnames=FALSE nrow=17 ncol=2 as.numeric=TRUE >
			258	61
			283	61
			305	70
			331	77
			358	96
			378	114
			399	133
			417	155
			430	175
			446	201
			454	222
			460	245
			462	267
			464	298
			462	322
			461	344
			460	360
		</anterior>
		<posterior type=matrix rownames=FALSE colnames=FALSE nrow=23 ncol=2 as.numeric=TRUE >
			258	360
			273	362
			289	363
			308	363
			320	352
			334	336
			349	341
			360	346
			368	343
			386	346
			398	353
			409	361
			423	361
			432	364
			432	378
			434	392
			440	408
			447	420
			449	435
			454	409
			455	388
			458	372
			460	360
		</posterior>
	</curves.control>
	<curves.pixel type=list>
		<glabella type=matrix rownames=FALSE colnames=FALSE nrow=310 ncol=2 as.numeric=TRUE >
			258	83
			259	83
			260	83
			261	83
			262	83
			263	84
			264	84
			265	84
			266	84
			267	84
			268	84
			269	85
			270	85
			271	85
			272	85
			273	85
			274	86
			275	86
			276	86
			277	86
			278	87
			279	87
			280	87
			281	88
			282	88
			283	88
			284	88
			285	89
			286	89
			287	90
			288	90
			289	90
			290	91
			291	91
			292	91
			293	92
			294	93
			295	93
			296	94
			297	94
			298	94
			298	95
			299	95
			300	95
			300	96
			301	96
			302	96
			302	97
			303	97
			304	98
			305	99
			306	100
			307	100
			308	101
			309	101
			309	102
			310	103
			311	103
			311	104
			312	105
			313	106
			314	107
			315	108
			316	109
			317	110
			317	111
			318	112
			319	113
			319	114
			320	115
			320	116
			321	116
			321	117
			322	118
			323	119
			323	120
			324	121
			324	122
			325	123
			325	124
			326	125
			326	126
			327	127
			327	128
			328	129
			328	130
			329	131
			329	132
			329	133
			330	133
			330	134
			330	135
			331	136
			331	137
			332	138
			332	139
			332	140
			333	141
			333	142
			333	143
			334	144
			334	145
			335	146
			335	147
			335	148
			336	149
			336	150
			336	151
			337	152
			337	153
			337	154
			338	155
			338	156
			338	157
			339	158
			339	159
			339	160
			340	161
			340	162
			340	163
			341	164
			341	165
			341	166
			342	167
			342	168
			342	169
			343	170
			343	171
			343	172
			344	173
			344	174
			344	175
			345	176
			345	177
			345	178
			346	179
			346	180
			346	181
			347	182
			347	183
			347	184
			348	185
			348	186
			348	187
			348	188
			349	188
			349	189
			349	190
			349	191
			350	192
			350	193
			350	194
			351	195
			351	196
			351	197
			351	198
			352	199
			352	200
			352	201
			353	202
			353	203
			353	204
			353	205
			354	206
			354	207
			354	208
			355	208
			355	209
			355	210
			355	211
			356	212
			356	213
			356	214
			357	215
			357	216
			357	217
			357	218
			358	219
			358	220
			358	221
			359	222
			359	223
			359	224
			360	225
			360	226
			360	227
			361	228
			361	229
			362	230
			362	231
			362	232
			363	233
			363	234
			363	235
			364	236
			364	237
			364	238
			365	239
			365	240
			366	241
			366	242
			366	243
			367	244
			367	245
			367	246
			368	247
			368	248
			368	249
			368	250
			369	251
			369	252
			369	253
			369	254
			370	255
			370	256
			370	257
			370	258
			370	259
			371	260
			371	261
			371	262
			371	263
			371	264
			371	265
			371	266
			371	267
			371	268
			371	269
			371	270
			371	271
			371	272
			371	273
			371	274
			371	275
			371	276
			371	277
			370	278
			370	279
			370	280
			369	280
			369	281
			369	282
			368	283
			367	284
			366	285
			366	286
			365	287
			364	288
			364	289
			363	290
			363	291
			362	292
			361	293
			361	294
			360	295
			359	296
			359	297
			358	298
			358	299
			357	300
			357	301
			356	302
			355	302
			355	303
			354	304
			354	305
			353	305
			353	306
			352	307
			351	308
			351	309
			350	310
			349	311
			348	312
			347	313
			348	314
			348	315
			349	316
			349	317
			350	317
			350	318
			350	319
			351	320
			352	321
			352	322
			353	323
			353	324
			354	325
			354	326
			354	327
			355	327
			355	328
			355	329
			356	330
			356	331
			357	332
			357	333
			357	334
			358	335
			358	336
			358	337
			359	338
			359	339
			359	340
			359	341
			359	342
			360	343
			360	344
			360	345
			360	346
		</glabella>
		<suture type=matrix rownames=FALSE colnames=FALSE nrow=428 ncol=2 as.numeric=TRUE >
			258	61
			259	61
			260	61
			261	61
			262	61
			263	61
			264	61
			265	62
			266	62
			267	62
			268	62
			269	62
			270	62
			271	62
			272	62
			273	62
			274	62
			275	63
			276	63
			277	63
			278	63
			279	63
			280	63
			281	63
			281	64
			282	64
			283	64
			284	64
			285	64
			286	64
			287	65
			288	65
			289	65
			290	65
			291	65
			292	66
			293	66
			294	66
			295	66
			296	67
			297	67
			298	67
			299	68
			300	68
			301	68
			302	68
			303	69
			304	69
			305	70
			306	70
			307	70
			308	71
			309	71
			310	71
			311	72
			312	72
			313	73
			314	73
			315	74
			316	74
			317	74
			318	75
			319	75
			320	75
			321	76
			322	76
			323	76
			324	77
			325	77
			326	77
			327	78
			328	78
			329	79
			330	80
			331	80
			332	80
			333	81
			334	81
			335	82
			336	83
			337	83
			338	84
			339	84
			340	84
			341	85
			342	86
			343	87
			344	87
			345	88
			346	88
			347	89
			348	90
			349	90
			350	91
			351	91
			352	92
			353	93
			354	94
			355	94
			356	95
			357	96
			358	96
			359	97
			360	98
			361	99
			362	99
			362	100
			363	101
			364	101
			365	102
			366	103
			367	104
			368	105
			368	106
			369	107
			370	108
			371	109
			371	110
			372	110
			373	111
			373	112
			374	113
			375	114
			376	115
			377	115
			377	116
			378	117
			379	118
			380	119
			381	120
			382	121
			382	122
			383	123
			384	124
			385	125
			386	126
			387	127
			387	128
			388	129
			389	130
			389	131
			390	132
			391	133
			391	134
			392	135
			393	135
			393	136
			394	137
			394	138
			395	139
			395	140
			396	141
			396	142
			397	143
			397	144
			398	145
			398	146
			398	147
			398	148
			398	149
			398	150
			398	151
			398	152
			398	153
			398	154
			398	155
			398	156
			398	157
			398	158
			397	159
			397	160
			397	161
			397	162
			396	163
			396	164
			395	165
			394	166
			393	167
			392	168
			391	169
			390	170
			390	171
			389	172
			388	172
			387	173
			386	174
			385	175
			384	176
			383	177
			382	178
			381	178
			380	179
			379	180
			378	181
			377	182
			376	183
			375	183
			374	184
			374	185
			373	186
			373	187
			372	188
			372	189
			372	190
			371	191
			371	192
			370	193
			370	194
			370	195
			370	196
			370	197
			369	198
			369	199
			369	200
			369	201
			369	202
			369	203
			369	204
			369	205
			369	206
			369	207
			369	208
			369	209
			369	210
			369	211
			369	212
			369	213
			369	214
			369	215
			370	216
			370	217
			370	218
			370	219
			370	220
			371	221
			371	222
			371	223
			371	224
			372	225
			372	226
			372	227
			373	228
			373	229
			374	229
			374	230
			374	231
			375	232
			376	233
			377	233
			378	234
			379	234
			380	235
			381	236
			382	236
			383	237
			384	238
			385	238
			386	239
			387	240
			388	241
			389	241
			390	242
			391	243
			392	244
			393	245
			394	246
			395	247
			395	248
			395	249
			396	250
			396	251
			397	251
			397	252
			397	253
			397	254
			398	255
			398	256
			398	257
			398	258
			399	259
			399	260
			399	261
			399	262
			399	263
			399	264
			399	265
			399	266
			400	266
			400	267
			400	268
			400	269
			400	270
			399	271
			399	272
			399	273
			399	274
			399	275
			399	276
			399	277
			398	278
			398	279
			398	280
			398	281
			398	282
			397	283
			397	284
			397	285
			396	286
			396	287
			395	288
			395	289
			394	290
			393	291
			393	292
			392	293
			391	294
			390	295
			389	296
			389	297
			388	298
			387	298
			386	299
			385	300
			385	301
			384	301
			383	302
			382	302
			381	303
			380	304
			379	305
			378	305
			377	306
			376	307
			375	307
			374	308
			374	309
			373	310
			372	310
			371	311
			370	312
			369	313
			368	314
			367	315
			366	315
			365	316
			364	317
			363	318
			362	319
			361	320
			361	321
			360	322
			361	323
			361	324
			362	324
			363	325
			364	325
			365	325
			366	325
			367	326
			368	326
			369	326
			370	327
			371	327
			372	327
			373	328
			374	328
			375	328
			376	329
			377	329
			378	330
			379	330
			380	330
			381	330
			381	331
			382	331
			383	331
			384	331
			384	332
			385	332
			386	332
			387	333
			388	333
			389	333
			390	334
			391	334
			392	335
			393	335
			394	335
			395	335
			395	336
			396	336
			397	336
			398	337
			399	337
			400	337
			401	338
			402	338
			403	339
			404	340
			405	341
			405	342
			406	343
			407	344
			407	345
			407	346
			407	347
			408	348
			408	349
			408	350
			408	351
			408	352
			409	352
			409	353
			410	354
			410	355
			411	355
			412	356
			412	357
			413	357
			414	358
			415	358
			416	359
			417	359
			418	360
			419	360
			420	361
			421	361
			422	361
		</suture>
		<anterior type=matrix rownames=FALSE colnames=FALSE nrow=385 ncol=2 as.numeric=TRUE >
			258	61
			259	61
			260	61
			261	61
			262	61
			263	61
			264	61
			265	61
			266	61
			267	61
			268	61
			269	61
			270	62
			271	62
			272	62
			273	62
			274	62
			275	62
			276	62
			277	62
			278	62
			279	63
			280	63
			281	63
			282	63
			283	63
			284	64
			285	64
			286	64
			287	64
			288	64
			289	65
			290	65
			291	65
			292	65
			293	66
			294	66
			295	67
			296	67
			297	67
			298	67
			299	68
			300	68
			301	68
			302	69
			303	69
			304	70
			305	70
			306	70
			307	71
			308	71
			309	71
			310	71
			310	72
			311	72
			312	72
			313	72
			314	73
			315	73
			316	73
			317	74
			318	74
			319	75
			320	75
			321	75
			322	76
			323	76
			324	77
			325	77
			326	77
			327	78
			328	78
			329	79
			330	79
			331	80
			332	80
			333	81
			334	81
			335	82
			336	82
			337	83
			338	83
			338	84
			339	84
			340	85
			341	85
			342	86
			343	87
			344	87
			345	88
			346	88
			347	89
			348	90
			349	90
			350	91
			351	91
			352	92
			353	93
			354	93
			355	94
			356	95
			357	95
			358	96
			359	97
			360	97
			360	98
			361	99
			362	99
			362	100
			363	101
			364	101
			365	102
			365	103
			366	103
			367	104
			368	105
			369	106
			370	107
			371	108
			372	108
			373	109
			374	110
			374	111
			375	112
			376	112
			377	113
			378	114
			379	115
			380	116
			381	117
			382	117
			383	118
			383	119
			384	120
			385	121
			386	121
			387	122
			388	123
			389	124
			390	125
			391	126
			392	126
			393	127
			393	128
			394	129
			395	130
			396	130
			397	131
			398	132
			399	133
			400	134
			401	135
			401	136
			402	137
			403	138
			404	139
			404	140
			405	141
			406	142
			407	143
			408	144
			409	145
			409	146
			410	146
			410	147
			411	148
			412	149
			413	150
			413	151
			414	152
			415	153
			415	154
			416	154
			416	155
			417	156
			417	157
			418	158
			419	158
			419	159
			420	160
			420	161
			421	162
			422	163
			423	164
			423	165
			424	166
			425	167
			425	168
			426	169
			426	170
			427	171
			428	171
			428	172
			429	173
			429	174
			430	175
			431	176
			431	177
			432	178
			433	179
			433	180
			434	181
			434	182
			435	183
			436	184
			436	185
			437	186
			437	187
			438	188
			438	189
			439	190
			439	191
			440	192
			440	193
			441	194
			441	195
			442	196
			442	197
			443	198
			443	199
			444	200
			445	201
			445	202
			445	203
			446	203
			446	204
			446	205
			447	205
			447	206
			447	207
			448	207
			448	208
			448	209
			449	209
			449	210
			449	211
			450	212
			450	213
			451	214
			451	215
			452	216
			452	217
			452	218
			453	219
			453	220
			454	221
			454	222
			454	223
			455	224
			455	225
			455	226
			455	227
			456	228
			456	229
			456	230
			456	231
			456	232
			457	233
			457	234
			457	235
			457	236
			457	237
			458	238
			458	239
			458	240
			458	241
			458	242
			459	243
			459	244
			459	245
			459	246
			459	247
			460	248
			460	249
			460	250
			460	251
			460	252
			460	253
			461	254
			461	255
			461	256
			461	257
			461	258
			461	259
			461	260
			461	261
			461	262
			462	263
			462	264
			462	265
			462	266
			462	267
			462	268
			462	269
			462	270
			462	271
			462	272
			462	273
			462	274
			462	275
			463	276
			463	277
			463	278
			463	279
			463	280
			463	281
			463	282
			463	283
			463	284
			463	285
			463	286
			463	287
			463	288
			463	289
			463	290
			463	291
			463	292
			463	293
			463	294
			463	295
			463	296
			463	297
			463	298
			463	299
			463	300
			463	301
			463	302
			463	303
			463	304
			463	305
			463	306
			463	307
			463	308
			463	309
			463	310
			463	311
			463	312
			463	313
			463	314
			462	315
			462	316
			462	317
			462	318
			462	319
			462	320
			462	321
			462	322
			462	323
			462	324
			462	325
			462	326
			462	327
			462	328
			462	329
			462	330
			462	331
			462	332
			461	333
			461	334
			461	335
			461	336
			461	337
			461	338
			461	339
			461	340
			461	341
			461	342
			461	343
			461	344
			461	345
			461	346
			461	347
			461	348
			461	349
			461	350
			461	351
			460	352
			460	353
			460	354
			460	355
			460	356
			460	357
			460	358
			460	359
			460	360
		</anterior>
		<posterior type=matrix rownames=FALSE colnames=FALSE nrow=329 ncol=2 as.numeric=TRUE >
			258	360
			259	360
			260	360
			261	360
			262	361
			263	361
			264	361
			265	361
			266	361
			267	361
			268	361
			269	361
			270	361
			271	362
			272	362
			273	362
			274	362
			275	362
			276	362
			277	362
			278	362
			279	362
			280	362
			281	362
			282	363
			283	363
			284	363
			285	363
			286	363
			287	363
			288	363
			289	363
			290	363
			291	363
			292	363
			293	363
			294	363
			295	363
			296	363
			297	362
			298	362
			299	362
			300	362
			301	362
			302	361
			303	361
			304	361
			305	361
			306	360
			307	360
			308	360
			309	359
			310	359
			311	358
			312	358
			313	357
			314	356
			315	356
			316	355
			317	355
			318	354
			319	353
			320	352
			321	351
			322	350
			322	349
			323	349
			324	348
			324	347
			325	347
			326	346
			327	346
			327	345
			328	345
			329	344
			330	343
			331	343
			332	342
			333	342
			334	342
			334	341
			335	341
			336	341
			337	340
			338	340
			339	340
			340	340
			341	340
			342	340
			343	340
			344	340
			345	340
			346	340
			347	340
			348	341
			349	341
			350	342
			351	342
			352	342
			353	343
			354	343
			355	343
			356	343
			357	344
			358	344
			359	344
			360	344
			361	344
			362	344
			363	344
			364	344
			365	344
			366	344
			366	343
			367	343
			368	343
			369	343
			370	343
			371	343
			371	344
			372	344
			373	344
			374	344
			375	344
			376	345
			377	345
			378	345
			379	345
			380	346
			381	346
			382	346
			383	347
			384	347
			385	347
			386	348
			387	348
			388	348
			389	349
			390	349
			391	349
			392	350
			393	351
			394	351
			395	352
			396	352
			397	353
			398	353
			399	354
			400	354
			401	355
			402	355
			402	356
			403	356
			404	357
			405	357
			406	358
			407	358
			408	358
			409	359
			410	359
			411	359
			412	360
			413	360
			414	360
			415	360
			416	360
			417	361
			418	361
			419	361
			420	361
			421	361
			422	361
			423	361
			424	361
			424	362
			425	362
			426	362
			426	363
			427	363
			428	364
			429	365
			429	366
			430	367
			430	368
			431	369
			431	370
			431	371
			431	372
			432	373
			432	374
			432	375
			432	376
			432	377
			432	378
			432	379
			432	380
			432	381
			433	382
			433	383
			433	384
			433	385
			433	386
			434	387
			434	388
			434	389
			434	390
			435	391
			435	392
			435	393
			435	394
			436	395
			436	396
			436	397
			436	398
			437	399
			437	400
			437	401
			438	402
			438	403
			438	404
			439	405
			439	406
			440	407
			440	408
			440	409
			441	410
			442	411
			442	412
			443	413
			443	414
			444	415
			444	416
			444	417
			445	418
			445	419
			446	420
			446	421
			446	422
			446	423
			447	423
			447	424
			447	425
			447	426
			448	427
			448	428
			448	429
			448	430
			448	431
			448	432
			449	432
			449	433
			449	434
			449	435
			449	434
			449	433
			450	432
			450	431
			450	430
			450	429
			450	428
			451	427
			451	426
			451	425
			451	424
			451	423
			451	422
			452	421
			452	420
			452	419
			452	418
			452	417
			452	416
			452	415
			453	414
			453	413
			453	412
			453	411
			453	410
			453	409
			453	408
			453	407
			454	406
			454	405
			454	404
			454	403
			454	402
			454	401
			454	400
			454	399
			454	398
			454	397
			455	396
			455	395
			455	394
			455	393
			455	392
			455	391
			455	390
			455	389
			455	388
			455	387
			455	386
			456	385
			456	384
			456	383
			456	382
			456	381
			456	380
			457	380
			457	379
			457	378
			457	377
			457	376
			457	375
			458	374
			458	373
			458	372
			458	371
			458	370
			458	369
			459	368
			459	367
			459	366
			459	365
			459	364
			460	363
			460	362
			460	361
			460	360
		</posterior>
	</curves.pixel>
	<curves.scaled type=list>
		<glabella type=matrix rownames=FALSE colnames=FALSE nrow=310 ncol=2 as.numeric=TRUE >
			17.6708183849892	-5.6847981626128
			17.739309929117	-5.6847981626128
			17.8078014732449	-5.6847981626128
			17.8762930173728	-5.6847981626128
			17.9447845615006	-5.6847981626128
			18.0132761056285	-5.75328970674066
			18.0817676497564	-5.75328970674066
			18.1502591938842	-5.75328970674066
			18.2187507380121	-5.75328970674066
			18.28724228214	-5.75328970674066
			18.3557338262678	-5.75328970674066
			18.4242253703957	-5.82178125086853
			18.4927169145236	-5.82178125086853
			18.5612084586514	-5.82178125086853
			18.6297000027793	-5.82178125086853
			18.6981915469071	-5.82178125086853
			18.766683091035	-5.89027279499639
			18.8351746351629	-5.89027279499639
			18.9036661792907	-5.89027279499639
			18.9721577234186	-5.89027279499639
			19.0406492675465	-5.95876433912426
			19.1091408116743	-5.95876433912426
			19.1776323558022	-5.95876433912426
			19.2461238999301	-6.02725588325212
			19.3146154440579	-6.02725588325212
			19.3831069881858	-6.02725588325212
			19.4515985323137	-6.02725588325212
			19.5200900764415	-6.09574742737999
			19.5885816205694	-6.09574742737999
			19.6570731646973	-6.16423897150785
			19.7255647088251	-6.16423897150785
			19.794056252953	-6.16423897150785
			19.8625477970809	-6.23273051563572
			19.9310393412087	-6.23273051563572
			19.9995308853366	-6.23273051563572
			20.0680224294644	-6.30122205976358
			20.1365139735923	-6.36971360389145
			20.2050055177202	-6.36971360389145
			20.273497061848	-6.43820514801931
			20.3419886059759	-6.43820514801931
			20.4104801501038	-6.43820514801931
			20.4104801501038	-6.50669669214718
			20.4789716942316	-6.50669669214718
			20.5474632383595	-6.50669669214718
			20.5474632383595	-6.57518823627504
			20.6159547824874	-6.57518823627504
			20.6844463266152	-6.57518823627504
			20.6844463266152	-6.64367978040291
			20.7529378707431	-6.64367978040291
			20.821429414871	-6.71217132453077
			20.8899209589988	-6.78066286865864
			20.9584125031267	-6.8491544127865
			21.0269040472546	-6.8491544127865
			21.0953955913824	-6.91764595691437
			21.1638871355103	-6.91764595691437
			21.1638871355103	-6.98613750104223
			21.2323786796382	-7.0546290451701
			21.300870223766	-7.0546290451701
			21.300870223766	-7.12312058929796
			21.3693617678939	-7.19161213342583
			21.4378533120217	-7.26010367755369
			21.5063448561496	-7.32859522168156
			21.5748364002775	-7.39708676580942
			21.6433279444053	-7.46557830993729
			21.7118194885332	-7.53406985406515
			21.7118194885332	-7.60256139819302
			21.7803110326611	-7.67105294232088
			21.8488025767889	-7.73954448644875
			21.8488025767889	-7.80803603057661
			21.9172941209168	-7.87652757470448
			21.9172941209168	-7.94501911883234
			21.9857856650447	-7.94501911883234
			21.9857856650447	-8.01351066296021
			22.0542772091725	-8.08200220708807
			22.1227687533004	-8.15049375121594
			22.1227687533004	-8.2189852953438
			22.1912602974283	-8.28747683947167
			22.1912602974283	-8.35596838359953
			22.2597518415561	-8.4244599277274
			22.2597518415561	-8.49295147185526
			22.328243385684	-8.56144301598313
			22.328243385684	-8.62993456011099
			22.3967349298119	-8.69842610423886
			22.3967349298119	-8.76691764836672
			22.4652264739397	-8.83540919249459
			22.4652264739397	-8.90390073662245
			22.5337180180676	-8.97239228075032
			22.5337180180676	-9.04088382487818
			22.5337180180676	-9.10937536900605
			22.6022095621955	-9.10937536900605
			22.6022095621955	-9.17786691313391
			22.6022095621955	-9.24635845726178
			22.6707011063233	-9.31485000138964
			22.6707011063233	-9.38334154551751
			22.7391926504512	-9.45183308964537
			22.7391926504512	-9.52032463377324
			22.7391926504512	-9.5888161779011
			22.807684194579	-9.65730772202897
			22.807684194579	-9.72579926615683
			22.807684194579	-9.7942908102847
			22.8761757387069	-9.86278235441256
			22.8761757387069	-9.93127389854043
			22.9446672828348	-9.99976544266829
			22.9446672828348	-10.0682569867962
			22.9446672828348	-10.136748530924
			23.0131588269626	-10.2052400750519
			23.0131588269626	-10.2737316191798
			23.0131588269626	-10.3422231633076
			23.0816503710905	-10.4107147074355
			23.0816503710905	-10.4792062515633
			23.0816503710905	-10.5476977956912
			23.1501419152184	-10.6161893398191
			23.1501419152184	-10.6846808839469
			23.1501419152184	-10.7531724280748
			23.2186334593462	-10.8216639722027
			23.2186334593462	-10.8901555163305
			23.2186334593462	-10.9586470604584
			23.2871250034741	-11.0271386045863
			23.2871250034741	-11.0956301487141
			23.2871250034741	-11.164121692842
			23.355616547602	-11.2326132369699
			23.355616547602	-11.3011047810977
			23.355616547602	-11.3695963252256
			23.4241080917298	-11.4380878693535
			23.4241080917298	-11.5065794134813
			23.4241080917298	-11.5750709576092
			23.4925996358577	-11.6435625017371
			23.4925996358577	-11.7120540458649
			23.4925996358577	-11.7805455899928
			23.5610911799856	-11.8490371341206
			23.5610911799856	-11.9175286782485
			23.5610911799856	-11.9860202223764
			23.6295827241134	-12.0545117665042
			23.6295827241134	-12.1230033106321
			23.6295827241134	-12.19149485476
			23.6980742682413	-12.2599863988878
			23.6980742682413	-12.3284779430157
			23.6980742682413	-12.3969694871436
			23.7665658123692	-12.4654610312714
			23.7665658123692	-12.5339525753993
			23.7665658123692	-12.6024441195272
			23.835057356497	-12.670935663655
			23.835057356497	-12.7394272077829
			23.835057356497	-12.8079187519108
			23.835057356497	-12.8764102960386
			23.9035489006249	-12.8764102960386
			23.9035489006249	-12.9449018401665
			23.9035489006249	-13.0133933842944
			23.9035489006249	-13.0818849284222
			23.9720404447528	-13.1503764725501
			23.9720404447528	-13.2188680166779
			23.9720404447528	-13.2873595608058
			24.0405319888806	-13.3558511049337
			24.0405319888806	-13.4243426490615
			24.0405319888806	-13.4928341931894
			24.0405319888806	-13.5613257373173
			24.1090235330085	-13.6298172814451
			24.1090235330085	-13.698308825573
			24.1090235330085	-13.7668003697009
			24.1775150771363	-13.8352919138287
			24.1775150771363	-13.9037834579566
			24.1775150771363	-13.9722750020845
			24.1775150771363	-14.0407665462123
			24.2460066212642	-14.1092580903402
			24.2460066212642	-14.1777496344681
			24.2460066212642	-14.2462411785959
			24.3144981653921	-14.2462411785959
			24.3144981653921	-14.3147327227238
			24.3144981653921	-14.3832242668517
			24.3144981653921	-14.4517158109795
			24.3829897095199	-14.5202073551074
			24.3829897095199	-14.5886988992352
			24.3829897095199	-14.6571904433631
			24.4514812536478	-14.725681987491
			24.4514812536478	-14.7941735316188
			24.4514812536478	-14.8626650757467
			24.4514812536478	-14.9311566198746
			24.5199727977757	-14.9996481640024
			24.5199727977757	-15.0681397081303
			24.5199727977757	-15.1366312522582
			24.5884643419035	-15.205122796386
			24.5884643419035	-15.2736143405139
			24.5884643419035	-15.3421058846418
			24.6569558860314	-15.4105974287696
			24.6569558860314	-15.4790889728975
			24.6569558860314	-15.5475805170254
			24.7254474301593	-15.6160720611532
			24.7254474301593	-15.6845636052811
			24.7939389742871	-15.753055149409
			24.7939389742871	-15.8215466935368
			24.7939389742871	-15.8900382376647
			24.862430518415	-15.9585297817925
			24.862430518415	-16.0270213259204
			24.862430518415	-16.0955128700483
			24.9309220625429	-16.1640044141761
			24.9309220625429	-16.232495958304
			24.9309220625429	-16.3009875024319
			24.9994136066707	-16.3694790465597
			24.9994136066707	-16.4379705906876
			25.0679051507986	-16.5064621348155
			25.0679051507986	-16.5749536789433
			25.0679051507986	-16.6434452230712
			25.1363966949265	-16.7119367671991
			25.1363966949265	-16.7804283113269
			25.1363966949265	-16.8489198554548
			25.2048882390543	-16.9174113995827
			25.2048882390543	-16.9859029437105
			25.2048882390543	-17.0543944878384
			25.2048882390543	-17.1228860319663
			25.2733797831822	-17.1913775760941
			25.2733797831822	-17.259869120222
			25.2733797831822	-17.3283606643498
			25.2733797831822	-17.3968522084777
			25.3418713273101	-17.4653437526056
			25.3418713273101	-17.5338352967334
			25.3418713273101	-17.6023268408613
			25.3418713273101	-17.6708183849892
			25.3418713273101	-17.739309929117
			25.4103628714379	-17.8078014732449
			25.4103628714379	-17.8762930173728
			25.4103628714379	-17.9447845615006
			25.4103628714379	-18.0132761056285
			25.4103628714379	-18.0817676497564
			25.4103628714379	-18.1502591938842
			25.4103628714379	-18.2187507380121
			25.4103628714379	-18.28724228214
			25.4103628714379	-18.3557338262678
			25.4103628714379	-18.4242253703957
			25.4103628714379	-18.4927169145236
			25.4103628714379	-18.5612084586514
			25.4103628714379	-18.6297000027793
			25.4103628714379	-18.6981915469071
			25.4103628714379	-18.766683091035
			25.4103628714379	-18.8351746351629
			25.4103628714379	-18.9036661792907
			25.4103628714379	-18.9721577234186
			25.3418713273101	-19.0406492675465
			25.3418713273101	-19.1091408116743
			25.3418713273101	-19.1776323558022
			25.2733797831822	-19.1776323558022
			25.2733797831822	-19.2461238999301
			25.2733797831822	-19.3146154440579
			25.2048882390543	-19.3831069881858
			25.1363966949265	-19.4515985323137
			25.0679051507986	-19.5200900764415
			25.0679051507986	-19.5885816205694
			24.9994136066707	-19.6570731646973
			24.9309220625429	-19.7255647088251
			24.9309220625429	-19.794056252953
			24.862430518415	-19.8625477970809
			24.862430518415	-19.9310393412087
			24.7939389742871	-19.9995308853366
			24.7254474301593	-20.0680224294644
			24.7254474301593	-20.1365139735923
			24.6569558860314	-20.2050055177202
			24.5884643419035	-20.273497061848
			24.5884643419035	-20.3419886059759
			24.5199727977757	-20.4104801501038
			24.5199727977757	-20.4789716942316
			24.4514812536478	-20.5474632383595
			24.4514812536478	-20.6159547824874
			24.3829897095199	-20.6844463266152
			24.3144981653921	-20.6844463266152
			24.3144981653921	-20.7529378707431
			24.2460066212642	-20.821429414871
			24.2460066212642	-20.8899209589988
			24.1775150771363	-20.8899209589988
			24.1775150771363	-20.9584125031267
			24.1090235330085	-21.0269040472546
			24.0405319888806	-21.0953955913824
			24.0405319888806	-21.1638871355103
			23.9720404447528	-21.2323786796382
			23.9035489006249	-21.300870223766
			23.835057356497	-21.3693617678939
			23.7665658123692	-21.4378533120217
			23.835057356497	-21.5063448561496
			23.835057356497	-21.5748364002775
			23.9035489006249	-21.6433279444053
			23.9035489006249	-21.7118194885332
			23.9720404447528	-21.7118194885332
			23.9720404447528	-21.7803110326611
			23.9720404447528	-21.8488025767889
			24.0405319888806	-21.9172941209168
			24.1090235330085	-21.9857856650447
			24.1090235330085	-22.0542772091725
			24.1775150771363	-22.1227687533004
			24.1775150771363	-22.1912602974283
			24.2460066212642	-22.2597518415561
			24.2460066212642	-22.328243385684
			24.2460066212642	-22.3967349298119
			24.3144981653921	-22.3967349298119
			24.3144981653921	-22.4652264739397
			24.3144981653921	-22.5337180180676
			24.3829897095199	-22.6022095621955
			24.3829897095199	-22.6707011063233
			24.4514812536478	-22.7391926504512
			24.4514812536478	-22.807684194579
			24.4514812536478	-22.8761757387069
			24.5199727977757	-22.9446672828348
			24.5199727977757	-23.0131588269626
			24.5199727977757	-23.0816503710905
			24.5884643419035	-23.1501419152184
			24.5884643419035	-23.2186334593462
			24.5884643419035	-23.2871250034741
			24.5884643419035	-23.355616547602
			24.5884643419035	-23.4241080917298
			24.6569558860314	-23.4925996358577
			24.6569558860314	-23.5610911799856
			24.6569558860314	-23.6295827241134
			24.6569558860314	-23.6980742682413
		</glabella>
		<suture type=matrix rownames=FALSE colnames=FALSE nrow=428 ncol=2 as.numeric=TRUE >
			17.6708183849892	-4.17798419179977
			17.739309929117	-4.17798419179977
			17.8078014732449	-4.17798419179977
			17.8762930173728	-4.17798419179977
			17.9447845615006	-4.17798419179977
			18.0132761056285	-4.17798419179977
			18.0817676497564	-4.17798419179977
			18.1502591938842	-4.24647573592763
			18.2187507380121	-4.24647573592763
			18.28724228214	-4.24647573592763
			18.3557338262678	-4.24647573592763
			18.4242253703957	-4.24647573592763
			18.4927169145236	-4.24647573592763
			18.5612084586514	-4.24647573592763
			18.6297000027793	-4.24647573592763
			18.6981915469071	-4.24647573592763
			18.766683091035	-4.24647573592763
			18.8351746351629	-4.3149672800555
			18.9036661792907	-4.3149672800555
			18.9721577234186	-4.3149672800555
			19.0406492675465	-4.3149672800555
			19.1091408116743	-4.3149672800555
			19.1776323558022	-4.3149672800555
			19.2461238999301	-4.3149672800555
			19.2461238999301	-4.38345882418336
			19.3146154440579	-4.38345882418336
			19.3831069881858	-4.38345882418336
			19.4515985323137	-4.38345882418336
			19.5200900764415	-4.38345882418336
			19.5885816205694	-4.38345882418336
			19.6570731646973	-4.45195036831123
			19.7255647088251	-4.45195036831123
			19.794056252953	-4.45195036831123
			19.8625477970809	-4.45195036831123
			19.9310393412087	-4.45195036831123
			19.9995308853366	-4.52044191243909
			20.0680224294644	-4.52044191243909
			20.1365139735923	-4.52044191243909
			20.2050055177202	-4.52044191243909
			20.273497061848	-4.58893345656696
			20.3419886059759	-4.58893345656696
			20.4104801501038	-4.58893345656696
			20.4789716942316	-4.65742500069482
			20.5474632383595	-4.65742500069482
			20.6159547824874	-4.65742500069482
			20.6844463266152	-4.65742500069482
			20.7529378707431	-4.72591654482269
			20.821429414871	-4.72591654482269
			20.8899209589988	-4.79440808895055
			20.9584125031267	-4.79440808895055
			21.0269040472546	-4.79440808895055
			21.0953955913824	-4.86289963307842
			21.1638871355103	-4.86289963307842
			21.2323786796382	-4.86289963307842
			21.300870223766	-4.93139117720628
			21.3693617678939	-4.93139117720628
			21.4378533120217	-4.99988272133415
			21.5063448561496	-4.99988272133415
			21.5748364002775	-5.06837426546201
			21.6433279444053	-5.06837426546201
			21.7118194885332	-5.06837426546201
			21.7803110326611	-5.13686580958988
			21.8488025767889	-5.13686580958988
			21.9172941209168	-5.13686580958988
			21.9857856650447	-5.20535735371774
			22.0542772091725	-5.20535735371774
			22.1227687533004	-5.20535735371774
			22.1912602974283	-5.27384889784561
			22.2597518415561	-5.27384889784561
			22.328243385684	-5.27384889784561
			22.3967349298119	-5.34234044197347
			22.4652264739397	-5.34234044197347
			22.5337180180676	-5.41083198610134
			22.6022095621955	-5.4793235302292
			22.6707011063233	-5.4793235302292
			22.7391926504512	-5.4793235302292
			22.807684194579	-5.54781507435707
			22.8761757387069	-5.54781507435707
			22.9446672828348	-5.61630661848493
			23.0131588269626	-5.6847981626128
			23.0816503710905	-5.6847981626128
			23.1501419152184	-5.75328970674066
			23.2186334593462	-5.75328970674066
			23.2871250034741	-5.75328970674066
			23.355616547602	-5.82178125086853
			23.4241080917298	-5.89027279499639
			23.4925996358577	-5.95876433912426
			23.5610911799856	-5.95876433912426
			23.6295827241134	-6.02725588325212
			23.6980742682413	-6.02725588325212
			23.7665658123692	-6.09574742737999
			23.835057356497	-6.16423897150785
			23.9035489006249	-6.16423897150785
			23.9720404447528	-6.23273051563572
			24.0405319888806	-6.23273051563572
			24.1090235330085	-6.30122205976358
			24.1775150771363	-6.36971360389145
			24.2460066212642	-6.43820514801931
			24.3144981653921	-6.43820514801931
			24.3829897095199	-6.50669669214718
			24.4514812536478	-6.57518823627504
			24.5199727977757	-6.57518823627504
			24.5884643419035	-6.64367978040291
			24.6569558860314	-6.71217132453077
			24.7254474301593	-6.78066286865864
			24.7939389742871	-6.78066286865864
			24.7939389742871	-6.8491544127865
			24.862430518415	-6.91764595691437
			24.9309220625429	-6.91764595691437
			24.9994136066707	-6.98613750104223
			25.0679051507986	-7.0546290451701
			25.1363966949265	-7.12312058929796
			25.2048882390543	-7.19161213342583
			25.2048882390543	-7.26010367755369
			25.2733797831822	-7.32859522168156
			25.3418713273101	-7.39708676580942
			25.4103628714379	-7.46557830993729
			25.4103628714379	-7.53406985406515
			25.4788544155658	-7.53406985406515
			25.5473459596937	-7.60256139819302
			25.5473459596937	-7.67105294232088
			25.6158375038215	-7.73954448644875
			25.6843290479494	-7.80803603057661
			25.7528205920772	-7.87652757470448
			25.8213121362051	-7.87652757470448
			25.8213121362051	-7.94501911883234
			25.889803680333	-8.01351066296021
			25.9582952244608	-8.08200220708807
			26.0267867685887	-8.15049375121594
			26.0952783127166	-8.2189852953438
			26.1637698568444	-8.28747683947167
			26.1637698568444	-8.35596838359953
			26.2322614009723	-8.4244599277274
			26.3007529451002	-8.49295147185526
			26.369244489228	-8.56144301598313
			26.4377360333559	-8.62993456011099
			26.5062275774838	-8.69842610423886
			26.5062275774838	-8.76691764836672
			26.5747191216116	-8.83540919249459
			26.6432106657395	-8.90390073662245
			26.6432106657395	-8.97239228075032
			26.7117022098674	-9.04088382487818
			26.7801937539952	-9.10937536900605
			26.7801937539952	-9.17786691313391
			26.8486852981231	-9.24635845726178
			26.9171768422509	-9.24635845726178
			26.9171768422509	-9.31485000138964
			26.9856683863788	-9.38334154551751
			26.9856683863788	-9.45183308964537
			27.0541599305067	-9.52032463377324
			27.0541599305067	-9.5888161779011
			27.1226514746345	-9.65730772202897
			27.1226514746345	-9.72579926615683
			27.1911430187624	-9.7942908102847
			27.1911430187624	-9.86278235441256
			27.2596345628903	-9.93127389854043
			27.2596345628903	-9.99976544266829
			27.2596345628903	-10.0682569867962
			27.2596345628903	-10.136748530924
			27.2596345628903	-10.2052400750519
			27.2596345628903	-10.2737316191798
			27.2596345628903	-10.3422231633076
			27.2596345628903	-10.4107147074355
			27.2596345628903	-10.4792062515633
			27.2596345628903	-10.5476977956912
			27.2596345628903	-10.6161893398191
			27.2596345628903	-10.6846808839469
			27.2596345628903	-10.7531724280748
			27.2596345628903	-10.8216639722027
			27.1911430187624	-10.8901555163305
			27.1911430187624	-10.9586470604584
			27.1911430187624	-11.0271386045863
			27.1911430187624	-11.0956301487141
			27.1226514746345	-11.164121692842
			27.1226514746345	-11.2326132369699
			27.0541599305067	-11.3011047810977
			26.9856683863788	-11.3695963252256
			26.9171768422509	-11.4380878693535
			26.8486852981231	-11.5065794134813
			26.7801937539952	-11.5750709576092
			26.7117022098674	-11.6435625017371
			26.7117022098674	-11.7120540458649
			26.6432106657395	-11.7805455899928
			26.5747191216116	-11.7805455899928
			26.5062275774838	-11.8490371341206
			26.4377360333559	-11.9175286782485
			26.369244489228	-11.9860202223764
			26.3007529451002	-12.0545117665042
			26.2322614009723	-12.1230033106321
			26.1637698568444	-12.19149485476
			26.0952783127166	-12.19149485476
			26.0267867685887	-12.2599863988878
			25.9582952244608	-12.3284779430157
			25.889803680333	-12.3969694871436
			25.8213121362051	-12.4654610312714
			25.7528205920772	-12.5339525753993
			25.6843290479494	-12.5339525753993
			25.6158375038215	-12.6024441195272
			25.6158375038215	-12.670935663655
			25.5473459596937	-12.7394272077829
			25.5473459596937	-12.8079187519108
			25.4788544155658	-12.8764102960386
			25.4788544155658	-12.9449018401665
			25.4788544155658	-13.0133933842944
			25.4103628714379	-13.0818849284222
			25.4103628714379	-13.1503764725501
			25.3418713273101	-13.2188680166779
			25.3418713273101	-13.2873595608058
			25.3418713273101	-13.3558511049337
			25.3418713273101	-13.4243426490615
			25.3418713273101	-13.4928341931894
			25.2733797831822	-13.5613257373173
			25.2733797831822	-13.6298172814451
			25.2733797831822	-13.698308825573
			25.2733797831822	-13.7668003697009
			25.2733797831822	-13.8352919138287
			25.2733797831822	-13.9037834579566
			25.2733797831822	-13.9722750020845
			25.2733797831822	-14.0407665462123
			25.2733797831822	-14.1092580903402
			25.2733797831822	-14.1777496344681
			25.2733797831822	-14.2462411785959
			25.2733797831822	-14.3147327227238
			25.2733797831822	-14.3832242668517
			25.2733797831822	-14.4517158109795
			25.2733797831822	-14.5202073551074
			25.2733797831822	-14.5886988992352
			25.2733797831822	-14.6571904433631
			25.2733797831822	-14.725681987491
			25.3418713273101	-14.7941735316188
			25.3418713273101	-14.8626650757467
			25.3418713273101	-14.9311566198746
			25.3418713273101	-14.9996481640024
			25.3418713273101	-15.0681397081303
			25.4103628714379	-15.1366312522582
			25.4103628714379	-15.205122796386
			25.4103628714379	-15.2736143405139
			25.4103628714379	-15.3421058846418
			25.4788544155658	-15.4105974287696
			25.4788544155658	-15.4790889728975
			25.4788544155658	-15.5475805170254
			25.5473459596937	-15.6160720611532
			25.5473459596937	-15.6845636052811
			25.6158375038215	-15.6845636052811
			25.6158375038215	-15.753055149409
			25.6158375038215	-15.8215466935368
			25.6843290479494	-15.8900382376647
			25.7528205920772	-15.9585297817925
			25.8213121362051	-15.9585297817925
			25.889803680333	-16.0270213259204
			25.9582952244608	-16.0270213259204
			26.0267867685887	-16.0955128700483
			26.0952783127166	-16.1640044141761
			26.1637698568444	-16.1640044141761
			26.2322614009723	-16.232495958304
			26.3007529451002	-16.3009875024319
			26.369244489228	-16.3009875024319
			26.4377360333559	-16.3694790465597
			26.5062275774838	-16.4379705906876
			26.5747191216116	-16.5064621348155
			26.6432106657395	-16.5064621348155
			26.7117022098674	-16.5749536789433
			26.7801937539952	-16.6434452230712
			26.8486852981231	-16.7119367671991
			26.9171768422509	-16.7804283113269
			26.9856683863788	-16.8489198554548
			27.0541599305067	-16.9174113995827
			27.0541599305067	-16.9859029437105
			27.0541599305067	-17.0543944878384
			27.1226514746345	-17.1228860319663
			27.1226514746345	-17.1913775760941
			27.1911430187624	-17.1913775760941
			27.1911430187624	-17.259869120222
			27.1911430187624	-17.3283606643498
			27.1911430187624	-17.3968522084777
			27.2596345628903	-17.4653437526056
			27.2596345628903	-17.5338352967334
			27.2596345628903	-17.6023268408613
			27.2596345628903	-17.6708183849892
			27.3281261070181	-17.739309929117
			27.3281261070181	-17.8078014732449
			27.3281261070181	-17.8762930173728
			27.3281261070181	-17.9447845615006
			27.3281261070181	-18.0132761056285
			27.3281261070181	-18.0817676497564
			27.3281261070181	-18.1502591938842
			27.3281261070181	-18.2187507380121
			27.396617651146	-18.2187507380121
			27.396617651146	-18.28724228214
			27.396617651146	-18.3557338262678
			27.396617651146	-18.4242253703957
			27.396617651146	-18.4927169145236
			27.3281261070181	-18.5612084586514
			27.3281261070181	-18.6297000027793
			27.3281261070181	-18.6981915469071
			27.3281261070181	-18.766683091035
			27.3281261070181	-18.8351746351629
			27.3281261070181	-18.9036661792907
			27.3281261070181	-18.9721577234186
			27.2596345628903	-19.0406492675465
			27.2596345628903	-19.1091408116743
			27.2596345628903	-19.1776323558022
			27.2596345628903	-19.2461238999301
			27.2596345628903	-19.3146154440579
			27.1911430187624	-19.3831069881858
			27.1911430187624	-19.4515985323137
			27.1911430187624	-19.5200900764415
			27.1226514746345	-19.5885816205694
			27.1226514746345	-19.6570731646973
			27.0541599305067	-19.7255647088251
			27.0541599305067	-19.794056252953
			26.9856683863788	-19.8625477970809
			26.9171768422509	-19.9310393412087
			26.9171768422509	-19.9995308853366
			26.8486852981231	-20.0680224294644
			26.7801937539952	-20.1365139735923
			26.7117022098674	-20.2050055177202
			26.6432106657395	-20.273497061848
			26.6432106657395	-20.3419886059759
			26.5747191216116	-20.4104801501038
			26.5062275774838	-20.4104801501038
			26.4377360333559	-20.4789716942316
			26.369244489228	-20.5474632383595
			26.369244489228	-20.6159547824874
			26.3007529451002	-20.6159547824874
			26.2322614009723	-20.6844463266152
			26.1637698568444	-20.6844463266152
			26.0952783127166	-20.7529378707431
			26.0267867685887	-20.821429414871
			25.9582952244608	-20.8899209589988
			25.889803680333	-20.8899209589988
			25.8213121362051	-20.9584125031267
			25.7528205920772	-21.0269040472546
			25.6843290479494	-21.0269040472546
			25.6158375038215	-21.0953955913824
			25.6158375038215	-21.1638871355103
			25.5473459596937	-21.2323786796382
			25.4788544155658	-21.2323786796382
			25.4103628714379	-21.300870223766
			25.3418713273101	-21.3693617678939
			25.2733797831822	-21.4378533120217
			25.2048882390543	-21.5063448561496
			25.1363966949265	-21.5748364002775
			25.0679051507986	-21.5748364002775
			24.9994136066707	-21.6433279444053
			24.9309220625429	-21.7118194885332
			24.862430518415	-21.7803110326611
			24.7939389742871	-21.8488025767889
			24.7254474301593	-21.9172941209168
			24.7254474301593	-21.9857856650447
			24.6569558860314	-22.0542772091725
			24.7254474301593	-22.1227687533004
			24.7254474301593	-22.1912602974283
			24.7939389742871	-22.1912602974283
			24.862430518415	-22.2597518415561
			24.9309220625429	-22.2597518415561
			24.9994136066707	-22.2597518415561
			25.0679051507986	-22.2597518415561
			25.1363966949265	-22.328243385684
			25.2048882390543	-22.328243385684
			25.2733797831822	-22.328243385684
			25.3418713273101	-22.3967349298119
			25.4103628714379	-22.3967349298119
			25.4788544155658	-22.3967349298119
			25.5473459596937	-22.4652264739397
			25.6158375038215	-22.4652264739397
			25.6843290479494	-22.4652264739397
			25.7528205920772	-22.5337180180676
			25.8213121362051	-22.5337180180676
			25.889803680333	-22.6022095621955
			25.9582952244608	-22.6022095621955
			26.0267867685887	-22.6022095621955
			26.0952783127166	-22.6022095621955
			26.0952783127166	-22.6707011063233
			26.1637698568444	-22.6707011063233
			26.2322614009723	-22.6707011063233
			26.3007529451002	-22.6707011063233
			26.3007529451002	-22.7391926504512
			26.369244489228	-22.7391926504512
			26.4377360333559	-22.7391926504512
			26.5062275774838	-22.807684194579
			26.5747191216116	-22.807684194579
			26.6432106657395	-22.807684194579
			26.7117022098674	-22.8761757387069
			26.7801937539952	-22.8761757387069
			26.8486852981231	-22.9446672828348
			26.9171768422509	-22.9446672828348
			26.9856683863788	-22.9446672828348
			27.0541599305067	-22.9446672828348
			27.0541599305067	-23.0131588269626
			27.1226514746345	-23.0131588269626
			27.1911430187624	-23.0131588269626
			27.2596345628903	-23.0816503710905
			27.3281261070181	-23.0816503710905
			27.396617651146	-23.0816503710905
			27.4651091952739	-23.1501419152184
			27.5336007394017	-23.1501419152184
			27.6020922835296	-23.2186334593462
			27.6705838276575	-23.2871250034741
			27.7390753717853	-23.355616547602
			27.7390753717853	-23.4241080917298
			27.8075669159132	-23.4925996358577
			27.8760584600411	-23.5610911799856
			27.8760584600411	-23.6295827241134
			27.8760584600411	-23.6980742682413
			27.8760584600411	-23.7665658123692
			27.9445500041689	-23.835057356497
			27.9445500041689	-23.9035489006249
			27.9445500041689	-23.9720404447528
			27.9445500041689	-24.0405319888806
			27.9445500041689	-24.1090235330085
			28.0130415482968	-24.1090235330085
			28.0130415482968	-24.1775150771363
			28.0815330924247	-24.2460066212642
			28.0815330924247	-24.3144981653921
			28.1500246365525	-24.3144981653921
			28.2185161806804	-24.3829897095199
			28.2185161806804	-24.4514812536478
			28.2870077248082	-24.4514812536478
			28.3554992689361	-24.5199727977757
			28.423990813064	-24.5199727977757
			28.4924823571918	-24.5884643419035
			28.5609739013197	-24.5884643419035
			28.6294654454476	-24.6569558860314
			28.6979569895754	-24.6569558860314
			28.7664485337033	-24.7254474301593
			28.8349400778312	-24.7254474301593
			28.903431621959	-24.7254474301593
		</suture>
		<anterior type=matrix rownames=FALSE colnames=FALSE nrow=385 ncol=2 as.numeric=TRUE >
			17.6708183849892	-4.17798419179977
			17.739309929117	-4.17798419179977
			17.8078014732449	-4.17798419179977
			17.8762930173728	-4.17798419179977
			17.9447845615006	-4.17798419179977
			18.0132761056285	-4.17798419179977
			18.0817676497564	-4.17798419179977
			18.1502591938842	-4.17798419179977
			18.2187507380121	-4.17798419179977
			18.28724228214	-4.17798419179977
			18.3557338262678	-4.17798419179977
			18.4242253703957	-4.17798419179977
			18.4927169145236	-4.24647573592763
			18.5612084586514	-4.24647573592763
			18.6297000027793	-4.24647573592763
			18.6981915469071	-4.24647573592763
			18.766683091035	-4.24647573592763
			18.8351746351629	-4.24647573592763
			18.9036661792907	-4.24647573592763
			18.9721577234186	-4.24647573592763
			19.0406492675465	-4.24647573592763
			19.1091408116743	-4.3149672800555
			19.1776323558022	-4.3149672800555
			19.2461238999301	-4.3149672800555
			19.3146154440579	-4.3149672800555
			19.3831069881858	-4.3149672800555
			19.4515985323137	-4.38345882418336
			19.5200900764415	-4.38345882418336
			19.5885816205694	-4.38345882418336
			19.6570731646973	-4.38345882418336
			19.7255647088251	-4.38345882418336
			19.794056252953	-4.45195036831123
			19.8625477970809	-4.45195036831123
			19.9310393412087	-4.45195036831123
			19.9995308853366	-4.45195036831123
			20.0680224294644	-4.52044191243909
			20.1365139735923	-4.52044191243909
			20.2050055177202	-4.58893345656696
			20.273497061848	-4.58893345656696
			20.3419886059759	-4.58893345656696
			20.4104801501038	-4.58893345656696
			20.4789716942316	-4.65742500069482
			20.5474632383595	-4.65742500069482
			20.6159547824874	-4.65742500069482
			20.6844463266152	-4.72591654482269
			20.7529378707431	-4.72591654482269
			20.821429414871	-4.79440808895055
			20.8899209589988	-4.79440808895055
			20.9584125031267	-4.79440808895055
			21.0269040472546	-4.86289963307842
			21.0953955913824	-4.86289963307842
			21.1638871355103	-4.86289963307842
			21.2323786796382	-4.86289963307842
			21.2323786796382	-4.93139117720628
			21.300870223766	-4.93139117720628
			21.3693617678939	-4.93139117720628
			21.4378533120217	-4.93139117720628
			21.5063448561496	-4.99988272133415
			21.5748364002775	-4.99988272133415
			21.6433279444053	-4.99988272133415
			21.7118194885332	-5.06837426546201
			21.7803110326611	-5.06837426546201
			21.8488025767889	-5.13686580958988
			21.9172941209168	-5.13686580958988
			21.9857856650447	-5.13686580958988
			22.0542772091725	-5.20535735371774
			22.1227687533004	-5.20535735371774
			22.1912602974283	-5.27384889784561
			22.2597518415561	-5.27384889784561
			22.328243385684	-5.27384889784561
			22.3967349298119	-5.34234044197347
			22.4652264739397	-5.34234044197347
			22.5337180180676	-5.41083198610134
			22.6022095621955	-5.41083198610134
			22.6707011063233	-5.4793235302292
			22.7391926504512	-5.4793235302292
			22.807684194579	-5.54781507435707
			22.8761757387069	-5.54781507435707
			22.9446672828348	-5.61630661848493
			23.0131588269626	-5.61630661848493
			23.0816503710905	-5.6847981626128
			23.1501419152184	-5.6847981626128
			23.1501419152184	-5.75328970674066
			23.2186334593462	-5.75328970674066
			23.2871250034741	-5.82178125086853
			23.355616547602	-5.82178125086853
			23.4241080917298	-5.89027279499639
			23.4925996358577	-5.95876433912426
			23.5610911799856	-5.95876433912426
			23.6295827241134	-6.02725588325212
			23.6980742682413	-6.02725588325212
			23.7665658123692	-6.09574742737999
			23.835057356497	-6.16423897150785
			23.9035489006249	-6.16423897150785
			23.9720404447528	-6.23273051563572
			24.0405319888806	-6.23273051563572
			24.1090235330085	-6.30122205976358
			24.1775150771363	-6.36971360389145
			24.2460066212642	-6.36971360389145
			24.3144981653921	-6.43820514801931
			24.3829897095199	-6.50669669214718
			24.4514812536478	-6.50669669214718
			24.5199727977757	-6.57518823627504
			24.5884643419035	-6.64367978040291
			24.6569558860314	-6.64367978040291
			24.6569558860314	-6.71217132453077
			24.7254474301593	-6.78066286865864
			24.7939389742871	-6.78066286865864
			24.7939389742871	-6.8491544127865
			24.862430518415	-6.91764595691437
			24.9309220625429	-6.91764595691437
			24.9994136066707	-6.98613750104223
			24.9994136066707	-7.0546290451701
			25.0679051507986	-7.0546290451701
			25.1363966949265	-7.12312058929796
			25.2048882390543	-7.19161213342583
			25.2733797831822	-7.26010367755369
			25.3418713273101	-7.32859522168156
			25.4103628714379	-7.39708676580942
			25.4788544155658	-7.39708676580942
			25.5473459596937	-7.46557830993729
			25.6158375038215	-7.53406985406515
			25.6158375038215	-7.60256139819302
			25.6843290479494	-7.67105294232088
			25.7528205920772	-7.67105294232088
			25.8213121362051	-7.73954448644875
			25.889803680333	-7.80803603057661
			25.9582952244608	-7.87652757470448
			26.0267867685887	-7.94501911883234
			26.0952783127166	-8.01351066296021
			26.1637698568444	-8.01351066296021
			26.2322614009723	-8.08200220708807
			26.2322614009723	-8.15049375121594
			26.3007529451002	-8.2189852953438
			26.369244489228	-8.28747683947167
			26.4377360333559	-8.28747683947167
			26.5062275774838	-8.35596838359953
			26.5747191216116	-8.4244599277274
			26.6432106657395	-8.49295147185526
			26.7117022098674	-8.56144301598313
			26.7801937539952	-8.62993456011099
			26.8486852981231	-8.62993456011099
			26.9171768422509	-8.69842610423886
			26.9171768422509	-8.76691764836672
			26.9856683863788	-8.83540919249459
			27.0541599305067	-8.90390073662245
			27.1226514746345	-8.90390073662245
			27.1911430187624	-8.97239228075032
			27.2596345628903	-9.04088382487818
			27.3281261070181	-9.10937536900605
			27.396617651146	-9.17786691313391
			27.4651091952739	-9.24635845726178
			27.4651091952739	-9.31485000138964
			27.5336007394017	-9.38334154551751
			27.6020922835296	-9.45183308964537
			27.6705838276575	-9.52032463377324
			27.6705838276575	-9.5888161779011
			27.7390753717853	-9.65730772202897
			27.8075669159132	-9.72579926615683
			27.8760584600411	-9.7942908102847
			27.9445500041689	-9.86278235441256
			28.0130415482968	-9.93127389854043
			28.0130415482968	-9.99976544266829
			28.0815330924247	-9.99976544266829
			28.0815330924247	-10.0682569867962
			28.1500246365525	-10.136748530924
			28.2185161806804	-10.2052400750519
			28.2870077248082	-10.2737316191798
			28.2870077248082	-10.3422231633076
			28.3554992689361	-10.4107147074355
			28.423990813064	-10.4792062515633
			28.423990813064	-10.5476977956912
			28.4924823571918	-10.5476977956912
			28.4924823571918	-10.6161893398191
			28.5609739013197	-10.6846808839469
			28.5609739013197	-10.7531724280748
			28.6294654454476	-10.8216639722027
			28.6979569895754	-10.8216639722027
			28.6979569895754	-10.8901555163305
			28.7664485337033	-10.9586470604584
			28.7664485337033	-11.0271386045863
			28.8349400778312	-11.0956301487141
			28.903431621959	-11.164121692842
			28.9719231660869	-11.2326132369699
			28.9719231660869	-11.3011047810977
			29.0404147102148	-11.3695963252256
			29.1089062543426	-11.4380878693535
			29.1089062543426	-11.5065794134813
			29.1773977984705	-11.5750709576092
			29.1773977984705	-11.6435625017371
			29.2458893425984	-11.7120540458649
			29.3143808867262	-11.7120540458649
			29.3143808867262	-11.7805455899928
			29.3828724308541	-11.8490371341206
			29.3828724308541	-11.9175286782485
			29.451363974982	-11.9860202223764
			29.5198555191098	-12.0545117665042
			29.5198555191098	-12.1230033106321
			29.5883470632377	-12.19149485476
			29.6568386073656	-12.2599863988878
			29.6568386073656	-12.3284779430157
			29.7253301514934	-12.3969694871436
			29.7253301514934	-12.4654610312714
			29.7938216956213	-12.5339525753993
			29.8623132397491	-12.6024441195272
			29.8623132397491	-12.670935663655
			29.930804783877	-12.7394272077829
			29.930804783877	-12.8079187519108
			29.9992963280049	-12.8764102960386
			29.9992963280049	-12.9449018401665
			30.0677878721327	-13.0133933842944
			30.0677878721327	-13.0818849284222
			30.1362794162606	-13.1503764725501
			30.1362794162606	-13.2188680166779
			30.2047709603885	-13.2873595608058
			30.2047709603885	-13.3558511049337
			30.2732625045163	-13.4243426490615
			30.2732625045163	-13.4928341931894
			30.3417540486442	-13.5613257373173
			30.3417540486442	-13.6298172814451
			30.4102455927721	-13.698308825573
			30.4787371368999	-13.7668003697009
			30.4787371368999	-13.8352919138287
			30.4787371368999	-13.9037834579566
			30.5472286810278	-13.9037834579566
			30.5472286810278	-13.9722750020845
			30.5472286810278	-14.0407665462123
			30.6157202251557	-14.0407665462123
			30.6157202251557	-14.1092580903402
			30.6157202251557	-14.1777496344681
			30.6842117692835	-14.1777496344681
			30.6842117692835	-14.2462411785959
			30.6842117692835	-14.3147327227238
			30.7527033134114	-14.3147327227238
			30.7527033134114	-14.3832242668517
			30.7527033134114	-14.4517158109795
			30.8211948575393	-14.5202073551074
			30.8211948575393	-14.5886988992352
			30.8896864016671	-14.6571904433631
			30.8896864016671	-14.725681987491
			30.958177945795	-14.7941735316188
			30.958177945795	-14.8626650757467
			30.958177945795	-14.9311566198746
			31.0266694899228	-14.9996481640024
			31.0266694899228	-15.0681397081303
			31.0951610340507	-15.1366312522582
			31.0951610340507	-15.205122796386
			31.0951610340507	-15.2736143405139
			31.1636525781786	-15.3421058846418
			31.1636525781786	-15.4105974287696
			31.1636525781786	-15.4790889728975
			31.1636525781786	-15.5475805170254
			31.2321441223064	-15.6160720611532
			31.2321441223064	-15.6845636052811
			31.2321441223064	-15.753055149409
			31.2321441223064	-15.8215466935368
			31.2321441223064	-15.8900382376647
			31.3006356664343	-15.9585297817925
			31.3006356664343	-16.0270213259204
			31.3006356664343	-16.0955128700483
			31.3006356664343	-16.1640044141761
			31.3006356664343	-16.232495958304
			31.3691272105622	-16.3009875024319
			31.3691272105622	-16.3694790465597
			31.3691272105622	-16.4379705906876
			31.3691272105622	-16.5064621348155
			31.3691272105622	-16.5749536789433
			31.43761875469	-16.6434452230712
			31.43761875469	-16.7119367671991
			31.43761875469	-16.7804283113269
			31.43761875469	-16.8489198554548
			31.43761875469	-16.9174113995827
			31.5061102988179	-16.9859029437105
			31.5061102988179	-17.0543944878384
			31.5061102988179	-17.1228860319663
			31.5061102988179	-17.1913775760941
			31.5061102988179	-17.259869120222
			31.5061102988179	-17.3283606643498
			31.5746018429458	-17.3968522084777
			31.5746018429458	-17.4653437526056
			31.5746018429458	-17.5338352967334
			31.5746018429458	-17.6023268408613
			31.5746018429458	-17.6708183849892
			31.5746018429458	-17.739309929117
			31.5746018429458	-17.8078014732449
			31.5746018429458	-17.8762930173728
			31.5746018429458	-17.9447845615006
			31.6430933870736	-18.0132761056285
			31.6430933870736	-18.0817676497564
			31.6430933870736	-18.1502591938842
			31.6430933870736	-18.2187507380121
			31.6430933870736	-18.28724228214
			31.6430933870736	-18.3557338262678
			31.6430933870736	-18.4242253703957
			31.6430933870736	-18.4927169145236
			31.6430933870736	-18.5612084586514
			31.6430933870736	-18.6297000027793
			31.6430933870736	-18.6981915469071
			31.6430933870736	-18.766683091035
			31.6430933870736	-18.8351746351629
			31.7115849312015	-18.9036661792907
			31.7115849312015	-18.9721577234186
			31.7115849312015	-19.0406492675465
			31.7115849312015	-19.1091408116743
			31.7115849312015	-19.1776323558022
			31.7115849312015	-19.2461238999301
			31.7115849312015	-19.3146154440579
			31.7115849312015	-19.3831069881858
			31.7115849312015	-19.4515985323137
			31.7115849312015	-19.5200900764415
			31.7115849312015	-19.5885816205694
			31.7115849312015	-19.6570731646973
			31.7115849312015	-19.7255647088251
			31.7115849312015	-19.794056252953
			31.7115849312015	-19.8625477970809
			31.7115849312015	-19.9310393412087
			31.7115849312015	-19.9995308853366
			31.7115849312015	-20.0680224294644
			31.7115849312015	-20.1365139735923
			31.7115849312015	-20.2050055177202
			31.7115849312015	-20.273497061848
			31.7115849312015	-20.3419886059759
			31.7115849312015	-20.4104801501038
			31.7115849312015	-20.4789716942316
			31.7115849312015	-20.5474632383595
			31.7115849312015	-20.6159547824874
			31.7115849312015	-20.6844463266152
			31.7115849312015	-20.7529378707431
			31.7115849312015	-20.821429414871
			31.7115849312015	-20.8899209589988
			31.7115849312015	-20.9584125031267
			31.7115849312015	-21.0269040472546
			31.7115849312015	-21.0953955913824
			31.7115849312015	-21.1638871355103
			31.7115849312015	-21.2323786796382
			31.7115849312015	-21.300870223766
			31.7115849312015	-21.3693617678939
			31.7115849312015	-21.4378533120217
			31.7115849312015	-21.5063448561496
			31.6430933870736	-21.5748364002775
			31.6430933870736	-21.6433279444053
			31.6430933870736	-21.7118194885332
			31.6430933870736	-21.7803110326611
			31.6430933870736	-21.8488025767889
			31.6430933870736	-21.9172941209168
			31.6430933870736	-21.9857856650447
			31.6430933870736	-22.0542772091725
			31.6430933870736	-22.1227687533004
			31.6430933870736	-22.1912602974283
			31.6430933870736	-22.2597518415561
			31.6430933870736	-22.328243385684
			31.6430933870736	-22.3967349298119
			31.6430933870736	-22.4652264739397
			31.6430933870736	-22.5337180180676
			31.6430933870736	-22.6022095621955
			31.6430933870736	-22.6707011063233
			31.6430933870736	-22.7391926504512
			31.5746018429458	-22.807684194579
			31.5746018429458	-22.8761757387069
			31.5746018429458	-22.9446672828348
			31.5746018429458	-23.0131588269626
			31.5746018429458	-23.0816503710905
			31.5746018429458	-23.1501419152184
			31.5746018429458	-23.2186334593462
			31.5746018429458	-23.2871250034741
			31.5746018429458	-23.355616547602
			31.5746018429458	-23.4241080917298
			31.5746018429458	-23.4925996358577
			31.5746018429458	-23.5610911799856
			31.5746018429458	-23.6295827241134
			31.5746018429458	-23.6980742682413
			31.5746018429458	-23.7665658123692
			31.5746018429458	-23.835057356497
			31.5746018429458	-23.9035489006249
			31.5746018429458	-23.9720404447528
			31.5746018429458	-24.0405319888806
			31.5061102988179	-24.1090235330085
			31.5061102988179	-24.1775150771363
			31.5061102988179	-24.2460066212642
			31.5061102988179	-24.3144981653921
			31.5061102988179	-24.3829897095199
			31.5061102988179	-24.4514812536478
			31.5061102988179	-24.5199727977757
			31.5061102988179	-24.5884643419035
			31.5061102988179	-24.6569558860314
		</anterior>
		<posterior type=matrix rownames=FALSE colnames=FALSE nrow=329 ncol=2 as.numeric=TRUE >
			17.6708183849892	-24.6569558860314
			17.739309929117	-24.6569558860314
			17.8078014732449	-24.6569558860314
			17.8762930173728	-24.6569558860314
			17.9447845615006	-24.7254474301593
			18.0132761056285	-24.7254474301593
			18.0817676497564	-24.7254474301593
			18.1502591938842	-24.7254474301593
			18.2187507380121	-24.7254474301593
			18.28724228214	-24.7254474301593
			18.3557338262678	-24.7254474301593
			18.4242253703957	-24.7254474301593
			18.4927169145236	-24.7254474301593
			18.5612084586514	-24.7939389742871
			18.6297000027793	-24.7939389742871
			18.6981915469071	-24.7939389742871
			18.766683091035	-24.7939389742871
			18.8351746351629	-24.7939389742871
			18.9036661792907	-24.7939389742871
			18.9721577234186	-24.7939389742871
			19.0406492675465	-24.7939389742871
			19.1091408116743	-24.7939389742871
			19.1776323558022	-24.7939389742871
			19.2461238999301	-24.7939389742871
			19.3146154440579	-24.862430518415
			19.3831069881858	-24.862430518415
			19.4515985323137	-24.862430518415
			19.5200900764415	-24.862430518415
			19.5885816205694	-24.862430518415
			19.6570731646973	-24.862430518415
			19.7255647088251	-24.862430518415
			19.794056252953	-24.862430518415
			19.8625477970809	-24.862430518415
			19.9310393412087	-24.862430518415
			19.9995308853366	-24.862430518415
			20.0680224294644	-24.862430518415
			20.1365139735923	-24.862430518415
			20.2050055177202	-24.862430518415
			20.273497061848	-24.862430518415
			20.3419886059759	-24.7939389742871
			20.4104801501038	-24.7939389742871
			20.4789716942316	-24.7939389742871
			20.5474632383595	-24.7939389742871
			20.6159547824874	-24.7939389742871
			20.6844463266152	-24.7254474301593
			20.7529378707431	-24.7254474301593
			20.821429414871	-24.7254474301593
			20.8899209589988	-24.7254474301593
			20.9584125031267	-24.6569558860314
			21.0269040472546	-24.6569558860314
			21.0953955913824	-24.6569558860314
			21.1638871355103	-24.5884643419035
			21.2323786796382	-24.5884643419035
			21.300870223766	-24.5199727977757
			21.3693617678939	-24.5199727977757
			21.4378533120217	-24.4514812536478
			21.5063448561496	-24.3829897095199
			21.5748364002775	-24.3829897095199
			21.6433279444053	-24.3144981653921
			21.7118194885332	-24.3144981653921
			21.7803110326611	-24.2460066212642
			21.8488025767889	-24.1775150771363
			21.9172941209168	-24.1090235330085
			21.9857856650447	-24.0405319888806
			22.0542772091725	-23.9720404447528
			22.0542772091725	-23.9035489006249
			22.1227687533004	-23.9035489006249
			22.1912602974283	-23.835057356497
			22.1912602974283	-23.7665658123692
			22.2597518415561	-23.7665658123692
			22.328243385684	-23.6980742682413
			22.3967349298119	-23.6980742682413
			22.3967349298119	-23.6295827241134
			22.4652264739397	-23.6295827241134
			22.5337180180676	-23.5610911799856
			22.6022095621955	-23.4925996358577
			22.6707011063233	-23.4925996358577
			22.7391926504512	-23.4241080917298
			22.807684194579	-23.4241080917298
			22.8761757387069	-23.4241080917298
			22.8761757387069	-23.355616547602
			22.9446672828348	-23.355616547602
			23.0131588269626	-23.355616547602
			23.0816503710905	-23.2871250034741
			23.1501419152184	-23.2871250034741
			23.2186334593462	-23.2871250034741
			23.2871250034741	-23.2871250034741
			23.355616547602	-23.2871250034741
			23.4241080917298	-23.2871250034741
			23.4925996358577	-23.2871250034741
			23.5610911799856	-23.2871250034741
			23.6295827241134	-23.2871250034741
			23.6980742682413	-23.2871250034741
			23.7665658123692	-23.2871250034741
			23.835057356497	-23.355616547602
			23.9035489006249	-23.355616547602
			23.9720404447528	-23.4241080917298
			24.0405319888806	-23.4241080917298
			24.1090235330085	-23.4241080917298
			24.1775150771363	-23.4925996358577
			24.2460066212642	-23.4925996358577
			24.3144981653921	-23.4925996358577
			24.3829897095199	-23.4925996358577
			24.4514812536478	-23.5610911799856
			24.5199727977757	-23.5610911799856
			24.5884643419035	-23.5610911799856
			24.6569558860314	-23.5610911799856
			24.7254474301593	-23.5610911799856
			24.7939389742871	-23.5610911799856
			24.862430518415	-23.5610911799856
			24.9309220625429	-23.5610911799856
			24.9994136066707	-23.5610911799856
			25.0679051507986	-23.5610911799856
			25.0679051507986	-23.4925996358577
			25.1363966949265	-23.4925996358577
			25.2048882390543	-23.4925996358577
			25.2733797831822	-23.4925996358577
			25.3418713273101	-23.4925996358577
			25.4103628714379	-23.4925996358577
			25.4103628714379	-23.5610911799856
			25.4788544155658	-23.5610911799856
			25.5473459596937	-23.5610911799856
			25.6158375038215	-23.5610911799856
			25.6843290479494	-23.5610911799856
			25.7528205920772	-23.6295827241134
			25.8213121362051	-23.6295827241134
			25.889803680333	-23.6295827241134
			25.9582952244608	-23.6295827241134
			26.0267867685887	-23.6980742682413
			26.0952783127166	-23.6980742682413
			26.1637698568444	-23.6980742682413
			26.2322614009723	-23.7665658123692
			26.3007529451002	-23.7665658123692
			26.369244489228	-23.7665658123692
			26.4377360333559	-23.835057356497
			26.5062275774838	-23.835057356497
			26.5747191216116	-23.835057356497
			26.6432106657395	-23.9035489006249
			26.7117022098674	-23.9035489006249
			26.7801937539952	-23.9035489006249
			26.8486852981231	-23.9720404447528
			26.9171768422509	-24.0405319888806
			26.9856683863788	-24.0405319888806
			27.0541599305067	-24.1090235330085
			27.1226514746345	-24.1090235330085
			27.1911430187624	-24.1775150771363
			27.2596345628903	-24.1775150771363
			27.3281261070181	-24.2460066212642
			27.396617651146	-24.2460066212642
			27.4651091952739	-24.3144981653921
			27.5336007394017	-24.3144981653921
			27.5336007394017	-24.3829897095199
			27.6020922835296	-24.3829897095199
			27.6705838276575	-24.4514812536478
			27.7390753717853	-24.4514812536478
			27.8075669159132	-24.5199727977757
			27.8760584600411	-24.5199727977757
			27.9445500041689	-24.5199727977757
			28.0130415482968	-24.5884643419035
			28.0815330924247	-24.5884643419035
			28.1500246365525	-24.5884643419035
			28.2185161806804	-24.6569558860314
			28.2870077248082	-24.6569558860314
			28.3554992689361	-24.6569558860314
			28.423990813064	-24.6569558860314
			28.4924823571918	-24.6569558860314
			28.5609739013197	-24.7254474301593
			28.6294654454476	-24.7254474301593
			28.6979569895754	-24.7254474301593
			28.7664485337033	-24.7254474301593
			28.8349400778312	-24.7254474301593
			28.903431621959	-24.7254474301593
			28.9719231660869	-24.7254474301593
			29.0404147102148	-24.7254474301593
			29.0404147102148	-24.7939389742871
			29.1089062543426	-24.7939389742871
			29.1773977984705	-24.7939389742871
			29.1773977984705	-24.862430518415
			29.2458893425984	-24.862430518415
			29.3143808867262	-24.9309220625429
			29.3828724308541	-24.9994136066707
			29.3828724308541	-25.0679051507986
			29.451363974982	-25.1363966949265
			29.451363974982	-25.2048882390543
			29.5198555191098	-25.2733797831822
			29.5198555191098	-25.3418713273101
			29.5198555191098	-25.4103628714379
			29.5198555191098	-25.4788544155658
			29.5883470632377	-25.5473459596937
			29.5883470632377	-25.6158375038215
			29.5883470632377	-25.6843290479494
			29.5883470632377	-25.7528205920772
			29.5883470632377	-25.8213121362051
			29.5883470632377	-25.889803680333
			29.5883470632377	-25.9582952244608
			29.5883470632377	-26.0267867685887
			29.5883470632377	-26.0952783127166
			29.6568386073656	-26.1637698568444
			29.6568386073656	-26.2322614009723
			29.6568386073656	-26.3007529451002
			29.6568386073656	-26.369244489228
			29.6568386073656	-26.4377360333559
			29.7253301514934	-26.5062275774838
			29.7253301514934	-26.5747191216116
			29.7253301514934	-26.6432106657395
			29.7253301514934	-26.7117022098674
			29.7938216956213	-26.7801937539952
			29.7938216956213	-26.8486852981231
			29.7938216956213	-26.9171768422509
			29.7938216956213	-26.9856683863788
			29.8623132397491	-27.0541599305067
			29.8623132397491	-27.1226514746345
			29.8623132397491	-27.1911430187624
			29.8623132397491	-27.2596345628903
			29.930804783877	-27.3281261070181
			29.930804783877	-27.396617651146
			29.930804783877	-27.4651091952739
			29.9992963280049	-27.5336007394017
			29.9992963280049	-27.6020922835296
			29.9992963280049	-27.6705838276575
			30.0677878721327	-27.7390753717853
			30.0677878721327	-27.8075669159132
			30.1362794162606	-27.8760584600411
			30.1362794162606	-27.9445500041689
			30.1362794162606	-28.0130415482968
			30.2047709603885	-28.0815330924247
			30.2732625045163	-28.1500246365525
			30.2732625045163	-28.2185161806804
			30.3417540486442	-28.2870077248082
			30.3417540486442	-28.3554992689361
			30.4102455927721	-28.423990813064
			30.4102455927721	-28.4924823571918
			30.4102455927721	-28.5609739013197
			30.4787371368999	-28.6294654454476
			30.4787371368999	-28.6979569895754
			30.5472286810278	-28.7664485337033
			30.5472286810278	-28.8349400778312
			30.5472286810278	-28.903431621959
			30.5472286810278	-28.9719231660869
			30.6157202251557	-28.9719231660869
			30.6157202251557	-29.0404147102148
			30.6157202251557	-29.1089062543426
			30.6157202251557	-29.1773977984705
			30.6842117692835	-29.2458893425984
			30.6842117692835	-29.3143808867262
			30.6842117692835	-29.3828724308541
			30.6842117692835	-29.451363974982
			30.6842117692835	-29.5198555191098
			30.6842117692835	-29.5883470632377
			30.7527033134114	-29.5883470632377
			30.7527033134114	-29.6568386073656
			30.7527033134114	-29.7253301514934
			30.7527033134114	-29.7938216956213
			30.7527033134114	-29.7253301514934
			30.7527033134114	-29.6568386073656
			30.8211948575393	-29.5883470632377
			30.8211948575393	-29.5198555191098
			30.8211948575393	-29.451363974982
			30.8211948575393	-29.3828724308541
			30.8211948575393	-29.3143808867262
			30.8896864016671	-29.2458893425984
			30.8896864016671	-29.1773977984705
			30.8896864016671	-29.1089062543426
			30.8896864016671	-29.0404147102148
			30.8896864016671	-28.9719231660869
			30.8896864016671	-28.903431621959
			30.958177945795	-28.8349400778312
			30.958177945795	-28.7664485337033
			30.958177945795	-28.6979569895754
			30.958177945795	-28.6294654454476
			30.958177945795	-28.5609739013197
			30.958177945795	-28.4924823571918
			30.958177945795	-28.423990813064
			31.0266694899228	-28.3554992689361
			31.0266694899228	-28.2870077248082
			31.0266694899228	-28.2185161806804
			31.0266694899228	-28.1500246365525
			31.0266694899228	-28.0815330924247
			31.0266694899228	-28.0130415482968
			31.0266694899228	-27.9445500041689
			31.0266694899228	-27.8760584600411
			31.0951610340507	-27.8075669159132
			31.0951610340507	-27.7390753717853
			31.0951610340507	-27.6705838276575
			31.0951610340507	-27.6020922835296
			31.0951610340507	-27.5336007394017
			31.0951610340507	-27.4651091952739
			31.0951610340507	-27.396617651146
			31.0951610340507	-27.3281261070181
			31.0951610340507	-27.2596345628903
			31.0951610340507	-27.1911430187624
			31.1636525781786	-27.1226514746345
			31.1636525781786	-27.0541599305067
			31.1636525781786	-26.9856683863788
			31.1636525781786	-26.9171768422509
			31.1636525781786	-26.8486852981231
			31.1636525781786	-26.7801937539952
			31.1636525781786	-26.7117022098674
			31.1636525781786	-26.6432106657395
			31.1636525781786	-26.5747191216116
			31.1636525781786	-26.5062275774838
			31.1636525781786	-26.4377360333559
			31.2321441223064	-26.369244489228
			31.2321441223064	-26.3007529451002
			31.2321441223064	-26.2322614009723
			31.2321441223064	-26.1637698568444
			31.2321441223064	-26.0952783127166
			31.2321441223064	-26.0267867685887
			31.3006356664343	-26.0267867685887
			31.3006356664343	-25.9582952244608
			31.3006356664343	-25.889803680333
			31.3006356664343	-25.8213121362051
			31.3006356664343	-25.7528205920772
			31.3006356664343	-25.6843290479494
			31.3691272105622	-25.6158375038215
			31.3691272105622	-25.5473459596937
			31.3691272105622	-25.4788544155658
			31.3691272105622	-25.4103628714379
			31.3691272105622	-25.3418713273101
			31.3691272105622	-25.2733797831822
			31.43761875469	-25.2048882390543
			31.43761875469	-25.1363966949265
			31.43761875469	-25.0679051507986
			31.43761875469	-24.9994136066707
			31.43761875469	-24.9309220625429
			31.5061102988179	-24.862430518415
			31.5061102988179	-24.7939389742871
			31.5061102988179	-24.7254474301593
			31.5061102988179	-24.6569558860314
		</posterior>
	</curves.scaled>
	<ruler.points type=matrix rownames=TRUE colnames=FALSE nrow=2 ncol=2 as.numeric=TRUE >
		Ruler point 1	12	420
		Ruler point 2	13	566
	</ruler.points>
</shapes>

