<shapes type=list>
	<ruler.pixel type=vector names=FALSE length=1 as.numeric=TRUE >518</ruler.pixel>
	<ruler.interval type=vector names=FALSE length=1 as.numeric=TRUE >1.4</ruler.interval>
	<scaling.units type=vector names=FALSE length=1 as.numeric=FALSE >mm</scaling.units>
	<scaling type=vector names=FALSE length=1 as.numeric=TRUE >0.0027027027027027</scaling>
	<landmarks.pixel type=matrix rownames=TRUE colnames=FALSE nrow=12 ncol=2 as.numeric=TRUE >
		LM1	1198	479
		LM2	1198	657
		LM3	1198	1176
		LM4	1198	1333
		LM5	1363	816
		LM6	1349	1209
		LM7	1363	1265
		LM8	1558	694
		LM9	1599	772
		LM10	1198	479
		LM11	1839	1082
		LM12	1901	1086
	</landmarks.pixel>
	<landmarks.scaled type=matrix rownames=TRUE colnames=FALSE nrow=12 ncol=2 as.numeric=TRUE >
		LM1	3.23783783783784	-1.29459459459459
		LM2	3.23783783783784	-1.77567567567568
		LM3	3.23783783783784	-3.17837837837838
		LM4	3.23783783783784	-3.6027027027027
		LM5	3.68378378378378	-2.20540540540541
		LM6	3.64594594594595	-3.26756756756757
		LM7	3.68378378378378	-3.41891891891892
		LM8	4.21081081081081	-1.87567567567568
		LM9	4.32162162162162	-2.08648648648649
		LM10	3.23783783783784	-1.29459459459459
		LM11	4.97027027027027	-2.92432432432432
		LM12	5.13783783783784	-2.93513513513513
	</landmarks.scaled>
	<curves.control type=list>
		<glabella type=matrix rownames=FALSE colnames=FALSE nrow=9 ncol=2 as.numeric=TRUE >
			1198	657
			1259	673
			1315	711
			1394	818
			1359	1050
			1357	1118
			1351	1211
			1367	1239
			1363	1265
		</glabella>
		<suture type=matrix rownames=FALSE colnames=FALSE nrow=11 ncol=2 as.numeric=TRUE >
			1198	479
			1257	498
			1448	566
			1571	614
			1561	689
			1609	703
			1599	776
			1768	776
			1835	1082
			1899	1074
			1901	1086
		</suture>
	</curves.control>
	<curves.pixel type=list>
		<glabella type=matrix rownames=FALSE colnames=FALSE nrow=696 ncol=2 as.numeric=TRUE >
			1198	657
			1199	657
			1200	658
			1201	658
			1202	658
			1203	658
			1204	659
			1205	659
			1206	659
			1207	659
			1207	660
			1208	660
			1209	660
			1210	660
			1211	661
			1212	661
			1213	661
			1214	662
			1215	662
			1216	662
			1217	663
			1218	663
			1219	663
			1220	664
			1221	664
			1222	664
			1223	665
			1224	665
			1225	665
			1226	666
			1227	666
			1228	666
			1229	667
			1230	667
			1231	667
			1232	668
			1233	668
			1234	669
			1235	669
			1236	669
			1237	670
			1238	670
			1239	670
			1240	671
			1241	671
			1242	672
			1243	672
			1244	672
			1245	673
			1246	673
			1247	674
			1248	674
			1249	674
			1250	675
			1251	675
			1252	676
			1253	676
			1253	677
			1254	677
			1255	677
			1256	678
			1257	678
			1258	679
			1259	679
			1260	680
			1261	680
			1262	681
			1263	681
			1264	682
			1265	682
			1266	682
			1267	683
			1268	683
			1269	684
			1270	684
			1271	685
			1272	685
			1273	686
			1274	686
			1275	687
			1276	687
			1277	688
			1278	688
			1278	689
			1279	689
			1280	690
			1281	690
			1282	691
			1283	691
			1284	692
			1285	692
			1286	693
			1287	694
			1288	694
			1289	695
			1290	695
			1291	696
			1292	696
			1293	697
			1294	697
			1295	698
			1295	699
			1296	699
			1297	700
			1298	700
			1299	701
			1300	701
			1301	702
			1302	703
			1303	703
			1304	704
			1305	704
			1306	705
			1307	706
			1308	706
			1309	707
			1310	707
			1310	708
			1311	709
			1312	709
			1313	710
			1314	710
			1315	711
			1316	712
			1317	713
			1317	714
			1318	715
			1319	716
			1319	717
			1320	717
			1320	718
			1320	719
			1321	719
			1321	720
			1322	721
			1323	722
			1324	723
			1324	724
			1325	725
			1325	726
			1326	727
			1326	728
			1327	728
			1327	729
			1328	730
			1328	731
			1329	732
			1329	733
			1330	733
			1330	734
			1330	735
			1331	736
			1331	737
			1332	738
			1332	739
			1333	739
			1333	740
			1334	741
			1334	742
			1335	743
			1335	744
			1336	745
			1336	746
			1336	747
			1337	747
			1337	748
			1338	749
			1338	750
			1339	751
			1339	752
			1339	753
			1340	754
			1340	755
			1341	756
			1341	757
			1342	758
			1342	759
			1343	760
			1343	761
			1343	762
			1344	762
			1344	763
			1344	764
			1344	765
			1345	765
			1345	766
			1345	767
			1346	768
			1346	769
			1347	770
			1347	771
			1347	772
			1348	773
			1348	774
			1348	775
			1349	776
			1349	777
			1349	778
			1350	779
			1350	780
			1351	781
			1351	782
			1351	783
			1351	784
			1352	785
			1352	786
			1352	787
			1352	788
			1353	788
			1353	789
			1353	790
			1353	791
			1354	791
			1354	792
			1354	793
			1354	794
			1355	795
			1355	796
			1355	797
			1356	798
			1356	799
			1356	800
			1356	801
			1357	802
			1357	803
			1357	804
			1357	805
			1357	806
			1358	807
			1358	808
			1358	809
			1358	810
			1359	811
			1359	812
			1359	813
			1359	814
			1360	815
			1360	816
			1360	817
			1360	818
			1360	819
			1361	820
			1361	821
			1361	822
			1361	823
			1361	824
			1362	825
			1362	826
			1362	827
			1362	828
			1362	829
			1363	830
			1363	831
			1363	832
			1363	833
			1363	834
			1363	835
			1364	836
			1364	837
			1364	838
			1364	839
			1364	840
			1364	841
			1364	842
			1365	842
			1365	843
			1365	844
			1365	845
			1365	846
			1365	847
			1365	848
			1365	849
			1366	849
			1366	850
			1366	851
			1366	852
			1366	853
			1366	854
			1366	855
			1366	856
			1366	857
			1367	858
			1367	859
			1367	860
			1367	861
			1367	862
			1367	863
			1367	864
			1367	865
			1367	866
			1367	867
			1368	868
			1368	869
			1368	870
			1368	871
			1368	872
			1368	873
			1368	874
			1368	875
			1368	876
			1368	877
			1368	878
			1368	879
			1368	880
			1369	880
			1369	881
			1369	882
			1369	883
			1369	884
			1369	885
			1369	886
			1369	887
			1369	888
			1369	889
			1369	890
			1369	891
			1369	892
			1369	893
			1369	894
			1369	895
			1369	896
			1369	897
			1369	898
			1369	899
			1369	900
			1369	901
			1370	902
			1370	903
			1370	904
			1370	905
			1370	906
			1370	907
			1370	908
			1370	909
			1370	910
			1370	911
			1370	912
			1370	913
			1370	914
			1370	915
			1370	916
			1370	917
			1370	918
			1370	919
			1370	920
			1370	921
			1370	922
			1370	923
			1370	924
			1370	925
			1370	926
			1370	927
			1370	928
			1370	929
			1370	930
			1370	931
			1370	932
			1370	933
			1370	934
			1370	935
			1370	936
			1370	937
			1369	938
			1369	939
			1369	940
			1369	941
			1369	942
			1369	943
			1369	944
			1369	945
			1369	946
			1369	947
			1369	948
			1369	949
			1369	950
			1369	951
			1369	952
			1369	953
			1369	954
			1369	955
			1369	956
			1369	957
			1369	958
			1369	959
			1369	960
			1368	961
			1368	962
			1368	963
			1368	964
			1368	965
			1368	966
			1368	967
			1368	968
			1368	969
			1368	970
			1368	971
			1368	972
			1368	973
			1368	974
			1368	975
			1368	976
			1367	977
			1367	978
			1367	979
			1367	980
			1367	981
			1367	982
			1367	983
			1367	984
			1367	985
			1367	986
			1367	987
			1367	988
			1366	989
			1366	990
			1366	991
			1366	992
			1366	993
			1366	994
			1366	995
			1366	996
			1366	997
			1366	998
			1365	999
			1365	1000
			1365	1001
			1365	1002
			1365	1003
			1365	1004
			1365	1005
			1365	1006
			1365	1007
			1365	1008
			1364	1009
			1364	1010
			1364	1011
			1364	1012
			1364	1013
			1364	1014
			1364	1015
			1364	1016
			1363	1017
			1363	1018
			1363	1019
			1363	1020
			1363	1021
			1363	1022
			1363	1023
			1363	1024
			1362	1025
			1362	1026
			1362	1027
			1362	1028
			1362	1029
			1362	1030
			1362	1031
			1362	1032
			1361	1033
			1361	1034
			1361	1035
			1361	1036
			1361	1037
			1361	1038
			1361	1039
			1360	1040
			1360	1041
			1360	1042
			1360	1043
			1360	1044
			1360	1045
			1360	1046
			1360	1047
			1359	1048
			1359	1049
			1359	1050
			1359	1051
			1359	1052
			1359	1053
			1359	1054
			1359	1055
			1359	1056
			1359	1057
			1359	1058
			1359	1059
			1359	1060
			1359	1061
			1359	1062
			1359	1063
			1359	1064
			1359	1065
			1358	1066
			1358	1067
			1358	1068
			1358	1069
			1358	1070
			1358	1071
			1358	1072
			1358	1073
			1358	1074
			1358	1075
			1358	1076
			1358	1077
			1358	1078
			1358	1079
			1358	1080
			1358	1081
			1358	1082
			1358	1083
			1358	1084
			1358	1085
			1358	1086
			1358	1087
			1358	1088
			1358	1089
			1358	1090
			1358	1091
			1357	1092
			1357	1093
			1357	1094
			1357	1095
			1357	1096
			1357	1097
			1357	1098
			1357	1099
			1357	1100
			1357	1101
			1357	1102
			1357	1103
			1357	1104
			1357	1105
			1357	1106
			1357	1107
			1357	1108
			1357	1109
			1357	1110
			1357	1111
			1357	1112
			1357	1113
			1356	1114
			1356	1115
			1356	1116
			1356	1117
			1356	1118
			1356	1119
			1356	1120
			1356	1121
			1356	1122
			1356	1123
			1356	1124
			1356	1125
			1356	1126
			1356	1127
			1356	1128
			1356	1129
			1356	1130
			1356	1131
			1356	1132
			1356	1133
			1356	1134
			1355	1135
			1355	1136
			1355	1137
			1355	1138
			1355	1139
			1355	1140
			1355	1141
			1355	1142
			1355	1143
			1355	1144
			1355	1145
			1355	1146
			1355	1147
			1355	1148
			1355	1149
			1355	1150
			1355	1151
			1355	1152
			1355	1153
			1354	1153
			1354	1154
			1354	1155
			1354	1156
			1354	1157
			1354	1158
			1354	1159
			1354	1160
			1354	1161
			1354	1162
			1354	1163
			1354	1164
			1354	1165
			1354	1166
			1354	1167
			1354	1168
			1354	1169
			1354	1170
			1353	1170
			1353	1171
			1353	1172
			1353	1173
			1353	1174
			1353	1175
			1353	1176
			1353	1177
			1353	1178
			1353	1179
			1353	1180
			1353	1181
			1353	1182
			1353	1183
			1353	1184
			1353	1185
			1353	1186
			1352	1187
			1352	1188
			1352	1189
			1352	1190
			1352	1191
			1352	1192
			1352	1193
			1352	1194
			1352	1195
			1352	1196
			1352	1197
			1352	1198
			1352	1199
			1352	1200
			1352	1201
			1352	1202
			1351	1203
			1351	1204
			1351	1205
			1351	1206
			1351	1207
			1351	1208
			1351	1209
			1351	1210
			1351	1211
			1351	1212
			1352	1212
			1352	1213
			1353	1214
			1353	1215
			1354	1216
			1354	1217
			1355	1218
			1355	1219
			1355	1220
			1356	1220
			1356	1221
			1357	1222
			1357	1223
			1357	1224
			1358	1225
			1358	1226
			1358	1227
			1359	1227
			1359	1228
			1359	1229
			1360	1230
			1360	1231
			1360	1232
			1360	1233
			1361	1234
			1361	1235
			1361	1236
			1362	1237
			1362	1238
			1362	1239
			1362	1240
			1363	1241
			1363	1242
			1363	1243
			1363	1244
			1363	1245
			1363	1246
			1363	1247
			1363	1248
			1364	1249
			1364	1250
			1364	1251
			1364	1252
			1364	1253
			1364	1254
			1364	1255
			1364	1256
			1364	1257
			1364	1258
			1364	1259
			1364	1260
			1364	1261
			1363	1261
			1363	1262
			1363	1263
			1363	1264
			1363	1265
		</glabella>
		<suture type=matrix rownames=FALSE colnames=FALSE nrow=982 ncol=2 as.numeric=TRUE >
			1198	479
			1199	479
			1200	480
			1201	480
			1202	480
			1203	481
			1204	481
			1205	481
			1206	481
			1206	482
			1207	482
			1208	482
			1209	483
			1210	483
			1211	483
			1212	484
			1213	484
			1214	484
			1215	485
			1216	485
			1217	485
			1218	486
			1219	486
			1220	486
			1221	487
			1222	487
			1223	487
			1224	487
			1225	488
			1226	488
			1227	489
			1228	489
			1229	489
			1230	490
			1231	490
			1232	490
			1233	491
			1234	491
			1235	491
			1236	492
			1237	492
			1238	492
			1239	493
			1240	493
			1241	493
			1242	494
			1243	494
			1244	494
			1245	495
			1246	495
			1247	496
			1248	496
			1249	496
			1250	496
			1251	497
			1252	497
			1253	498
			1254	498
			1255	498
			1256	498
			1256	499
			1257	499
			1258	499
			1259	499
			1260	500
			1261	500
			1262	501
			1263	501
			1264	501
			1265	502
			1266	502
			1267	502
			1268	503
			1269	503
			1270	503
			1271	504
			1272	504
			1273	504
			1274	505
			1275	505
			1276	506
			1277	506
			1278	506
			1279	506
			1280	507
			1281	507
			1282	507
			1283	508
			1284	508
			1285	509
			1286	509
			1287	509
			1288	510
			1289	510
			1290	510
			1291	511
			1292	511
			1293	511
			1294	512
			1295	512
			1296	512
			1297	513
			1298	513
			1299	513
			1300	514
			1301	514
			1302	514
			1303	515
			1304	515
			1305	515
			1306	516
			1307	516
			1308	517
			1309	517
			1310	517
			1311	518
			1312	518
			1313	518
			1314	519
			1315	519
			1316	519
			1317	520
			1318	520
			1319	520
			1319	521
			1320	521
			1321	521
			1322	521
			1323	522
			1324	522
			1325	522
			1326	523
			1327	523
			1328	524
			1329	524
			1330	524
			1331	525
			1332	525
			1333	525
			1334	526
			1335	526
			1336	526
			1337	527
			1338	527
			1339	527
			1340	528
			1341	528
			1342	528
			1343	529
			1344	529
			1345	530
			1346	530
			1347	530
			1348	531
			1349	531
			1350	531
			1351	532
			1352	532
			1353	532
			1354	533
			1355	533
			1356	534
			1357	534
			1358	534
			1359	535
			1360	535
			1361	535
			1362	536
			1363	536
			1364	536
			1365	536
			1366	537
			1367	537
			1368	538
			1369	538
			1370	538
			1371	539
			1372	539
			1373	539
			1374	540
			1375	540
			1376	540
			1377	541
			1378	541
			1379	542
			1380	542
			1381	542
			1382	543
			1383	543
			1384	543
			1385	543
			1385	544
			1386	544
			1387	544
			1388	545
			1389	545
			1390	545
			1390	546
			1391	546
			1392	546
			1393	546
			1394	547
			1395	547
			1396	547
			1396	548
			1397	548
			1398	548
			1399	549
			1400	549
			1401	549
			1402	550
			1403	550
			1404	550
			1405	551
			1406	551
			1407	551
			1408	552
			1409	552
			1410	553
			1411	553
			1412	553
			1413	553
			1413	554
			1414	554
			1415	554
			1416	555
			1417	555
			1418	555
			1419	556
			1420	556
			1421	556
			1422	557
			1423	557
			1424	557
			1425	558
			1426	558
			1427	558
			1428	559
			1429	559
			1430	560
			1431	560
			1432	560
			1433	560
			1433	561
			1434	561
			1435	561
			1436	562
			1437	562
			1438	563
			1439	563
			1440	563
			1441	563
			1442	564
			1443	564
			1444	565
			1445	565
			1446	565
			1447	566
			1448	566
			1449	566
			1450	567
			1451	567
			1452	568
			1453	568
			1454	568
			1455	569
			1456	569
			1457	569
			1457	570
			1458	570
			1459	570
			1460	571
			1461	571
			1462	572
			1463	572
			1464	572
			1465	573
			1466	574
			1467	574
			1468	575
			1469	575
			1470	576
			1471	576
			1472	576
			1473	577
			1474	577
			1475	578
			1476	578
			1477	579
			1478	579
			1479	580
			1480	580
			1481	581
			1482	581
			1483	582
			1484	582
			1485	582
			1486	583
			1487	584
			1488	584
			1489	585
			1490	585
			1491	586
			1492	586
			1493	587
			1494	587
			1495	588
			1496	588
			1496	589
			1497	589
			1498	590
			1499	590
			1500	591
			1501	592
			1502	592
			1503	593
			1504	594
			1505	594
			1506	595
			1507	596
			1508	596
			1509	597
			1510	597
			1511	598
			1512	599
			1513	599
			1514	600
			1515	601
			1516	601
			1517	602
			1518	603
			1519	604
			1520	605
			1521	606
			1522	606
			1523	607
			1524	608
			1525	609
			1526	610
			1527	611
			1528	611
			1529	612
			1530	613
			1531	614
			1532	615
			1533	615
			1533	616
			1534	617
			1535	618
			1536	619
			1537	620
			1538	621
			1539	622
			1540	623
			1541	624
			1542	625
			1543	626
			1543	627
			1544	628
			1545	629
			1545	630
			1546	630
			1546	631
			1547	632
			1547	633
			1548	634
			1549	635
			1550	636
			1550	637
			1551	638
			1551	639
			1552	640
			1552	641
			1553	642
			1553	643
			1554	644
			1554	645
			1555	646
			1555	647
			1556	648
			1556	649
			1556	650
			1557	651
			1557	652
			1558	653
			1558	654
			1558	655
			1558	656
			1559	657
			1559	658
			1559	659
			1560	660
			1560	661
			1560	662
			1560	663
			1560	664
			1561	665
			1561	666
			1561	667
			1561	668
			1561	669
			1561	670
			1561	671
			1562	672
			1562	673
			1562	674
			1562	675
			1562	676
			1562	677
			1562	678
			1562	679
			1562	680
			1562	681
			1562	682
			1562	683
			1561	684
			1561	685
			1561	686
			1561	687
			1561	688
			1561	689
			1562	689
			1563	690
			1564	690
			1565	690
			1566	691
			1567	691
			1568	691
			1569	692
			1570	692
			1571	693
			1572	694
			1573	694
			1574	695
			1575	695
			1576	696
			1577	696
			1578	697
			1579	698
			1580	698
			1581	699
			1581	700
			1582	701
			1583	701
			1584	702
			1585	703
			1585	704
			1586	704
			1587	705
			1588	706
			1588	707
			1589	708
			1590	709
			1590	710
			1591	711
			1591	712
			1592	713
			1592	714
			1593	715
			1594	716
			1594	717
			1594	718
			1595	719
			1595	720
			1596	721
			1596	722
			1597	723
			1597	724
			1597	725
			1597	726
			1598	727
			1598	728
			1598	729
			1598	730
			1599	731
			1599	732
			1599	733
			1599	734
			1599	735
			1600	736
			1600	737
			1600	738
			1600	739
			1600	740
			1600	741
			1600	742
			1600	743
			1600	744
			1600	745
			1601	746
			1601	747
			1601	748
			1601	749
			1601	750
			1601	751
			1601	752
			1601	753
			1601	754
			1601	755
			1601	756
			1601	757
			1601	758
			1601	759
			1601	760
			1600	761
			1600	762
			1600	763
			1600	764
			1600	765
			1600	766
			1600	767
			1600	768
			1600	769
			1600	770
			1600	771
			1599	772
			1599	773
			1599	774
			1599	775
			1599	776
			1600	776
			1601	776
			1602	776
			1603	776
			1604	776
			1605	776
			1606	776
			1607	776
			1608	776
			1609	776
			1610	776
			1611	776
			1612	776
			1613	777
			1614	777
			1615	777
			1616	777
			1617	777
			1618	777
			1619	777
			1620	777
			1621	777
			1622	777
			1623	778
			1624	778
			1625	778
			1626	778
			1627	778
			1628	778
			1629	779
			1630	779
			1631	779
			1632	779
			1633	779
			1634	780
			1635	780
			1636	780
			1637	780
			1638	780
			1639	781
			1640	781
			1641	781
			1642	781
			1643	782
			1644	782
			1645	782
			1646	782
			1647	783
			1648	783
			1649	783
			1650	784
			1651	784
			1652	784
			1653	785
			1654	785
			1655	785
			1655	786
			1656	786
			1657	786
			1658	787
			1659	787
			1660	787
			1661	788
			1662	788
			1663	788
			1664	789
			1665	789
			1666	790
			1667	790
			1668	791
			1669	791
			1670	792
			1671	792
			1672	793
			1673	793
			1674	794
			1675	794
			1676	794
			1676	795
			1677	795
			1678	796
			1679	796
			1680	797
			1681	797
			1682	798
			1683	798
			1684	799
			1685	799
			1686	800
			1687	801
			1688	801
			1688	802
			1689	802
			1690	803
			1691	803
			1692	804
			1693	805
			1694	805
			1695	806
			1696	807
			1697	808
			1698	809
			1699	809
			1700	810
			1701	810
			1702	811
			1703	812
			1704	813
			1705	814
			1706	814
			1706	815
			1707	815
			1708	816
			1709	817
			1710	818
			1711	819
			1712	819
			1713	820
			1714	821
			1714	822
			1715	823
			1716	823
			1717	824
			1718	825
			1719	826
			1720	827
			1721	828
			1722	829
			1723	830
			1724	831
			1725	832
			1726	833
			1727	834
			1728	835
			1728	836
			1729	836
			1730	837
			1730	838
			1731	838
			1731	839
			1732	840
			1733	840
			1733	841
			1734	842
			1735	843
			1736	844
			1737	845
			1737	846
			1738	847
			1739	848
			1740	849
			1740	850
			1741	850
			1742	851
			1742	852
			1743	853
			1744	854
			1744	855
			1745	856
			1746	857
			1746	858
			1747	858
			1748	859
			1748	860
			1749	861
			1750	862
			1750	863
			1751	864
			1752	865
			1752	866
			1753	867
			1754	868
			1754	869
			1755	870
			1755	871
			1756	872
			1757	873
			1757	874
			1758	875
			1759	876
			1759	877
			1760	878
			1761	879
			1761	880
			1762	881
			1762	882
			1763	883
			1764	884
			1764	885
			1765	886
			1766	887
			1766	888
			1767	889
			1767	890
			1768	891
			1769	892
			1769	893
			1770	894
			1770	895
			1771	896
			1771	897
			1772	898
			1772	899
			1773	900
			1773	901
			1774	901
			1774	902
			1774	903
			1775	904
			1775	905
			1776	906
			1777	907
			1777	908
			1778	909
			1778	910
			1779	911
			1779	912
			1780	913
			1780	914
			1781	915
			1781	916
			1782	917
			1782	918
			1783	919
			1783	920
			1783	921
			1784	922
			1784	923
			1785	924
			1785	925
			1786	926
			1786	927
			1787	928
			1787	929
			1787	930
			1788	931
			1788	932
			1789	933
			1789	934
			1789	935
			1790	936
			1790	937
			1791	937
			1791	938
			1792	939
			1792	940
			1792	941
			1793	942
			1793	943
			1794	944
			1794	945
			1794	946
			1795	947
			1795	948
			1796	949
			1796	950
			1796	951
			1797	952
			1797	953
			1798	954
			1798	955
			1798	956
			1799	957
			1799	958
			1799	959
			1800	960
			1800	961
			1801	962
			1801	963
			1801	964
			1802	965
			1802	966
			1803	967
			1803	968
			1803	969
			1803	970
			1804	971
			1804	972
			1805	973
			1805	974
			1805	975
			1805	976
			1806	976
			1806	977
			1806	978
			1806	979
			1807	979
			1807	980
			1807	981
			1808	982
			1808	983
			1808	984
			1809	985
			1809	986
			1809	987
			1810	988
			1810	989
			1810	990
			1811	991
			1811	992
			1811	993
			1812	994
			1812	995
			1812	996
			1812	997
			1813	997
			1813	998
			1813	999
			1814	1000
			1814	1001
			1814	1002
			1815	1003
			1815	1004
			1815	1005
			1815	1006
			1816	1007
			1816	1008
			1816	1009
			1817	1010
			1817	1011
			1817	1012
			1818	1013
			1818	1014
			1818	1015
			1818	1016
			1819	1017
			1819	1018
			1819	1019
			1820	1020
			1820	1021
			1820	1022
			1820	1023
			1821	1024
			1821	1025
			1821	1026
			1822	1027
			1822	1028
			1822	1029
			1822	1030
			1823	1031
			1823	1032
			1823	1033
			1823	1034
			1824	1035
			1824	1036
			1824	1037
			1824	1038
			1825	1038
			1825	1039
			1825	1040
			1825	1041
			1825	1042
			1826	1042
			1826	1043
			1826	1044
			1826	1045
			1827	1046
			1827	1047
			1827	1048
			1827	1049
			1827	1050
			1828	1051
			1828	1052
			1828	1053
			1828	1054
			1829	1054
			1829	1055
			1829	1056
			1829	1057
			1830	1058
			1830	1059
			1830	1060
			1830	1061
			1830	1062
			1831	1063
			1831	1064
			1831	1065
			1831	1066
			1832	1067
			1832	1068
			1832	1069
			1832	1070
			1832	1071
			1833	1072
			1833	1073
			1833	1074
			1833	1075
			1834	1076
			1834	1077
			1834	1078
			1834	1079
			1835	1080
			1835	1081
			1835	1082
			1836	1082
			1837	1082
			1838	1082
			1839	1081
			1840	1081
			1841	1081
			1842	1081
			1843	1081
			1844	1081
			1845	1081
			1846	1081
			1847	1081
			1848	1081
			1849	1080
			1850	1080
			1851	1080
			1852	1080
			1853	1080
			1854	1080
			1855	1080
			1856	1080
			1857	1080
			1858	1080
			1859	1080
			1860	1079
			1861	1079
			1862	1079
			1863	1079
			1864	1079
			1865	1079
			1866	1079
			1867	1079
			1868	1079
			1869	1079
			1870	1079
			1871	1079
			1872	1079
			1873	1079
			1874	1079
			1875	1079
			1876	1079
			1877	1079
			1878	1079
			1879	1079
			1880	1079
			1881	1079
			1882	1079
			1883	1079
			1884	1079
			1885	1079
			1886	1079
			1887	1079
			1888	1079
			1889	1080
			1890	1080
			1891	1080
			1892	1080
			1893	1080
			1894	1081
			1895	1081
			1896	1081
			1897	1082
			1898	1082
			1899	1083
			1900	1084
			1900	1085
			1901	1085
			1901	1086
		</suture>
	</curves.pixel>
	<curves.scaled type=list>
		<glabella type=matrix rownames=FALSE colnames=FALSE nrow=696 ncol=2 as.numeric=TRUE >
			3.23783783783784	-1.77567567567568
			3.24054054054054	-1.77567567567568
			3.24324324324324	-1.77837837837838
			3.24594594594595	-1.77837837837838
			3.24864864864865	-1.77837837837838
			3.25135135135135	-1.77837837837838
			3.25405405405405	-1.78108108108108
			3.25675675675676	-1.78108108108108
			3.25945945945946	-1.78108108108108
			3.26216216216216	-1.78108108108108
			3.26216216216216	-1.78378378378378
			3.26486486486486	-1.78378378378378
			3.26756756756757	-1.78378378378378
			3.27027027027027	-1.78378378378378
			3.27297297297297	-1.78648648648649
			3.27567567567568	-1.78648648648649
			3.27837837837838	-1.78648648648649
			3.28108108108108	-1.78918918918919
			3.28378378378378	-1.78918918918919
			3.28648648648649	-1.78918918918919
			3.28918918918919	-1.79189189189189
			3.29189189189189	-1.79189189189189
			3.29459459459459	-1.79189189189189
			3.2972972972973	-1.79459459459459
			3.3	-1.79459459459459
			3.3027027027027	-1.79459459459459
			3.30540540540541	-1.7972972972973
			3.30810810810811	-1.7972972972973
			3.31081081081081	-1.7972972972973
			3.31351351351351	-1.8
			3.31621621621622	-1.8
			3.31891891891892	-1.8
			3.32162162162162	-1.8027027027027
			3.32432432432432	-1.8027027027027
			3.32702702702703	-1.8027027027027
			3.32972972972973	-1.80540540540541
			3.33243243243243	-1.80540540540541
			3.33513513513513	-1.80810810810811
			3.33783783783784	-1.80810810810811
			3.34054054054054	-1.80810810810811
			3.34324324324324	-1.81081081081081
			3.34594594594595	-1.81081081081081
			3.34864864864865	-1.81081081081081
			3.35135135135135	-1.81351351351351
			3.35405405405405	-1.81351351351351
			3.35675675675676	-1.81621621621622
			3.35945945945946	-1.81621621621622
			3.36216216216216	-1.81621621621622
			3.36486486486486	-1.81891891891892
			3.36756756756757	-1.81891891891892
			3.37027027027027	-1.82162162162162
			3.37297297297297	-1.82162162162162
			3.37567567567568	-1.82162162162162
			3.37837837837838	-1.82432432432432
			3.38108108108108	-1.82432432432432
			3.38378378378378	-1.82702702702703
			3.38648648648649	-1.82702702702703
			3.38648648648649	-1.82972972972973
			3.38918918918919	-1.82972972972973
			3.39189189189189	-1.82972972972973
			3.39459459459459	-1.83243243243243
			3.3972972972973	-1.83243243243243
			3.4	-1.83513513513514
			3.4027027027027	-1.83513513513514
			3.40540540540541	-1.83783783783784
			3.40810810810811	-1.83783783783784
			3.41081081081081	-1.84054054054054
			3.41351351351351	-1.84054054054054
			3.41621621621622	-1.84324324324324
			3.41891891891892	-1.84324324324324
			3.42162162162162	-1.84324324324324
			3.42432432432432	-1.84594594594595
			3.42702702702703	-1.84594594594595
			3.42972972972973	-1.84864864864865
			3.43243243243243	-1.84864864864865
			3.43513513513513	-1.85135135135135
			3.43783783783784	-1.85135135135135
			3.44054054054054	-1.85405405405405
			3.44324324324324	-1.85405405405405
			3.44594594594595	-1.85675675675676
			3.44864864864865	-1.85675675675676
			3.45135135135135	-1.85945945945946
			3.45405405405405	-1.85945945945946
			3.45405405405405	-1.86216216216216
			3.45675675675676	-1.86216216216216
			3.45945945945946	-1.86486486486486
			3.46216216216216	-1.86486486486486
			3.46486486486486	-1.86756756756757
			3.46756756756757	-1.86756756756757
			3.47027027027027	-1.87027027027027
			3.47297297297297	-1.87027027027027
			3.47567567567568	-1.87297297297297
			3.47837837837838	-1.87567567567568
			3.48108108108108	-1.87567567567568
			3.48378378378378	-1.87837837837838
			3.48648648648649	-1.87837837837838
			3.48918918918919	-1.88108108108108
			3.49189189189189	-1.88108108108108
			3.49459459459459	-1.88378378378378
			3.4972972972973	-1.88378378378378
			3.5	-1.88648648648649
			3.5	-1.88918918918919
			3.5027027027027	-1.88918918918919
			3.5054054054054	-1.89189189189189
			3.50810810810811	-1.89189189189189
			3.51081081081081	-1.89459459459459
			3.51351351351351	-1.89459459459459
			3.51621621621622	-1.8972972972973
			3.51891891891892	-1.9
			3.52162162162162	-1.9
			3.52432432432432	-1.9027027027027
			3.52702702702703	-1.9027027027027
			3.52972972972973	-1.90540540540541
			3.53243243243243	-1.90810810810811
			3.53513513513513	-1.90810810810811
			3.53783783783784	-1.91081081081081
			3.54054054054054	-1.91081081081081
			3.54054054054054	-1.91351351351351
			3.54324324324324	-1.91621621621622
			3.54594594594595	-1.91621621621622
			3.54864864864865	-1.91891891891892
			3.55135135135135	-1.91891891891892
			3.55405405405405	-1.92162162162162
			3.55675675675676	-1.92432432432432
			3.55945945945946	-1.92702702702703
			3.55945945945946	-1.92972972972973
			3.56216216216216	-1.93243243243243
			3.56486486486486	-1.93513513513513
			3.56486486486486	-1.93783783783784
			3.56756756756757	-1.93783783783784
			3.56756756756757	-1.94054054054054
			3.56756756756757	-1.94324324324324
			3.57027027027027	-1.94324324324324
			3.57027027027027	-1.94594594594595
			3.57297297297297	-1.94864864864865
			3.57567567567568	-1.95135135135135
			3.57837837837838	-1.95405405405405
			3.57837837837838	-1.95675675675676
			3.58108108108108	-1.95945945945946
			3.58108108108108	-1.96216216216216
			3.58378378378378	-1.96486486486486
			3.58378378378378	-1.96756756756757
			3.58648648648649	-1.96756756756757
			3.58648648648649	-1.97027027027027
			3.58918918918919	-1.97297297297297
			3.58918918918919	-1.97567567567568
			3.59189189189189	-1.97837837837838
			3.59189189189189	-1.98108108108108
			3.59459459459459	-1.98108108108108
			3.59459459459459	-1.98378378378378
			3.59459459459459	-1.98648648648649
			3.5972972972973	-1.98918918918919
			3.5972972972973	-1.99189189189189
			3.6	-1.99459459459459
			3.6	-1.9972972972973
			3.6027027027027	-1.9972972972973
			3.6027027027027	-2
			3.6054054054054	-2.0027027027027
			3.6054054054054	-2.00540540540541
			3.60810810810811	-2.00810810810811
			3.60810810810811	-2.01081081081081
			3.61081081081081	-2.01351351351351
			3.61081081081081	-2.01621621621622
			3.61081081081081	-2.01891891891892
			3.61351351351351	-2.01891891891892
			3.61351351351351	-2.02162162162162
			3.61621621621622	-2.02432432432432
			3.61621621621622	-2.02702702702703
			3.61891891891892	-2.02972972972973
			3.61891891891892	-2.03243243243243
			3.61891891891892	-2.03513513513513
			3.62162162162162	-2.03783783783784
			3.62162162162162	-2.04054054054054
			3.62432432432432	-2.04324324324324
			3.62432432432432	-2.04594594594595
			3.62702702702703	-2.04864864864865
			3.62702702702703	-2.05135135135135
			3.62972972972973	-2.05405405405405
			3.62972972972973	-2.05675675675676
			3.62972972972973	-2.05945945945946
			3.63243243243243	-2.05945945945946
			3.63243243243243	-2.06216216216216
			3.63243243243243	-2.06486486486486
			3.63243243243243	-2.06756756756757
			3.63513513513513	-2.06756756756757
			3.63513513513513	-2.07027027027027
			3.63513513513513	-2.07297297297297
			3.63783783783784	-2.07567567567568
			3.63783783783784	-2.07837837837838
			3.64054054054054	-2.08108108108108
			3.64054054054054	-2.08378378378378
			3.64054054054054	-2.08648648648649
			3.64324324324324	-2.08918918918919
			3.64324324324324	-2.09189189189189
			3.64324324324324	-2.09459459459459
			3.64594594594595	-2.0972972972973
			3.64594594594595	-2.1
			3.64594594594595	-2.1027027027027
			3.64864864864865	-2.1054054054054
			3.64864864864865	-2.10810810810811
			3.65135135135135	-2.11081081081081
			3.65135135135135	-2.11351351351351
			3.65135135135135	-2.11621621621622
			3.65135135135135	-2.11891891891892
			3.65405405405405	-2.12162162162162
			3.65405405405405	-2.12432432432432
			3.65405405405405	-2.12702702702703
			3.65405405405405	-2.12972972972973
			3.65675675675676	-2.12972972972973
			3.65675675675676	-2.13243243243243
			3.65675675675676	-2.13513513513514
			3.65675675675676	-2.13783783783784
			3.65945945945946	-2.13783783783784
			3.65945945945946	-2.14054054054054
			3.65945945945946	-2.14324324324324
			3.65945945945946	-2.14594594594595
			3.66216216216216	-2.14864864864865
			3.66216216216216	-2.15135135135135
			3.66216216216216	-2.15405405405405
			3.66486486486486	-2.15675675675676
			3.66486486486486	-2.15945945945946
			3.66486486486486	-2.16216216216216
			3.66486486486486	-2.16486486486486
			3.66756756756757	-2.16756756756757
			3.66756756756757	-2.17027027027027
			3.66756756756757	-2.17297297297297
			3.66756756756757	-2.17567567567568
			3.66756756756757	-2.17837837837838
			3.67027027027027	-2.18108108108108
			3.67027027027027	-2.18378378378378
			3.67027027027027	-2.18648648648649
			3.67027027027027	-2.18918918918919
			3.67297297297297	-2.19189189189189
			3.67297297297297	-2.19459459459459
			3.67297297297297	-2.1972972972973
			3.67297297297297	-2.2
			3.67567567567568	-2.2027027027027
			3.67567567567568	-2.20540540540541
			3.67567567567568	-2.20810810810811
			3.67567567567568	-2.21081081081081
			3.67567567567568	-2.21351351351351
			3.67837837837838	-2.21621621621622
			3.67837837837838	-2.21891891891892
			3.67837837837838	-2.22162162162162
			3.67837837837838	-2.22432432432432
			3.67837837837838	-2.22702702702703
			3.68108108108108	-2.22972972972973
			3.68108108108108	-2.23243243243243
			3.68108108108108	-2.23513513513513
			3.68108108108108	-2.23783783783784
			3.68108108108108	-2.24054054054054
			3.68378378378378	-2.24324324324324
			3.68378378378378	-2.24594594594595
			3.68378378378378	-2.24864864864865
			3.68378378378378	-2.25135135135135
			3.68378378378378	-2.25405405405405
			3.68378378378378	-2.25675675675676
			3.68648648648649	-2.25945945945946
			3.68648648648649	-2.26216216216216
			3.68648648648649	-2.26486486486486
			3.68648648648649	-2.26756756756757
			3.68648648648649	-2.27027027027027
			3.68648648648649	-2.27297297297297
			3.68648648648649	-2.27567567567568
			3.68918918918919	-2.27567567567568
			3.68918918918919	-2.27837837837838
			3.68918918918919	-2.28108108108108
			3.68918918918919	-2.28378378378378
			3.68918918918919	-2.28648648648649
			3.68918918918919	-2.28918918918919
			3.68918918918919	-2.29189189189189
			3.68918918918919	-2.29459459459459
			3.69189189189189	-2.29459459459459
			3.69189189189189	-2.2972972972973
			3.69189189189189	-2.3
			3.69189189189189	-2.3027027027027
			3.69189189189189	-2.30540540540541
			3.69189189189189	-2.30810810810811
			3.69189189189189	-2.31081081081081
			3.69189189189189	-2.31351351351351
			3.69189189189189	-2.31621621621622
			3.69459459459459	-2.31891891891892
			3.69459459459459	-2.32162162162162
			3.69459459459459	-2.32432432432432
			3.69459459459459	-2.32702702702703
			3.69459459459459	-2.32972972972973
			3.69459459459459	-2.33243243243243
			3.69459459459459	-2.33513513513513
			3.69459459459459	-2.33783783783784
			3.69459459459459	-2.34054054054054
			3.69459459459459	-2.34324324324324
			3.6972972972973	-2.34594594594595
			3.6972972972973	-2.34864864864865
			3.6972972972973	-2.35135135135135
			3.6972972972973	-2.35405405405405
			3.6972972972973	-2.35675675675676
			3.6972972972973	-2.35945945945946
			3.6972972972973	-2.36216216216216
			3.6972972972973	-2.36486486486486
			3.6972972972973	-2.36756756756757
			3.6972972972973	-2.37027027027027
			3.6972972972973	-2.37297297297297
			3.6972972972973	-2.37567567567568
			3.6972972972973	-2.37837837837838
			3.7	-2.37837837837838
			3.7	-2.38108108108108
			3.7	-2.38378378378378
			3.7	-2.38648648648649
			3.7	-2.38918918918919
			3.7	-2.39189189189189
			3.7	-2.39459459459459
			3.7	-2.3972972972973
			3.7	-2.4
			3.7	-2.4027027027027
			3.7	-2.40540540540541
			3.7	-2.40810810810811
			3.7	-2.41081081081081
			3.7	-2.41351351351351
			3.7	-2.41621621621622
			3.7	-2.41891891891892
			3.7	-2.42162162162162
			3.7	-2.42432432432432
			3.7	-2.42702702702703
			3.7	-2.42972972972973
			3.7	-2.43243243243243
			3.7	-2.43513513513513
			3.7027027027027	-2.43783783783784
			3.7027027027027	-2.44054054054054
			3.7027027027027	-2.44324324324324
			3.7027027027027	-2.44594594594595
			3.7027027027027	-2.44864864864865
			3.7027027027027	-2.45135135135135
			3.7027027027027	-2.45405405405405
			3.7027027027027	-2.45675675675676
			3.7027027027027	-2.45945945945946
			3.7027027027027	-2.46216216216216
			3.7027027027027	-2.46486486486486
			3.7027027027027	-2.46756756756757
			3.7027027027027	-2.47027027027027
			3.7027027027027	-2.47297297297297
			3.7027027027027	-2.47567567567568
			3.7027027027027	-2.47837837837838
			3.7027027027027	-2.48108108108108
			3.7027027027027	-2.48378378378378
			3.7027027027027	-2.48648648648649
			3.7027027027027	-2.48918918918919
			3.7027027027027	-2.49189189189189
			3.7027027027027	-2.49459459459459
			3.7027027027027	-2.4972972972973
			3.7027027027027	-2.5
			3.7027027027027	-2.5027027027027
			3.7027027027027	-2.50540540540541
			3.7027027027027	-2.50810810810811
			3.7027027027027	-2.51081081081081
			3.7027027027027	-2.51351351351351
			3.7027027027027	-2.51621621621622
			3.7027027027027	-2.51891891891892
			3.7027027027027	-2.52162162162162
			3.7027027027027	-2.52432432432432
			3.7027027027027	-2.52702702702703
			3.7027027027027	-2.52972972972973
			3.7027027027027	-2.53243243243243
			3.7	-2.53513513513513
			3.7	-2.53783783783784
			3.7	-2.54054054054054
			3.7	-2.54324324324324
			3.7	-2.54594594594595
			3.7	-2.54864864864865
			3.7	-2.55135135135135
			3.7	-2.55405405405405
			3.7	-2.55675675675676
			3.7	-2.55945945945946
			3.7	-2.56216216216216
			3.7	-2.56486486486486
			3.7	-2.56756756756757
			3.7	-2.57027027027027
			3.7	-2.57297297297297
			3.7	-2.57567567567568
			3.7	-2.57837837837838
			3.7	-2.58108108108108
			3.7	-2.58378378378378
			3.7	-2.58648648648649
			3.7	-2.58918918918919
			3.7	-2.59189189189189
			3.7	-2.59459459459459
			3.6972972972973	-2.5972972972973
			3.6972972972973	-2.6
			3.6972972972973	-2.6027027027027
			3.6972972972973	-2.6054054054054
			3.6972972972973	-2.60810810810811
			3.6972972972973	-2.61081081081081
			3.6972972972973	-2.61351351351351
			3.6972972972973	-2.61621621621622
			3.6972972972973	-2.61891891891892
			3.6972972972973	-2.62162162162162
			3.6972972972973	-2.62432432432432
			3.6972972972973	-2.62702702702703
			3.6972972972973	-2.62972972972973
			3.6972972972973	-2.63243243243243
			3.6972972972973	-2.63513513513513
			3.6972972972973	-2.63783783783784
			3.69459459459459	-2.64054054054054
			3.69459459459459	-2.64324324324324
			3.69459459459459	-2.64594594594595
			3.69459459459459	-2.64864864864865
			3.69459459459459	-2.65135135135135
			3.69459459459459	-2.65405405405405
			3.69459459459459	-2.65675675675676
			3.69459459459459	-2.65945945945946
			3.69459459459459	-2.66216216216216
			3.69459459459459	-2.66486486486486
			3.69459459459459	-2.66756756756757
			3.69459459459459	-2.67027027027027
			3.69189189189189	-2.67297297297297
			3.69189189189189	-2.67567567567568
			3.69189189189189	-2.67837837837838
			3.69189189189189	-2.68108108108108
			3.69189189189189	-2.68378378378378
			3.69189189189189	-2.68648648648649
			3.69189189189189	-2.68918918918919
			3.69189189189189	-2.69189189189189
			3.69189189189189	-2.69459459459459
			3.69189189189189	-2.6972972972973
			3.68918918918919	-2.7
			3.68918918918919	-2.7027027027027
			3.68918918918919	-2.70540540540541
			3.68918918918919	-2.70810810810811
			3.68918918918919	-2.71081081081081
			3.68918918918919	-2.71351351351351
			3.68918918918919	-2.71621621621622
			3.68918918918919	-2.71891891891892
			3.68918918918919	-2.72162162162162
			3.68918918918919	-2.72432432432432
			3.68648648648649	-2.72702702702703
			3.68648648648649	-2.72972972972973
			3.68648648648649	-2.73243243243243
			3.68648648648649	-2.73513513513513
			3.68648648648649	-2.73783783783784
			3.68648648648649	-2.74054054054054
			3.68648648648649	-2.74324324324324
			3.68648648648649	-2.74594594594595
			3.68378378378378	-2.74864864864865
			3.68378378378378	-2.75135135135135
			3.68378378378378	-2.75405405405405
			3.68378378378378	-2.75675675675676
			3.68378378378378	-2.75945945945946
			3.68378378378378	-2.76216216216216
			3.68378378378378	-2.76486486486486
			3.68378378378378	-2.76756756756757
			3.68108108108108	-2.77027027027027
			3.68108108108108	-2.77297297297297
			3.68108108108108	-2.77567567567568
			3.68108108108108	-2.77837837837838
			3.68108108108108	-2.78108108108108
			3.68108108108108	-2.78378378378378
			3.68108108108108	-2.78648648648649
			3.68108108108108	-2.78918918918919
			3.67837837837838	-2.79189189189189
			3.67837837837838	-2.79459459459459
			3.67837837837838	-2.7972972972973
			3.67837837837838	-2.8
			3.67837837837838	-2.8027027027027
			3.67837837837838	-2.80540540540541
			3.67837837837838	-2.80810810810811
			3.67567567567568	-2.81081081081081
			3.67567567567568	-2.81351351351351
			3.67567567567568	-2.81621621621622
			3.67567567567568	-2.81891891891892
			3.67567567567568	-2.82162162162162
			3.67567567567568	-2.82432432432432
			3.67567567567568	-2.82702702702703
			3.67567567567568	-2.82972972972973
			3.67297297297297	-2.83243243243243
			3.67297297297297	-2.83513513513513
			3.67297297297297	-2.83783783783784
			3.67297297297297	-2.84054054054054
			3.67297297297297	-2.84324324324324
			3.67297297297297	-2.84594594594595
			3.67297297297297	-2.84864864864865
			3.67297297297297	-2.85135135135135
			3.67297297297297	-2.85405405405405
			3.67297297297297	-2.85675675675676
			3.67297297297297	-2.85945945945946
			3.67297297297297	-2.86216216216216
			3.67297297297297	-2.86486486486486
			3.67297297297297	-2.86756756756757
			3.67297297297297	-2.87027027027027
			3.67297297297297	-2.87297297297297
			3.67297297297297	-2.87567567567568
			3.67297297297297	-2.87837837837838
			3.67027027027027	-2.88108108108108
			3.67027027027027	-2.88378378378378
			3.67027027027027	-2.88648648648649
			3.67027027027027	-2.88918918918919
			3.67027027027027	-2.89189189189189
			3.67027027027027	-2.89459459459459
			3.67027027027027	-2.8972972972973
			3.67027027027027	-2.9
			3.67027027027027	-2.9027027027027
			3.67027027027027	-2.90540540540541
			3.67027027027027	-2.90810810810811
			3.67027027027027	-2.91081081081081
			3.67027027027027	-2.91351351351351
			3.67027027027027	-2.91621621621622
			3.67027027027027	-2.91891891891892
			3.67027027027027	-2.92162162162162
			3.67027027027027	-2.92432432432432
			3.67027027027027	-2.92702702702703
			3.67027027027027	-2.92972972972973
			3.67027027027027	-2.93243243243243
			3.67027027027027	-2.93513513513513
			3.67027027027027	-2.93783783783784
			3.67027027027027	-2.94054054054054
			3.67027027027027	-2.94324324324324
			3.67027027027027	-2.94594594594595
			3.67027027027027	-2.94864864864865
			3.66756756756757	-2.95135135135135
			3.66756756756757	-2.95405405405405
			3.66756756756757	-2.95675675675676
			3.66756756756757	-2.95945945945946
			3.66756756756757	-2.96216216216216
			3.66756756756757	-2.96486486486486
			3.66756756756757	-2.96756756756757
			3.66756756756757	-2.97027027027027
			3.66756756756757	-2.97297297297297
			3.66756756756757	-2.97567567567568
			3.66756756756757	-2.97837837837838
			3.66756756756757	-2.98108108108108
			3.66756756756757	-2.98378378378378
			3.66756756756757	-2.98648648648649
			3.66756756756757	-2.98918918918919
			3.66756756756757	-2.99189189189189
			3.66756756756757	-2.99459459459459
			3.66756756756757	-2.9972972972973
			3.66756756756757	-3
			3.66756756756757	-3.0027027027027
			3.66756756756757	-3.0054054054054
			3.66756756756757	-3.00810810810811
			3.66486486486486	-3.01081081081081
			3.66486486486486	-3.01351351351351
			3.66486486486486	-3.01621621621622
			3.66486486486486	-3.01891891891892
			3.66486486486486	-3.02162162162162
			3.66486486486486	-3.02432432432432
			3.66486486486486	-3.02702702702703
			3.66486486486486	-3.02972972972973
			3.66486486486486	-3.03243243243243
			3.66486486486486	-3.03513513513513
			3.66486486486486	-3.03783783783784
			3.66486486486486	-3.04054054054054
			3.66486486486486	-3.04324324324324
			3.66486486486486	-3.04594594594595
			3.66486486486486	-3.04864864864865
			3.66486486486486	-3.05135135135135
			3.66486486486486	-3.05405405405405
			3.66486486486486	-3.05675675675676
			3.66486486486486	-3.05945945945946
			3.66486486486486	-3.06216216216216
			3.66486486486486	-3.06486486486486
			3.66216216216216	-3.06756756756757
			3.66216216216216	-3.07027027027027
			3.66216216216216	-3.07297297297297
			3.66216216216216	-3.07567567567568
			3.66216216216216	-3.07837837837838
			3.66216216216216	-3.08108108108108
			3.66216216216216	-3.08378378378378
			3.66216216216216	-3.08648648648649
			3.66216216216216	-3.08918918918919
			3.66216216216216	-3.09189189189189
			3.66216216216216	-3.09459459459459
			3.66216216216216	-3.0972972972973
			3.66216216216216	-3.1
			3.66216216216216	-3.1027027027027
			3.66216216216216	-3.1054054054054
			3.66216216216216	-3.10810810810811
			3.66216216216216	-3.11081081081081
			3.66216216216216	-3.11351351351351
			3.66216216216216	-3.11621621621622
			3.65945945945946	-3.11621621621622
			3.65945945945946	-3.11891891891892
			3.65945945945946	-3.12162162162162
			3.65945945945946	-3.12432432432432
			3.65945945945946	-3.12702702702703
			3.65945945945946	-3.12972972972973
			3.65945945945946	-3.13243243243243
			3.65945945945946	-3.13513513513513
			3.65945945945946	-3.13783783783784
			3.65945945945946	-3.14054054054054
			3.65945945945946	-3.14324324324324
			3.65945945945946	-3.14594594594595
			3.65945945945946	-3.14864864864865
			3.65945945945946	-3.15135135135135
			3.65945945945946	-3.15405405405405
			3.65945945945946	-3.15675675675676
			3.65945945945946	-3.15945945945946
			3.65945945945946	-3.16216216216216
			3.65675675675676	-3.16216216216216
			3.65675675675676	-3.16486486486486
			3.65675675675676	-3.16756756756757
			3.65675675675676	-3.17027027027027
			3.65675675675676	-3.17297297297297
			3.65675675675676	-3.17567567567568
			3.65675675675676	-3.17837837837838
			3.65675675675676	-3.18108108108108
			3.65675675675676	-3.18378378378378
			3.65675675675676	-3.18648648648649
			3.65675675675676	-3.18918918918919
			3.65675675675676	-3.19189189189189
			3.65675675675676	-3.19459459459459
			3.65675675675676	-3.1972972972973
			3.65675675675676	-3.2
			3.65675675675676	-3.2027027027027
			3.65675675675676	-3.20540540540541
			3.65405405405405	-3.20810810810811
			3.65405405405405	-3.21081081081081
			3.65405405405405	-3.21351351351351
			3.65405405405405	-3.21621621621622
			3.65405405405405	-3.21891891891892
			3.65405405405405	-3.22162162162162
			3.65405405405405	-3.22432432432432
			3.65405405405405	-3.22702702702703
			3.65405405405405	-3.22972972972973
			3.65405405405405	-3.23243243243243
			3.65405405405405	-3.23513513513513
			3.65405405405405	-3.23783783783784
			3.65405405405405	-3.24054054054054
			3.65405405405405	-3.24324324324324
			3.65405405405405	-3.24594594594595
			3.65405405405405	-3.24864864864865
			3.65135135135135	-3.25135135135135
			3.65135135135135	-3.25405405405405
			3.65135135135135	-3.25675675675676
			3.65135135135135	-3.25945945945946
			3.65135135135135	-3.26216216216216
			3.65135135135135	-3.26486486486486
			3.65135135135135	-3.26756756756757
			3.65135135135135	-3.27027027027027
			3.65135135135135	-3.27297297297297
			3.65135135135135	-3.27567567567568
			3.65405405405405	-3.27567567567568
			3.65405405405405	-3.27837837837838
			3.65675675675676	-3.28108108108108
			3.65675675675676	-3.28378378378378
			3.65945945945946	-3.28648648648649
			3.65945945945946	-3.28918918918919
			3.66216216216216	-3.29189189189189
			3.66216216216216	-3.29459459459459
			3.66216216216216	-3.2972972972973
			3.66486486486486	-3.2972972972973
			3.66486486486486	-3.3
			3.66756756756757	-3.3027027027027
			3.66756756756757	-3.30540540540541
			3.66756756756757	-3.30810810810811
			3.67027027027027	-3.31081081081081
			3.67027027027027	-3.31351351351351
			3.67027027027027	-3.31621621621622
			3.67297297297297	-3.31621621621622
			3.67297297297297	-3.31891891891892
			3.67297297297297	-3.32162162162162
			3.67567567567568	-3.32432432432432
			3.67567567567568	-3.32702702702703
			3.67567567567568	-3.32972972972973
			3.67567567567568	-3.33243243243243
			3.67837837837838	-3.33513513513513
			3.67837837837838	-3.33783783783784
			3.67837837837838	-3.34054054054054
			3.68108108108108	-3.34324324324324
			3.68108108108108	-3.34594594594595
			3.68108108108108	-3.34864864864865
			3.68108108108108	-3.35135135135135
			3.68378378378378	-3.35405405405405
			3.68378378378378	-3.35675675675676
			3.68378378378378	-3.35945945945946
			3.68378378378378	-3.36216216216216
			3.68378378378378	-3.36486486486486
			3.68378378378378	-3.36756756756757
			3.68378378378378	-3.37027027027027
			3.68378378378378	-3.37297297297297
			3.68648648648649	-3.37567567567568
			3.68648648648649	-3.37837837837838
			3.68648648648649	-3.38108108108108
			3.68648648648649	-3.38378378378378
			3.68648648648649	-3.38648648648649
			3.68648648648649	-3.38918918918919
			3.68648648648649	-3.39189189189189
			3.68648648648649	-3.39459459459459
			3.68648648648649	-3.3972972972973
			3.68648648648649	-3.4
			3.68648648648649	-3.4027027027027
			3.68648648648649	-3.40540540540541
			3.68648648648649	-3.40810810810811
			3.68378378378378	-3.40810810810811
			3.68378378378378	-3.41081081081081
			3.68378378378378	-3.41351351351351
			3.68378378378378	-3.41621621621622
			3.68378378378378	-3.41891891891892
		</glabella>
		<suture type=matrix rownames=FALSE colnames=FALSE nrow=982 ncol=2 as.numeric=TRUE >
			3.23783783783784	-1.29459459459459
			3.24054054054054	-1.29459459459459
			3.24324324324324	-1.2972972972973
			3.24594594594595	-1.2972972972973
			3.24864864864865	-1.2972972972973
			3.25135135135135	-1.3
			3.25405405405405	-1.3
			3.25675675675676	-1.3
			3.25945945945946	-1.3
			3.25945945945946	-1.3027027027027
			3.26216216216216	-1.3027027027027
			3.26486486486486	-1.3027027027027
			3.26756756756757	-1.30540540540541
			3.27027027027027	-1.30540540540541
			3.27297297297297	-1.30540540540541
			3.27567567567568	-1.30810810810811
			3.27837837837838	-1.30810810810811
			3.28108108108108	-1.30810810810811
			3.28378378378378	-1.31081081081081
			3.28648648648649	-1.31081081081081
			3.28918918918919	-1.31081081081081
			3.29189189189189	-1.31351351351351
			3.29459459459459	-1.31351351351351
			3.2972972972973	-1.31351351351351
			3.3	-1.31621621621622
			3.3027027027027	-1.31621621621622
			3.30540540540541	-1.31621621621622
			3.30810810810811	-1.31621621621622
			3.31081081081081	-1.31891891891892
			3.31351351351351	-1.31891891891892
			3.31621621621622	-1.32162162162162
			3.31891891891892	-1.32162162162162
			3.32162162162162	-1.32162162162162
			3.32432432432432	-1.32432432432432
			3.32702702702703	-1.32432432432432
			3.32972972972973	-1.32432432432432
			3.33243243243243	-1.32702702702703
			3.33513513513513	-1.32702702702703
			3.33783783783784	-1.32702702702703
			3.34054054054054	-1.32972972972973
			3.34324324324324	-1.32972972972973
			3.34594594594595	-1.32972972972973
			3.34864864864865	-1.33243243243243
			3.35135135135135	-1.33243243243243
			3.35405405405405	-1.33243243243243
			3.35675675675676	-1.33513513513514
			3.35945945945946	-1.33513513513514
			3.36216216216216	-1.33513513513514
			3.36486486486486	-1.33783783783784
			3.36756756756757	-1.33783783783784
			3.37027027027027	-1.34054054054054
			3.37297297297297	-1.34054054054054
			3.37567567567568	-1.34054054054054
			3.37837837837838	-1.34054054054054
			3.38108108108108	-1.34324324324324
			3.38378378378378	-1.34324324324324
			3.38648648648649	-1.34594594594595
			3.38918918918919	-1.34594594594595
			3.39189189189189	-1.34594594594595
			3.39459459459459	-1.34594594594595
			3.39459459459459	-1.34864864864865
			3.3972972972973	-1.34864864864865
			3.4	-1.34864864864865
			3.4027027027027	-1.34864864864865
			3.40540540540541	-1.35135135135135
			3.40810810810811	-1.35135135135135
			3.41081081081081	-1.35405405405405
			3.41351351351351	-1.35405405405405
			3.41621621621622	-1.35405405405405
			3.41891891891892	-1.35675675675676
			3.42162162162162	-1.35675675675676
			3.42432432432432	-1.35675675675676
			3.42702702702703	-1.35945945945946
			3.42972972972973	-1.35945945945946
			3.43243243243243	-1.35945945945946
			3.43513513513513	-1.36216216216216
			3.43783783783784	-1.36216216216216
			3.44054054054054	-1.36216216216216
			3.44324324324324	-1.36486486486486
			3.44594594594595	-1.36486486486486
			3.44864864864865	-1.36756756756757
			3.45135135135135	-1.36756756756757
			3.45405405405405	-1.36756756756757
			3.45675675675676	-1.36756756756757
			3.45945945945946	-1.37027027027027
			3.46216216216216	-1.37027027027027
			3.46486486486486	-1.37027027027027
			3.46756756756757	-1.37297297297297
			3.47027027027027	-1.37297297297297
			3.47297297297297	-1.37567567567568
			3.47567567567568	-1.37567567567568
			3.47837837837838	-1.37567567567568
			3.48108108108108	-1.37837837837838
			3.48378378378378	-1.37837837837838
			3.48648648648649	-1.37837837837838
			3.48918918918919	-1.38108108108108
			3.49189189189189	-1.38108108108108
			3.49459459459459	-1.38108108108108
			3.4972972972973	-1.38378378378378
			3.5	-1.38378378378378
			3.5027027027027	-1.38378378378378
			3.5054054054054	-1.38648648648649
			3.50810810810811	-1.38648648648649
			3.51081081081081	-1.38648648648649
			3.51351351351351	-1.38918918918919
			3.51621621621622	-1.38918918918919
			3.51891891891892	-1.38918918918919
			3.52162162162162	-1.39189189189189
			3.52432432432432	-1.39189189189189
			3.52702702702703	-1.39189189189189
			3.52972972972973	-1.39459459459459
			3.53243243243243	-1.39459459459459
			3.53513513513513	-1.3972972972973
			3.53783783783784	-1.3972972972973
			3.54054054054054	-1.3972972972973
			3.54324324324324	-1.4
			3.54594594594595	-1.4
			3.54864864864865	-1.4
			3.55135135135135	-1.4027027027027
			3.55405405405405	-1.4027027027027
			3.55675675675676	-1.4027027027027
			3.55945945945946	-1.40540540540541
			3.56216216216216	-1.40540540540541
			3.56486486486486	-1.40540540540541
			3.56486486486486	-1.40810810810811
			3.56756756756757	-1.40810810810811
			3.57027027027027	-1.40810810810811
			3.57297297297297	-1.40810810810811
			3.57567567567568	-1.41081081081081
			3.57837837837838	-1.41081081081081
			3.58108108108108	-1.41081081081081
			3.58378378378378	-1.41351351351351
			3.58648648648649	-1.41351351351351
			3.58918918918919	-1.41621621621622
			3.59189189189189	-1.41621621621622
			3.59459459459459	-1.41621621621622
			3.5972972972973	-1.41891891891892
			3.6	-1.41891891891892
			3.6027027027027	-1.41891891891892
			3.6054054054054	-1.42162162162162
			3.60810810810811	-1.42162162162162
			3.61081081081081	-1.42162162162162
			3.61351351351351	-1.42432432432432
			3.61621621621622	-1.42432432432432
			3.61891891891892	-1.42432432432432
			3.62162162162162	-1.42702702702703
			3.62432432432432	-1.42702702702703
			3.62702702702703	-1.42702702702703
			3.62972972972973	-1.42972972972973
			3.63243243243243	-1.42972972972973
			3.63513513513513	-1.43243243243243
			3.63783783783784	-1.43243243243243
			3.64054054054054	-1.43243243243243
			3.64324324324324	-1.43513513513513
			3.64594594594595	-1.43513513513513
			3.64864864864865	-1.43513513513513
			3.65135135135135	-1.43783783783784
			3.65405405405405	-1.43783783783784
			3.65675675675676	-1.43783783783784
			3.65945945945946	-1.44054054054054
			3.66216216216216	-1.44054054054054
			3.66486486486486	-1.44324324324324
			3.66756756756757	-1.44324324324324
			3.67027027027027	-1.44324324324324
			3.67297297297297	-1.44594594594595
			3.67567567567568	-1.44594594594595
			3.67837837837838	-1.44594594594595
			3.68108108108108	-1.44864864864865
			3.68378378378378	-1.44864864864865
			3.68648648648649	-1.44864864864865
			3.68918918918919	-1.44864864864865
			3.69189189189189	-1.45135135135135
			3.69459459459459	-1.45135135135135
			3.6972972972973	-1.45405405405405
			3.7	-1.45405405405405
			3.7027027027027	-1.45405405405405
			3.70540540540541	-1.45675675675676
			3.70810810810811	-1.45675675675676
			3.71081081081081	-1.45675675675676
			3.71351351351351	-1.45945945945946
			3.71621621621622	-1.45945945945946
			3.71891891891892	-1.45945945945946
			3.72162162162162	-1.46216216216216
			3.72432432432432	-1.46216216216216
			3.72702702702703	-1.46486486486486
			3.72972972972973	-1.46486486486486
			3.73243243243243	-1.46486486486486
			3.73513513513513	-1.46756756756757
			3.73783783783784	-1.46756756756757
			3.74054054054054	-1.46756756756757
			3.74324324324324	-1.46756756756757
			3.74324324324324	-1.47027027027027
			3.74594594594595	-1.47027027027027
			3.74864864864865	-1.47027027027027
			3.75135135135135	-1.47297297297297
			3.75405405405405	-1.47297297297297
			3.75675675675676	-1.47297297297297
			3.75675675675676	-1.47567567567568
			3.75945945945946	-1.47567567567568
			3.76216216216216	-1.47567567567568
			3.76486486486486	-1.47567567567568
			3.76756756756757	-1.47837837837838
			3.77027027027027	-1.47837837837838
			3.77297297297297	-1.47837837837838
			3.77297297297297	-1.48108108108108
			3.77567567567568	-1.48108108108108
			3.77837837837838	-1.48108108108108
			3.78108108108108	-1.48378378378378
			3.78378378378378	-1.48378378378378
			3.78648648648649	-1.48378378378378
			3.78918918918919	-1.48648648648649
			3.79189189189189	-1.48648648648649
			3.79459459459459	-1.48648648648649
			3.7972972972973	-1.48918918918919
			3.8	-1.48918918918919
			3.8027027027027	-1.48918918918919
			3.80540540540541	-1.49189189189189
			3.80810810810811	-1.49189189189189
			3.81081081081081	-1.49459459459459
			3.81351351351351	-1.49459459459459
			3.81621621621622	-1.49459459459459
			3.81891891891892	-1.49459459459459
			3.81891891891892	-1.4972972972973
			3.82162162162162	-1.4972972972973
			3.82432432432432	-1.4972972972973
			3.82702702702703	-1.5
			3.82972972972973	-1.5
			3.83243243243243	-1.5
			3.83513513513513	-1.5027027027027
			3.83783783783784	-1.5027027027027
			3.84054054054054	-1.5027027027027
			3.84324324324324	-1.50540540540541
			3.84594594594595	-1.50540540540541
			3.84864864864865	-1.50540540540541
			3.85135135135135	-1.50810810810811
			3.85405405405405	-1.50810810810811
			3.85675675675676	-1.50810810810811
			3.85945945945946	-1.51081081081081
			3.86216216216216	-1.51081081081081
			3.86486486486486	-1.51351351351351
			3.86756756756757	-1.51351351351351
			3.87027027027027	-1.51351351351351
			3.87297297297297	-1.51351351351351
			3.87297297297297	-1.51621621621622
			3.87567567567568	-1.51621621621622
			3.87837837837838	-1.51621621621622
			3.88108108108108	-1.51891891891892
			3.88378378378378	-1.51891891891892
			3.88648648648649	-1.52162162162162
			3.88918918918919	-1.52162162162162
			3.89189189189189	-1.52162162162162
			3.89459459459459	-1.52162162162162
			3.8972972972973	-1.52432432432432
			3.9	-1.52432432432432
			3.9027027027027	-1.52702702702703
			3.9054054054054	-1.52702702702703
			3.90810810810811	-1.52702702702703
			3.91081081081081	-1.52972972972973
			3.91351351351351	-1.52972972972973
			3.91621621621622	-1.52972972972973
			3.91891891891892	-1.53243243243243
			3.92162162162162	-1.53243243243243
			3.92432432432432	-1.53513513513513
			3.92702702702703	-1.53513513513513
			3.92972972972973	-1.53513513513513
			3.93243243243243	-1.53783783783784
			3.93513513513513	-1.53783783783784
			3.93783783783784	-1.53783783783784
			3.93783783783784	-1.54054054054054
			3.94054054054054	-1.54054054054054
			3.94324324324324	-1.54054054054054
			3.94594594594595	-1.54324324324324
			3.94864864864865	-1.54324324324324
			3.95135135135135	-1.54594594594595
			3.95405405405405	-1.54594594594595
			3.95675675675676	-1.54594594594595
			3.95945945945946	-1.54864864864865
			3.96216216216216	-1.55135135135135
			3.96486486486486	-1.55135135135135
			3.96756756756757	-1.55405405405405
			3.97027027027027	-1.55405405405405
			3.97297297297297	-1.55675675675676
			3.97567567567568	-1.55675675675676
			3.97837837837838	-1.55675675675676
			3.98108108108108	-1.55945945945946
			3.98378378378378	-1.55945945945946
			3.98648648648649	-1.56216216216216
			3.98918918918919	-1.56216216216216
			3.99189189189189	-1.56486486486486
			3.99459459459459	-1.56486486486486
			3.9972972972973	-1.56756756756757
			4	-1.56756756756757
			4.0027027027027	-1.57027027027027
			4.0054054054054	-1.57027027027027
			4.00810810810811	-1.57297297297297
			4.01081081081081	-1.57297297297297
			4.01351351351351	-1.57297297297297
			4.01621621621622	-1.57567567567568
			4.01891891891892	-1.57837837837838
			4.02162162162162	-1.57837837837838
			4.02432432432432	-1.58108108108108
			4.02702702702703	-1.58108108108108
			4.02972972972973	-1.58378378378378
			4.03243243243243	-1.58378378378378
			4.03513513513513	-1.58648648648649
			4.03783783783784	-1.58648648648649
			4.04054054054054	-1.58918918918919
			4.04324324324324	-1.58918918918919
			4.04324324324324	-1.59189189189189
			4.04594594594595	-1.59189189189189
			4.04864864864865	-1.59459459459459
			4.05135135135135	-1.59459459459459
			4.05405405405405	-1.5972972972973
			4.05675675675676	-1.6
			4.05945945945946	-1.6
			4.06216216216216	-1.6027027027027
			4.06486486486486	-1.60540540540541
			4.06756756756757	-1.60540540540541
			4.07027027027027	-1.60810810810811
			4.07297297297297	-1.61081081081081
			4.07567567567567	-1.61081081081081
			4.07837837837838	-1.61351351351351
			4.08108108108108	-1.61351351351351
			4.08378378378378	-1.61621621621622
			4.08648648648649	-1.61891891891892
			4.08918918918919	-1.61891891891892
			4.09189189189189	-1.62162162162162
			4.09459459459459	-1.62432432432432
			4.0972972972973	-1.62432432432432
			4.1	-1.62702702702703
			4.1027027027027	-1.62972972972973
			4.1054054054054	-1.63243243243243
			4.10810810810811	-1.63513513513513
			4.11081081081081	-1.63783783783784
			4.11351351351351	-1.63783783783784
			4.11621621621622	-1.64054054054054
			4.11891891891892	-1.64324324324324
			4.12162162162162	-1.64594594594595
			4.12432432432432	-1.64864864864865
			4.12702702702703	-1.65135135135135
			4.12972972972973	-1.65135135135135
			4.13243243243243	-1.65405405405405
			4.13513513513514	-1.65675675675676
			4.13783783783784	-1.65945945945946
			4.14054054054054	-1.66216216216216
			4.14324324324324	-1.66216216216216
			4.14324324324324	-1.66486486486486
			4.14594594594595	-1.66756756756757
			4.14864864864865	-1.67027027027027
			4.15135135135135	-1.67297297297297
			4.15405405405405	-1.67567567567568
			4.15675675675676	-1.67837837837838
			4.15945945945946	-1.68108108108108
			4.16216216216216	-1.68378378378378
			4.16486486486486	-1.68648648648649
			4.16756756756757	-1.68918918918919
			4.17027027027027	-1.69189189189189
			4.17027027027027	-1.69459459459459
			4.17297297297297	-1.6972972972973
			4.17567567567568	-1.7
			4.17567567567568	-1.7027027027027
			4.17837837837838	-1.7027027027027
			4.17837837837838	-1.70540540540541
			4.18108108108108	-1.70810810810811
			4.18108108108108	-1.71081081081081
			4.18378378378378	-1.71351351351351
			4.18648648648649	-1.71621621621622
			4.18918918918919	-1.71891891891892
			4.18918918918919	-1.72162162162162
			4.19189189189189	-1.72432432432432
			4.19189189189189	-1.72702702702703
			4.19459459459459	-1.72972972972973
			4.19459459459459	-1.73243243243243
			4.1972972972973	-1.73513513513513
			4.1972972972973	-1.73783783783784
			4.2	-1.74054054054054
			4.2	-1.74324324324324
			4.2027027027027	-1.74594594594595
			4.2027027027027	-1.74864864864865
			4.20540540540541	-1.75135135135135
			4.20540540540541	-1.75405405405405
			4.20540540540541	-1.75675675675676
			4.20810810810811	-1.75945945945946
			4.20810810810811	-1.76216216216216
			4.21081081081081	-1.76486486486486
			4.21081081081081	-1.76756756756757
			4.21081081081081	-1.77027027027027
			4.21081081081081	-1.77297297297297
			4.21351351351351	-1.77567567567568
			4.21351351351351	-1.77837837837838
			4.21351351351351	-1.78108108108108
			4.21621621621622	-1.78378378378378
			4.21621621621622	-1.78648648648649
			4.21621621621622	-1.78918918918919
			4.21621621621622	-1.79189189189189
			4.21621621621622	-1.79459459459459
			4.21891891891892	-1.7972972972973
			4.21891891891892	-1.8
			4.21891891891892	-1.8027027027027
			4.21891891891892	-1.80540540540541
			4.21891891891892	-1.80810810810811
			4.21891891891892	-1.81081081081081
			4.21891891891892	-1.81351351351351
			4.22162162162162	-1.81621621621622
			4.22162162162162	-1.81891891891892
			4.22162162162162	-1.82162162162162
			4.22162162162162	-1.82432432432432
			4.22162162162162	-1.82702702702703
			4.22162162162162	-1.82972972972973
			4.22162162162162	-1.83243243243243
			4.22162162162162	-1.83513513513514
			4.22162162162162	-1.83783783783784
			4.22162162162162	-1.84054054054054
			4.22162162162162	-1.84324324324324
			4.22162162162162	-1.84594594594595
			4.21891891891892	-1.84864864864865
			4.21891891891892	-1.85135135135135
			4.21891891891892	-1.85405405405405
			4.21891891891892	-1.85675675675676
			4.21891891891892	-1.85945945945946
			4.21891891891892	-1.86216216216216
			4.22162162162162	-1.86216216216216
			4.22432432432432	-1.86486486486486
			4.22702702702703	-1.86486486486486
			4.22972972972973	-1.86486486486486
			4.23243243243243	-1.86756756756757
			4.23513513513513	-1.86756756756757
			4.23783783783784	-1.86756756756757
			4.24054054054054	-1.87027027027027
			4.24324324324324	-1.87027027027027
			4.24594594594595	-1.87297297297297
			4.24864864864865	-1.87567567567568
			4.25135135135135	-1.87567567567568
			4.25405405405405	-1.87837837837838
			4.25675675675676	-1.87837837837838
			4.25945945945946	-1.88108108108108
			4.26216216216216	-1.88108108108108
			4.26486486486486	-1.88378378378378
			4.26756756756757	-1.88648648648649
			4.27027027027027	-1.88648648648649
			4.27297297297297	-1.88918918918919
			4.27297297297297	-1.89189189189189
			4.27567567567568	-1.89459459459459
			4.27837837837838	-1.89459459459459
			4.28108108108108	-1.8972972972973
			4.28378378378378	-1.9
			4.28378378378378	-1.9027027027027
			4.28648648648649	-1.9027027027027
			4.28918918918919	-1.90540540540541
			4.29189189189189	-1.90810810810811
			4.29189189189189	-1.91081081081081
			4.29459459459459	-1.91351351351351
			4.2972972972973	-1.91621621621622
			4.2972972972973	-1.91891891891892
			4.3	-1.92162162162162
			4.3	-1.92432432432432
			4.3027027027027	-1.92702702702703
			4.3027027027027	-1.92972972972973
			4.3054054054054	-1.93243243243243
			4.30810810810811	-1.93513513513513
			4.30810810810811	-1.93783783783784
			4.30810810810811	-1.94054054054054
			4.31081081081081	-1.94324324324324
			4.31081081081081	-1.94594594594595
			4.31351351351351	-1.94864864864865
			4.31351351351351	-1.95135135135135
			4.31621621621622	-1.95405405405405
			4.31621621621622	-1.95675675675676
			4.31621621621622	-1.95945945945946
			4.31621621621622	-1.96216216216216
			4.31891891891892	-1.96486486486486
			4.31891891891892	-1.96756756756757
			4.31891891891892	-1.97027027027027
			4.31891891891892	-1.97297297297297
			4.32162162162162	-1.97567567567568
			4.32162162162162	-1.97837837837838
			4.32162162162162	-1.98108108108108
			4.32162162162162	-1.98378378378378
			4.32162162162162	-1.98648648648649
			4.32432432432432	-1.98918918918919
			4.32432432432432	-1.99189189189189
			4.32432432432432	-1.99459459459459
			4.32432432432432	-1.9972972972973
			4.32432432432432	-2
			4.32432432432432	-2.0027027027027
			4.32432432432432	-2.00540540540541
			4.32432432432432	-2.00810810810811
			4.32432432432432	-2.01081081081081
			4.32432432432432	-2.01351351351351
			4.32702702702703	-2.01621621621622
			4.32702702702703	-2.01891891891892
			4.32702702702703	-2.02162162162162
			4.32702702702703	-2.02432432432432
			4.32702702702703	-2.02702702702703
			4.32702702702703	-2.02972972972973
			4.32702702702703	-2.03243243243243
			4.32702702702703	-2.03513513513513
			4.32702702702703	-2.03783783783784
			4.32702702702703	-2.04054054054054
			4.32702702702703	-2.04324324324324
			4.32702702702703	-2.04594594594595
			4.32702702702703	-2.04864864864865
			4.32702702702703	-2.05135135135135
			4.32702702702703	-2.05405405405405
			4.32432432432432	-2.05675675675676
			4.32432432432432	-2.05945945945946
			4.32432432432432	-2.06216216216216
			4.32432432432432	-2.06486486486486
			4.32432432432432	-2.06756756756757
			4.32432432432432	-2.07027027027027
			4.32432432432432	-2.07297297297297
			4.32432432432432	-2.07567567567568
			4.32432432432432	-2.07837837837838
			4.32432432432432	-2.08108108108108
			4.32432432432432	-2.08378378378378
			4.32162162162162	-2.08648648648649
			4.32162162162162	-2.08918918918919
			4.32162162162162	-2.09189189189189
			4.32162162162162	-2.09459459459459
			4.32162162162162	-2.0972972972973
			4.32432432432432	-2.0972972972973
			4.32702702702703	-2.0972972972973
			4.32972972972973	-2.0972972972973
			4.33243243243243	-2.0972972972973
			4.33513513513513	-2.0972972972973
			4.33783783783784	-2.0972972972973
			4.34054054054054	-2.0972972972973
			4.34324324324324	-2.0972972972973
			4.34594594594595	-2.0972972972973
			4.34864864864865	-2.0972972972973
			4.35135135135135	-2.0972972972973
			4.35405405405405	-2.0972972972973
			4.35675675675676	-2.0972972972973
			4.35945945945946	-2.1
			4.36216216216216	-2.1
			4.36486486486486	-2.1
			4.36756756756757	-2.1
			4.37027027027027	-2.1
			4.37297297297297	-2.1
			4.37567567567568	-2.1
			4.37837837837838	-2.1
			4.38108108108108	-2.1
			4.38378378378378	-2.1
			4.38648648648649	-2.1027027027027
			4.38918918918919	-2.1027027027027
			4.39189189189189	-2.1027027027027
			4.39459459459459	-2.1027027027027
			4.3972972972973	-2.1027027027027
			4.4	-2.1027027027027
			4.4027027027027	-2.1054054054054
			4.40540540540541	-2.1054054054054
			4.40810810810811	-2.1054054054054
			4.41081081081081	-2.1054054054054
			4.41351351351351	-2.1054054054054
			4.41621621621622	-2.10810810810811
			4.41891891891892	-2.10810810810811
			4.42162162162162	-2.10810810810811
			4.42432432432432	-2.10810810810811
			4.42702702702703	-2.10810810810811
			4.42972972972973	-2.11081081081081
			4.43243243243243	-2.11081081081081
			4.43513513513513	-2.11081081081081
			4.43783783783784	-2.11081081081081
			4.44054054054054	-2.11351351351351
			4.44324324324324	-2.11351351351351
			4.44594594594595	-2.11351351351351
			4.44864864864865	-2.11351351351351
			4.45135135135135	-2.11621621621622
			4.45405405405405	-2.11621621621622
			4.45675675675676	-2.11621621621622
			4.45945945945946	-2.11891891891892
			4.46216216216216	-2.11891891891892
			4.46486486486486	-2.11891891891892
			4.46756756756757	-2.12162162162162
			4.47027027027027	-2.12162162162162
			4.47297297297297	-2.12162162162162
			4.47297297297297	-2.12432432432432
			4.47567567567568	-2.12432432432432
			4.47837837837838	-2.12432432432432
			4.48108108108108	-2.12702702702703
			4.48378378378378	-2.12702702702703
			4.48648648648649	-2.12702702702703
			4.48918918918919	-2.12972972972973
			4.49189189189189	-2.12972972972973
			4.49459459459459	-2.12972972972973
			4.4972972972973	-2.13243243243243
			4.5	-2.13243243243243
			4.5027027027027	-2.13513513513514
			4.5054054054054	-2.13513513513514
			4.50810810810811	-2.13783783783784
			4.51081081081081	-2.13783783783784
			4.51351351351351	-2.14054054054054
			4.51621621621622	-2.14054054054054
			4.51891891891892	-2.14324324324324
			4.52162162162162	-2.14324324324324
			4.52432432432432	-2.14594594594595
			4.52702702702703	-2.14594594594595
			4.52972972972973	-2.14594594594595
			4.52972972972973	-2.14864864864865
			4.53243243243243	-2.14864864864865
			4.53513513513513	-2.15135135135135
			4.53783783783784	-2.15135135135135
			4.54054054054054	-2.15405405405405
			4.54324324324324	-2.15405405405405
			4.54594594594595	-2.15675675675676
			4.54864864864865	-2.15675675675676
			4.55135135135135	-2.15945945945946
			4.55405405405405	-2.15945945945946
			4.55675675675676	-2.16216216216216
			4.55945945945946	-2.16486486486486
			4.56216216216216	-2.16486486486486
			4.56216216216216	-2.16756756756757
			4.56486486486486	-2.16756756756757
			4.56756756756757	-2.17027027027027
			4.57027027027027	-2.17027027027027
			4.57297297297297	-2.17297297297297
			4.57567567567567	-2.17567567567568
			4.57837837837838	-2.17567567567568
			4.58108108108108	-2.17837837837838
			4.58378378378378	-2.18108108108108
			4.58648648648649	-2.18378378378378
			4.58918918918919	-2.18648648648649
			4.59189189189189	-2.18648648648649
			4.59459459459459	-2.18918918918919
			4.5972972972973	-2.18918918918919
			4.6	-2.19189189189189
			4.6027027027027	-2.19459459459459
			4.6054054054054	-2.1972972972973
			4.60810810810811	-2.2
			4.61081081081081	-2.2
			4.61081081081081	-2.2027027027027
			4.61351351351351	-2.2027027027027
			4.61621621621622	-2.20540540540541
			4.61891891891892	-2.20810810810811
			4.62162162162162	-2.21081081081081
			4.62432432432432	-2.21351351351351
			4.62702702702703	-2.21351351351351
			4.62972972972973	-2.21621621621622
			4.63243243243243	-2.21891891891892
			4.63243243243243	-2.22162162162162
			4.63513513513514	-2.22432432432432
			4.63783783783784	-2.22432432432432
			4.64054054054054	-2.22702702702703
			4.64324324324324	-2.22972972972973
			4.64594594594595	-2.23243243243243
			4.64864864864865	-2.23513513513513
			4.65135135135135	-2.23783783783784
			4.65405405405405	-2.24054054054054
			4.65675675675676	-2.24324324324324
			4.65945945945946	-2.24594594594595
			4.66216216216216	-2.24864864864865
			4.66486486486486	-2.25135135135135
			4.66756756756757	-2.25405405405405
			4.67027027027027	-2.25675675675676
			4.67027027027027	-2.25945945945946
			4.67297297297297	-2.25945945945946
			4.67567567567568	-2.26216216216216
			4.67567567567568	-2.26486486486486
			4.67837837837838	-2.26486486486486
			4.67837837837838	-2.26756756756757
			4.68108108108108	-2.27027027027027
			4.68378378378378	-2.27027027027027
			4.68378378378378	-2.27297297297297
			4.68648648648649	-2.27567567567568
			4.68918918918919	-2.27837837837838
			4.69189189189189	-2.28108108108108
			4.69459459459459	-2.28378378378378
			4.69459459459459	-2.28648648648649
			4.6972972972973	-2.28918918918919
			4.7	-2.29189189189189
			4.7027027027027	-2.29459459459459
			4.7027027027027	-2.2972972972973
			4.70540540540541	-2.2972972972973
			4.70810810810811	-2.3
			4.70810810810811	-2.3027027027027
			4.71081081081081	-2.30540540540541
			4.71351351351351	-2.30810810810811
			4.71351351351351	-2.31081081081081
			4.71621621621622	-2.31351351351351
			4.71891891891892	-2.31621621621622
			4.71891891891892	-2.31891891891892
			4.72162162162162	-2.31891891891892
			4.72432432432432	-2.32162162162162
			4.72432432432432	-2.32432432432432
			4.72702702702703	-2.32702702702703
			4.72972972972973	-2.32972972972973
			4.72972972972973	-2.33243243243243
			4.73243243243243	-2.33513513513513
			4.73513513513513	-2.33783783783784
			4.73513513513513	-2.34054054054054
			4.73783783783784	-2.34324324324324
			4.74054054054054	-2.34594594594595
			4.74054054054054	-2.34864864864865
			4.74324324324324	-2.35135135135135
			4.74324324324324	-2.35405405405405
			4.74594594594595	-2.35675675675676
			4.74864864864865	-2.35945945945946
			4.74864864864865	-2.36216216216216
			4.75135135135135	-2.36486486486486
			4.75405405405405	-2.36756756756757
			4.75405405405405	-2.37027027027027
			4.75675675675676	-2.37297297297297
			4.75945945945946	-2.37567567567568
			4.75945945945946	-2.37837837837838
			4.76216216216216	-2.38108108108108
			4.76216216216216	-2.38378378378378
			4.76486486486486	-2.38648648648649
			4.76756756756757	-2.38918918918919
			4.76756756756757	-2.39189189189189
			4.77027027027027	-2.39459459459459
			4.77297297297297	-2.3972972972973
			4.77297297297297	-2.4
			4.77567567567568	-2.4027027027027
			4.77567567567568	-2.40540540540541
			4.77837837837838	-2.40810810810811
			4.78108108108108	-2.41081081081081
			4.78108108108108	-2.41351351351351
			4.78378378378378	-2.41621621621622
			4.78378378378378	-2.41891891891892
			4.78648648648649	-2.42162162162162
			4.78648648648649	-2.42432432432432
			4.78918918918919	-2.42702702702703
			4.78918918918919	-2.42972972972973
			4.79189189189189	-2.43243243243243
			4.79189189189189	-2.43513513513513
			4.79459459459459	-2.43513513513513
			4.79459459459459	-2.43783783783784
			4.79459459459459	-2.44054054054054
			4.7972972972973	-2.44324324324324
			4.7972972972973	-2.44594594594595
			4.8	-2.44864864864865
			4.8027027027027	-2.45135135135135
			4.8027027027027	-2.45405405405405
			4.8054054054054	-2.45675675675676
			4.8054054054054	-2.45945945945946
			4.80810810810811	-2.46216216216216
			4.80810810810811	-2.46486486486486
			4.81081081081081	-2.46756756756757
			4.81081081081081	-2.47027027027027
			4.81351351351351	-2.47297297297297
			4.81351351351351	-2.47567567567568
			4.81621621621622	-2.47837837837838
			4.81621621621622	-2.48108108108108
			4.81891891891892	-2.48378378378378
			4.81891891891892	-2.48648648648649
			4.81891891891892	-2.48918918918919
			4.82162162162162	-2.49189189189189
			4.82162162162162	-2.49459459459459
			4.82432432432432	-2.4972972972973
			4.82432432432432	-2.5
			4.82702702702703	-2.5027027027027
			4.82702702702703	-2.50540540540541
			4.82972972972973	-2.50810810810811
			4.82972972972973	-2.51081081081081
			4.82972972972973	-2.51351351351351
			4.83243243243243	-2.51621621621622
			4.83243243243243	-2.51891891891892
			4.83513513513513	-2.52162162162162
			4.83513513513513	-2.52432432432432
			4.83513513513513	-2.52702702702703
			4.83783783783784	-2.52972972972973
			4.83783783783784	-2.53243243243243
			4.84054054054054	-2.53243243243243
			4.84054054054054	-2.53513513513513
			4.84324324324324	-2.53783783783784
			4.84324324324324	-2.54054054054054
			4.84324324324324	-2.54324324324324
			4.84594594594595	-2.54594594594595
			4.84594594594595	-2.54864864864865
			4.84864864864865	-2.55135135135135
			4.84864864864865	-2.55405405405405
			4.84864864864865	-2.55675675675676
			4.85135135135135	-2.55945945945946
			4.85135135135135	-2.56216216216216
			4.85405405405405	-2.56486486486486
			4.85405405405405	-2.56756756756757
			4.85405405405405	-2.57027027027027
			4.85675675675676	-2.57297297297297
			4.85675675675676	-2.57567567567568
			4.85945945945946	-2.57837837837838
			4.85945945945946	-2.58108108108108
			4.85945945945946	-2.58378378378378
			4.86216216216216	-2.58648648648649
			4.86216216216216	-2.58918918918919
			4.86216216216216	-2.59189189189189
			4.86486486486486	-2.59459459459459
			4.86486486486486	-2.5972972972973
			4.86756756756757	-2.6
			4.86756756756757	-2.6027027027027
			4.86756756756757	-2.6054054054054
			4.87027027027027	-2.60810810810811
			4.87027027027027	-2.61081081081081
			4.87297297297297	-2.61351351351351
			4.87297297297297	-2.61621621621622
			4.87297297297297	-2.61891891891892
			4.87297297297297	-2.62162162162162
			4.87567567567567	-2.62432432432432
			4.87567567567567	-2.62702702702703
			4.87837837837838	-2.62972972972973
			4.87837837837838	-2.63243243243243
			4.87837837837838	-2.63513513513513
			4.87837837837838	-2.63783783783784
			4.88108108108108	-2.63783783783784
			4.88108108108108	-2.64054054054054
			4.88108108108108	-2.64324324324324
			4.88108108108108	-2.64594594594595
			4.88378378378378	-2.64594594594595
			4.88378378378378	-2.64864864864865
			4.88378378378378	-2.65135135135135
			4.88648648648649	-2.65405405405405
			4.88648648648649	-2.65675675675676
			4.88648648648649	-2.65945945945946
			4.88918918918919	-2.66216216216216
			4.88918918918919	-2.66486486486486
			4.88918918918919	-2.66756756756757
			4.89189189189189	-2.67027027027027
			4.89189189189189	-2.67297297297297
			4.89189189189189	-2.67567567567568
			4.89459459459459	-2.67837837837838
			4.89459459459459	-2.68108108108108
			4.89459459459459	-2.68378378378378
			4.8972972972973	-2.68648648648649
			4.8972972972973	-2.68918918918919
			4.8972972972973	-2.69189189189189
			4.8972972972973	-2.69459459459459
			4.9	-2.69459459459459
			4.9	-2.6972972972973
			4.9	-2.7
			4.9027027027027	-2.7027027027027
			4.9027027027027	-2.70540540540541
			4.9027027027027	-2.70810810810811
			4.90540540540541	-2.71081081081081
			4.90540540540541	-2.71351351351351
			4.90540540540541	-2.71621621621622
			4.90540540540541	-2.71891891891892
			4.90810810810811	-2.72162162162162
			4.90810810810811	-2.72432432432432
			4.90810810810811	-2.72702702702703
			4.91081081081081	-2.72972972972973
			4.91081081081081	-2.73243243243243
			4.91081081081081	-2.73513513513513
			4.91351351351351	-2.73783783783784
			4.91351351351351	-2.74054054054054
			4.91351351351351	-2.74324324324324
			4.91351351351351	-2.74594594594595
			4.91621621621622	-2.74864864864865
			4.91621621621622	-2.75135135135135
			4.91621621621622	-2.75405405405405
			4.91891891891892	-2.75675675675676
			4.91891891891892	-2.75945945945946
			4.91891891891892	-2.76216216216216
			4.91891891891892	-2.76486486486486
			4.92162162162162	-2.76756756756757
			4.92162162162162	-2.77027027027027
			4.92162162162162	-2.77297297297297
			4.92432432432432	-2.77567567567568
			4.92432432432432	-2.77837837837838
			4.92432432432432	-2.78108108108108
			4.92432432432432	-2.78378378378378
			4.92702702702703	-2.78648648648649
			4.92702702702703	-2.78918918918919
			4.92702702702703	-2.79189189189189
			4.92702702702703	-2.79459459459459
			4.92972972972973	-2.7972972972973
			4.92972972972973	-2.8
			4.92972972972973	-2.8027027027027
			4.92972972972973	-2.80540540540541
			4.93243243243243	-2.80540540540541
			4.93243243243243	-2.80810810810811
			4.93243243243243	-2.81081081081081
			4.93243243243243	-2.81351351351351
			4.93243243243243	-2.81621621621622
			4.93513513513513	-2.81621621621622
			4.93513513513513	-2.81891891891892
			4.93513513513513	-2.82162162162162
			4.93513513513513	-2.82432432432432
			4.93783783783784	-2.82702702702703
			4.93783783783784	-2.82972972972973
			4.93783783783784	-2.83243243243243
			4.93783783783784	-2.83513513513513
			4.93783783783784	-2.83783783783784
			4.94054054054054	-2.84054054054054
			4.94054054054054	-2.84324324324324
			4.94054054054054	-2.84594594594595
			4.94054054054054	-2.84864864864865
			4.94324324324324	-2.84864864864865
			4.94324324324324	-2.85135135135135
			4.94324324324324	-2.85405405405405
			4.94324324324324	-2.85675675675676
			4.94594594594595	-2.85945945945946
			4.94594594594595	-2.86216216216216
			4.94594594594595	-2.86486486486486
			4.94594594594595	-2.86756756756757
			4.94594594594595	-2.87027027027027
			4.94864864864865	-2.87297297297297
			4.94864864864865	-2.87567567567568
			4.94864864864865	-2.87837837837838
			4.94864864864865	-2.88108108108108
			4.95135135135135	-2.88378378378378
			4.95135135135135	-2.88648648648649
			4.95135135135135	-2.88918918918919
			4.95135135135135	-2.89189189189189
			4.95135135135135	-2.89459459459459
			4.95405405405405	-2.8972972972973
			4.95405405405405	-2.9
			4.95405405405405	-2.9027027027027
			4.95405405405405	-2.90540540540541
			4.95675675675676	-2.90810810810811
			4.95675675675676	-2.91081081081081
			4.95675675675676	-2.91351351351351
			4.95675675675676	-2.91621621621622
			4.95945945945946	-2.91891891891892
			4.95945945945946	-2.92162162162162
			4.95945945945946	-2.92432432432432
			4.96216216216216	-2.92432432432432
			4.96486486486486	-2.92432432432432
			4.96756756756757	-2.92432432432432
			4.97027027027027	-2.92162162162162
			4.97297297297297	-2.92162162162162
			4.97567567567568	-2.92162162162162
			4.97837837837838	-2.92162162162162
			4.98108108108108	-2.92162162162162
			4.98378378378378	-2.92162162162162
			4.98648648648649	-2.92162162162162
			4.98918918918919	-2.92162162162162
			4.99189189189189	-2.92162162162162
			4.99459459459459	-2.92162162162162
			4.9972972972973	-2.91891891891892
			5	-2.91891891891892
			5.0027027027027	-2.91891891891892
			5.0054054054054	-2.91891891891892
			5.00810810810811	-2.91891891891892
			5.01081081081081	-2.91891891891892
			5.01351351351351	-2.91891891891892
			5.01621621621622	-2.91891891891892
			5.01891891891892	-2.91891891891892
			5.02162162162162	-2.91891891891892
			5.02432432432432	-2.91891891891892
			5.02702702702703	-2.91621621621622
			5.02972972972973	-2.91621621621622
			5.03243243243243	-2.91621621621622
			5.03513513513513	-2.91621621621622
			5.03783783783784	-2.91621621621622
			5.04054054054054	-2.91621621621622
			5.04324324324324	-2.91621621621622
			5.04594594594595	-2.91621621621622
			5.04864864864865	-2.91621621621622
			5.05135135135135	-2.91621621621622
			5.05405405405405	-2.91621621621622
			5.05675675675676	-2.91621621621622
			5.05945945945946	-2.91621621621622
			5.06216216216216	-2.91621621621622
			5.06486486486486	-2.91621621621622
			5.06756756756757	-2.91621621621622
			5.07027027027027	-2.91621621621622
			5.07297297297297	-2.91621621621622
			5.07567567567567	-2.91621621621622
			5.07837837837838	-2.91621621621622
			5.08108108108108	-2.91621621621622
			5.08378378378378	-2.91621621621622
			5.08648648648649	-2.91621621621622
			5.08918918918919	-2.91621621621622
			5.09189189189189	-2.91621621621622
			5.09459459459459	-2.91621621621622
			5.0972972972973	-2.91621621621622
			5.1	-2.91621621621622
			5.1027027027027	-2.91621621621622
			5.1054054054054	-2.91891891891892
			5.10810810810811	-2.91891891891892
			5.11081081081081	-2.91891891891892
			5.11351351351351	-2.91891891891892
			5.11621621621622	-2.91891891891892
			5.11891891891892	-2.92162162162162
			5.12162162162162	-2.92162162162162
			5.12432432432432	-2.92162162162162
			5.12702702702703	-2.92432432432432
			5.12972972972973	-2.92432432432432
			5.13243243243243	-2.92702702702703
			5.13513513513513	-2.92972972972973
			5.13513513513513	-2.93243243243243
			5.13783783783784	-2.93243243243243
			5.13783783783784	-2.93513513513513
		</suture>
	</curves.scaled>
	<ruler.points type=matrix rownames=TRUE colnames=FALSE nrow=2 ncol=2 as.numeric=TRUE >
		Ruler point 1	1041	658
		Ruler point 2	1041	1176
	</ruler.points>
</shapes>

