<shapes type=list>
	<ruler.pixel type=vector names=FALSE length=1 as.numeric=TRUE >111.018016555873</ruler.pixel>
	<ruler.interval type=vector names=FALSE length=1 as.numeric=TRUE >1</ruler.interval>
	<scaling.units type=vector names=FALSE length=1 as.numeric=FALSE >mm</scaling.units>
	<scaling type=vector names=FALSE length=1 as.numeric=TRUE >0.0090075469822209</scaling>
	<landmarks.pixel type=matrix rownames=TRUE colnames=FALSE nrow=16 ncol=2 as.numeric=TRUE >
		LM1	259	18
		LM2	259	36
		LM3	259	233
		LM4	259	273
		LM5	338	212
		LM6	339	248
		LM7	336	263
		LM8	NaN	NaN
		LM9	NaN	NaN
		LM10	259	18
		LM11	456	236
		LM12	457	265
		LM13	259	18
		LM14	NaN	NaN
		LM15	504	273
		LM16	501	398
	</landmarks.pixel>
	<landmarks.scaled type=matrix rownames=TRUE colnames=FALSE nrow=16 ncol=2 as.numeric=TRUE >
		LM1	2.33295466839521	-0.162135845679976
		LM2	2.33295466839521	-0.324271691359952
		LM3	2.33295466839521	-2.09875844685747
		LM4	2.33295466839521	-2.45906032614631
		LM5	3.04455087999066	-1.90959996023083
		LM6	3.05355842697289	-2.23387165159078
		LM7	3.02653578602622	-2.3689848563241
		LM8	NaN	NaN
		LM9	NaN	NaN
		LM10	2.33295466839521	-0.162135845679976
		LM11	4.10744142389273	-2.12578108780413
		LM12	4.11644897087495	-2.38699995028854
		LM13	2.33295466839521	-0.162135845679976
		LM14	NaN	NaN
		LM15	4.53980367903933	-2.45906032614631
		LM16	4.51278103809267	-3.58500369892392
	</landmarks.scaled>
	<curves.control type=list>
		<glabella type=matrix rownames=FALSE colnames=FALSE nrow=11 ncol=2 as.numeric=TRUE >
			259	36
			285	36
			314	55
			324	74
			321	109
			322	131
			326	152
			331	184
			338	212
			342	233
			336	263
		</glabella>
		<suture type=matrix rownames=FALSE colnames=FALSE nrow=13 ncol=2 as.numeric=TRUE >
			259	18
			296	18
			351	36
			385	53
			407	70
			419	85
			430	112
			435	147
			438	176
			445	203
			456	236
			454	253
			457	265
		</suture>
		<anterior type=matrix rownames=FALSE colnames=FALSE nrow=9 ncol=2 as.numeric=TRUE >
			259	18
			296	18
			351	36
			385	53
			407	70
			457	112
			479	162
			501	219
			504	273
		</anterior>
		<posterior type=matrix rownames=FALSE colnames=FALSE nrow=13 ncol=2 as.numeric=TRUE >
			259	273
			304	279
			336	263
			377	268
			430	268
			447	269
			457	266
			472	265
			482	278
			492	337
			501	399
			510	348
			504	273
		</posterior>
	</curves.control>
	<curves.pixel type=list>
		<glabella type=matrix rownames=FALSE colnames=FALSE nrow=267 ncol=2 as.numeric=TRUE >
			259	36
			260	36
			261	36
			262	36
			263	36
			264	36
			265	36
			266	36
			267	36
			268	37
			269	37
			270	37
			271	37
			272	37
			273	37
			274	37
			275	38
			276	38
			277	38
			278	38
			279	39
			280	39
			281	39
			282	39
			283	40
			284	40
			285	40
			286	41
			287	41
			288	41
			289	42
			290	42
			291	43
			292	43
			293	44
			294	44
			295	44
			296	45
			297	45
			298	46
			299	46
			300	47
			301	47
			302	48
			303	49
			304	49
			305	50
			306	50
			307	51
			308	51
			309	52
			310	52
			311	53
			312	53
			312	54
			313	54
			314	55
			314	56
			315	57
			315	58
			316	59
			316	60
			317	61
			317	62
			317	63
			318	64
			318	65
			318	66
			319	67
			319	68
			319	69
			319	70
			320	71
			320	72
			320	73
			320	74
			320	75
			320	76
			321	77
			321	78
			321	79
			321	80
			321	81
			321	82
			321	83
			321	84
			321	85
			321	86
			322	86
			322	87
			322	88
			322	89
			322	90
			322	91
			322	92
			322	93
			322	94
			322	95
			322	96
			322	97
			322	98
			322	99
			322	100
			322	101
			321	102
			321	103
			321	104
			321	105
			321	106
			321	107
			321	108
			321	109
			321	110
			321	111
			321	112
			321	113
			321	114
			321	115
			321	116
			321	117
			322	118
			322	119
			322	120
			322	121
			322	122
			322	123
			322	124
			322	125
			322	126
			322	127
			322	128
			323	129
			323	130
			323	131
			323	132
			323	133
			323	134
			323	135
			323	136
			324	137
			324	138
			324	139
			324	140
			324	141
			324	142
			325	143
			325	144
			325	145
			325	146
			325	147
			325	148
			325	149
			326	150
			326	151
			326	152
			326	153
			326	154
			326	155
			327	156
			327	157
			327	158
			327	159
			327	160
			327	161
			328	162
			328	163
			328	164
			328	165
			328	166
			328	167
			329	168
			329	169
			329	170
			329	171
			329	172
			330	173
			330	174
			330	175
			330	176
			330	177
			331	178
			331	179
			331	180
			331	181
			331	182
			332	183
			332	184
			332	185
			332	186
			332	187
			333	188
			333	189
			333	190
			333	191
			333	192
			334	193
			334	194
			334	195
			334	196
			334	197
			335	197
			335	198
			335	199
			335	200
			335	201
			336	202
			336	203
			336	204
			336	205
			336	206
			337	207
			337	208
			337	209
			338	210
			338	211
			338	212
			338	213
			338	214
			338	215
			339	216
			339	217
			339	218
			339	219
			339	220
			339	221
			339	222
			339	223
			339	224
			339	225
			340	226
			340	227
			340	228
			340	229
			340	230
			340	231
			340	232
			340	233
			340	234
			339	235
			339	236
			339	237
			339	238
			339	239
			339	240
			339	241
			339	242
			339	243
			339	244
			339	245
			339	246
			339	247
			338	248
			338	249
			338	250
			338	251
			338	252
			338	253
			338	254
			337	255
			337	256
			337	257
			337	258
			337	259
			337	260
			336	261
			336	262
			336	263
		</glabella>
		<suture type=matrix rownames=FALSE colnames=FALSE nrow=364 ncol=2 as.numeric=TRUE >
			259	18
			260	18
			261	18
			262	18
			263	18
			264	18
			265	18
			266	18
			267	18
			268	18
			269	18
			270	18
			271	18
			272	18
			273	19
			274	19
			275	19
			276	19
			277	19
			278	19
			279	19
			280	19
			281	19
			282	20
			283	20
			284	20
			285	20
			286	20
			287	20
			288	20
			289	20
			289	21
			290	21
			291	21
			292	21
			293	21
			294	21
			295	21
			296	22
			297	22
			298	22
			299	22
			300	22
			301	23
			302	23
			303	23
			304	23
			305	23
			306	24
			307	24
			308	24
			309	24
			310	25
			311	25
			312	25
			313	25
			314	26
			315	26
			316	26
			317	26
			318	26
			319	27
			320	27
			321	27
			322	27
			322	28
			323	28
			324	28
			325	28
			326	29
			327	29
			328	29
			329	29
			330	30
			331	30
			332	30
			333	30
			334	31
			335	31
			336	31
			337	32
			338	32
			339	32
			340	32
			340	33
			341	33
			342	33
			343	34
			344	34
			345	34
			346	35
			347	35
			348	35
			349	35
			350	36
			351	36
			352	36
			353	37
			354	37
			355	38
			356	39
			357	39
			358	40
			359	40
			360	40
			360	41
			361	41
			362	42
			363	42
			364	43
			365	43
			366	44
			367	44
			368	45
			369	45
			369	46
			370	46
			371	47
			372	47
			373	47
			373	48
			374	48
			375	49
			376	49
			377	50
			378	51
			379	51
			380	52
			381	52
			382	53
			383	53
			383	54
			384	54
			385	55
			386	55
			387	56
			388	57
			389	57
			389	58
			390	58
			391	59
			392	59
			393	60
			394	60
			394	61
			395	61
			396	62
			397	63
			398	63
			398	64
			399	64
			400	65
			401	65
			401	66
			402	66
			403	67
			404	67
			404	68
			405	68
			406	69
			406	70
			407	70
			407	71
			408	71
			408	72
			409	72
			409	73
			410	74
			410	75
			411	76
			412	77
			413	78
			413	79
			414	80
			415	81
			415	82
			416	83
			416	84
			417	84
			417	85
			418	86
			418	87
			419	88
			419	89
			420	90
			420	91
			421	92
			422	93
			422	94
			423	95
			423	96
			424	97
			424	98
			424	99
			425	99
			425	100
			425	101
			426	102
			426	103
			427	104
			427	105
			427	106
			428	107
			428	108
			429	109
			429	110
			430	111
			430	112
			430	113
			430	114
			430	115
			431	116
			431	117
			431	118
			431	119
			431	120
			431	121
			431	122
			432	123
			432	124
			432	125
			432	126
			432	127
			432	128
			432	129
			432	130
			433	131
			433	132
			433	133
			433	134
			433	135
			433	136
			433	137
			434	138
			434	139
			434	140
			434	141
			434	142
			434	143
			434	144
			434	145
			435	146
			435	147
			435	148
			435	149
			435	150
			435	151
			435	152
			435	153
			435	154
			436	154
			436	155
			436	156
			436	157
			436	158
			436	159
			436	160
			436	161
			436	162
			437	163
			437	164
			437	165
			437	166
			437	167
			437	168
			437	169
			437	170
			437	171
			438	172
			438	173
			438	174
			438	175
			438	176
			438	177
			439	178
			439	179
			439	180
			439	181
			440	182
			440	183
			440	184
			441	185
			441	186
			441	187
			441	188
			442	189
			442	190
			442	191
			442	192
			443	193
			443	194
			443	195
			444	196
			444	197
			444	198
			444	199
			445	200
			445	201
			445	202
			445	203
			446	204
			446	205
			447	206
			447	207
			447	208
			447	209
			448	210
			448	211
			448	212
			448	213
			449	213
			449	214
			449	215
			450	216
			450	217
			450	218
			451	219
			451	220
			451	221
			452	222
			452	223
			452	224
			452	225
			453	226
			453	227
			453	228
			454	229
			454	230
			454	231
			455	232
			455	233
			455	234
			456	235
			456	236
			456	237
			456	238
			456	239
			456	240
			456	241
			455	241
			455	242
			455	243
			455	244
			455	245
			455	246
			455	247
			455	248
			455	249
			455	250
			455	251
			455	252
			455	253
			455	254
			455	255
			456	256
			456	257
			456	258
			456	259
			456	260
			456	261
			456	262
			457	263
			457	264
			457	265
		</suture>
		<anterior type=matrix rownames=FALSE colnames=FALSE nrow=366 ncol=2 as.numeric=TRUE >
			259	18
			260	18
			261	18
			262	18
			263	18
			264	18
			265	18
			266	18
			267	18
			268	18
			269	18
			270	18
			271	18
			272	18
			273	19
			274	19
			275	19
			276	19
			277	19
			278	19
			279	19
			280	19
			281	19
			282	19
			283	20
			284	20
			285	20
			286	20
			287	20
			288	20
			289	20
			290	21
			291	21
			292	21
			293	21
			294	21
			295	21
			296	22
			297	22
			298	22
			299	22
			300	22
			301	23
			302	23
			303	23
			304	23
			305	23
			306	24
			307	24
			308	24
			309	24
			310	25
			311	25
			312	25
			313	25
			314	26
			315	26
			316	26
			317	26
			318	27
			319	27
			320	27
			321	27
			322	28
			323	28
			324	28
			325	28
			326	29
			327	29
			328	29
			329	29
			330	30
			331	30
			332	30
			333	30
			334	31
			335	31
			336	31
			337	31
			337	32
			338	32
			339	32
			340	33
			341	33
			342	33
			343	34
			344	34
			345	34
			346	34
			347	35
			348	35
			349	35
			350	36
			351	36
			352	36
			352	37
			353	37
			354	37
			354	38
			355	38
			356	39
			357	39
			358	40
			359	40
			360	41
			361	41
			362	42
			363	42
			364	43
			365	43
			366	44
			367	44
			368	45
			369	46
			370	46
			371	47
			372	47
			373	48
			374	48
			375	49
			376	49
			377	50
			378	50
			379	51
			380	52
			381	53
			382	53
			383	54
			384	54
			385	55
			386	56
			387	56
			388	57
			389	57
			390	58
			391	59
			392	60
			393	60
			394	61
			395	61
			396	62
			397	62
			397	63
			398	64
			399	64
			400	65
			401	65
			401	66
			402	66
			403	67
			404	67
			404	68
			405	69
			406	69
			407	70
			408	71
			409	72
			410	73
			411	74
			412	74
			413	75
			414	76
			415	77
			416	78
			417	79
			418	79
			419	80
			420	81
			421	82
			421	83
			422	84
			423	85
			424	85
			425	86
			426	87
			427	88
			428	89
			428	90
			429	91
			430	91
			431	92
			432	93
			433	94
			434	95
			434	96
			435	97
			436	98
			437	98
			438	99
			438	100
			439	101
			440	102
			441	103
			441	104
			442	105
			443	105
			444	106
			445	107
			445	108
			446	109
			447	110
			447	111
			448	112
			449	113
			450	114
			451	115
			452	116
			452	117
			453	118
			454	119
			455	120
			455	121
			456	122
			457	123
			457	124
			458	124
			458	125
			459	126
			459	127
			460	128
			461	129
			462	130
			462	131
			463	132
			463	133
			464	134
			465	135
			465	136
			466	137
			466	138
			467	139
			468	140
			468	141
			469	142
			469	143
			470	144
			470	145
			471	146
			472	147
			472	148
			473	149
			473	150
			474	151
			474	152
			475	153
			475	154
			476	155
			476	156
			477	157
			477	158
			478	159
			478	160
			478	161
			479	162
			479	163
			480	164
			480	165
			481	166
			481	167
			481	168
			481	169
			482	169
			482	170
			482	171
			483	172
			483	173
			484	174
			484	175
			484	176
			484	177
			485	178
			485	179
			486	180
			486	181
			486	182
			487	183
			487	184
			487	185
			488	186
			488	187
			488	188
			488	189
			489	190
			489	191
			489	192
			490	193
			490	194
			490	195
			491	196
			491	197
			491	198
			491	199
			492	200
			492	201
			492	202
			492	203
			493	204
			493	205
			493	206
			494	207
			494	208
			494	209
			494	210
			495	211
			495	212
			495	213
			495	214
			495	215
			496	216
			496	217
			496	218
			496	219
			497	220
			497	221
			497	222
			497	223
			497	224
			498	225
			498	226
			498	227
			498	228
			499	229
			499	230
			499	231
			499	232
			499	233
			499	234
			500	235
			500	236
			500	237
			500	238
			500	239
			500	240
			501	241
			501	242
			501	243
			501	244
			501	245
			501	246
			502	247
			502	248
			502	249
			502	250
			502	251
			502	252
			502	253
			502	254
			503	255
			503	256
			503	257
			503	258
			503	259
			503	260
			503	261
			503	262
			503	263
			503	264
			503	265
			504	266
			504	267
			504	268
			504	269
			504	270
			504	271
			504	272
			504	273
		</anterior>
		<posterior type=matrix rownames=FALSE colnames=FALSE nrow=478 ncol=2 as.numeric=TRUE >
			259	273
			260	273
			261	273
			262	273
			263	274
			264	274
			265	274
			266	274
			267	274
			268	274
			269	274
			270	274
			271	274
			272	274
			273	274
			274	274
			275	274
			276	274
			277	275
			278	275
			279	275
			280	275
			281	275
			282	275
			283	275
			284	275
			285	275
			286	275
			287	275
			288	275
			289	275
			289	274
			290	274
			291	274
			292	274
			293	274
			294	274
			295	274
			296	274
			297	274
			298	274
			299	274
			300	274
			301	273
			302	273
			303	273
			304	273
			305	273
			306	273
			307	272
			308	272
			309	272
			310	272
			311	272
			312	271
			313	271
			314	271
			315	271
			316	270
			317	270
			318	270
			319	270
			320	269
			321	269
			322	269
			323	268
			324	268
			325	268
			326	267
			327	267
			328	267
			329	266
			330	266
			331	265
			332	265
			333	264
			334	264
			335	264
			336	263
			337	263
			338	263
			339	263
			340	263
			341	264
			342	264
			343	264
			344	264
			345	264
			346	264
			347	264
			348	264
			349	264
			350	265
			351	265
			352	265
			353	265
			354	265
			355	265
			356	265
			357	265
			358	265
			359	265
			360	265
			361	266
			362	266
			363	266
			364	266
			365	266
			366	266
			367	266
			368	266
			369	266
			370	266
			371	266
			372	266
			373	266
			374	266
			375	266
			376	267
			377	267
			378	267
			379	267
			380	267
			381	267
			382	267
			383	267
			384	267
			385	267
			386	267
			387	267
			388	267
			389	267
			390	267
			391	267
			392	267
			393	267
			394	267
			395	267
			396	267
			397	267
			398	268
			399	268
			400	268
			401	268
			402	268
			403	268
			404	268
			405	268
			406	268
			407	268
			408	268
			409	268
			410	268
			411	268
			412	268
			413	268
			414	268
			415	268
			416	268
			417	268
			418	268
			419	268
			420	268
			421	268
			422	268
			423	268
			424	268
			425	268
			426	268
			427	268
			428	268
			429	268
			430	268
			431	268
			432	268
			433	268
			434	268
			435	268
			436	268
			437	268
			438	268
			439	268
			440	268
			441	268
			442	268
			443	268
			444	268
			445	268
			446	268
			447	268
			448	268
			449	268
			450	267
			451	267
			452	267
			453	267
			454	267
			455	266
			456	266
			457	266
			458	266
			459	266
			460	266
			461	266
			462	266
			463	266
			464	266
			465	266
			465	267
			466	267
			467	267
			468	267
			469	268
			470	268
			471	268
			471	269
			472	269
			473	270
			474	270
			474	271
			475	271
			476	272
			477	272
			477	273
			478	274
			479	274
			480	275
			480	276
			481	277
			482	277
			482	278
			482	279
			482	280
			483	281
			483	282
			483	283
			483	284
			483	285
			483	286
			484	287
			484	288
			484	289
			484	290
			484	291
			484	292
			485	293
			485	294
			485	295
			485	296
			485	297
			485	298
			486	299
			486	300
			486	301
			486	302
			486	303
			486	304
			487	305
			487	306
			487	307
			487	308
			487	309
			487	310
			487	311
			488	312
			488	313
			488	314
			488	315
			488	316
			488	317
			489	318
			489	319
			489	320
			489	321
			489	322
			489	323
			490	324
			490	325
			490	326
			490	327
			490	328
			490	329
			491	330
			491	331
			491	332
			491	333
			491	334
			491	335
			492	336
			492	337
			492	338
			492	339
			492	340
			492	341
			492	342
			493	343
			493	344
			493	345
			493	346
			493	347
			493	348
			494	349
			494	350
			494	351
			494	352
			494	353
			494	354
			494	355
			495	356
			495	357
			495	358
			495	359
			495	360
			495	361
			496	362
			496	363
			496	364
			496	365
			496	366
			496	367
			496	368
			497	369
			497	370
			497	371
			497	372
			497	373
			497	374
			497	375
			498	376
			498	377
			498	378
			498	379
			498	380
			498	381
			499	382
			499	383
			499	384
			499	385
			499	386
			499	387
			499	388
			500	389
			500	390
			500	391
			500	392
			500	393
			500	394
			500	395
			501	396
			501	397
			501	398
			501	399
			501	398
			501	397
			502	396
			502	395
			502	394
			502	393
			502	392
			502	391
			502	390
			503	389
			503	388
			503	387
			503	386
			503	385
			503	384
			503	383
			504	382
			504	381
			504	380
			504	379
			504	378
			504	377
			504	376
			504	375
			504	374
			504	373
			505	372
			505	371
			505	370
			505	369
			505	368
			505	367
			505	366
			505	365
			505	364
			505	363
			505	362
			505	361
			505	360
			506	359
			506	358
			506	357
			506	356
			506	355
			506	354
			506	353
			506	352
			506	351
			506	350
			506	349
			506	348
			506	347
			506	346
			506	345
			506	344
			506	343
			506	342
			506	341
			506	340
			506	339
			506	338
			506	337
			506	336
			506	335
			506	334
			506	333
			506	332
			506	331
			506	330
			506	329
			506	328
			506	327
			506	326
			506	325
			506	324
			506	323
			506	322
			506	321
			506	320
			506	319
			506	318
			506	317
			506	316
			506	315
			506	314
			506	313
			506	312
			506	311
			506	310
			506	309
			506	308
			506	307
			506	306
			506	305
			506	304
			506	303
			506	302
			506	301
			506	300
			506	299
			506	298
			506	297
			506	296
			505	295
			505	294
			505	293
			505	292
			505	291
			505	290
			505	289
			505	288
			505	287
			505	286
			505	285
			505	284
			505	283
			505	282
			505	281
			505	280
			504	279
			504	278
			504	277
			504	276
			504	275
			504	274
			504	273
		</posterior>
	</curves.pixel>
	<curves.scaled type=list>
		<glabella type=matrix rownames=FALSE colnames=FALSE nrow=267 ncol=2 as.numeric=TRUE >
			2.33295466839521	-0.324271691359952
			2.34196221537743	-0.324271691359952
			2.35096976235966	-0.324271691359952
			2.35997730934188	-0.324271691359952
			2.3689848563241	-0.324271691359952
			2.37799240330632	-0.324271691359952
			2.38699995028854	-0.324271691359952
			2.39600749727076	-0.324271691359952
			2.40501504425298	-0.324271691359952
			2.4140225912352	-0.333279238342173
			2.42303013821742	-0.333279238342173
			2.43203768519964	-0.333279238342173
			2.44104523218186	-0.333279238342173
			2.45005277916408	-0.333279238342173
			2.45906032614631	-0.333279238342173
			2.46806787312853	-0.333279238342173
			2.47707542011075	-0.342286785324394
			2.48608296709297	-0.342286785324394
			2.49509051407519	-0.342286785324394
			2.50409806105741	-0.342286785324394
			2.51310560803963	-0.351294332306615
			2.52211315502185	-0.351294332306615
			2.53112070200407	-0.351294332306615
			2.54012824898629	-0.351294332306615
			2.54913579596851	-0.360301879288836
			2.55814334295074	-0.360301879288836
			2.56715088993296	-0.360301879288836
			2.57615843691518	-0.369309426271057
			2.5851659838974	-0.369309426271057
			2.59417353087962	-0.369309426271057
			2.60318107786184	-0.378316973253278
			2.61218862484406	-0.378316973253278
			2.62119617182628	-0.387324520235499
			2.6302037188085	-0.387324520235499
			2.63921126579072	-0.39633206721772
			2.64821881277294	-0.39633206721772
			2.65722635975517	-0.39633206721772
			2.66623390673739	-0.405339614199941
			2.67524145371961	-0.405339614199941
			2.68424900070183	-0.414347161182161
			2.69325654768405	-0.414347161182161
			2.70226409466627	-0.423354708164382
			2.71127164164849	-0.423354708164382
			2.72027918863071	-0.432362255146603
			2.72928673561293	-0.441369802128824
			2.73829428259515	-0.441369802128824
			2.74730182957737	-0.450377349111045
			2.7563093765596	-0.450377349111045
			2.76531692354182	-0.459384896093266
			2.77432447052404	-0.459384896093266
			2.78333201750626	-0.468392443075487
			2.79233956448848	-0.468392443075487
			2.8013471114707	-0.477399990057708
			2.81035465845292	-0.477399990057708
			2.81035465845292	-0.486407537039929
			2.81936220543514	-0.486407537039929
			2.82836975241736	-0.49541508402215
			2.82836975241736	-0.50442263100437
			2.83737729939958	-0.513430177986591
			2.83737729939958	-0.522437724968812
			2.8463848463818	-0.531445271951033
			2.8463848463818	-0.540452818933254
			2.85539239336403	-0.549460365915475
			2.85539239336403	-0.558467912897696
			2.85539239336403	-0.567475459879917
			2.86439994034625	-0.576483006862138
			2.86439994034625	-0.585490553844359
			2.86439994034625	-0.594498100826579
			2.87340748732847	-0.6035056478088
			2.87340748732847	-0.612513194791021
			2.87340748732847	-0.621520741773242
			2.87340748732847	-0.630528288755463
			2.88241503431069	-0.639535835737684
			2.88241503431069	-0.648543382719905
			2.88241503431069	-0.657550929702126
			2.88241503431069	-0.666558476684347
			2.88241503431069	-0.675566023666567
			2.88241503431069	-0.684573570648788
			2.89142258129291	-0.693581117631009
			2.89142258129291	-0.70258866461323
			2.89142258129291	-0.711596211595451
			2.89142258129291	-0.720603758577672
			2.89142258129291	-0.729611305559893
			2.89142258129291	-0.738618852542114
			2.89142258129291	-0.747626399524335
			2.89142258129291	-0.756633946506556
			2.89142258129291	-0.765641493488777
			2.89142258129291	-0.774649040470997
			2.90043012827513	-0.774649040470997
			2.90043012827513	-0.783656587453218
			2.90043012827513	-0.792664134435439
			2.90043012827513	-0.80167168141766
			2.90043012827513	-0.810679228399881
			2.90043012827513	-0.819686775382102
			2.90043012827513	-0.828694322364323
			2.90043012827513	-0.837701869346544
			2.90043012827513	-0.846709416328765
			2.90043012827513	-0.855716963310985
			2.90043012827513	-0.864724510293206
			2.90043012827513	-0.873732057275427
			2.90043012827513	-0.882739604257648
			2.90043012827513	-0.891747151239869
			2.90043012827513	-0.90075469822209
			2.90043012827513	-0.909762245204311
			2.89142258129291	-0.918769792186532
			2.89142258129291	-0.927777339168753
			2.89142258129291	-0.936784886150974
			2.89142258129291	-0.945792433133194
			2.89142258129291	-0.954799980115415
			2.89142258129291	-0.963807527097636
			2.89142258129291	-0.972815074079857
			2.89142258129291	-0.981822621062078
			2.89142258129291	-0.990830168044299
			2.89142258129291	-0.99983771502652
			2.89142258129291	-1.00884526200874
			2.89142258129291	-1.01785280899096
			2.89142258129291	-1.02686035597318
			2.89142258129291	-1.0358679029554
			2.89142258129291	-1.04487544993762
			2.89142258129291	-1.05388299691985
			2.90043012827513	-1.06289054390207
			2.90043012827513	-1.07189809088429
			2.90043012827513	-1.08090563786651
			2.90043012827513	-1.08991318484873
			2.90043012827513	-1.09892073183095
			2.90043012827513	-1.10792827881317
			2.90043012827513	-1.11693582579539
			2.90043012827513	-1.12594337277761
			2.90043012827513	-1.13495091975983
			2.90043012827513	-1.14395846674205
			2.90043012827513	-1.15296601372428
			2.90943767525735	-1.1619735607065
			2.90943767525735	-1.17098110768872
			2.90943767525735	-1.17998865467094
			2.90943767525735	-1.18899620165316
			2.90943767525735	-1.19800374863538
			2.90943767525735	-1.2070112956176
			2.90943767525735	-1.21601884259982
			2.90943767525735	-1.22502638958204
			2.91844522223957	-1.23403393656426
			2.91844522223957	-1.24304148354648
			2.91844522223957	-1.25204903052871
			2.91844522223957	-1.26105657751093
			2.91844522223957	-1.27006412449315
			2.91844522223957	-1.27907167147537
			2.92745276922179	-1.28807921845759
			2.92745276922179	-1.29708676543981
			2.92745276922179	-1.30609431242203
			2.92745276922179	-1.31510185940425
			2.92745276922179	-1.32410940638647
			2.92745276922179	-1.33311695336869
			2.92745276922179	-1.34212450035091
			2.93646031620401	-1.35113204733313
			2.93646031620401	-1.36013959431536
			2.93646031620401	-1.36914714129758
			2.93646031620401	-1.3781546882798
			2.93646031620401	-1.38716223526202
			2.93646031620401	-1.39616978224424
			2.94546786318623	-1.40517732922646
			2.94546786318623	-1.41418487620868
			2.94546786318623	-1.4231924231909
			2.94546786318623	-1.43219997017312
			2.94546786318623	-1.44120751715534
			2.94546786318623	-1.45021506413756
			2.95447541016846	-1.45922261111979
			2.95447541016846	-1.46823015810201
			2.95447541016846	-1.47723770508423
			2.95447541016846	-1.48624525206645
			2.95447541016846	-1.49525279904867
			2.95447541016846	-1.50426034603089
			2.96348295715068	-1.51326789301311
			2.96348295715068	-1.52227543999533
			2.96348295715068	-1.53128298697755
			2.96348295715068	-1.54029053395977
			2.96348295715068	-1.54929808094199
			2.9724905041329	-1.55830562792422
			2.9724905041329	-1.56731317490644
			2.9724905041329	-1.57632072188866
			2.9724905041329	-1.58532826887088
			2.9724905041329	-1.5943358158531
			2.98149805111512	-1.60334336283532
			2.98149805111512	-1.61235090981754
			2.98149805111512	-1.62135845679976
			2.98149805111512	-1.63036600378198
			2.98149805111512	-1.6393735507642
			2.99050559809734	-1.64838109774642
			2.99050559809734	-1.65738864472865
			2.99050559809734	-1.66639619171087
			2.99050559809734	-1.67540373869309
			2.99050559809734	-1.68441128567531
			2.99951314507956	-1.69341883265753
			2.99951314507956	-1.70242637963975
			2.99951314507956	-1.71143392662197
			2.99951314507956	-1.72044147360419
			2.99951314507956	-1.72944902058641
			3.00852069206178	-1.73845656756863
			3.00852069206178	-1.74746411455085
			3.00852069206178	-1.75647166153308
			3.00852069206178	-1.7654792085153
			3.00852069206178	-1.77448675549752
			3.017528239044	-1.77448675549752
			3.017528239044	-1.78349430247974
			3.017528239044	-1.79250184946196
			3.017528239044	-1.80150939644418
			3.017528239044	-1.8105169434264
			3.02653578602622	-1.81952449040862
			3.02653578602622	-1.82853203739084
			3.02653578602622	-1.83753958437306
			3.02653578602622	-1.84654713135528
			3.02653578602622	-1.85555467833751
			3.03554333300844	-1.86456222531973
			3.03554333300844	-1.87356977230195
			3.03554333300844	-1.88257731928417
			3.04455087999066	-1.89158486626639
			3.04455087999066	-1.90059241324861
			3.04455087999066	-1.90959996023083
			3.04455087999066	-1.91860750721305
			3.04455087999066	-1.92761505419527
			3.04455087999066	-1.93662260117749
			3.05355842697289	-1.94563014815971
			3.05355842697289	-1.95463769514194
			3.05355842697289	-1.96364524212416
			3.05355842697289	-1.97265278910638
			3.05355842697289	-1.9816603360886
			3.05355842697289	-1.99066788307082
			3.05355842697289	-1.99967543005304
			3.05355842697289	-2.00868297703526
			3.05355842697289	-2.01769052401748
			3.05355842697289	-2.0266980709997
			3.06256597395511	-2.03570561798192
			3.06256597395511	-2.04471316496414
			3.06256597395511	-2.05372071194637
			3.06256597395511	-2.06272825892859
			3.06256597395511	-2.07173580591081
			3.06256597395511	-2.08074335289303
			3.06256597395511	-2.08975089987525
			3.06256597395511	-2.09875844685747
			3.06256597395511	-2.10776599383969
			3.05355842697289	-2.11677354082191
			3.05355842697289	-2.12578108780413
			3.05355842697289	-2.13478863478635
			3.05355842697289	-2.14379618176857
			3.05355842697289	-2.1528037287508
			3.05355842697289	-2.16181127573302
			3.05355842697289	-2.17081882271524
			3.05355842697289	-2.17982636969746
			3.05355842697289	-2.18883391667968
			3.05355842697289	-2.1978414636619
			3.05355842697289	-2.20684901064412
			3.05355842697289	-2.21585655762634
			3.05355842697289	-2.22486410460856
			3.04455087999066	-2.23387165159078
			3.04455087999066	-2.242879198573
			3.04455087999066	-2.25188674555522
			3.04455087999066	-2.26089429253745
			3.04455087999066	-2.26990183951967
			3.04455087999066	-2.27890938650189
			3.04455087999066	-2.28791693348411
			3.03554333300844	-2.29692448046633
			3.03554333300844	-2.30593202744855
			3.03554333300844	-2.31493957443077
			3.03554333300844	-2.32394712141299
			3.03554333300844	-2.33295466839521
			3.03554333300844	-2.34196221537743
			3.02653578602622	-2.35096976235966
			3.02653578602622	-2.35997730934188
			3.02653578602622	-2.3689848563241
		</glabella>
		<suture type=matrix rownames=FALSE colnames=FALSE nrow=364 ncol=2 as.numeric=TRUE >
			2.33295466839521	-0.162135845679976
			2.34196221537743	-0.162135845679976
			2.35096976235966	-0.162135845679976
			2.35997730934188	-0.162135845679976
			2.3689848563241	-0.162135845679976
			2.37799240330632	-0.162135845679976
			2.38699995028854	-0.162135845679976
			2.39600749727076	-0.162135845679976
			2.40501504425298	-0.162135845679976
			2.4140225912352	-0.162135845679976
			2.42303013821742	-0.162135845679976
			2.43203768519964	-0.162135845679976
			2.44104523218186	-0.162135845679976
			2.45005277916408	-0.162135845679976
			2.45906032614631	-0.171143392662197
			2.46806787312853	-0.171143392662197
			2.47707542011075	-0.171143392662197
			2.48608296709297	-0.171143392662197
			2.49509051407519	-0.171143392662197
			2.50409806105741	-0.171143392662197
			2.51310560803963	-0.171143392662197
			2.52211315502185	-0.171143392662197
			2.53112070200407	-0.171143392662197
			2.54012824898629	-0.180150939644418
			2.54913579596851	-0.180150939644418
			2.55814334295074	-0.180150939644418
			2.56715088993296	-0.180150939644418
			2.57615843691518	-0.180150939644418
			2.5851659838974	-0.180150939644418
			2.59417353087962	-0.180150939644418
			2.60318107786184	-0.180150939644418
			2.60318107786184	-0.189158486626639
			2.61218862484406	-0.189158486626639
			2.62119617182628	-0.189158486626639
			2.6302037188085	-0.189158486626639
			2.63921126579072	-0.189158486626639
			2.64821881277294	-0.189158486626639
			2.65722635975517	-0.189158486626639
			2.66623390673739	-0.19816603360886
			2.67524145371961	-0.19816603360886
			2.68424900070183	-0.19816603360886
			2.69325654768405	-0.19816603360886
			2.70226409466627	-0.19816603360886
			2.71127164164849	-0.207173580591081
			2.72027918863071	-0.207173580591081
			2.72928673561293	-0.207173580591081
			2.73829428259515	-0.207173580591081
			2.74730182957737	-0.207173580591081
			2.7563093765596	-0.216181127573302
			2.76531692354182	-0.216181127573302
			2.77432447052404	-0.216181127573302
			2.78333201750626	-0.216181127573302
			2.79233956448848	-0.225188674555522
			2.8013471114707	-0.225188674555522
			2.81035465845292	-0.225188674555522
			2.81936220543514	-0.225188674555522
			2.82836975241736	-0.234196221537743
			2.83737729939958	-0.234196221537743
			2.8463848463818	-0.234196221537743
			2.85539239336403	-0.234196221537743
			2.86439994034625	-0.234196221537743
			2.87340748732847	-0.243203768519964
			2.88241503431069	-0.243203768519964
			2.89142258129291	-0.243203768519964
			2.90043012827513	-0.243203768519964
			2.90043012827513	-0.252211315502185
			2.90943767525735	-0.252211315502185
			2.91844522223957	-0.252211315502185
			2.92745276922179	-0.252211315502185
			2.93646031620401	-0.261218862484406
			2.94546786318623	-0.261218862484406
			2.95447541016846	-0.261218862484406
			2.96348295715068	-0.261218862484406
			2.9724905041329	-0.270226409466627
			2.98149805111512	-0.270226409466627
			2.99050559809734	-0.270226409466627
			2.99951314507956	-0.270226409466627
			3.00852069206178	-0.279233956448848
			3.017528239044	-0.279233956448848
			3.02653578602622	-0.279233956448848
			3.03554333300844	-0.288241503431069
			3.04455087999066	-0.288241503431069
			3.05355842697289	-0.288241503431069
			3.06256597395511	-0.288241503431069
			3.06256597395511	-0.29724905041329
			3.07157352093733	-0.29724905041329
			3.08058106791955	-0.29724905041329
			3.08958861490177	-0.306256597395511
			3.09859616188399	-0.306256597395511
			3.10760370886621	-0.306256597395511
			3.11661125584843	-0.315264144377731
			3.12561880283065	-0.315264144377731
			3.13462634981287	-0.315264144377731
			3.14363389679509	-0.315264144377731
			3.15264144377731	-0.324271691359952
			3.16164899075954	-0.324271691359952
			3.17065653774176	-0.324271691359952
			3.17966408472398	-0.333279238342173
			3.1886716317062	-0.333279238342173
			3.19767917868842	-0.342286785324394
			3.20668672567064	-0.351294332306615
			3.21569427265286	-0.351294332306615
			3.22470181963508	-0.360301879288836
			3.2337093666173	-0.360301879288836
			3.24271691359952	-0.360301879288836
			3.24271691359952	-0.369309426271057
			3.25172446058175	-0.369309426271057
			3.26073200756397	-0.378316973253278
			3.26973955454619	-0.378316973253278
			3.27874710152841	-0.387324520235499
			3.28775464851063	-0.387324520235499
			3.29676219549285	-0.39633206721772
			3.30576974247507	-0.39633206721772
			3.31477728945729	-0.405339614199941
			3.32378483643951	-0.405339614199941
			3.32378483643951	-0.414347161182161
			3.33279238342173	-0.414347161182161
			3.34179993040395	-0.423354708164382
			3.35080747738617	-0.423354708164382
			3.3598150243684	-0.423354708164382
			3.3598150243684	-0.432362255146603
			3.36882257135062	-0.432362255146603
			3.37783011833284	-0.441369802128824
			3.38683766531506	-0.441369802128824
			3.39584521229728	-0.450377349111045
			3.4048527592795	-0.459384896093266
			3.41386030626172	-0.459384896093266
			3.42286785324394	-0.468392443075487
			3.43187540022616	-0.468392443075487
			3.44088294720838	-0.477399990057708
			3.4498904941906	-0.477399990057708
			3.4498904941906	-0.486407537039929
			3.45889804117283	-0.486407537039929
			3.46790558815505	-0.49541508402215
			3.47691313513727	-0.49541508402215
			3.48592068211949	-0.50442263100437
			3.49492822910171	-0.513430177986591
			3.50393577608393	-0.513430177986591
			3.50393577608393	-0.522437724968812
			3.51294332306615	-0.522437724968812
			3.52195087004837	-0.531445271951033
			3.53095841703059	-0.531445271951033
			3.53996596401281	-0.540452818933254
			3.54897351099503	-0.540452818933254
			3.54897351099503	-0.549460365915475
			3.55798105797726	-0.549460365915475
			3.56698860495948	-0.558467912897696
			3.5759961519417	-0.567475459879917
			3.58500369892392	-0.567475459879917
			3.58500369892392	-0.576483006862138
			3.59401124590614	-0.576483006862138
			3.60301879288836	-0.585490553844359
			3.61202633987058	-0.585490553844359
			3.61202633987058	-0.594498100826579
			3.6210338868528	-0.594498100826579
			3.63004143383502	-0.6035056478088
			3.63904898081724	-0.6035056478088
			3.63904898081724	-0.612513194791021
			3.64805652779946	-0.612513194791021
			3.65706407478169	-0.621520741773242
			3.65706407478169	-0.630528288755463
			3.66607162176391	-0.630528288755463
			3.66607162176391	-0.639535835737684
			3.67507916874613	-0.639535835737684
			3.67507916874613	-0.648543382719905
			3.68408671572835	-0.648543382719905
			3.68408671572835	-0.657550929702126
			3.69309426271057	-0.666558476684347
			3.69309426271057	-0.675566023666567
			3.70210180969279	-0.684573570648788
			3.71110935667501	-0.693581117631009
			3.72011690365723	-0.70258866461323
			3.72011690365723	-0.711596211595451
			3.72912445063945	-0.720603758577672
			3.73813199762167	-0.729611305559893
			3.73813199762167	-0.738618852542114
			3.74713954460389	-0.747626399524335
			3.74713954460389	-0.756633946506556
			3.75614709158612	-0.756633946506556
			3.75614709158612	-0.765641493488777
			3.76515463856834	-0.774649040470997
			3.76515463856834	-0.783656587453218
			3.77416218555056	-0.792664134435439
			3.77416218555056	-0.80167168141766
			3.78316973253278	-0.810679228399881
			3.78316973253278	-0.819686775382102
			3.792177279515	-0.828694322364323
			3.80118482649722	-0.837701869346544
			3.80118482649722	-0.846709416328765
			3.81019237347944	-0.855716963310985
			3.81019237347944	-0.864724510293206
			3.81919992046166	-0.873732057275427
			3.81919992046166	-0.882739604257648
			3.81919992046166	-0.891747151239869
			3.82820746744388	-0.891747151239869
			3.82820746744388	-0.90075469822209
			3.82820746744388	-0.909762245204311
			3.8372150144261	-0.918769792186532
			3.8372150144261	-0.927777339168753
			3.84622256140832	-0.936784886150974
			3.84622256140832	-0.945792433133194
			3.84622256140832	-0.954799980115415
			3.85523010839055	-0.963807527097636
			3.85523010839055	-0.972815074079857
			3.86423765537277	-0.981822621062078
			3.86423765537277	-0.990830168044299
			3.87324520235499	-0.99983771502652
			3.87324520235499	-1.00884526200874
			3.87324520235499	-1.01785280899096
			3.87324520235499	-1.02686035597318
			3.87324520235499	-1.0358679029554
			3.88225274933721	-1.04487544993762
			3.88225274933721	-1.05388299691985
			3.88225274933721	-1.06289054390207
			3.88225274933721	-1.07189809088429
			3.88225274933721	-1.08090563786651
			3.88225274933721	-1.08991318484873
			3.88225274933721	-1.09892073183095
			3.89126029631943	-1.10792827881317
			3.89126029631943	-1.11693582579539
			3.89126029631943	-1.12594337277761
			3.89126029631943	-1.13495091975983
			3.89126029631943	-1.14395846674205
			3.89126029631943	-1.15296601372428
			3.89126029631943	-1.1619735607065
			3.89126029631943	-1.17098110768872
			3.90026784330165	-1.17998865467094
			3.90026784330165	-1.18899620165316
			3.90026784330165	-1.19800374863538
			3.90026784330165	-1.2070112956176
			3.90026784330165	-1.21601884259982
			3.90026784330165	-1.22502638958204
			3.90026784330165	-1.23403393656426
			3.90927539028387	-1.24304148354648
			3.90927539028387	-1.25204903052871
			3.90927539028387	-1.26105657751093
			3.90927539028387	-1.27006412449315
			3.90927539028387	-1.27907167147537
			3.90927539028387	-1.28807921845759
			3.90927539028387	-1.29708676543981
			3.90927539028387	-1.30609431242203
			3.91828293726609	-1.31510185940425
			3.91828293726609	-1.32410940638647
			3.91828293726609	-1.33311695336869
			3.91828293726609	-1.34212450035091
			3.91828293726609	-1.35113204733313
			3.91828293726609	-1.36013959431536
			3.91828293726609	-1.36914714129758
			3.91828293726609	-1.3781546882798
			3.91828293726609	-1.38716223526202
			3.92729048424831	-1.38716223526202
			3.92729048424831	-1.39616978224424
			3.92729048424831	-1.40517732922646
			3.92729048424831	-1.41418487620868
			3.92729048424831	-1.4231924231909
			3.92729048424831	-1.43219997017312
			3.92729048424831	-1.44120751715534
			3.92729048424831	-1.45021506413756
			3.92729048424831	-1.45922261111979
			3.93629803123053	-1.46823015810201
			3.93629803123053	-1.47723770508423
			3.93629803123053	-1.48624525206645
			3.93629803123053	-1.49525279904867
			3.93629803123053	-1.50426034603089
			3.93629803123053	-1.51326789301311
			3.93629803123053	-1.52227543999533
			3.93629803123053	-1.53128298697755
			3.93629803123053	-1.54029053395977
			3.94530557821275	-1.54929808094199
			3.94530557821275	-1.55830562792422
			3.94530557821275	-1.56731317490644
			3.94530557821275	-1.57632072188866
			3.94530557821275	-1.58532826887088
			3.94530557821275	-1.5943358158531
			3.95431312519498	-1.60334336283532
			3.95431312519498	-1.61235090981754
			3.95431312519498	-1.62135845679976
			3.95431312519498	-1.63036600378198
			3.9633206721772	-1.6393735507642
			3.9633206721772	-1.64838109774642
			3.9633206721772	-1.65738864472865
			3.97232821915942	-1.66639619171087
			3.97232821915942	-1.67540373869309
			3.97232821915942	-1.68441128567531
			3.97232821915942	-1.69341883265753
			3.98133576614164	-1.70242637963975
			3.98133576614164	-1.71143392662197
			3.98133576614164	-1.72044147360419
			3.98133576614164	-1.72944902058641
			3.99034331312386	-1.73845656756863
			3.99034331312386	-1.74746411455085
			3.99034331312386	-1.75647166153308
			3.99935086010608	-1.7654792085153
			3.99935086010608	-1.77448675549752
			3.99935086010608	-1.78349430247974
			3.99935086010608	-1.79250184946196
			4.0083584070883	-1.80150939644418
			4.0083584070883	-1.8105169434264
			4.0083584070883	-1.81952449040862
			4.0083584070883	-1.82853203739084
			4.01736595407052	-1.83753958437306
			4.01736595407052	-1.84654713135528
			4.02637350105274	-1.85555467833751
			4.02637350105274	-1.86456222531973
			4.02637350105274	-1.87356977230195
			4.02637350105274	-1.88257731928417
			4.03538104803496	-1.89158486626639
			4.03538104803496	-1.90059241324861
			4.03538104803496	-1.90959996023083
			4.03538104803496	-1.91860750721305
			4.04438859501718	-1.91860750721305
			4.04438859501718	-1.92761505419527
			4.04438859501718	-1.93662260117749
			4.05339614199941	-1.94563014815971
			4.05339614199941	-1.95463769514194
			4.05339614199941	-1.96364524212416
			4.06240368898163	-1.97265278910638
			4.06240368898163	-1.9816603360886
			4.06240368898163	-1.99066788307082
			4.07141123596385	-1.99967543005304
			4.07141123596385	-2.00868297703526
			4.07141123596385	-2.01769052401748
			4.07141123596385	-2.0266980709997
			4.08041878294607	-2.03570561798192
			4.08041878294607	-2.04471316496414
			4.08041878294607	-2.05372071194637
			4.08942632992829	-2.06272825892859
			4.08942632992829	-2.07173580591081
			4.08942632992829	-2.08074335289303
			4.09843387691051	-2.08975089987525
			4.09843387691051	-2.09875844685747
			4.09843387691051	-2.10776599383969
			4.10744142389273	-2.11677354082191
			4.10744142389273	-2.12578108780413
			4.10744142389273	-2.13478863478635
			4.10744142389273	-2.14379618176857
			4.10744142389273	-2.1528037287508
			4.10744142389273	-2.16181127573302
			4.10744142389273	-2.17081882271524
			4.09843387691051	-2.17081882271524
			4.09843387691051	-2.17982636969746
			4.09843387691051	-2.18883391667968
			4.09843387691051	-2.1978414636619
			4.09843387691051	-2.20684901064412
			4.09843387691051	-2.21585655762634
			4.09843387691051	-2.22486410460856
			4.09843387691051	-2.23387165159078
			4.09843387691051	-2.242879198573
			4.09843387691051	-2.25188674555522
			4.09843387691051	-2.26089429253745
			4.09843387691051	-2.26990183951967
			4.09843387691051	-2.27890938650189
			4.09843387691051	-2.28791693348411
			4.09843387691051	-2.29692448046633
			4.10744142389273	-2.30593202744855
			4.10744142389273	-2.31493957443077
			4.10744142389273	-2.32394712141299
			4.10744142389273	-2.33295466839521
			4.10744142389273	-2.34196221537743
			4.10744142389273	-2.35096976235966
			4.10744142389273	-2.35997730934188
			4.11644897087495	-2.3689848563241
			4.11644897087495	-2.37799240330632
			4.11644897087495	-2.38699995028854
		</suture>
		<anterior type=matrix rownames=FALSE colnames=FALSE nrow=366 ncol=2 as.numeric=TRUE >
			2.33295466839521	-0.162135845679976
			2.34196221537743	-0.162135845679976
			2.35096976235966	-0.162135845679976
			2.35997730934188	-0.162135845679976
			2.3689848563241	-0.162135845679976
			2.37799240330632	-0.162135845679976
			2.38699995028854	-0.162135845679976
			2.39600749727076	-0.162135845679976
			2.40501504425298	-0.162135845679976
			2.4140225912352	-0.162135845679976
			2.42303013821742	-0.162135845679976
			2.43203768519964	-0.162135845679976
			2.44104523218186	-0.162135845679976
			2.45005277916408	-0.162135845679976
			2.45906032614631	-0.171143392662197
			2.46806787312853	-0.171143392662197
			2.47707542011075	-0.171143392662197
			2.48608296709297	-0.171143392662197
			2.49509051407519	-0.171143392662197
			2.50409806105741	-0.171143392662197
			2.51310560803963	-0.171143392662197
			2.52211315502185	-0.171143392662197
			2.53112070200407	-0.171143392662197
			2.54012824898629	-0.171143392662197
			2.54913579596851	-0.180150939644418
			2.55814334295074	-0.180150939644418
			2.56715088993296	-0.180150939644418
			2.57615843691518	-0.180150939644418
			2.5851659838974	-0.180150939644418
			2.59417353087962	-0.180150939644418
			2.60318107786184	-0.180150939644418
			2.61218862484406	-0.189158486626639
			2.62119617182628	-0.189158486626639
			2.6302037188085	-0.189158486626639
			2.63921126579072	-0.189158486626639
			2.64821881277294	-0.189158486626639
			2.65722635975517	-0.189158486626639
			2.66623390673739	-0.19816603360886
			2.67524145371961	-0.19816603360886
			2.68424900070183	-0.19816603360886
			2.69325654768405	-0.19816603360886
			2.70226409466627	-0.19816603360886
			2.71127164164849	-0.207173580591081
			2.72027918863071	-0.207173580591081
			2.72928673561293	-0.207173580591081
			2.73829428259515	-0.207173580591081
			2.74730182957737	-0.207173580591081
			2.7563093765596	-0.216181127573302
			2.76531692354182	-0.216181127573302
			2.77432447052404	-0.216181127573302
			2.78333201750626	-0.216181127573302
			2.79233956448848	-0.225188674555522
			2.8013471114707	-0.225188674555522
			2.81035465845292	-0.225188674555522
			2.81936220543514	-0.225188674555522
			2.82836975241736	-0.234196221537743
			2.83737729939958	-0.234196221537743
			2.8463848463818	-0.234196221537743
			2.85539239336403	-0.234196221537743
			2.86439994034625	-0.243203768519964
			2.87340748732847	-0.243203768519964
			2.88241503431069	-0.243203768519964
			2.89142258129291	-0.243203768519964
			2.90043012827513	-0.252211315502185
			2.90943767525735	-0.252211315502185
			2.91844522223957	-0.252211315502185
			2.92745276922179	-0.252211315502185
			2.93646031620401	-0.261218862484406
			2.94546786318623	-0.261218862484406
			2.95447541016846	-0.261218862484406
			2.96348295715068	-0.261218862484406
			2.9724905041329	-0.270226409466627
			2.98149805111512	-0.270226409466627
			2.99050559809734	-0.270226409466627
			2.99951314507956	-0.270226409466627
			3.00852069206178	-0.279233956448848
			3.017528239044	-0.279233956448848
			3.02653578602622	-0.279233956448848
			3.03554333300844	-0.279233956448848
			3.03554333300844	-0.288241503431069
			3.04455087999066	-0.288241503431069
			3.05355842697289	-0.288241503431069
			3.06256597395511	-0.29724905041329
			3.07157352093733	-0.29724905041329
			3.08058106791955	-0.29724905041329
			3.08958861490177	-0.306256597395511
			3.09859616188399	-0.306256597395511
			3.10760370886621	-0.306256597395511
			3.11661125584843	-0.306256597395511
			3.12561880283065	-0.315264144377731
			3.13462634981287	-0.315264144377731
			3.14363389679509	-0.315264144377731
			3.15264144377731	-0.324271691359952
			3.16164899075954	-0.324271691359952
			3.17065653774176	-0.324271691359952
			3.17065653774176	-0.333279238342173
			3.17966408472398	-0.333279238342173
			3.1886716317062	-0.333279238342173
			3.1886716317062	-0.342286785324394
			3.19767917868842	-0.342286785324394
			3.20668672567064	-0.351294332306615
			3.21569427265286	-0.351294332306615
			3.22470181963508	-0.360301879288836
			3.2337093666173	-0.360301879288836
			3.24271691359952	-0.369309426271057
			3.25172446058175	-0.369309426271057
			3.26073200756397	-0.378316973253278
			3.26973955454619	-0.378316973253278
			3.27874710152841	-0.387324520235499
			3.28775464851063	-0.387324520235499
			3.29676219549285	-0.39633206721772
			3.30576974247507	-0.39633206721772
			3.31477728945729	-0.405339614199941
			3.32378483643951	-0.414347161182161
			3.33279238342173	-0.414347161182161
			3.34179993040395	-0.423354708164382
			3.35080747738617	-0.423354708164382
			3.3598150243684	-0.432362255146603
			3.36882257135062	-0.432362255146603
			3.37783011833284	-0.441369802128824
			3.38683766531506	-0.441369802128824
			3.39584521229728	-0.450377349111045
			3.4048527592795	-0.450377349111045
			3.41386030626172	-0.459384896093266
			3.42286785324394	-0.468392443075487
			3.43187540022616	-0.477399990057708
			3.44088294720838	-0.477399990057708
			3.4498904941906	-0.486407537039929
			3.45889804117283	-0.486407537039929
			3.46790558815505	-0.49541508402215
			3.47691313513727	-0.50442263100437
			3.48592068211949	-0.50442263100437
			3.49492822910171	-0.513430177986591
			3.50393577608393	-0.513430177986591
			3.51294332306615	-0.522437724968812
			3.52195087004837	-0.531445271951033
			3.53095841703059	-0.540452818933254
			3.53996596401281	-0.540452818933254
			3.54897351099503	-0.549460365915475
			3.55798105797726	-0.549460365915475
			3.56698860495948	-0.558467912897696
			3.5759961519417	-0.558467912897696
			3.5759961519417	-0.567475459879917
			3.58500369892392	-0.576483006862138
			3.59401124590614	-0.576483006862138
			3.60301879288836	-0.585490553844359
			3.61202633987058	-0.585490553844359
			3.61202633987058	-0.594498100826579
			3.6210338868528	-0.594498100826579
			3.63004143383502	-0.6035056478088
			3.63904898081724	-0.6035056478088
			3.63904898081724	-0.612513194791021
			3.64805652779946	-0.621520741773242
			3.65706407478169	-0.621520741773242
			3.66607162176391	-0.630528288755463
			3.67507916874613	-0.639535835737684
			3.68408671572835	-0.648543382719905
			3.69309426271057	-0.657550929702126
			3.70210180969279	-0.666558476684347
			3.71110935667501	-0.666558476684347
			3.72011690365723	-0.675566023666567
			3.72912445063945	-0.684573570648788
			3.73813199762167	-0.693581117631009
			3.74713954460389	-0.70258866461323
			3.75614709158612	-0.711596211595451
			3.76515463856834	-0.711596211595451
			3.77416218555056	-0.720603758577672
			3.78316973253278	-0.729611305559893
			3.792177279515	-0.738618852542114
			3.792177279515	-0.747626399524335
			3.80118482649722	-0.756633946506556
			3.81019237347944	-0.765641493488777
			3.81919992046166	-0.765641493488777
			3.82820746744388	-0.774649040470997
			3.8372150144261	-0.783656587453218
			3.84622256140832	-0.792664134435439
			3.85523010839055	-0.80167168141766
			3.85523010839055	-0.810679228399881
			3.86423765537277	-0.819686775382102
			3.87324520235499	-0.819686775382102
			3.88225274933721	-0.828694322364323
			3.89126029631943	-0.837701869346544
			3.90026784330165	-0.846709416328765
			3.90927539028387	-0.855716963310985
			3.90927539028387	-0.864724510293206
			3.91828293726609	-0.873732057275427
			3.92729048424831	-0.882739604257648
			3.93629803123053	-0.882739604257648
			3.94530557821275	-0.891747151239869
			3.94530557821275	-0.90075469822209
			3.95431312519498	-0.909762245204311
			3.9633206721772	-0.918769792186532
			3.97232821915942	-0.927777339168753
			3.97232821915942	-0.936784886150974
			3.98133576614164	-0.945792433133194
			3.99034331312386	-0.945792433133194
			3.99935086010608	-0.954799980115415
			4.0083584070883	-0.963807527097636
			4.0083584070883	-0.972815074079857
			4.01736595407052	-0.981822621062078
			4.02637350105274	-0.990830168044299
			4.02637350105274	-0.99983771502652
			4.03538104803496	-1.00884526200874
			4.04438859501718	-1.01785280899096
			4.05339614199941	-1.02686035597318
			4.06240368898163	-1.0358679029554
			4.07141123596385	-1.04487544993762
			4.07141123596385	-1.05388299691985
			4.08041878294607	-1.06289054390207
			4.08942632992829	-1.07189809088429
			4.09843387691051	-1.08090563786651
			4.09843387691051	-1.08991318484873
			4.10744142389273	-1.09892073183095
			4.11644897087495	-1.10792827881317
			4.11644897087495	-1.11693582579539
			4.12545651785717	-1.11693582579539
			4.12545651785717	-1.12594337277761
			4.13446406483939	-1.13495091975983
			4.13446406483939	-1.14395846674205
			4.14347161182161	-1.15296601372428
			4.15247915880383	-1.1619735607065
			4.16148670578606	-1.17098110768872
			4.16148670578606	-1.17998865467094
			4.17049425276828	-1.18899620165316
			4.17049425276828	-1.19800374863538
			4.1795017997505	-1.2070112956176
			4.18850934673272	-1.21601884259982
			4.18850934673272	-1.22502638958204
			4.19751689371494	-1.23403393656426
			4.19751689371494	-1.24304148354648
			4.20652444069716	-1.25204903052871
			4.21553198767938	-1.26105657751093
			4.21553198767938	-1.27006412449315
			4.2245395346616	-1.27907167147537
			4.2245395346616	-1.28807921845759
			4.23354708164382	-1.29708676543981
			4.23354708164382	-1.30609431242203
			4.24255462862604	-1.31510185940425
			4.25156217560826	-1.32410940638647
			4.25156217560826	-1.33311695336869
			4.26056972259049	-1.34212450035091
			4.26056972259049	-1.35113204733313
			4.26957726957271	-1.36013959431536
			4.26957726957271	-1.36914714129758
			4.27858481655493	-1.3781546882798
			4.27858481655493	-1.38716223526202
			4.28759236353715	-1.39616978224424
			4.28759236353715	-1.40517732922646
			4.29659991051937	-1.41418487620868
			4.29659991051937	-1.4231924231909
			4.30560745750159	-1.43219997017312
			4.30560745750159	-1.44120751715534
			4.30560745750159	-1.45021506413756
			4.31461500448381	-1.45922261111979
			4.31461500448381	-1.46823015810201
			4.32362255146603	-1.47723770508423
			4.32362255146603	-1.48624525206645
			4.33263009844825	-1.49525279904867
			4.33263009844825	-1.50426034603089
			4.33263009844825	-1.51326789301311
			4.33263009844825	-1.52227543999533
			4.34163764543047	-1.52227543999533
			4.34163764543047	-1.53128298697755
			4.34163764543047	-1.54029053395977
			4.35064519241269	-1.54929808094199
			4.35064519241269	-1.55830562792422
			4.35965273939492	-1.56731317490644
			4.35965273939492	-1.57632072188866
			4.35965273939492	-1.58532826887088
			4.35965273939492	-1.5943358158531
			4.36866028637714	-1.60334336283532
			4.36866028637714	-1.61235090981754
			4.37766783335936	-1.62135845679976
			4.37766783335936	-1.63036600378198
			4.37766783335936	-1.6393735507642
			4.38667538034158	-1.64838109774642
			4.38667538034158	-1.65738864472865
			4.38667538034158	-1.66639619171087
			4.3956829273238	-1.67540373869309
			4.3956829273238	-1.68441128567531
			4.3956829273238	-1.69341883265753
			4.3956829273238	-1.70242637963975
			4.40469047430602	-1.71143392662197
			4.40469047430602	-1.72044147360419
			4.40469047430602	-1.72944902058641
			4.41369802128824	-1.73845656756863
			4.41369802128824	-1.74746411455085
			4.41369802128824	-1.75647166153308
			4.42270556827046	-1.7654792085153
			4.42270556827046	-1.77448675549752
			4.42270556827046	-1.78349430247974
			4.42270556827046	-1.79250184946196
			4.43171311525268	-1.80150939644418
			4.43171311525268	-1.8105169434264
			4.43171311525268	-1.81952449040862
			4.43171311525268	-1.82853203739084
			4.4407206622349	-1.83753958437306
			4.4407206622349	-1.84654713135528
			4.4407206622349	-1.85555467833751
			4.44972820921712	-1.86456222531973
			4.44972820921712	-1.87356977230195
			4.44972820921712	-1.88257731928417
			4.44972820921712	-1.89158486626639
			4.45873575619935	-1.90059241324861
			4.45873575619935	-1.90959996023083
			4.45873575619935	-1.91860750721305
			4.45873575619935	-1.92761505419527
			4.45873575619935	-1.93662260117749
			4.46774330318157	-1.94563014815971
			4.46774330318157	-1.95463769514194
			4.46774330318157	-1.96364524212416
			4.46774330318157	-1.97265278910638
			4.47675085016379	-1.9816603360886
			4.47675085016379	-1.99066788307082
			4.47675085016379	-1.99967543005304
			4.47675085016379	-2.00868297703526
			4.47675085016379	-2.01769052401748
			4.48575839714601	-2.0266980709997
			4.48575839714601	-2.03570561798192
			4.48575839714601	-2.04471316496414
			4.48575839714601	-2.05372071194637
			4.49476594412823	-2.06272825892859
			4.49476594412823	-2.07173580591081
			4.49476594412823	-2.08074335289303
			4.49476594412823	-2.08975089987525
			4.49476594412823	-2.09875844685747
			4.49476594412823	-2.10776599383969
			4.50377349111045	-2.11677354082191
			4.50377349111045	-2.12578108780413
			4.50377349111045	-2.13478863478635
			4.50377349111045	-2.14379618176857
			4.50377349111045	-2.1528037287508
			4.50377349111045	-2.16181127573302
			4.51278103809267	-2.17081882271524
			4.51278103809267	-2.17982636969746
			4.51278103809267	-2.18883391667968
			4.51278103809267	-2.1978414636619
			4.51278103809267	-2.20684901064412
			4.51278103809267	-2.21585655762634
			4.52178858507489	-2.22486410460856
			4.52178858507489	-2.23387165159078
			4.52178858507489	-2.242879198573
			4.52178858507489	-2.25188674555522
			4.52178858507489	-2.26089429253745
			4.52178858507489	-2.26990183951967
			4.52178858507489	-2.27890938650189
			4.52178858507489	-2.28791693348411
			4.53079613205711	-2.29692448046633
			4.53079613205711	-2.30593202744855
			4.53079613205711	-2.31493957443077
			4.53079613205711	-2.32394712141299
			4.53079613205711	-2.33295466839521
			4.53079613205711	-2.34196221537743
			4.53079613205711	-2.35096976235966
			4.53079613205711	-2.35997730934188
			4.53079613205711	-2.3689848563241
			4.53079613205711	-2.37799240330632
			4.53079613205711	-2.38699995028854
			4.53980367903933	-2.39600749727076
			4.53980367903933	-2.40501504425298
			4.53980367903933	-2.4140225912352
			4.53980367903933	-2.42303013821742
			4.53980367903933	-2.43203768519964
			4.53980367903933	-2.44104523218186
			4.53980367903933	-2.45005277916408
			4.53980367903933	-2.45906032614631
		</anterior>
		<posterior type=matrix rownames=FALSE colnames=FALSE nrow=478 ncol=2 as.numeric=TRUE >
			2.33295466839521	-2.45906032614631
			2.34196221537743	-2.45906032614631
			2.35096976235966	-2.45906032614631
			2.35997730934188	-2.45906032614631
			2.3689848563241	-2.46806787312853
			2.37799240330632	-2.46806787312853
			2.38699995028854	-2.46806787312853
			2.39600749727076	-2.46806787312853
			2.40501504425298	-2.46806787312853
			2.4140225912352	-2.46806787312853
			2.42303013821742	-2.46806787312853
			2.43203768519964	-2.46806787312853
			2.44104523218186	-2.46806787312853
			2.45005277916408	-2.46806787312853
			2.45906032614631	-2.46806787312853
			2.46806787312853	-2.46806787312853
			2.47707542011075	-2.46806787312853
			2.48608296709297	-2.46806787312853
			2.49509051407519	-2.47707542011075
			2.50409806105741	-2.47707542011075
			2.51310560803963	-2.47707542011075
			2.52211315502185	-2.47707542011075
			2.53112070200407	-2.47707542011075
			2.54012824898629	-2.47707542011075
			2.54913579596851	-2.47707542011075
			2.55814334295074	-2.47707542011075
			2.56715088993296	-2.47707542011075
			2.57615843691518	-2.47707542011075
			2.5851659838974	-2.47707542011075
			2.59417353087962	-2.47707542011075
			2.60318107786184	-2.47707542011075
			2.60318107786184	-2.46806787312853
			2.61218862484406	-2.46806787312853
			2.62119617182628	-2.46806787312853
			2.6302037188085	-2.46806787312853
			2.63921126579072	-2.46806787312853
			2.64821881277294	-2.46806787312853
			2.65722635975517	-2.46806787312853
			2.66623390673739	-2.46806787312853
			2.67524145371961	-2.46806787312853
			2.68424900070183	-2.46806787312853
			2.69325654768405	-2.46806787312853
			2.70226409466627	-2.46806787312853
			2.71127164164849	-2.45906032614631
			2.72027918863071	-2.45906032614631
			2.72928673561293	-2.45906032614631
			2.73829428259515	-2.45906032614631
			2.74730182957737	-2.45906032614631
			2.7563093765596	-2.45906032614631
			2.76531692354182	-2.45005277916408
			2.77432447052404	-2.45005277916408
			2.78333201750626	-2.45005277916408
			2.79233956448848	-2.45005277916408
			2.8013471114707	-2.45005277916408
			2.81035465845292	-2.44104523218186
			2.81936220543514	-2.44104523218186
			2.82836975241736	-2.44104523218186
			2.83737729939958	-2.44104523218186
			2.8463848463818	-2.43203768519964
			2.85539239336403	-2.43203768519964
			2.86439994034625	-2.43203768519964
			2.87340748732847	-2.43203768519964
			2.88241503431069	-2.42303013821742
			2.89142258129291	-2.42303013821742
			2.90043012827513	-2.42303013821742
			2.90943767525735	-2.4140225912352
			2.91844522223957	-2.4140225912352
			2.92745276922179	-2.4140225912352
			2.93646031620401	-2.40501504425298
			2.94546786318623	-2.40501504425298
			2.95447541016846	-2.40501504425298
			2.96348295715068	-2.39600749727076
			2.9724905041329	-2.39600749727076
			2.98149805111512	-2.38699995028854
			2.99050559809734	-2.38699995028854
			2.99951314507956	-2.37799240330632
			3.00852069206178	-2.37799240330632
			3.017528239044	-2.37799240330632
			3.02653578602622	-2.3689848563241
			3.03554333300844	-2.3689848563241
			3.04455087999066	-2.3689848563241
			3.05355842697289	-2.3689848563241
			3.06256597395511	-2.3689848563241
			3.07157352093733	-2.37799240330632
			3.08058106791955	-2.37799240330632
			3.08958861490177	-2.37799240330632
			3.09859616188399	-2.37799240330632
			3.10760370886621	-2.37799240330632
			3.11661125584843	-2.37799240330632
			3.12561880283065	-2.37799240330632
			3.13462634981287	-2.37799240330632
			3.14363389679509	-2.37799240330632
			3.15264144377731	-2.38699995028854
			3.16164899075954	-2.38699995028854
			3.17065653774176	-2.38699995028854
			3.17966408472398	-2.38699995028854
			3.1886716317062	-2.38699995028854
			3.19767917868842	-2.38699995028854
			3.20668672567064	-2.38699995028854
			3.21569427265286	-2.38699995028854
			3.22470181963508	-2.38699995028854
			3.2337093666173	-2.38699995028854
			3.24271691359952	-2.38699995028854
			3.25172446058175	-2.39600749727076
			3.26073200756397	-2.39600749727076
			3.26973955454619	-2.39600749727076
			3.27874710152841	-2.39600749727076
			3.28775464851063	-2.39600749727076
			3.29676219549285	-2.39600749727076
			3.30576974247507	-2.39600749727076
			3.31477728945729	-2.39600749727076
			3.32378483643951	-2.39600749727076
			3.33279238342173	-2.39600749727076
			3.34179993040395	-2.39600749727076
			3.35080747738617	-2.39600749727076
			3.3598150243684	-2.39600749727076
			3.36882257135062	-2.39600749727076
			3.37783011833284	-2.39600749727076
			3.38683766531506	-2.40501504425298
			3.39584521229728	-2.40501504425298
			3.4048527592795	-2.40501504425298
			3.41386030626172	-2.40501504425298
			3.42286785324394	-2.40501504425298
			3.43187540022616	-2.40501504425298
			3.44088294720838	-2.40501504425298
			3.4498904941906	-2.40501504425298
			3.45889804117283	-2.40501504425298
			3.46790558815505	-2.40501504425298
			3.47691313513727	-2.40501504425298
			3.48592068211949	-2.40501504425298
			3.49492822910171	-2.40501504425298
			3.50393577608393	-2.40501504425298
			3.51294332306615	-2.40501504425298
			3.52195087004837	-2.40501504425298
			3.53095841703059	-2.40501504425298
			3.53996596401281	-2.40501504425298
			3.54897351099503	-2.40501504425298
			3.55798105797726	-2.40501504425298
			3.56698860495948	-2.40501504425298
			3.5759961519417	-2.40501504425298
			3.58500369892392	-2.4140225912352
			3.59401124590614	-2.4140225912352
			3.60301879288836	-2.4140225912352
			3.61202633987058	-2.4140225912352
			3.6210338868528	-2.4140225912352
			3.63004143383502	-2.4140225912352
			3.63904898081724	-2.4140225912352
			3.64805652779946	-2.4140225912352
			3.65706407478169	-2.4140225912352
			3.66607162176391	-2.4140225912352
			3.67507916874613	-2.4140225912352
			3.68408671572835	-2.4140225912352
			3.69309426271057	-2.4140225912352
			3.70210180969279	-2.4140225912352
			3.71110935667501	-2.4140225912352
			3.72011690365723	-2.4140225912352
			3.72912445063945	-2.4140225912352
			3.73813199762167	-2.4140225912352
			3.74713954460389	-2.4140225912352
			3.75614709158612	-2.4140225912352
			3.76515463856834	-2.4140225912352
			3.77416218555056	-2.4140225912352
			3.78316973253278	-2.4140225912352
			3.792177279515	-2.4140225912352
			3.80118482649722	-2.4140225912352
			3.81019237347944	-2.4140225912352
			3.81919992046166	-2.4140225912352
			3.82820746744388	-2.4140225912352
			3.8372150144261	-2.4140225912352
			3.84622256140832	-2.4140225912352
			3.85523010839055	-2.4140225912352
			3.86423765537277	-2.4140225912352
			3.87324520235499	-2.4140225912352
			3.88225274933721	-2.4140225912352
			3.89126029631943	-2.4140225912352
			3.90026784330165	-2.4140225912352
			3.90927539028387	-2.4140225912352
			3.91828293726609	-2.4140225912352
			3.92729048424831	-2.4140225912352
			3.93629803123053	-2.4140225912352
			3.94530557821275	-2.4140225912352
			3.95431312519498	-2.4140225912352
			3.9633206721772	-2.4140225912352
			3.97232821915942	-2.4140225912352
			3.98133576614164	-2.4140225912352
			3.99034331312386	-2.4140225912352
			3.99935086010608	-2.4140225912352
			4.0083584070883	-2.4140225912352
			4.01736595407052	-2.4140225912352
			4.02637350105274	-2.4140225912352
			4.03538104803496	-2.4140225912352
			4.04438859501718	-2.4140225912352
			4.05339614199941	-2.40501504425298
			4.06240368898163	-2.40501504425298
			4.07141123596385	-2.40501504425298
			4.08041878294607	-2.40501504425298
			4.08942632992829	-2.40501504425298
			4.09843387691051	-2.39600749727076
			4.10744142389273	-2.39600749727076
			4.11644897087495	-2.39600749727076
			4.12545651785717	-2.39600749727076
			4.13446406483939	-2.39600749727076
			4.14347161182161	-2.39600749727076
			4.15247915880383	-2.39600749727076
			4.16148670578606	-2.39600749727076
			4.17049425276828	-2.39600749727076
			4.1795017997505	-2.39600749727076
			4.18850934673272	-2.39600749727076
			4.18850934673272	-2.40501504425298
			4.19751689371494	-2.40501504425298
			4.20652444069716	-2.40501504425298
			4.21553198767938	-2.40501504425298
			4.2245395346616	-2.4140225912352
			4.23354708164382	-2.4140225912352
			4.24255462862604	-2.4140225912352
			4.24255462862604	-2.42303013821742
			4.25156217560826	-2.42303013821742
			4.26056972259049	-2.43203768519964
			4.26957726957271	-2.43203768519964
			4.26957726957271	-2.44104523218186
			4.27858481655493	-2.44104523218186
			4.28759236353715	-2.45005277916408
			4.29659991051937	-2.45005277916408
			4.29659991051937	-2.45906032614631
			4.30560745750159	-2.46806787312853
			4.31461500448381	-2.46806787312853
			4.32362255146603	-2.47707542011075
			4.32362255146603	-2.48608296709297
			4.33263009844825	-2.49509051407519
			4.34163764543047	-2.49509051407519
			4.34163764543047	-2.50409806105741
			4.34163764543047	-2.51310560803963
			4.34163764543047	-2.52211315502185
			4.35064519241269	-2.53112070200407
			4.35064519241269	-2.54012824898629
			4.35064519241269	-2.54913579596851
			4.35064519241269	-2.55814334295074
			4.35064519241269	-2.56715088993296
			4.35064519241269	-2.57615843691518
			4.35965273939492	-2.5851659838974
			4.35965273939492	-2.59417353087962
			4.35965273939492	-2.60318107786184
			4.35965273939492	-2.61218862484406
			4.35965273939492	-2.62119617182628
			4.35965273939492	-2.6302037188085
			4.36866028637714	-2.63921126579072
			4.36866028637714	-2.64821881277294
			4.36866028637714	-2.65722635975517
			4.36866028637714	-2.66623390673739
			4.36866028637714	-2.67524145371961
			4.36866028637714	-2.68424900070183
			4.37766783335936	-2.69325654768405
			4.37766783335936	-2.70226409466627
			4.37766783335936	-2.71127164164849
			4.37766783335936	-2.72027918863071
			4.37766783335936	-2.72928673561293
			4.37766783335936	-2.73829428259515
			4.38667538034158	-2.74730182957737
			4.38667538034158	-2.7563093765596
			4.38667538034158	-2.76531692354182
			4.38667538034158	-2.77432447052404
			4.38667538034158	-2.78333201750626
			4.38667538034158	-2.79233956448848
			4.38667538034158	-2.8013471114707
			4.3956829273238	-2.81035465845292
			4.3956829273238	-2.81936220543514
			4.3956829273238	-2.82836975241736
			4.3956829273238	-2.83737729939958
			4.3956829273238	-2.8463848463818
			4.3956829273238	-2.85539239336403
			4.40469047430602	-2.86439994034625
			4.40469047430602	-2.87340748732847
			4.40469047430602	-2.88241503431069
			4.40469047430602	-2.89142258129291
			4.40469047430602	-2.90043012827513
			4.40469047430602	-2.90943767525735
			4.41369802128824	-2.91844522223957
			4.41369802128824	-2.92745276922179
			4.41369802128824	-2.93646031620401
			4.41369802128824	-2.94546786318623
			4.41369802128824	-2.95447541016846
			4.41369802128824	-2.96348295715068
			4.42270556827046	-2.9724905041329
			4.42270556827046	-2.98149805111512
			4.42270556827046	-2.99050559809734
			4.42270556827046	-2.99951314507956
			4.42270556827046	-3.00852069206178
			4.42270556827046	-3.017528239044
			4.43171311525268	-3.02653578602622
			4.43171311525268	-3.03554333300844
			4.43171311525268	-3.04455087999066
			4.43171311525268	-3.05355842697289
			4.43171311525268	-3.06256597395511
			4.43171311525268	-3.07157352093733
			4.43171311525268	-3.08058106791955
			4.4407206622349	-3.08958861490177
			4.4407206622349	-3.09859616188399
			4.4407206622349	-3.10760370886621
			4.4407206622349	-3.11661125584843
			4.4407206622349	-3.12561880283065
			4.4407206622349	-3.13462634981287
			4.44972820921712	-3.14363389679509
			4.44972820921712	-3.15264144377731
			4.44972820921712	-3.16164899075954
			4.44972820921712	-3.17065653774176
			4.44972820921712	-3.17966408472398
			4.44972820921712	-3.1886716317062
			4.44972820921712	-3.19767917868842
			4.45873575619935	-3.20668672567064
			4.45873575619935	-3.21569427265286
			4.45873575619935	-3.22470181963508
			4.45873575619935	-3.2337093666173
			4.45873575619935	-3.24271691359952
			4.45873575619935	-3.25172446058175
			4.46774330318157	-3.26073200756397
			4.46774330318157	-3.26973955454619
			4.46774330318157	-3.27874710152841
			4.46774330318157	-3.28775464851063
			4.46774330318157	-3.29676219549285
			4.46774330318157	-3.30576974247507
			4.46774330318157	-3.31477728945729
			4.47675085016379	-3.32378483643951
			4.47675085016379	-3.33279238342173
			4.47675085016379	-3.34179993040395
			4.47675085016379	-3.35080747738617
			4.47675085016379	-3.3598150243684
			4.47675085016379	-3.36882257135062
			4.47675085016379	-3.37783011833284
			4.48575839714601	-3.38683766531506
			4.48575839714601	-3.39584521229728
			4.48575839714601	-3.4048527592795
			4.48575839714601	-3.41386030626172
			4.48575839714601	-3.42286785324394
			4.48575839714601	-3.43187540022616
			4.49476594412823	-3.44088294720838
			4.49476594412823	-3.4498904941906
			4.49476594412823	-3.45889804117283
			4.49476594412823	-3.46790558815505
			4.49476594412823	-3.47691313513727
			4.49476594412823	-3.48592068211949
			4.49476594412823	-3.49492822910171
			4.50377349111045	-3.50393577608393
			4.50377349111045	-3.51294332306615
			4.50377349111045	-3.52195087004837
			4.50377349111045	-3.53095841703059
			4.50377349111045	-3.53996596401281
			4.50377349111045	-3.54897351099503
			4.50377349111045	-3.55798105797726
			4.51278103809267	-3.56698860495948
			4.51278103809267	-3.5759961519417
			4.51278103809267	-3.58500369892392
			4.51278103809267	-3.59401124590614
			4.51278103809267	-3.58500369892392
			4.51278103809267	-3.5759961519417
			4.52178858507489	-3.56698860495948
			4.52178858507489	-3.55798105797726
			4.52178858507489	-3.54897351099503
			4.52178858507489	-3.53996596401281
			4.52178858507489	-3.53095841703059
			4.52178858507489	-3.52195087004837
			4.52178858507489	-3.51294332306615
			4.53079613205711	-3.50393577608393
			4.53079613205711	-3.49492822910171
			4.53079613205711	-3.48592068211949
			4.53079613205711	-3.47691313513727
			4.53079613205711	-3.46790558815505
			4.53079613205711	-3.45889804117283
			4.53079613205711	-3.4498904941906
			4.53980367903933	-3.44088294720838
			4.53980367903933	-3.43187540022616
			4.53980367903933	-3.42286785324394
			4.53980367903933	-3.41386030626172
			4.53980367903933	-3.4048527592795
			4.53980367903933	-3.39584521229728
			4.53980367903933	-3.38683766531506
			4.53980367903933	-3.37783011833284
			4.53980367903933	-3.36882257135062
			4.53980367903933	-3.3598150243684
			4.54881122602155	-3.35080747738617
			4.54881122602155	-3.34179993040395
			4.54881122602155	-3.33279238342173
			4.54881122602155	-3.32378483643951
			4.54881122602155	-3.31477728945729
			4.54881122602155	-3.30576974247507
			4.54881122602155	-3.29676219549285
			4.54881122602155	-3.28775464851063
			4.54881122602155	-3.27874710152841
			4.54881122602155	-3.26973955454619
			4.54881122602155	-3.26073200756397
			4.54881122602155	-3.25172446058175
			4.54881122602155	-3.24271691359952
			4.55781877300378	-3.2337093666173
			4.55781877300378	-3.22470181963508
			4.55781877300378	-3.21569427265286
			4.55781877300378	-3.20668672567064
			4.55781877300378	-3.19767917868842
			4.55781877300378	-3.1886716317062
			4.55781877300378	-3.17966408472398
			4.55781877300378	-3.17065653774176
			4.55781877300378	-3.16164899075954
			4.55781877300378	-3.15264144377731
			4.55781877300378	-3.14363389679509
			4.55781877300378	-3.13462634981287
			4.55781877300378	-3.12561880283065
			4.55781877300378	-3.11661125584843
			4.55781877300378	-3.10760370886621
			4.55781877300378	-3.09859616188399
			4.55781877300378	-3.08958861490177
			4.55781877300378	-3.08058106791955
			4.55781877300378	-3.07157352093733
			4.55781877300378	-3.06256597395511
			4.55781877300378	-3.05355842697289
			4.55781877300378	-3.04455087999066
			4.55781877300378	-3.03554333300844
			4.55781877300378	-3.02653578602622
			4.55781877300378	-3.017528239044
			4.55781877300378	-3.00852069206178
			4.55781877300378	-2.99951314507956
			4.55781877300378	-2.99050559809734
			4.55781877300378	-2.98149805111512
			4.55781877300378	-2.9724905041329
			4.55781877300378	-2.96348295715068
			4.55781877300378	-2.95447541016846
			4.55781877300378	-2.94546786318623
			4.55781877300378	-2.93646031620401
			4.55781877300378	-2.92745276922179
			4.55781877300378	-2.91844522223957
			4.55781877300378	-2.90943767525735
			4.55781877300378	-2.90043012827513
			4.55781877300378	-2.89142258129291
			4.55781877300378	-2.88241503431069
			4.55781877300378	-2.87340748732847
			4.55781877300378	-2.86439994034625
			4.55781877300378	-2.85539239336403
			4.55781877300378	-2.8463848463818
			4.55781877300378	-2.83737729939958
			4.55781877300378	-2.82836975241736
			4.55781877300378	-2.81936220543514
			4.55781877300378	-2.81035465845292
			4.55781877300378	-2.8013471114707
			4.55781877300378	-2.79233956448848
			4.55781877300378	-2.78333201750626
			4.55781877300378	-2.77432447052404
			4.55781877300378	-2.76531692354182
			4.55781877300378	-2.7563093765596
			4.55781877300378	-2.74730182957737
			4.55781877300378	-2.73829428259515
			4.55781877300378	-2.72928673561293
			4.55781877300378	-2.72027918863071
			4.55781877300378	-2.71127164164849
			4.55781877300378	-2.70226409466627
			4.55781877300378	-2.69325654768405
			4.55781877300378	-2.68424900070183
			4.55781877300378	-2.67524145371961
			4.55781877300378	-2.66623390673739
			4.54881122602155	-2.65722635975517
			4.54881122602155	-2.64821881277294
			4.54881122602155	-2.63921126579072
			4.54881122602155	-2.6302037188085
			4.54881122602155	-2.62119617182628
			4.54881122602155	-2.61218862484406
			4.54881122602155	-2.60318107786184
			4.54881122602155	-2.59417353087962
			4.54881122602155	-2.5851659838974
			4.54881122602155	-2.57615843691518
			4.54881122602155	-2.56715088993296
			4.54881122602155	-2.55814334295074
			4.54881122602155	-2.54913579596851
			4.54881122602155	-2.54012824898629
			4.54881122602155	-2.53112070200407
			4.54881122602155	-2.52211315502185
			4.53980367903933	-2.51310560803963
			4.53980367903933	-2.50409806105741
			4.53980367903933	-2.49509051407519
			4.53980367903933	-2.48608296709297
			4.53980367903933	-2.47707542011075
			4.53980367903933	-2.46806787312853
			4.53980367903933	-2.45906032614631
		</posterior>
	</curves.scaled>
	<ruler.points type=matrix rownames=TRUE colnames=FALSE nrow=2 ncol=2 as.numeric=TRUE >
		Ruler point 1	204	342
		Ruler point 2	315	344
	</ruler.points>
</shapes>

