<shapes type=list>
	<scaling type=logical names=FALSE length=1 as.numeric=FALSE >NA</scaling>
	<landmarks.pixel type=matrix rownames=TRUE colnames=FALSE nrow=16 ncol=2 as.numeric=TRUE >
		LM1	301	12
		LM2	301	12
		LM3	301	225
		LM4	301	273
		LM5	382	84
		LM6	372	225
		LM7	370	262
		LM8	391	141
		LM9	400	193
		LM10	301	12
		LM11	404	244
		LM12	452	274
		LM13	301	12
		LM14	424	168
		LM15	540	273
		LM16	530	429
	</landmarks.pixel>
	<curves.control type=list>
		<glabela type=matrix rownames=FALSE colnames=FALSE nrow=13 ncol=2 as.numeric=TRUE >
			301	12
			327	15
			343	27
			369	46
			378	69
			386	85
			380	115
			376	141
			375	158
			381	184
			372	225
			379	240
			370	262
		</glabela>
		<suture type=matrix rownames=FALSE colnames=FALSE nrow=21 ncol=2 as.numeric=TRUE >
			301	12
			327	16
			359	26
			386	38
			397	55
			412	79
			406	96
			399	115
			387	131
			387	140
			400	150
			411	165
			407	180
			400	193
			391	203
			384	219
			390	233
			399	243
			417	250
			443	260
			452	274
		</suture>
		<anterior type=matrix rownames=FALSE colnames=FALSE nrow=9 ncol=2 as.numeric=TRUE >
			301	12
			327	16
			359	26
			407	39
			467	94
			512	158
			526	203
			537	241
			540	273
		</anterior>
		<spine type=matrix rownames=FALSE colnames=FALSE nrow=19 ncol=2 as.numeric=TRUE >
			301	273
			338	278
			369	262
			373	274
			452	274
			478	271
			488	287
			490	315
			484	355
			482	388
			518	409
			527	422
			530	429
			534	417
			541	404
			552	386
			550	351
			548	318
			540	273
		</spine>
	</curves.control>
	<curves.pixel type=list>
		<glabela type=matrix rownames=FALSE colnames=FALSE nrow=290 ncol=2 as.numeric=TRUE >
			301	12
			302	12
			303	12
			304	12
			305	13
			306	13
			307	13
			308	13
			309	13
			310	13
			311	14
			312	14
			313	14
			314	14
			315	14
			316	15
			317	15
			318	15
			319	15
			320	16
			321	16
			322	17
			323	17
			324	17
			325	18
			326	18
			327	18
			328	19
			329	19
			330	20
			331	20
			332	20
			333	21
			334	21
			335	22
			336	22
			337	23
			338	23
			338	24
			339	24
			340	25
			341	25
			342	26
			342	27
			343	27
			344	28
			345	28
			346	29
			346	30
			347	30
			348	31
			349	31
			349	32
			350	32
			351	33
			351	34
			352	34
			353	35
			354	36
			355	37
			356	38
			357	39
			358	40
			359	40
			359	41
			360	42
			361	42
			361	43
			362	44
			363	45
			364	46
			365	47
			365	48
			366	49
			367	50
			368	50
			368	51
			369	52
			369	53
			370	54
			371	55
			371	56
			372	57
			372	58
			373	59
			374	60
			374	61
			375	61
			375	62
			376	63
			376	64
			376	65
			377	66
			377	67
			378	68
			378	69
			378	70
			379	70
			379	71
			379	72
			380	73
			380	74
			380	75
			381	76
			381	77
			381	78
			381	79
			382	80
			382	81
			382	82
			382	83
			382	84
			382	85
			382	86
			382	87
			382	88
			383	89
			383	90
			383	91
			383	92
			383	93
			383	94
			383	95
			382	96
			382	97
			382	98
			382	99
			382	100
			382	101
			382	102
			382	103
			382	104
			382	105
			382	106
			381	107
			381	108
			381	109
			381	110
			381	111
			381	112
			380	113
			380	114
			380	115
			380	116
			380	117
			380	118
			379	119
			379	120
			379	121
			379	122
			379	123
			379	124
			379	125
			378	126
			378	127
			378	128
			378	129
			378	130
			378	131
			378	132
			377	133
			377	134
			377	135
			377	136
			377	137
			377	138
			377	139
			377	140
			376	141
			376	142
			376	143
			376	144
			376	145
			376	146
			376	147
			376	148
			376	149
			376	150
			375	151
			375	152
			375	153
			375	154
			375	155
			375	156
			375	157
			375	158
			375	159
			375	160
			376	161
			376	162
			376	163
			376	164
			376	165
			376	166
			377	167
			377	168
			377	169
			377	170
			377	171
			377	172
			377	173
			377	174
			377	175
			377	176
			377	177
			377	178
			377	179
			377	180
			377	181
			377	182
			377	183
			377	184
			377	185
			377	186
			377	187
			377	188
			377	189
			377	190
			377	191
			377	192
			377	193
			377	194
			377	195
			377	196
			377	197
			376	198
			376	199
			376	200
			376	201
			376	202
			376	203
			376	204
			376	205
			375	206
			375	207
			375	208
			375	209
			375	210
			375	211
			375	212
			374	213
			374	214
			374	215
			374	216
			374	217
			373	218
			373	219
			373	220
			373	221
			373	222
			372	223
			372	224
			372	225
			372	226
			373	227
			373	228
			374	229
			374	230
			374	231
			374	232
			375	233
			375	234
			375	235
			375	236
			375	237
			375	238
			375	239
			375	240
			375	241
			375	242
			375	243
			375	244
			375	245
			375	246
			374	247
			374	248
			374	249
			374	250
			373	251
			373	252
			373	253
			373	254
			372	255
			372	256
			372	257
			372	258
			371	259
			371	260
			370	261
			370	262
		</glabela>
		<suture type=matrix rownames=FALSE colnames=FALSE nrow=359 ncol=2 as.numeric=TRUE >
			301	12
			302	12
			303	12
			304	12
			305	13
			306	13
			307	13
			308	13
			309	13
			310	14
			311	14
			312	14
			313	14
			314	14
			315	15
			316	15
			317	15
			318	15
			319	15
			320	16
			321	16
			322	16
			323	16
			324	16
			324	17
			325	17
			326	17
			327	17
			328	17
			329	18
			330	18
			331	18
			332	18
			333	19
			334	19
			335	19
			336	19
			337	20
			338	20
			339	20
			340	20
			341	21
			342	21
			343	21
			344	21
			345	22
			346	22
			347	22
			348	23
			349	23
			350	23
			351	24
			352	24
			353	24
			354	24
			355	25
			356	25
			357	25
			358	26
			359	26
			360	26
			361	27
			362	27
			363	28
			364	28
			365	29
			366	29
			367	30
			368	30
			369	31
			370	31
			371	32
			372	32
			373	33
			374	34
			375	35
			376	35
			377	36
			378	37
			379	37
			380	38
			381	39
			382	39
			383	40
			384	41
			385	41
			385	42
			386	43
			387	43
			388	44
			389	45
			389	46
			390	46
			391	47
			391	48
			392	49
			393	49
			393	50
			394	51
			395	52
			396	53
			396	54
			397	55
			398	56
			398	57
			399	58
			399	59
			400	60
			401	61
			401	62
			402	63
			402	64
			402	65
			403	66
			403	67
			404	68
			404	69
			405	70
			405	71
			405	72
			406	73
			406	74
			406	75
			406	76
			407	77
			407	78
			407	79
			407	80
			407	81
			408	82
			408	83
			408	84
			408	85
			408	86
			408	87
			408	88
			408	89
			407	90
			407	91
			407	92
			407	93
			407	94
			406	95
			406	96
			405	97
			405	98
			405	99
			405	100
			404	100
			404	101
			404	102
			403	103
			403	104
			402	105
			402	106
			402	107
			401	107
			401	108
			400	109
			400	110
			400	111
			399	111
			399	112
			398	113
			398	114
			397	115
			397	116
			396	117
			396	118
			395	119
			395	120
			394	121
			393	122
			392	123
			392	124
			391	125
			391	126
			390	127
			389	128
			388	129
			387	130
			387	131
			387	132
			387	133
			387	134
			388	135
			388	136
			388	137
			389	138
			389	139
			390	140
			390	141
			391	141
			392	142
			393	143
			393	144
			394	145
			395	146
			396	147
			397	148
			398	148
			399	149
			400	150
			401	151
			401	152
			402	153
			402	154
			403	154
			403	155
			404	156
			404	157
			405	158
			405	159
			406	160
			406	161
			406	162
			407	163
			407	164
			407	165
			407	166
			408	167
			408	168
			408	169
			408	170
			408	171
			408	172
			408	173
			408	174
			408	175
			408	176
			408	177
			408	178
			407	179
			407	180
			407	181
			406	181
			406	182
			405	183
			405	184
			404	185
			404	186
			403	186
			403	187
			402	188
			402	189
			401	189
			401	190
			400	191
			400	192
			399	192
			399	193
			398	194
			398	195
			397	195
			397	196
			396	197
			396	198
			395	198
			394	199
			394	200
			393	200
			393	201
			392	202
			391	203
			390	204
			390	205
			390	206
			389	207
			389	208
			389	209
			389	210
			388	211
			388	212
			388	213
			388	214
			387	215
			387	216
			387	217
			387	218
			387	219
			387	220
			387	221
			387	222
			387	223
			388	224
			388	225
			388	226
			388	227
			388	228
			389	229
			389	230
			389	231
			390	232
			390	233
			391	234
			392	235
			393	236
			394	237
			395	238
			396	239
			397	239
			398	240
			399	241
			400	242
			401	242
			402	243
			403	244
			404	244
			405	244
			406	245
			407	246
			408	246
			409	247
			410	247
			411	248
			412	248
			413	248
			414	249
			415	249
			416	250
			417	250
			418	250
			419	251
			420	251
			421	252
			422	252
			423	253
			424	253
			425	254
			426	254
			427	254
			428	255
			429	255
			430	256
			431	256
			432	257
			433	257
			433	258
			434	258
			435	259
			436	259
			437	260
			438	261
			439	261
			440	262
			441	262
			442	263
			442	264
			443	264
			444	265
			445	266
			446	267
			447	268
			448	269
			449	270
			450	271
			451	272
			452	273
			452	274
		</suture>
		<anterior type=matrix rownames=FALSE colnames=FALSE nrow=360 ncol=2 as.numeric=TRUE >
			301	12
			302	12
			303	12
			304	12
			305	13
			306	13
			307	13
			308	13
			309	13
			310	14
			311	14
			312	14
			313	14
			314	14
			315	15
			316	15
			317	15
			318	15
			319	15
			320	16
			321	16
			322	16
			323	16
			324	17
			325	17
			326	17
			327	17
			328	17
			329	18
			330	18
			331	18
			332	18
			333	19
			334	19
			335	19
			336	19
			337	20
			338	20
			339	20
			340	20
			341	21
			342	21
			343	21
			344	22
			345	22
			346	22
			347	22
			348	23
			349	23
			350	23
			351	24
			352	24
			353	24
			354	25
			355	25
			356	25
			357	25
			358	26
			359	26
			360	26
			361	27
			362	27
			363	27
			364	27
			365	28
			366	28
			367	28
			367	29
			368	29
			369	29
			370	30
			371	30
			372	30
			373	31
			374	31
			375	31
			376	32
			377	32
			378	33
			379	33
			380	33
			381	34
			382	34
			383	35
			384	35
			385	36
			386	36
			387	37
			388	37
			389	38
			390	38
			391	39
			392	39
			393	40
			394	40
			395	41
			396	41
			397	42
			398	42
			399	43
			400	43
			401	44
			402	45
			403	45
			404	46
			405	47
			406	47
			407	48
			408	48
			409	49
			410	50
			411	50
			412	51
			413	52
			414	52
			415	53
			416	53
			417	54
			418	55
			419	55
			420	56
			421	57
			422	57
			423	58
			424	59
			425	59
			426	60
			427	61
			428	61
			429	62
			429	63
			430	64
			431	64
			432	65
			433	66
			434	66
			435	67
			436	68
			437	69
			438	69
			439	70
			440	71
			441	72
			442	72
			443	73
			444	74
			445	75
			446	75
			447	76
			448	77
			449	78
			450	79
			451	80
			452	81
			453	81
			454	82
			454	83
			455	83
			456	84
			456	85
			457	85
			458	86
			459	86
			459	87
			460	88
			461	88
			461	89
			462	90
			463	90
			464	91
			465	92
			466	93
			467	94
			468	95
			468	96
			469	97
			470	98
			470	99
			471	100
			472	101
			472	102
			473	103
			474	103
			474	104
			475	105
			475	106
			476	107
			477	108
			477	109
			478	110
			478	111
			479	111
			480	112
			480	113
			481	114
			481	115
			482	116
			482	117
			483	118
			484	118
			484	119
			485	120
			485	121
			486	122
			486	123
			487	124
			487	125
			488	125
			488	126
			489	127
			490	128
			490	129
			491	130
			492	131
			492	132
			493	133
			493	134
			494	135
			495	136
			495	137
			496	138
			496	139
			497	140
			498	141
			498	142
			499	143
			499	144
			500	145
			500	146
			501	147
			501	148
			502	149
			502	150
			503	151
			503	152
			504	153
			505	154
			505	155
			506	156
			506	157
			507	157
			507	158
			507	159
			508	160
			508	161
			509	162
			509	163
			510	164
			510	165
			511	166
			511	167
			512	168
			512	169
			513	170
			513	171
			514	172
			514	173
			515	174
			515	175
			516	176
			516	177
			516	178
			517	178
			517	179
			517	180
			518	181
			518	182
			519	183
			519	184
			520	185
			520	186
			520	187
			521	188
			521	189
			521	190
			522	190
			522	191
			522	192
			523	193
			523	194
			523	195
			524	196
			524	197
			524	198
			525	199
			525	200
			525	201
			526	202
			526	203
			526	204
			527	205
			527	206
			527	207
			527	208
			528	209
			528	210
			528	211
			529	212
			529	213
			529	214
			529	215
			530	216
			530	217
			530	218
			530	219
			531	220
			531	221
			531	222
			531	223
			531	224
			532	224
			532	225
			532	226
			532	227
			533	228
			533	229
			533	230
			533	231
			533	232
			534	233
			534	234
			534	235
			534	236
			535	237
			535	238
			535	239
			535	240
			535	241
			536	242
			536	243
			536	244
			536	245
			536	246
			536	247
			537	248
			537	249
			537	250
			537	251
			537	252
			537	253
			538	254
			538	255
			538	256
			538	257
			538	258
			538	259
			538	260
			539	261
			539	262
			539	263
			539	264
			539	265
			539	266
			539	267
			539	268
			540	269
			540	270
			540	271
			540	272
			540	273
		</anterior>
		<spine type=matrix rownames=FALSE colnames=FALSE nrow=505 ncol=2 as.numeric=TRUE >
			301	273
			302	273
			303	273
			304	273
			305	273
			305	274
			306	274
			307	274
			308	274
			309	274
			310	274
			311	274
			312	274
			313	274
			314	274
			315	274
			316	274
			317	274
			318	274
			319	274
			320	274
			321	274
			322	274
			323	274
			324	274
			325	274
			326	274
			327	274
			328	274
			329	274
			330	274
			331	274
			332	273
			333	273
			334	273
			335	273
			336	273
			337	273
			338	272
			339	272
			340	272
			341	272
			342	272
			343	272
			344	271
			345	271
			346	271
			347	271
			348	270
			349	270
			350	270
			351	269
			352	269
			353	269
			354	268
			355	268
			356	268
			357	267
			358	267
			359	267
			359	266
			360	266
			361	266
			362	265
			363	265
			364	264
			365	264
			366	264
			367	263
			368	263
			368	262
			369	262
			369	263
			370	263
			370	264
			371	265
			372	265
			373	266
			374	266
			375	267
			376	267
			377	268
			378	268
			379	268
			380	269
			381	269
			382	269
			383	269
			384	270
			385	270
			386	270
			387	270
			388	270
			389	271
			390	271
			391	271
			392	271
			393	271
			394	271
			395	271
			396	272
			397	272
			398	272
			399	272
			400	272
			401	272
			402	272
			403	272
			404	272
			405	272
			406	273
			407	273
			408	273
			409	273
			410	273
			411	273
			412	273
			413	273
			414	273
			415	273
			416	273
			417	273
			418	273
			419	273
			420	273
			421	273
			422	273
			423	274
			424	274
			425	274
			426	274
			427	274
			428	274
			429	274
			430	274
			431	274
			432	274
			433	274
			434	274
			435	274
			436	274
			437	274
			438	274
			439	274
			440	274
			441	274
			442	274
			443	274
			444	274
			445	274
			446	274
			447	274
			448	274
			449	274
			450	274
			451	274
			452	274
			453	274
			454	274
			455	274
			456	274
			457	274
			458	274
			459	274
			460	274
			461	274
			462	274
			463	274
			464	274
			465	274
			466	274
			467	274
			468	274
			469	274
			470	275
			471	275
			472	275
			473	275
			474	276
			475	276
			476	277
			477	277
			478	278
			479	278
			480	279
			481	279
			482	280
			483	281
			484	282
			485	283
			486	284
			486	285
			487	286
			488	287
			488	288
			488	289
			488	290
			488	291
			488	292
			488	293
			488	294
			488	295
			488	296
			488	297
			488	298
			488	299
			488	300
			488	301
			488	302
			488	303
			488	304
			488	305
			488	306
			488	307
			488	308
			488	309
			488	310
			488	311
			488	312
			488	313
			488	314
			488	315
			488	316
			488	317
			488	318
			488	319
			488	320
			488	321
			488	322
			488	323
			488	324
			488	325
			487	325
			487	326
			487	327
			487	328
			487	329
			487	330
			487	331
			487	332
			487	333
			487	334
			487	335
			486	336
			486	337
			486	338
			486	339
			486	340
			486	341
			486	342
			486	343
			486	344
			485	345
			485	346
			485	347
			485	348
			485	349
			485	350
			485	351
			484	352
			484	353
			484	354
			484	355
			484	356
			484	357
			484	358
			484	359
			484	360
			484	361
			484	362
			484	363
			484	364
			484	365
			484	366
			485	367
			485	368
			485	369
			485	370
			485	371
			486	372
			486	373
			486	374
			486	375
			487	375
			487	376
			488	377
			488	378
			488	379
			489	380
			489	381
			490	382
			490	383
			491	383
			491	384
			492	385
			492	386
			493	387
			493	388
			494	388
			494	389
			495	390
			496	391
			496	392
			497	392
			498	393
			498	394
			499	395
			500	396
			501	396
			502	397
			502	398
			503	399
			504	399
			505	400
			506	401
			507	401
			508	402
			509	403
			510	404
			511	404
			512	405
			513	406
			514	406
			515	407
			516	408
			517	408
			518	409
			519	410
			519	411
			520	411
			520	412
			521	413
			521	414
			522	414
			522	415
			523	416
			523	417
			524	418
			525	419
			525	420
			526	421
			526	422
			527	423
			528	424
			528	425
			529	426
			529	427
			530	428
			531	427
			531	426
			531	425
			532	424
			532	423
			533	422
			533	421
			533	420
			534	419
			534	418
			535	417
			535	416
			536	415
			536	414
			536	413
			537	412
			537	411
			538	411
			538	410
			538	409
			539	408
			539	407
			540	406
			540	405
			541	405
			541	404
			542	403
			542	402
			543	401
			543	400
			544	399
			544	398
			545	397
			545	396
			545	395
			546	394
			546	393
			546	392
			547	391
			547	390
			547	389
			547	388
			548	387
			548	386
			548	385
			548	384
			549	383
			549	382
			549	381
			549	380
			549	379
			549	378
			549	377
			550	376
			550	375
			550	374
			550	373
			550	372
			550	371
			550	370
			550	369
			550	368
			550	367
			550	366
			550	365
			550	364
			550	363
			550	362
			550	361
			550	360
			550	359
			550	358
			550	357
			550	356
			550	355
			550	354
			550	353
			550	352
			550	351
			550	350
			550	349
			550	348
			550	347
			550	346
			550	345
			550	344
			549	343
			549	342
			549	341
			549	340
			549	339
			549	338
			549	337
			549	336
			549	335
			549	334
			549	333
			548	332
			548	331
			548	330
			548	329
			548	328
			548	327
			548	326
			548	325
			548	324
			547	323
			547	322
			547	321
			547	320
			547	319
			547	318
			547	317
			547	316
			547	315
			546	314
			546	313
			546	312
			546	311
			546	310
			546	309
			546	308
			545	307
			545	306
			545	305
			545	304
			545	303
			545	302
			545	301
			544	300
			544	299
			544	298
			544	297
			544	296
			544	295
			543	294
			543	293
			543	292
			543	291
			543	290
			543	289
			543	288
			542	287
			542	286
			542	285
			542	284
			542	283
			542	282
			541	281
			541	280
			541	279
			541	278
			541	277
			541	276
			540	275
			540	274
			540	273
		</spine>
	</curves.pixel>
</shapes>

