<shapes type=list>
	<scaling type=logical names=FALSE length=1 as.numeric=FALSE >NA</scaling>
	<landmarks.pixel type=matrix rownames=TRUE colnames=FALSE nrow=13 ncol=2 as.numeric=TRUE >
		LM1	245	4
		LM2	245	54
		LM3	245	250
		LM4	245	295
		LM5	319	209
		LM6	325	275
		LM7	322	289
		LM10	245	4
		LM11	376	261
		LM12	427	296
		LM13	245	4
		LM15	472	295
		LM16	466	331
	</landmarks.pixel>
	<curves.control type=list>
		<glabela type=matrix rownames=FALSE colnames=FALSE nrow=9 ncol=2 as.numeric=TRUE >
			245	54
			278	55
			291	94
			297	119
			304	143
			315	171
			319	208
			324	238
			322	289
		</glabela>
		<suture type=matrix rownames=FALSE colnames=FALSE nrow=15 ncol=2 as.numeric=TRUE >
			245	4
			287	6
			337	30
			364	57
			365	70
			370	88
			358	114
			348	146
			352	169
			359	198
			360	236
			360	259
			391	270
			419	281
			427	296
		</suture>
		<anterior type=matrix rownames=FALSE colnames=FALSE nrow=7 ncol=2 as.numeric=TRUE >
			245	4
			287	6
			336	30
			381	57
			426	118
			473	195
			472	295
		</anterior>
		<spine type=matrix rownames=FALSE colnames=FALSE nrow=11 ncol=2 as.numeric=TRUE >
			245	295
			300	301
			322	290
			347	297
			385	291
			414	296
			443	299
			459	316
			466	331
			471	320
			472	295
		</spine>
	</curves.control>
	<curves.pixel type=list>
		<glabela type=matrix rownames=FALSE colnames=FALSE nrow=264 ncol=2 as.numeric=TRUE >
			245	54
			246	54
			247	54
			248	54
			249	54
			250	54
			251	54
			252	55
			253	55
			254	55
			255	55
			256	56
			257	56
			258	56
			259	57
			260	57
			261	57
			262	58
			263	58
			264	59
			265	59
			266	60
			267	60
			268	61
			269	61
			270	62
			271	63
			272	63
			273	64
			273	65
			274	66
			275	66
			276	67
			277	68
			277	69
			278	70
			279	71
			280	72
			280	73
			281	73
			282	74
			282	75
			283	76
			283	77
			284	78
			285	79
			285	80
			285	81
			286	82
			287	83
			287	84
			288	85
			288	86
			288	87
			289	87
			289	88
			289	89
			290	90
			290	91
			290	92
			291	93
			291	94
			291	95
			291	96
			292	97
			292	98
			292	99
			293	100
			293	101
			293	102
			293	103
			293	104
			294	105
			294	106
			294	107
			294	108
			295	108
			295	109
			295	110
			295	111
			295	112
			296	112
			296	113
			296	114
			296	115
			296	116
			297	116
			297	117
			297	118
			297	119
			297	120
			298	120
			298	121
			298	122
			298	123
			299	124
			299	125
			299	126
			300	127
			300	128
			300	129
			300	130
			301	131
			301	132
			301	133
			301	134
			302	135
			302	136
			302	137
			302	138
			303	138
			303	139
			303	140
			303	141
			304	142
			304	143
			304	144
			305	145
			305	146
			306	147
			306	148
			306	149
			307	150
			307	151
			307	152
			308	153
			308	154
			308	155
			309	156
			309	157
			309	158
			310	159
			310	160
			310	161
			310	162
			311	163
			311	164
			311	165
			311	166
			312	167
			312	168
			312	169
			312	170
			313	170
			313	171
			313	172
			313	173
			313	174
			314	175
			314	176
			314	177
			314	178
			314	179
			315	180
			315	181
			315	182
			315	183
			315	184
			316	185
			316	186
			316	187
			316	188
			316	189
			317	190
			317	191
			317	192
			317	193
			317	194
			317	195
			317	196
			318	197
			318	198
			318	199
			318	200
			318	201
			318	202
			318	203
			319	204
			319	205
			319	206
			319	207
			319	208
			319	209
			319	210
			320	211
			320	212
			320	213
			320	214
			320	215
			320	216
			320	217
			320	218
			320	219
			321	219
			321	220
			321	221
			321	222
			321	223
			321	224
			321	225
			321	226
			321	227
			321	228
			321	229
			322	230
			322	231
			322	232
			322	233
			322	234
			322	235
			322	236
			322	237
			322	238
			322	239
			322	240
			322	241
			322	242
			322	243
			322	244
			322	245
			322	246
			322	247
			322	248
			322	249
			322	250
			322	251
			322	252
			323	253
			323	254
			323	255
			323	256
			323	257
			323	258
			323	259
			323	260
			323	261
			323	262
			323	263
			323	264
			323	265
			323	266
			323	267
			323	268
			323	269
			323	270
			322	271
			322	272
			322	273
			322	274
			322	275
			322	276
			322	277
			322	278
			322	279
			322	280
			322	281
			322	282
			322	283
			322	284
			322	285
			322	286
			322	287
			322	288
			322	289
		</glabela>
		<suture type=matrix rownames=FALSE colnames=FALSE nrow=387 ncol=2 as.numeric=TRUE >
			245	4
			246	4
			247	4
			248	4
			249	4
			250	4
			251	4
			252	4
			253	5
			254	5
			255	5
			256	5
			257	5
			258	5
			259	5
			260	5
			261	6
			262	6
			263	6
			264	6
			265	6
			266	6
			267	6
			268	7
			269	7
			270	7
			271	7
			272	7
			273	8
			274	8
			275	8
			276	8
			277	8
			277	9
			278	9
			279	9
			280	9
			281	9
			282	10
			283	10
			284	10
			285	10
			286	11
			287	11
			288	11
			289	12
			290	12
			291	12
			292	12
			293	13
			294	13
			295	13
			296	14
			297	14
			298	14
			299	15
			300	15
			301	15
			302	16
			303	16
			304	16
			305	17
			306	17
			307	17
			308	18
			309	18
			310	18
			311	19
			312	19
			313	20
			314	20
			315	20
			316	21
			317	21
			318	22
			319	22
			320	23
			321	23
			322	23
			323	24
			324	24
			325	25
			326	25
			327	25
			328	26
			329	26
			330	27
			331	27
			332	28
			333	28
			334	29
			335	29
			336	29
			337	30
			338	31
			339	32
			340	33
			341	34
			342	35
			343	36
			343	37
			344	38
			345	38
			346	39
			347	40
			348	41
			348	42
			349	43
			350	44
			351	45
			352	46
			353	47
			354	48
			354	49
			355	50
			356	51
			356	52
			357	53
			358	54
			358	55
			359	55
			359	56
			360	57
			360	58
			361	59
			361	60
			362	60
			362	61
			363	62
			363	63
			363	64
			364	65
			364	66
			364	67
			365	68
			365	69
			365	70
			365	71
			366	72
			366	73
			366	74
			366	75
			366	76
			366	77
			366	78
			366	79
			366	80
			366	81
			366	82
			366	83
			366	84
			366	85
			366	86
			366	87
			366	88
			366	89
			366	90
			366	91
			365	92
			365	93
			365	94
			365	95
			364	96
			364	97
			364	98
			364	99
			363	100
			363	101
			363	102
			362	103
			362	104
			362	105
			361	106
			361	107
			360	108
			360	109
			360	110
			359	111
			359	112
			358	113
			358	114
			358	115
			357	116
			357	117
			357	118
			357	119
			356	120
			356	121
			356	122
			356	123
			355	124
			355	125
			355	126
			354	127
			354	128
			354	129
			354	130
			353	131
			353	132
			353	133
			353	134
			353	135
			353	136
			352	137
			352	138
			352	139
			352	140
			352	141
			352	142
			352	143
			351	144
			351	145
			351	146
			351	147
			351	148
			351	149
			351	150
			351	151
			351	152
			351	153
			351	154
			351	155
			351	156
			351	157
			351	158
			351	159
			351	160
			351	161
			351	162
			351	163
			351	164
			351	165
			352	166
			352	167
			352	168
			352	169
			352	170
			352	171
			353	172
			353	173
			353	174
			353	175
			354	176
			354	177
			354	178
			354	179
			354	180
			354	181
			355	182
			355	183
			355	184
			355	185
			355	186
			356	187
			356	188
			356	189
			356	190
			356	191
			356	192
			356	193
			357	194
			357	195
			357	196
			357	197
			357	198
			357	199
			357	200
			358	201
			358	202
			358	203
			358	204
			358	205
			358	206
			358	207
			358	208
			358	209
			359	210
			359	211
			359	212
			359	213
			359	214
			359	215
			359	216
			359	217
			359	218
			359	219
			359	220
			359	221
			359	222
			359	223
			360	224
			360	225
			360	226
			360	227
			360	228
			360	229
			360	230
			360	231
			360	232
			360	233
			360	234
			360	235
			360	236
			360	237
			360	238
			360	239
			360	240
			360	241
			361	242
			361	243
			361	244
			361	245
			362	246
			362	247
			362	248
			363	248
			363	249
			363	250
			364	251
			365	252
			365	253
			366	254
			367	255
			367	256
			368	256
			369	257
			370	258
			371	259
			372	260
			373	261
			374	262
			375	262
			376	263
			377	264
			378	264
			379	265
			380	265
			381	266
			382	266
			383	267
			384	267
			385	268
			386	268
			387	268
			388	269
			389	269
			390	270
			391	270
			392	270
			393	271
			394	271
			395	272
			396	272
			397	272
			398	273
			399	273
			400	274
			401	275
			402	275
			403	276
			404	276
			405	277
			406	277
			407	278
			408	278
			409	279
			410	279
			411	280
			412	281
			413	281
			414	282
			415	283
			416	283
			417	284
			418	285
			419	286
			420	287
			421	288
			422	289
			422	290
			423	290
			424	291
			425	292
			425	293
			426	294
			426	295
			427	296
		</suture>
		<anterior type=matrix rownames=FALSE colnames=FALSE nrow=384 ncol=2 as.numeric=TRUE >
			245	4
			246	4
			247	4
			248	4
			249	4
			250	4
			251	4
			252	4
			252	5
			253	5
			254	5
			255	5
			256	5
			257	5
			258	5
			259	5
			260	5
			261	5
			262	6
			263	6
			264	6
			265	6
			266	6
			267	6
			268	7
			269	7
			270	7
			271	7
			272	7
			272	8
			273	8
			274	8
			275	8
			276	8
			277	8
			277	9
			278	9
			279	9
			280	9
			281	9
			281	10
			282	10
			283	10
			284	10
			285	10
			286	11
			287	11
			288	11
			289	12
			290	12
			291	12
			292	13
			293	13
			294	13
			295	13
			296	14
			297	14
			298	14
			299	15
			300	15
			301	15
			302	16
			303	16
			304	17
			305	17
			306	17
			307	18
			308	18
			309	18
			310	19
			311	19
			312	19
			313	20
			314	20
			315	21
			316	21
			317	21
			318	22
			319	22
			320	23
			321	23
			322	23
			322	24
			323	24
			324	25
			325	25
			326	25
			327	26
			328	26
			329	27
			330	27
			331	27
			332	28
			333	28
			334	29
			335	30
			336	30
			337	31
			338	32
			339	32
			340	32
			340	33
			341	33
			342	33
			342	34
			343	34
			343	35
			344	35
			345	36
			346	36
			347	37
			348	38
			349	39
			350	39
			351	40
			352	41
			353	41
			354	42
			355	43
			356	43
			356	44
			357	45
			358	45
			359	46
			360	47
			361	48
			362	48
			363	49
			364	50
			365	51
			366	52
			367	53
			368	54
			369	54
			369	55
			370	55
			371	56
			372	57
			373	58
			374	59
			375	60
			376	61
			377	61
			378	62
			378	63
			379	64
			380	64
			381	65
			381	66
			382	67
			383	67
			384	68
			384	69
			385	70
			386	70
			387	71
			388	72
			388	73
			389	74
			390	74
			391	75
			391	76
			392	77
			393	78
			394	79
			395	80
			396	81
			397	82
			398	83
			399	84
			400	85
			401	86
			402	87
			403	88
			403	89
			404	90
			405	91
			406	92
			406	93
			407	94
			408	95
			408	96
			409	96
			410	97
			410	98
			411	99
			412	100
			413	101
			414	102
			415	103
			415	104
			416	105
			417	106
			418	107
			419	108
			419	109
			420	110
			421	111
			422	112
			422	113
			423	114
			424	115
			425	116
			425	117
			426	118
			426	119
			427	120
			428	121
			428	122
			429	123
			429	124
			430	125
			431	126
			431	127
			432	128
			432	129
			433	130
			433	131
			434	132
			434	133
			435	134
			435	135
			436	136
			437	137
			437	138
			438	139
			438	140
			439	141
			439	142
			440	143
			440	144
			441	145
			441	146
			442	147
			442	148
			443	149
			443	150
			443	151
			444	152
			444	153
			445	154
			445	155
			446	156
			446	157
			447	158
			447	159
			448	160
			448	161
			448	162
			449	163
			449	164
			449	165
			450	166
			450	167
			451	168
			451	169
			451	170
			452	171
			452	172
			452	173
			453	174
			453	175
			453	176
			454	176
			454	177
			454	178
			455	179
			455	180
			455	181
			456	182
			456	183
			456	184
			456	185
			457	186
			457	187
			457	188
			458	189
			458	190
			458	191
			458	192
			459	193
			459	194
			459	195
			460	195
			460	196
			460	197
			460	198
			461	199
			461	200
			461	201
			461	202
			462	203
			462	204
			462	205
			462	206
			463	207
			463	208
			463	209
			463	210
			464	211
			464	212
			464	213
			464	214
			464	215
			465	216
			465	217
			465	218
			465	219
			465	220
			466	221
			466	222
			466	223
			466	224
			466	225
			467	226
			467	227
			467	228
			467	229
			467	230
			467	231
			468	232
			468	233
			468	234
			468	235
			468	236
			468	237
			468	238
			469	239
			469	240
			469	241
			469	242
			469	243
			469	244
			469	245
			470	246
			470	247
			470	248
			470	249
			470	250
			470	251
			470	252
			470	253
			470	254
			470	255
			470	256
			471	257
			471	258
			471	259
			471	260
			471	261
			471	262
			471	263
			471	264
			471	265
			471	266
			471	267
			471	268
			471	269
			471	270
			472	271
			472	272
			472	273
			472	274
			472	275
			472	276
			472	277
			472	278
			472	279
			472	280
			472	281
			472	282
			472	283
			472	284
			472	285
			472	286
			472	287
			472	288
			472	289
			472	290
			472	291
			472	292
			472	293
			472	294
			472	295
		</anterior>
		<spine type=matrix rownames=FALSE colnames=FALSE nrow=276 ncol=2 as.numeric=TRUE >
			245	295
			246	295
			247	295
			248	295
			249	295
			250	296
			251	296
			252	296
			253	296
			254	296
			255	296
			256	296
			257	296
			258	296
			259	296
			260	296
			261	296
			262	296
			263	297
			264	297
			265	297
			266	297
			267	297
			268	297
			269	297
			270	297
			271	297
			272	297
			273	297
			274	297
			275	297
			276	297
			277	297
			278	297
			279	297
			280	297
			281	297
			282	297
			283	297
			284	297
			285	297
			286	297
			287	297
			288	297
			289	297
			290	297
			291	297
			292	297
			293	297
			294	297
			295	296
			296	296
			297	296
			298	296
			299	296
			300	296
			301	296
			302	296
			303	296
			304	295
			305	295
			306	295
			307	295
			308	295
			309	295
			309	294
			310	294
			311	294
			312	294
			313	294
			313	293
			314	293
			315	293
			316	293
			316	292
			317	292
			318	292
			319	292
			319	291
			320	291
			321	291
			321	290
			322	290
			323	290
			324	291
			325	291
			326	291
			327	291
			328	291
			328	292
			329	292
			330	292
			331	292
			332	292
			333	292
			334	292
			335	293
			336	293
			337	293
			338	293
			339	293
			340	293
			341	293
			342	293
			343	293
			344	293
			345	294
			346	294
			347	294
			348	294
			349	294
			350	294
			351	294
			352	294
			353	294
			354	294
			355	294
			356	294
			357	294
			358	294
			359	294
			360	294
			361	294
			362	293
			363	293
			364	293
			365	293
			366	293
			367	293
			368	293
			369	293
			370	293
			371	293
			372	293
			373	293
			374	292
			375	292
			376	292
			377	292
			378	292
			379	292
			380	292
			381	292
			382	291
			383	291
			384	291
			385	291
			386	291
			387	291
			388	292
			389	292
			390	292
			391	292
			392	292
			393	292
			394	293
			395	293
			396	293
			397	293
			398	293
			399	293
			400	293
			401	294
			402	294
			403	294
			404	294
			405	294
			406	294
			407	294
			408	295
			409	295
			410	295
			411	295
			412	295
			413	295
			414	296
			415	296
			416	296
			417	296
			418	296
			419	296
			420	296
			421	296
			422	297
			423	297
			424	297
			425	297
			426	297
			427	297
			428	297
			429	297
			430	298
			431	298
			432	298
			433	298
			434	298
			435	298
			436	298
			437	298
			438	298
			439	299
			440	299
			441	299
			442	299
			443	299
			444	300
			445	301
			446	302
			447	303
			448	304
			448	305
			449	306
			450	307
			451	308
			452	309
			452	310
			453	311
			454	312
			455	313
			456	314
			457	315
			457	316
			458	317
			459	318
			459	319
			460	320
			460	321
			461	322
			462	323
			462	324
			463	325
			463	326
			464	327
			464	328
			465	328
			465	329
			466	330
			466	331
			466	330
			467	330
			467	329
			467	328
			467	327
			468	327
			468	326
			468	325
			468	324
			469	323
			469	322
			469	321
			469	320
			470	319
			470	318
			470	317
			470	316
			470	315
			470	314
			470	313
			471	312
			471	311
			471	310
			471	309
			471	308
			471	307
			471	306
			471	305
			471	304
			472	303
			472	302
			472	301
			472	300
			472	299
			472	298
			472	297
			472	296
			472	295
		</spine>
	</curves.pixel>
</shapes>

