<shapes type=list>
	<ruler.pixel type=vector names=FALSE length=1 as.numeric=TRUE >50.0099990001999</ruler.pixel>
	<ruler.interval type=vector names=FALSE length=1 as.numeric=TRUE >3</ruler.interval>
	<scaling.units type=vector names=FALSE length=1 as.numeric=FALSE >mm</scaling.units>
	<scaling type=vector names=FALSE length=1 as.numeric=TRUE >0.0599880035988004</scaling>
	<landmarks.pixel type=matrix rownames=TRUE colnames=FALSE nrow=16 ncol=2 as.numeric=TRUE >
		LM1	250	19
		LM2	250	49
		LM3	250	249
		LM4	250	291
		LM5	327	237
		LM6	324	248
		LM7	321	286
		LM8	331	152
		LM9	340	207
		LM10	250	19
		LM11	349	270
		LM12	391	295
		LM13	251	19
		LM14	360	176
		LM15	455	291
		LM16	478	481
	</landmarks.pixel>
	<landmarks.scaled type=matrix rownames=TRUE colnames=FALSE nrow=16 ncol=2 as.numeric=TRUE >
		LM1	14.9970008997001	-1.13977206837721
		LM2	14.9970008997001	-2.93941217634122
		LM3	14.9970008997001	-14.9370128961013
		LM4	14.9970008997001	-17.4565090472509
		LM5	19.6160771768077	-14.2171568529157
		LM6	19.4361131660113	-14.8770248925025
		LM7	19.2561491552149	-17.1565690292569
		LM8	19.8560291912029	-9.11817654701767
		LM9	20.3959212235921	-12.4175167449517
		LM10	14.9970008997001	-1.13977206837721
		LM11	20.9358132559813	-16.1967609716761
		LM12	23.455309407131	-17.6964610616461
		LM13	15.0569889032989	-1.13977206837721
		LM14	21.5956812955682	-10.5578886333889
		LM15	27.2945416374542	-17.4565090472509
		LM16	28.6742657202266	-28.854229731023
	</landmarks.scaled>
	<curves.control type=list>
		<glabella type=matrix rownames=FALSE colnames=FALSE nrow=7 ncol=2 as.numeric=TRUE >
			250	49
			276	53
			293	77
			317	140
			318	181
			336	262
			321	286
		</glabella>
		<suture type=matrix rownames=FALSE colnames=FALSE nrow=17 ncol=2 as.numeric=TRUE >
			250	19
			292	23
			323	39
			342	54
			349	74
			342	96
			325	120
			320	142
			332	152
			354	170
			342	199
			337	219
			342	260
			351	281
			377	283
			387	290
			391	295
		</suture>
		<anterior type=matrix rownames=FALSE colnames=FALSE nrow=7 ncol=2 as.numeric=TRUE >
			250	19
			292	23
			323	39
			361	61
			405	119
			453	204
			455	291
		</anterior>
		<posterior type=matrix rownames=FALSE colnames=FALSE nrow=11 ncol=2 as.numeric=TRUE >
			250	291
			298	303
			320	286
			355	298
			390	295
			436	302
			450	380
			472	467
			476	482
			487	463
			455	291
		</posterior>
	</curves.control>
	<curves.pixel type=list>
		<glabella type=matrix rownames=FALSE colnames=FALSE nrow=257 ncol=2 as.numeric=TRUE >
			250	49
			251	49
			252	49
			253	50
			254	50
			255	50
			256	50
			257	51
			258	51
			259	51
			260	51
			261	52
			262	52
			263	52
			264	53
			265	53
			266	54
			267	54
			268	55
			269	55
			270	56
			271	56
			272	57
			273	58
			274	58
			275	59
			276	60
			277	60
			278	61
			279	62
			280	63
			281	64
			282	64
			283	65
			284	66
			285	67
			286	68
			286	69
			287	70
			288	71
			289	72
			290	73
			291	74
			291	75
			292	76
			293	77
			294	78
			294	79
			294	80
			295	81
			295	82
			295	83
			296	84
			296	85
			296	86
			297	87
			297	88
			297	89
			298	90
			298	91
			298	92
			299	93
			299	94
			300	95
			300	96
			300	97
			301	98
			301	99
			301	100
			302	101
			302	102
			302	103
			303	104
			303	105
			303	106
			304	107
			304	108
			304	109
			305	110
			305	111
			305	112
			306	113
			306	114
			306	115
			306	116
			307	117
			307	118
			307	119
			307	120
			308	121
			308	122
			308	123
			309	124
			309	125
			309	126
			309	127
			310	128
			310	129
			310	130
			310	131
			311	132
			311	133
			311	134
			311	135
			312	136
			312	137
			312	138
			312	139
			313	140
			313	141
			313	142
			313	143
			313	144
			314	145
			314	146
			314	147
			314	148
			314	149
			315	150
			315	151
			315	152
			315	153
			315	154
			315	155
			316	156
			316	157
			316	158
			316	159
			316	160
			316	161
			316	162
			317	163
			317	164
			317	165
			317	166
			317	167
			317	168
			317	169
			317	170
			317	171
			318	172
			318	173
			318	174
			318	175
			318	176
			318	177
			318	178
			318	179
			318	180
			318	181
			318	182
			318	183
			319	184
			319	185
			319	186
			319	187
			320	188
			320	189
			320	190
			320	191
			320	192
			321	193
			321	194
			321	195
			321	196
			321	197
			322	198
			322	199
			322	200
			322	201
			322	202
			323	203
			323	204
			323	205
			323	206
			323	207
			323	208
			324	209
			324	210
			324	211
			324	212
			324	213
			324	214
			325	215
			325	216
			325	217
			325	218
			325	219
			325	220
			325	221
			325	222
			326	223
			326	224
			326	225
			326	226
			326	227
			326	228
			326	229
			326	230
			327	231
			327	232
			327	233
			327	234
			327	235
			327	236
			327	237
			327	238
			327	239
			327	240
			327	241
			327	242
			328	242
			328	243
			328	244
			328	245
			328	246
			328	247
			328	248
			328	249
			328	250
			328	251
			328	252
			328	253
			328	254
			328	255
			328	256
			328	257
			328	258
			328	259
			328	260
			328	261
			327	262
			327	263
			327	264
			327	265
			327	266
			327	267
			327	268
			327	269
			326	270
			326	271
			326	272
			326	273
			326	274
			326	275
			325	276
			325	277
			325	278
			324	279
			324	280
			324	281
			323	282
			323	283
			322	283
			322	284
			322	285
			321	286
		</glabella>
		<suture type=matrix rownames=FALSE colnames=FALSE nrow=363 ncol=2 as.numeric=TRUE >
			250	19
			251	19
			252	19
			253	19
			254	19
			255	20
			256	20
			257	20
			258	20
			259	20
			260	20
			261	20
			262	20
			263	21
			264	21
			265	21
			266	21
			267	21
			268	21
			269	22
			270	22
			271	22
			272	22
			273	22
			274	22
			275	23
			276	23
			277	23
			278	23
			279	23
			280	24
			281	24
			282	24
			283	24
			284	25
			285	25
			286	25
			287	25
			287	26
			288	26
			289	26
			290	26
			291	27
			292	27
			293	27
			294	27
			295	28
			296	28
			297	28
			298	29
			299	29
			300	29
			301	30
			302	30
			303	30
			304	31
			305	31
			306	32
			307	32
			308	32
			309	33
			310	33
			311	33
			312	34
			313	34
			314	35
			315	35
			316	36
			317	36
			318	37
			319	37
			320	38
			321	38
			322	39
			323	39
			324	40
			325	41
			326	41
			327	42
			328	43
			329	44
			330	45
			331	46
			332	47
			333	48
			334	49
			335	50
			335	51
			336	51
			336	52
			337	53
			338	54
			339	55
			340	56
			340	57
			341	58
			342	59
			342	60
			343	61
			344	62
			344	63
			345	64
			345	65
			346	66
			346	67
			347	68
			347	69
			348	70
			348	71
			348	72
			349	73
			349	74
			349	75
			348	76
			348	77
			348	78
			347	79
			347	80
			346	81
			346	82
			346	83
			345	84
			345	85
			344	86
			344	87
			344	88
			343	89
			343	90
			342	91
			342	92
			341	93
			341	94
			340	95
			340	96
			339	97
			339	98
			338	99
			338	100
			337	100
			337	101
			336	102
			336	103
			335	104
			335	105
			334	106
			334	107
			333	108
			332	109
			332	110
			331	111
			331	112
			330	113
			329	114
			329	115
			328	116
			327	117
			327	118
			326	118
			325	119
			325	120
			325	121
			325	122
			324	123
			324	124
			324	125
			324	126
			324	127
			324	128
			324	129
			324	130
			324	131
			324	132
			324	133
			324	134
			324	135
			324	136
			324	137
			324	138
			324	139
			324	140
			325	141
			325	142
			325	143
			326	143
			326	144
			326	145
			327	146
			327	147
			328	147
			328	148
			329	149
			330	150
			331	151
			332	152
			333	153
			334	154
			335	155
			336	156
			337	156
			337	157
			338	158
			339	159
			339	160
			340	161
			341	161
			341	162
			342	163
			342	164
			343	165
			343	166
			344	167
			344	168
			344	169
			345	170
			345	171
			345	172
			346	173
			346	174
			346	175
			346	176
			346	177
			346	178
			346	179
			346	180
			346	181
			346	182
			346	183
			346	184
			346	185
			346	186
			346	187
			345	188
			345	189
			345	190
			345	191
			344	192
			344	193
			344	194
			343	195
			343	196
			343	197
			342	198
			342	199
			342	200
			341	201
			341	202
			341	203
			341	204
			341	205
			341	206
			340	207
			340	208
			340	209
			340	210
			340	211
			340	212
			340	213
			340	214
			340	215
			340	216
			340	217
			340	218
			340	219
			340	220
			340	221
			340	222
			340	223
			340	224
			340	225
			340	226
			340	227
			340	228
			340	229
			340	230
			340	231
			340	232
			340	233
			340	234
			340	235
			340	236
			340	237
			340	238
			340	239
			340	240
			340	241
			340	242
			340	243
			340	244
			340	245
			340	246
			341	246
			341	247
			341	248
			341	249
			341	250
			341	251
			341	252
			341	253
			341	254
			341	255
			342	256
			342	257
			342	258
			342	259
			342	260
			342	261
			343	262
			343	263
			344	264
			345	265
			345	266
			346	267
			347	268
			348	269
			348	270
			349	271
			350	272
			351	273
			352	274
			353	275
			354	275
			355	276
			356	277
			357	277
			358	278
			359	278
			360	279
			361	279
			362	280
			363	280
			364	280
			365	281
			366	281
			367	281
			368	282
			369	282
			370	282
			371	282
			372	282
			373	283
			374	283
			375	283
			376	283
			377	283
			378	283
			378	284
			379	284
			379	285
			380	285
			381	286
			382	286
			382	287
			383	288
			384	288
			384	289
			385	289
			386	290
			387	291
			388	291
			389	292
			390	293
			390	294
			391	295
		</suture>
		<anterior type=matrix rownames=FALSE colnames=FALSE nrow=351 ncol=2 as.numeric=TRUE >
			250	19
			251	19
			252	19
			253	19
			254	19
			255	20
			256	20
			257	20
			258	20
			259	20
			260	20
			261	20
			262	20
			263	21
			264	21
			265	21
			266	21
			267	21
			268	21
			269	22
			270	22
			271	22
			272	22
			273	22
			274	22
			275	23
			276	23
			277	23
			278	23
			279	23
			280	24
			281	24
			282	24
			283	24
			284	25
			285	25
			286	25
			287	26
			288	26
			289	26
			290	26
			291	26
			292	27
			293	27
			294	27
			295	28
			296	28
			297	28
			298	29
			299	29
			300	29
			301	30
			302	30
			303	30
			304	31
			305	31
			306	32
			307	32
			308	32
			309	33
			310	33
			311	34
			312	34
			313	34
			314	35
			315	35
			316	36
			317	36
			318	37
			319	37
			320	37
			321	38
			322	38
			323	39
			324	39
			325	40
			326	41
			327	42
			328	42
			329	43
			330	43
			330	44
			331	44
			332	45
			333	45
			333	46
			334	46
			335	47
			336	48
			337	49
			338	49
			339	50
			340	50
			341	51
			342	52
			343	52
			343	53
			344	54
			345	54
			346	55
			347	56
			348	57
			349	57
			349	58
			350	59
			351	60
			352	60
			353	61
			354	62
			355	63
			356	64
			357	65
			358	66
			359	67
			360	67
			360	68
			361	69
			362	69
			362	70
			363	70
			364	71
			364	72
			365	72
			365	73
			366	74
			367	74
			367	75
			368	76
			369	76
			369	77
			370	78
			371	78
			371	79
			372	80
			373	80
			373	81
			374	82
			375	83
			376	84
			377	85
			378	86
			379	87
			380	88
			380	89
			381	90
			382	91
			383	91
			384	92
			384	93
			385	94
			386	95
			387	96
			387	97
			388	98
			389	99
			390	100
			391	101
			391	102
			392	103
			393	104
			394	105
			395	106
			395	107
			396	108
			397	109
			398	110
			399	111
			400	112
			400	113
			401	114
			402	115
			403	116
			404	117
			404	118
			405	119
			406	120
			406	121
			407	122
			407	123
			408	124
			408	125
			409	126
			409	127
			410	128
			410	129
			411	130
			411	131
			412	132
			412	133
			413	134
			413	135
			414	136
			414	137
			415	138
			415	139
			416	139
			416	140
			417	141
			417	142
			418	143
			418	144
			419	145
			419	146
			420	147
			420	148
			420	149
			421	150
			421	151
			422	152
			422	153
			423	154
			423	155
			424	156
			424	157
			424	158
			425	159
			426	160
			426	161
			426	162
			426	163
			427	163
			427	164
			427	165
			428	165
			428	166
			428	167
			429	167
			429	168
			429	169
			430	170
			430	171
			430	172
			431	173
			431	174
			431	175
			432	176
			432	177
			433	178
			433	179
			434	180
			434	181
			434	182
			435	183
			435	184
			435	185
			436	186
			436	187
			436	188
			437	189
			437	190
			437	191
			438	192
			438	193
			438	194
			439	195
			439	196
			439	197
			440	198
			440	199
			440	200
			440	201
			441	202
			441	203
			441	204
			442	205
			442	206
			442	207
			443	208
			443	209
			443	210
			443	211
			444	212
			444	213
			444	214
			444	215
			445	216
			445	217
			445	218
			445	219
			446	220
			446	221
			446	222
			446	223
			447	224
			447	225
			447	226
			447	227
			447	228
			448	229
			448	230
			448	231
			448	232
			449	233
			449	234
			449	235
			449	236
			449	237
			449	238
			450	239
			450	240
			450	241
			450	242
			450	243
			451	244
			451	245
			451	246
			451	247
			451	248
			451	249
			451	250
			452	251
			452	252
			452	253
			452	254
			452	255
			452	256
			452	257
			453	258
			453	259
			453	260
			453	261
			453	262
			453	263
			453	264
			453	265
			453	266
			454	267
			454	268
			454	269
			454	270
			454	271
			454	272
			454	273
			454	274
			454	275
			454	276
			454	277
			454	278
			455	279
			455	280
			455	281
			455	282
			455	283
			455	284
			455	285
			455	286
			455	287
			455	288
			455	289
			455	290
			455	291
		</anterior>
		<posterior type=matrix rownames=FALSE colnames=FALSE nrow=542 ncol=2 as.numeric=TRUE >
			250	291
			251	291
			252	291
			253	292
			254	292
			255	292
			256	292
			257	293
			258	293
			259	293
			260	293
			261	293
			262	294
			263	294
			264	294
			265	294
			266	294
			267	294
			268	295
			269	295
			270	295
			271	295
			272	295
			273	295
			274	295
			275	296
			276	296
			277	296
			278	296
			279	296
			280	296
			281	296
			282	296
			283	296
			284	296
			285	296
			286	296
			287	296
			288	296
			289	296
			290	296
			291	296
			292	296
			293	296
			294	296
			295	295
			296	295
			297	295
			298	295
			299	295
			300	295
			301	294
			302	294
			303	294
			304	294
			305	293
			306	293
			307	293
			308	292
			309	292
			310	292
			311	291
			312	291
			313	290
			314	290
			315	289
			316	289
			317	288
			318	287
			319	287
			320	286
			321	286
			322	287
			323	287
			324	287
			325	288
			326	288
			327	288
			328	289
			329	289
			330	289
			331	289
			332	290
			333	290
			334	290
			335	290
			336	291
			337	291
			338	291
			339	291
			340	292
			341	292
			342	292
			343	292
			344	292
			345	293
			346	293
			347	293
			348	293
			349	293
			350	293
			351	294
			352	294
			353	294
			354	294
			355	294
			356	294
			357	294
			358	295
			359	295
			360	295
			361	295
			362	295
			363	295
			364	295
			365	295
			366	295
			367	295
			368	295
			369	295
			370	296
			371	296
			372	296
			373	296
			374	296
			375	296
			376	296
			377	296
			378	296
			379	296
			380	296
			381	296
			382	295
			383	295
			384	295
			385	295
			386	295
			387	295
			388	295
			389	295
			390	295
			391	295
			392	295
			393	296
			394	296
			395	296
			396	296
			397	297
			398	297
			399	297
			400	297
			401	298
			402	298
			403	299
			404	299
			405	300
			406	300
			407	301
			408	301
			409	302
			410	302
			411	303
			412	304
			413	304
			414	305
			415	306
			416	306
			417	307
			418	308
			418	309
			419	310
			420	310
			421	311
			422	312
			423	313
			424	314
			424	315
			425	316
			426	317
			427	318
			427	319
			428	320
			429	321
			430	322
			430	323
			431	324
			432	325
			432	326
			432	327
			433	327
			433	328
			434	329
			434	330
			435	331
			435	332
			436	333
			436	334
			437	335
			437	336
			438	337
			438	338
			438	339
			439	340
			439	341
			440	342
			440	343
			440	344
			441	345
			441	346
			442	347
			442	348
			442	349
			443	350
			443	351
			443	352
			444	353
			444	354
			444	355
			444	356
			445	357
			445	358
			445	359
			446	360
			446	361
			446	362
			446	363
			447	364
			447	365
			447	366
			447	367
			448	368
			448	369
			448	370
			448	371
			449	372
			449	373
			449	374
			449	375
			449	376
			450	377
			450	378
			450	379
			450	380
			450	381
			450	382
			451	382
			451	383
			451	384
			451	385
			452	386
			452	387
			452	388
			452	389
			452	390
			453	390
			453	391
			453	392
			453	393
			453	394
			454	394
			454	395
			454	396
			454	397
			455	398
			455	399
			455	400
			455	401
			456	402
			456	403
			456	404
			456	405
			457	406
			457	407
			457	408
			457	409
			458	410
			458	411
			458	412
			458	413
			459	414
			459	415
			459	416
			459	417
			460	418
			460	419
			460	420
			460	421
			461	422
			461	423
			461	424
			461	425
			462	426
			462	427
			462	428
			462	429
			463	430
			463	431
			463	432
			463	433
			464	434
			464	435
			464	436
			465	437
			465	438
			465	439
			465	440
			466	441
			466	442
			466	443
			466	444
			467	445
			467	446
			467	447
			467	448
			467	449
			468	450
			468	451
			468	452
			469	453
			469	454
			469	455
			469	456
			470	457
			470	458
			470	459
			470	460
			471	461
			471	462
			471	463
			471	464
			472	465
			472	466
			472	467
			472	468
			473	469
			473	470
			473	471
			473	472
			474	473
			474	474
			474	475
			474	476
			475	476
			475	477
			475	478
			475	479
			476	480
			476	481
			476	482
			477	481
			477	480
			477	479
			477	478
			478	477
			478	476
			478	475
			478	474
			478	473
			478	472
			478	471
			479	470
			479	469
			479	468
			479	467
			479	466
			479	465
			479	464
			479	463
			479	462
			479	461
			479	460
			479	459
			479	458
			479	457
			479	456
			479	455
			479	454
			479	453
			479	452
			478	451
			478	450
			478	449
			478	448
			478	447
			478	446
			478	445
			478	444
			478	443
			478	442
			478	441
			478	440
			478	439
			478	438
			477	437
			477	436
			477	435
			477	434
			477	433
			477	432
			477	431
			477	430
			477	429
			477	428
			476	427
			476	426
			476	425
			476	424
			476	423
			476	422
			476	421
			476	420
			476	419
			475	418
			475	417
			475	416
			475	415
			475	414
			475	413
			475	412
			475	411
			475	410
			474	410
			474	409
			474	408
			474	407
			474	406
			474	405
			474	404
			474	403
			474	402
			473	402
			473	401
			473	400
			473	399
			473	398
			473	397
			473	396
			472	395
			472	394
			472	393
			472	392
			472	391
			472	390
			472	389
			471	388
			471	387
			471	386
			471	385
			471	384
			471	383
			471	382
			470	381
			470	380
			470	379
			470	378
			470	377
			470	376
			470	375
			469	374
			469	373
			469	372
			469	371
			469	370
			469	369
			468	368
			468	367
			468	366
			468	365
			468	364
			468	363
			467	362
			467	361
			467	360
			467	359
			467	358
			467	357
			466	356
			466	355
			466	354
			466	353
			466	352
			466	351
			465	350
			465	349
			465	348
			465	347
			465	346
			465	345
			464	344
			464	343
			464	342
			464	341
			464	340
			464	339
			463	338
			463	337
			463	336
			463	335
			463	334
			463	333
			462	332
			462	331
			462	330
			462	329
			462	328
			462	327
			461	326
			461	325
			461	324
			461	323
			461	322
			460	321
			460	320
			460	319
			460	318
			460	317
			460	316
			459	315
			459	314
			459	313
			459	312
			459	311
			458	310
			458	309
			458	308
			458	307
			458	306
			458	305
			457	304
			457	303
			457	302
			457	301
			457	300
			456	299
			456	298
			456	297
			456	296
			456	295
			456	294
			455	293
			455	292
			455	291
		</posterior>
	</curves.pixel>
	<curves.scaled type=list>
		<glabella type=matrix rownames=FALSE colnames=FALSE nrow=257 ncol=2 as.numeric=TRUE >
			14.9970008997001	-2.93941217634122
			15.0569889032989	-2.93941217634122
			15.1169769068977	-2.93941217634122
			15.1769649104965	-2.99940017994002
			15.2369529140953	-2.99940017994002
			15.2969409176941	-2.99940017994002
			15.3569289212929	-2.99940017994002
			15.4169169248917	-3.05938818353882
			15.4769049284905	-3.05938818353882
			15.5368929320893	-3.05938818353882
			15.5968809356881	-3.05938818353882
			15.6568689392869	-3.11937618713762
			15.7168569428857	-3.11937618713762
			15.7768449464845	-3.11937618713762
			15.8368329500833	-3.17936419073642
			15.8968209536821	-3.17936419073642
			15.9568089572809	-3.23935219433522
			16.0167969608797	-3.23935219433522
			16.0767849644785	-3.29934019793402
			16.1367729680773	-3.29934019793402
			16.1967609716761	-3.35932820153282
			16.2567489752749	-3.35932820153282
			16.3167369788737	-3.41931620513162
			16.3767249824725	-3.47930420873042
			16.4367129860713	-3.47930420873042
			16.4967009896701	-3.53929221232922
			16.5566889932689	-3.59928021592803
			16.6166769968677	-3.59928021592803
			16.6766650004665	-3.65926821952683
			16.7366530040653	-3.71925622312563
			16.7966410076641	-3.77924422672443
			16.8566290112629	-3.83923223032323
			16.9166170148617	-3.83923223032323
			16.9766050184605	-3.89922023392203
			17.0365930220593	-3.95920823752083
			17.0965810256581	-4.01919624111963
			17.1565690292569	-4.07918424471843
			17.1565690292569	-4.13917224831723
			17.2165570328557	-4.19916025191603
			17.2765450364545	-4.25914825551483
			17.3365330400533	-4.31913625911363
			17.3965210436521	-4.37912426271243
			17.4565090472509	-4.43911226631123
			17.4565090472509	-4.49910026991003
			17.5164970508497	-4.55908827350883
			17.5764850544485	-4.61907627710763
			17.6364730580473	-4.67906428070643
			17.6364730580473	-4.73905228430523
			17.6364730580473	-4.79904028790403
			17.6964610616461	-4.85902829150283
			17.6964610616461	-4.91901629510163
			17.6964610616461	-4.97900429870043
			17.7564490652449	-5.03899230229924
			17.7564490652449	-5.09898030589804
			17.7564490652449	-5.15896830949684
			17.8164370688437	-5.21895631309564
			17.8164370688437	-5.27894431669444
			17.8164370688437	-5.33893232029324
			17.8764250724425	-5.39892032389204
			17.8764250724425	-5.45890832749084
			17.8764250724425	-5.51889633108964
			17.9364130760413	-5.57888433468844
			17.9364130760413	-5.63887233828724
			17.9964010796401	-5.69886034188604
			17.9964010796401	-5.75884834548484
			17.9964010796401	-5.81883634908364
			18.0563890832389	-5.87882435268244
			18.0563890832389	-5.93881235628124
			18.0563890832389	-5.99880035988004
			18.1163770868377	-6.05878836347884
			18.1163770868377	-6.11877636707764
			18.1163770868377	-6.17876437067644
			18.1763650904365	-6.23875237427524
			18.1763650904365	-6.29874037787404
			18.1763650904365	-6.35872838147284
			18.2363530940353	-6.41871638507165
			18.2363530940353	-6.47870438867045
			18.2363530940353	-6.53869239226925
			18.2963410976341	-6.59868039586805
			18.2963410976341	-6.65866839946685
			18.2963410976341	-6.71865640306565
			18.3563291012329	-6.77864440666445
			18.3563291012329	-6.83863241026325
			18.3563291012329	-6.89862041386205
			18.3563291012329	-6.95860841746085
			18.4163171048317	-7.01859642105965
			18.4163171048317	-7.07858442465845
			18.4163171048317	-7.13857242825725
			18.4163171048317	-7.19856043185605
			18.4763051084305	-7.25854843545485
			18.4763051084305	-7.31853643905365
			18.4763051084305	-7.37852444265245
			18.5362931120293	-7.43851244625125
			18.5362931120293	-7.49850044985005
			18.5362931120293	-7.55848845344885
			18.5362931120293	-7.61847645704765
			18.5962811156281	-7.67846446064645
			18.5962811156281	-7.73845246424525
			18.5962811156281	-7.79844046784406
			18.5962811156281	-7.85842847144286
			18.6562691192269	-7.91841647504166
			18.6562691192269	-7.97840447864046
			18.6562691192269	-8.03839248223926
			18.6562691192269	-8.09838048583806
			18.7162571228257	-8.15836848943686
			18.7162571228257	-8.21835649303566
			18.7162571228257	-8.27834449663446
			18.7162571228257	-8.33833250023326
			18.7762451264245	-8.39832050383206
			18.7762451264245	-8.45830850743086
			18.7762451264245	-8.51829651102966
			18.7762451264245	-8.57828451462846
			18.7762451264245	-8.63827251822726
			18.8362331300233	-8.69826052182606
			18.8362331300233	-8.75824852542486
			18.8362331300233	-8.81823652902366
			18.8362331300233	-8.87822453262246
			18.8362331300233	-8.93821253622126
			18.8962211336221	-8.99820053982006
			18.8962211336221	-9.05818854341886
			18.8962211336221	-9.11817654701767
			18.8962211336221	-9.17816455061647
			18.8962211336221	-9.23815255421527
			18.8962211336221	-9.29814055781407
			18.9562091372209	-9.35812856141287
			18.9562091372209	-9.41811656501167
			18.9562091372209	-9.47810456861047
			18.9562091372209	-9.53809257220927
			18.9562091372209	-9.59808057580807
			18.9562091372209	-9.65806857940687
			18.9562091372209	-9.71805658300567
			19.0161971408197	-9.77804458660447
			19.0161971408197	-9.83803259020327
			19.0161971408197	-9.89802059380207
			19.0161971408197	-9.95800859740087
			19.0161971408197	-10.0179966009997
			19.0161971408197	-10.0779846045985
			19.0161971408197	-10.1379726081973
			19.0161971408197	-10.1979606117961
			19.0161971408197	-10.2579486153949
			19.0761851444185	-10.3179366189937
			19.0761851444185	-10.3779246225925
			19.0761851444185	-10.4379126261913
			19.0761851444185	-10.4979006297901
			19.0761851444185	-10.5578886333889
			19.0761851444185	-10.6178766369877
			19.0761851444185	-10.6778646405865
			19.0761851444185	-10.7378526441853
			19.0761851444185	-10.7978406477841
			19.0761851444185	-10.8578286513829
			19.0761851444185	-10.9178166549817
			19.0761851444185	-10.9778046585805
			19.1361731480173	-11.0377926621793
			19.1361731480173	-11.0977806657781
			19.1361731480173	-11.1577686693769
			19.1361731480173	-11.2177566729757
			19.1961611516161	-11.2777446765745
			19.1961611516161	-11.3377326801733
			19.1961611516161	-11.3977206837721
			19.1961611516161	-11.4577086873709
			19.1961611516161	-11.5176966909697
			19.2561491552149	-11.5776846945685
			19.2561491552149	-11.6376726981673
			19.2561491552149	-11.6976607017661
			19.2561491552149	-11.7576487053649
			19.2561491552149	-11.8176367089637
			19.3161371588137	-11.8776247125625
			19.3161371588137	-11.9376127161613
			19.3161371588137	-11.9976007197601
			19.3161371588137	-12.0575887233589
			19.3161371588137	-12.1175767269577
			19.3761251624125	-12.1775647305565
			19.3761251624125	-12.2375527341553
			19.3761251624125	-12.2975407377541
			19.3761251624125	-12.3575287413529
			19.3761251624125	-12.4175167449517
			19.3761251624125	-12.4775047485505
			19.4361131660113	-12.5374927521493
			19.4361131660113	-12.5974807557481
			19.4361131660113	-12.6574687593469
			19.4361131660113	-12.7174567629457
			19.4361131660113	-12.7774447665445
			19.4361131660113	-12.8374327701433
			19.4961011696101	-12.8974207737421
			19.4961011696101	-12.9574087773409
			19.4961011696101	-13.0173967809397
			19.4961011696101	-13.0773847845385
			19.4961011696101	-13.1373727881373
			19.4961011696101	-13.1973607917361
			19.4961011696101	-13.2573487953349
			19.4961011696101	-13.3173367989337
			19.5560891732089	-13.3773248025325
			19.5560891732089	-13.4373128061313
			19.5560891732089	-13.4973008097301
			19.5560891732089	-13.5572888133289
			19.5560891732089	-13.6172768169277
			19.5560891732089	-13.6772648205265
			19.5560891732089	-13.7372528241253
			19.5560891732089	-13.7972408277241
			19.6160771768077	-13.8572288313229
			19.6160771768077	-13.9172168349217
			19.6160771768077	-13.9772048385205
			19.6160771768077	-14.0371928421193
			19.6160771768077	-14.0971808457181
			19.6160771768077	-14.1571688493169
			19.6160771768077	-14.2171568529157
			19.6160771768077	-14.2771448565145
			19.6160771768077	-14.3371328601133
			19.6160771768077	-14.3971208637121
			19.6160771768077	-14.4571088673109
			19.6160771768077	-14.5170968709097
			19.6760651804065	-14.5170968709097
			19.6760651804065	-14.5770848745085
			19.6760651804065	-14.6370728781073
			19.6760651804065	-14.6970608817061
			19.6760651804065	-14.7570488853049
			19.6760651804065	-14.8170368889037
			19.6760651804065	-14.8770248925025
			19.6760651804065	-14.9370128961013
			19.6760651804065	-14.9970008997001
			19.6760651804065	-15.0569889032989
			19.6760651804065	-15.1169769068977
			19.6760651804065	-15.1769649104965
			19.6760651804065	-15.2369529140953
			19.6760651804065	-15.2969409176941
			19.6760651804065	-15.3569289212929
			19.6760651804065	-15.4169169248917
			19.6760651804065	-15.4769049284905
			19.6760651804065	-15.5368929320893
			19.6760651804065	-15.5968809356881
			19.6760651804065	-15.6568689392869
			19.6160771768077	-15.7168569428857
			19.6160771768077	-15.7768449464845
			19.6160771768077	-15.8368329500833
			19.6160771768077	-15.8968209536821
			19.6160771768077	-15.9568089572809
			19.6160771768077	-16.0167969608797
			19.6160771768077	-16.0767849644785
			19.6160771768077	-16.1367729680773
			19.5560891732089	-16.1967609716761
			19.5560891732089	-16.2567489752749
			19.5560891732089	-16.3167369788737
			19.5560891732089	-16.3767249824725
			19.5560891732089	-16.4367129860713
			19.5560891732089	-16.4967009896701
			19.4961011696101	-16.5566889932689
			19.4961011696101	-16.6166769968677
			19.4961011696101	-16.6766650004665
			19.4361131660113	-16.7366530040653
			19.4361131660113	-16.7966410076641
			19.4361131660113	-16.8566290112629
			19.3761251624125	-16.9166170148617
			19.3761251624125	-16.9766050184605
			19.3161371588137	-16.9766050184605
			19.3161371588137	-17.0365930220593
			19.3161371588137	-17.0965810256581
			19.2561491552149	-17.1565690292569
		</glabella>
		<suture type=matrix rownames=FALSE colnames=FALSE nrow=363 ncol=2 as.numeric=TRUE >
			14.9970008997001	-1.13977206837721
			15.0569889032989	-1.13977206837721
			15.1169769068977	-1.13977206837721
			15.1769649104965	-1.13977206837721
			15.2369529140953	-1.13977206837721
			15.2969409176941	-1.19976007197601
			15.3569289212929	-1.19976007197601
			15.4169169248917	-1.19976007197601
			15.4769049284905	-1.19976007197601
			15.5368929320893	-1.19976007197601
			15.5968809356881	-1.19976007197601
			15.6568689392869	-1.19976007197601
			15.7168569428857	-1.19976007197601
			15.7768449464845	-1.25974807557481
			15.8368329500833	-1.25974807557481
			15.8968209536821	-1.25974807557481
			15.9568089572809	-1.25974807557481
			16.0167969608797	-1.25974807557481
			16.0767849644785	-1.25974807557481
			16.1367729680773	-1.31973607917361
			16.1967609716761	-1.31973607917361
			16.2567489752749	-1.31973607917361
			16.3167369788737	-1.31973607917361
			16.3767249824725	-1.31973607917361
			16.4367129860713	-1.31973607917361
			16.4967009896701	-1.37972408277241
			16.5566889932689	-1.37972408277241
			16.6166769968677	-1.37972408277241
			16.6766650004665	-1.37972408277241
			16.7366530040653	-1.37972408277241
			16.7966410076641	-1.43971208637121
			16.8566290112629	-1.43971208637121
			16.9166170148617	-1.43971208637121
			16.9766050184605	-1.43971208637121
			17.0365930220593	-1.49970008997001
			17.0965810256581	-1.49970008997001
			17.1565690292569	-1.49970008997001
			17.2165570328557	-1.49970008997001
			17.2165570328557	-1.55968809356881
			17.2765450364545	-1.55968809356881
			17.3365330400533	-1.55968809356881
			17.3965210436521	-1.55968809356881
			17.4565090472509	-1.61967609716761
			17.5164970508497	-1.61967609716761
			17.5764850544485	-1.61967609716761
			17.6364730580473	-1.61967609716761
			17.6964610616461	-1.67966410076641
			17.7564490652449	-1.67966410076641
			17.8164370688437	-1.67966410076641
			17.8764250724425	-1.73965210436521
			17.9364130760413	-1.73965210436521
			17.9964010796401	-1.73965210436521
			18.0563890832389	-1.79964010796401
			18.1163770868377	-1.79964010796401
			18.1763650904365	-1.79964010796401
			18.2363530940353	-1.85962811156281
			18.2963410976341	-1.85962811156281
			18.3563291012329	-1.91961611516161
			18.4163171048317	-1.91961611516161
			18.4763051084305	-1.91961611516161
			18.5362931120293	-1.97960411876041
			18.5962811156281	-1.97960411876041
			18.6562691192269	-1.97960411876041
			18.7162571228257	-2.03959212235921
			18.7762451264245	-2.03959212235921
			18.8362331300233	-2.09958012595801
			18.8962211336221	-2.09958012595801
			18.9562091372209	-2.15956812955682
			19.0161971408197	-2.15956812955682
			19.0761851444185	-2.21955613315562
			19.1361731480173	-2.21955613315562
			19.1961611516161	-2.27954413675442
			19.2561491552149	-2.27954413675442
			19.3161371588137	-2.33953214035322
			19.3761251624125	-2.33953214035322
			19.4361131660113	-2.39952014395202
			19.4961011696101	-2.45950814755082
			19.5560891732089	-2.45950814755082
			19.6160771768077	-2.51949615114962
			19.6760651804065	-2.57948415474842
			19.7360531840053	-2.63947215834722
			19.7960411876041	-2.69946016194602
			19.8560291912029	-2.75944816554482
			19.9160171948017	-2.81943616914362
			19.9760051984005	-2.87942417274242
			20.0359932019993	-2.93941217634122
			20.0959812055981	-2.99940017994002
			20.0959812055981	-3.05938818353882
			20.1559692091969	-3.05938818353882
			20.1559692091969	-3.11937618713762
			20.2159572127957	-3.17936419073642
			20.2759452163945	-3.23935219433522
			20.3359332199933	-3.29934019793402
			20.3959212235921	-3.35932820153282
			20.3959212235921	-3.41931620513162
			20.4559092271909	-3.47930420873042
			20.5158972307897	-3.53929221232922
			20.5158972307897	-3.59928021592803
			20.5758852343885	-3.65926821952683
			20.6358732379873	-3.71925622312563
			20.6358732379873	-3.77924422672443
			20.6958612415861	-3.83923223032323
			20.6958612415861	-3.89922023392203
			20.7558492451849	-3.95920823752083
			20.7558492451849	-4.01919624111963
			20.8158372487837	-4.07918424471843
			20.8158372487837	-4.13917224831723
			20.8758252523825	-4.19916025191603
			20.8758252523825	-4.25914825551483
			20.8758252523825	-4.31913625911363
			20.9358132559813	-4.37912426271243
			20.9358132559813	-4.43911226631123
			20.9358132559813	-4.49910026991003
			20.8758252523825	-4.55908827350883
			20.8758252523825	-4.61907627710763
			20.8758252523825	-4.67906428070643
			20.8158372487837	-4.73905228430523
			20.8158372487837	-4.79904028790403
			20.7558492451849	-4.85902829150283
			20.7558492451849	-4.91901629510163
			20.7558492451849	-4.97900429870043
			20.6958612415861	-5.03899230229924
			20.6958612415861	-5.09898030589804
			20.6358732379873	-5.15896830949684
			20.6358732379873	-5.21895631309564
			20.6358732379873	-5.27894431669444
			20.5758852343885	-5.33893232029324
			20.5758852343885	-5.39892032389204
			20.5158972307897	-5.45890832749084
			20.5158972307897	-5.51889633108964
			20.4559092271909	-5.57888433468844
			20.4559092271909	-5.63887233828724
			20.3959212235921	-5.69886034188604
			20.3959212235921	-5.75884834548484
			20.3359332199933	-5.81883634908364
			20.3359332199933	-5.87882435268244
			20.2759452163945	-5.93881235628124
			20.2759452163945	-5.99880035988004
			20.2159572127957	-5.99880035988004
			20.2159572127957	-6.05878836347884
			20.1559692091969	-6.11877636707764
			20.1559692091969	-6.17876437067644
			20.0959812055981	-6.23875237427524
			20.0959812055981	-6.29874037787404
			20.0359932019993	-6.35872838147284
			20.0359932019993	-6.41871638507165
			19.9760051984005	-6.47870438867045
			19.9160171948017	-6.53869239226925
			19.9160171948017	-6.59868039586805
			19.8560291912029	-6.65866839946685
			19.8560291912029	-6.71865640306565
			19.7960411876041	-6.77864440666445
			19.7360531840053	-6.83863241026325
			19.7360531840053	-6.89862041386205
			19.6760651804065	-6.95860841746085
			19.6160771768077	-7.01859642105965
			19.6160771768077	-7.07858442465845
			19.5560891732089	-7.07858442465845
			19.4961011696101	-7.13857242825725
			19.4961011696101	-7.19856043185605
			19.4961011696101	-7.25854843545485
			19.4961011696101	-7.31853643905365
			19.4361131660113	-7.37852444265245
			19.4361131660113	-7.43851244625125
			19.4361131660113	-7.49850044985005
			19.4361131660113	-7.55848845344885
			19.4361131660113	-7.61847645704765
			19.4361131660113	-7.67846446064645
			19.4361131660113	-7.73845246424525
			19.4361131660113	-7.79844046784406
			19.4361131660113	-7.85842847144286
			19.4361131660113	-7.91841647504166
			19.4361131660113	-7.97840447864046
			19.4361131660113	-8.03839248223926
			19.4361131660113	-8.09838048583806
			19.4361131660113	-8.15836848943686
			19.4361131660113	-8.21835649303566
			19.4361131660113	-8.27834449663446
			19.4361131660113	-8.33833250023326
			19.4361131660113	-8.39832050383206
			19.4961011696101	-8.45830850743086
			19.4961011696101	-8.51829651102966
			19.4961011696101	-8.57828451462846
			19.5560891732089	-8.57828451462846
			19.5560891732089	-8.63827251822726
			19.5560891732089	-8.69826052182606
			19.6160771768077	-8.75824852542486
			19.6160771768077	-8.81823652902366
			19.6760651804065	-8.81823652902366
			19.6760651804065	-8.87822453262246
			19.7360531840053	-8.93821253622126
			19.7960411876041	-8.99820053982006
			19.8560291912029	-9.05818854341886
			19.9160171948017	-9.11817654701767
			19.9760051984005	-9.17816455061647
			20.0359932019993	-9.23815255421527
			20.0959812055981	-9.29814055781407
			20.1559692091969	-9.35812856141287
			20.2159572127957	-9.35812856141287
			20.2159572127957	-9.41811656501167
			20.2759452163945	-9.47810456861047
			20.3359332199933	-9.53809257220927
			20.3359332199933	-9.59808057580807
			20.3959212235921	-9.65806857940687
			20.4559092271909	-9.65806857940687
			20.4559092271909	-9.71805658300567
			20.5158972307897	-9.77804458660447
			20.5158972307897	-9.83803259020327
			20.5758852343885	-9.89802059380207
			20.5758852343885	-9.95800859740087
			20.6358732379873	-10.0179966009997
			20.6358732379873	-10.0779846045985
			20.6358732379873	-10.1379726081973
			20.6958612415861	-10.1979606117961
			20.6958612415861	-10.2579486153949
			20.6958612415861	-10.3179366189937
			20.7558492451849	-10.3779246225925
			20.7558492451849	-10.4379126261913
			20.7558492451849	-10.4979006297901
			20.7558492451849	-10.5578886333889
			20.7558492451849	-10.6178766369877
			20.7558492451849	-10.6778646405865
			20.7558492451849	-10.7378526441853
			20.7558492451849	-10.7978406477841
			20.7558492451849	-10.8578286513829
			20.7558492451849	-10.9178166549817
			20.7558492451849	-10.9778046585805
			20.7558492451849	-11.0377926621793
			20.7558492451849	-11.0977806657781
			20.7558492451849	-11.1577686693769
			20.7558492451849	-11.2177566729757
			20.6958612415861	-11.2777446765745
			20.6958612415861	-11.3377326801733
			20.6958612415861	-11.3977206837721
			20.6958612415861	-11.4577086873709
			20.6358732379873	-11.5176966909697
			20.6358732379873	-11.5776846945685
			20.6358732379873	-11.6376726981673
			20.5758852343885	-11.6976607017661
			20.5758852343885	-11.7576487053649
			20.5758852343885	-11.8176367089637
			20.5158972307897	-11.8776247125625
			20.5158972307897	-11.9376127161613
			20.5158972307897	-11.9976007197601
			20.4559092271909	-12.0575887233589
			20.4559092271909	-12.1175767269577
			20.4559092271909	-12.1775647305565
			20.4559092271909	-12.2375527341553
			20.4559092271909	-12.2975407377541
			20.4559092271909	-12.3575287413529
			20.3959212235921	-12.4175167449517
			20.3959212235921	-12.4775047485505
			20.3959212235921	-12.5374927521493
			20.3959212235921	-12.5974807557481
			20.3959212235921	-12.6574687593469
			20.3959212235921	-12.7174567629457
			20.3959212235921	-12.7774447665445
			20.3959212235921	-12.8374327701433
			20.3959212235921	-12.8974207737421
			20.3959212235921	-12.9574087773409
			20.3959212235921	-13.0173967809397
			20.3959212235921	-13.0773847845385
			20.3959212235921	-13.1373727881373
			20.3959212235921	-13.1973607917361
			20.3959212235921	-13.2573487953349
			20.3959212235921	-13.3173367989337
			20.3959212235921	-13.3773248025325
			20.3959212235921	-13.4373128061313
			20.3959212235921	-13.4973008097301
			20.3959212235921	-13.5572888133289
			20.3959212235921	-13.6172768169277
			20.3959212235921	-13.6772648205265
			20.3959212235921	-13.7372528241253
			20.3959212235921	-13.7972408277241
			20.3959212235921	-13.8572288313229
			20.3959212235921	-13.9172168349217
			20.3959212235921	-13.9772048385205
			20.3959212235921	-14.0371928421193
			20.3959212235921	-14.0971808457181
			20.3959212235921	-14.1571688493169
			20.3959212235921	-14.2171568529157
			20.3959212235921	-14.2771448565145
			20.3959212235921	-14.3371328601133
			20.3959212235921	-14.3971208637121
			20.3959212235921	-14.4571088673109
			20.3959212235921	-14.5170968709097
			20.3959212235921	-14.5770848745085
			20.3959212235921	-14.6370728781073
			20.3959212235921	-14.6970608817061
			20.3959212235921	-14.7570488853049
			20.4559092271909	-14.7570488853049
			20.4559092271909	-14.8170368889037
			20.4559092271909	-14.8770248925025
			20.4559092271909	-14.9370128961013
			20.4559092271909	-14.9970008997001
			20.4559092271909	-15.0569889032989
			20.4559092271909	-15.1169769068977
			20.4559092271909	-15.1769649104965
			20.4559092271909	-15.2369529140953
			20.4559092271909	-15.2969409176941
			20.5158972307897	-15.3569289212929
			20.5158972307897	-15.4169169248917
			20.5158972307897	-15.4769049284905
			20.5158972307897	-15.5368929320893
			20.5158972307897	-15.5968809356881
			20.5158972307897	-15.6568689392869
			20.5758852343885	-15.7168569428857
			20.5758852343885	-15.7768449464845
			20.6358732379873	-15.8368329500833
			20.6958612415861	-15.8968209536821
			20.6958612415861	-15.9568089572809
			20.7558492451849	-16.0167969608797
			20.8158372487837	-16.0767849644785
			20.8758252523825	-16.1367729680773
			20.8758252523825	-16.1967609716761
			20.9358132559813	-16.2567489752749
			20.9958012595801	-16.3167369788737
			21.0557892631789	-16.3767249824725
			21.1157772667777	-16.4367129860713
			21.1757652703765	-16.4967009896701
			21.2357532739754	-16.4967009896701
			21.2957412775742	-16.5566889932689
			21.355729281173	-16.6166769968677
			21.4157172847718	-16.6166769968677
			21.4757052883706	-16.6766650004665
			21.5356932919694	-16.6766650004665
			21.5956812955682	-16.7366530040653
			21.655669299167	-16.7366530040653
			21.7156573027658	-16.7966410076641
			21.7756453063646	-16.7966410076641
			21.8356333099634	-16.7966410076641
			21.8956213135622	-16.8566290112629
			21.955609317161	-16.8566290112629
			22.0155973207598	-16.8566290112629
			22.0755853243586	-16.9166170148617
			22.1355733279574	-16.9166170148617
			22.1955613315562	-16.9166170148617
			22.255549335155	-16.9166170148617
			22.3155373387538	-16.9166170148617
			22.3755253423526	-16.9766050184605
			22.4355133459514	-16.9766050184605
			22.4955013495502	-16.9766050184605
			22.555489353149	-16.9766050184605
			22.6154773567478	-16.9766050184605
			22.6754653603466	-16.9766050184605
			22.6754653603466	-17.0365930220593
			22.7354533639454	-17.0365930220593
			22.7354533639454	-17.0965810256581
			22.7954413675442	-17.0965810256581
			22.855429371143	-17.1565690292569
			22.9154173747418	-17.1565690292569
			22.9154173747418	-17.2165570328557
			22.9754053783406	-17.2765450364545
			23.0353933819394	-17.2765450364545
			23.0353933819394	-17.3365330400533
			23.0953813855382	-17.3365330400533
			23.155369389137	-17.3965210436521
			23.2153573927358	-17.4565090472509
			23.2753453963346	-17.4565090472509
			23.3353333999334	-17.5164970508497
			23.3953214035322	-17.5764850544485
			23.3953214035322	-17.6364730580473
			23.455309407131	-17.6964610616461
		</suture>
		<anterior type=matrix rownames=FALSE colnames=FALSE nrow=351 ncol=2 as.numeric=TRUE >
			14.9970008997001	-1.13977206837721
			15.0569889032989	-1.13977206837721
			15.1169769068977	-1.13977206837721
			15.1769649104965	-1.13977206837721
			15.2369529140953	-1.13977206837721
			15.2969409176941	-1.19976007197601
			15.3569289212929	-1.19976007197601
			15.4169169248917	-1.19976007197601
			15.4769049284905	-1.19976007197601
			15.5368929320893	-1.19976007197601
			15.5968809356881	-1.19976007197601
			15.6568689392869	-1.19976007197601
			15.7168569428857	-1.19976007197601
			15.7768449464845	-1.25974807557481
			15.8368329500833	-1.25974807557481
			15.8968209536821	-1.25974807557481
			15.9568089572809	-1.25974807557481
			16.0167969608797	-1.25974807557481
			16.0767849644785	-1.25974807557481
			16.1367729680773	-1.31973607917361
			16.1967609716761	-1.31973607917361
			16.2567489752749	-1.31973607917361
			16.3167369788737	-1.31973607917361
			16.3767249824725	-1.31973607917361
			16.4367129860713	-1.31973607917361
			16.4967009896701	-1.37972408277241
			16.5566889932689	-1.37972408277241
			16.6166769968677	-1.37972408277241
			16.6766650004665	-1.37972408277241
			16.7366530040653	-1.37972408277241
			16.7966410076641	-1.43971208637121
			16.8566290112629	-1.43971208637121
			16.9166170148617	-1.43971208637121
			16.9766050184605	-1.43971208637121
			17.0365930220593	-1.49970008997001
			17.0965810256581	-1.49970008997001
			17.1565690292569	-1.49970008997001
			17.2165570328557	-1.55968809356881
			17.2765450364545	-1.55968809356881
			17.3365330400533	-1.55968809356881
			17.3965210436521	-1.55968809356881
			17.4565090472509	-1.55968809356881
			17.5164970508497	-1.61967609716761
			17.5764850544485	-1.61967609716761
			17.6364730580473	-1.61967609716761
			17.6964610616461	-1.67966410076641
			17.7564490652449	-1.67966410076641
			17.8164370688437	-1.67966410076641
			17.8764250724425	-1.73965210436521
			17.9364130760413	-1.73965210436521
			17.9964010796401	-1.73965210436521
			18.0563890832389	-1.79964010796401
			18.1163770868377	-1.79964010796401
			18.1763650904365	-1.79964010796401
			18.2363530940353	-1.85962811156281
			18.2963410976341	-1.85962811156281
			18.3563291012329	-1.91961611516161
			18.4163171048317	-1.91961611516161
			18.4763051084305	-1.91961611516161
			18.5362931120293	-1.97960411876041
			18.5962811156281	-1.97960411876041
			18.6562691192269	-2.03959212235921
			18.7162571228257	-2.03959212235921
			18.7762451264245	-2.03959212235921
			18.8362331300233	-2.09958012595801
			18.8962211336221	-2.09958012595801
			18.9562091372209	-2.15956812955682
			19.0161971408197	-2.15956812955682
			19.0761851444185	-2.21955613315562
			19.1361731480173	-2.21955613315562
			19.1961611516161	-2.21955613315562
			19.2561491552149	-2.27954413675442
			19.3161371588137	-2.27954413675442
			19.3761251624125	-2.33953214035322
			19.4361131660113	-2.33953214035322
			19.4961011696101	-2.39952014395202
			19.5560891732089	-2.45950814755082
			19.6160771768077	-2.51949615114962
			19.6760651804065	-2.51949615114962
			19.7360531840053	-2.57948415474842
			19.7960411876041	-2.57948415474842
			19.7960411876041	-2.63947215834722
			19.8560291912029	-2.63947215834722
			19.9160171948017	-2.69946016194602
			19.9760051984005	-2.69946016194602
			19.9760051984005	-2.75944816554482
			20.0359932019993	-2.75944816554482
			20.0959812055981	-2.81943616914362
			20.1559692091969	-2.87942417274242
			20.2159572127957	-2.93941217634122
			20.2759452163945	-2.93941217634122
			20.3359332199933	-2.99940017994002
			20.3959212235921	-2.99940017994002
			20.4559092271909	-3.05938818353882
			20.5158972307897	-3.11937618713762
			20.5758852343885	-3.11937618713762
			20.5758852343885	-3.17936419073642
			20.6358732379873	-3.23935219433522
			20.6958612415861	-3.23935219433522
			20.7558492451849	-3.29934019793402
			20.8158372487837	-3.35932820153282
			20.8758252523825	-3.41931620513162
			20.9358132559813	-3.41931620513162
			20.9358132559813	-3.47930420873042
			20.9958012595801	-3.53929221232922
			21.0557892631789	-3.59928021592803
			21.1157772667777	-3.59928021592803
			21.1757652703765	-3.65926821952683
			21.2357532739754	-3.71925622312563
			21.2957412775742	-3.77924422672443
			21.355729281173	-3.83923223032323
			21.4157172847718	-3.89922023392203
			21.4757052883706	-3.95920823752083
			21.5356932919694	-4.01919624111963
			21.5956812955682	-4.01919624111963
			21.5956812955682	-4.07918424471843
			21.655669299167	-4.13917224831723
			21.7156573027658	-4.13917224831723
			21.7156573027658	-4.19916025191603
			21.7756453063646	-4.19916025191603
			21.8356333099634	-4.25914825551483
			21.8356333099634	-4.31913625911363
			21.8956213135622	-4.31913625911363
			21.8956213135622	-4.37912426271243
			21.955609317161	-4.43911226631123
			22.0155973207598	-4.43911226631123
			22.0155973207598	-4.49910026991003
			22.0755853243586	-4.55908827350883
			22.1355733279574	-4.55908827350883
			22.1355733279574	-4.61907627710763
			22.1955613315562	-4.67906428070643
			22.255549335155	-4.67906428070643
			22.255549335155	-4.73905228430523
			22.3155373387538	-4.79904028790403
			22.3755253423526	-4.79904028790403
			22.3755253423526	-4.85902829150283
			22.4355133459514	-4.91901629510163
			22.4955013495502	-4.97900429870043
			22.555489353149	-5.03899230229924
			22.6154773567478	-5.09898030589804
			22.6754653603466	-5.15896830949684
			22.7354533639454	-5.21895631309564
			22.7954413675442	-5.27894431669444
			22.7954413675442	-5.33893232029324
			22.855429371143	-5.39892032389204
			22.9154173747418	-5.45890832749084
			22.9754053783406	-5.45890832749084
			23.0353933819394	-5.51889633108964
			23.0353933819394	-5.57888433468844
			23.0953813855382	-5.63887233828724
			23.155369389137	-5.69886034188604
			23.2153573927358	-5.75884834548484
			23.2153573927358	-5.81883634908364
			23.2753453963346	-5.87882435268244
			23.3353333999334	-5.93881235628124
			23.3953214035322	-5.99880035988004
			23.455309407131	-6.05878836347884
			23.455309407131	-6.11877636707764
			23.5152974107298	-6.17876437067644
			23.5752854143286	-6.23875237427524
			23.6352734179274	-6.29874037787404
			23.6952614215262	-6.35872838147284
			23.6952614215262	-6.41871638507165
			23.755249425125	-6.47870438867045
			23.8152374287238	-6.53869239226925
			23.8752254323226	-6.59868039586805
			23.9352134359214	-6.65866839946685
			23.9952014395202	-6.71865640306565
			23.9952014395202	-6.77864440666445
			24.055189443119	-6.83863241026325
			24.1151774467178	-6.89862041386205
			24.1751654503166	-6.95860841746085
			24.2351534539154	-7.01859642105965
			24.2351534539154	-7.07858442465845
			24.2951414575142	-7.13857242825725
			24.355129461113	-7.19856043185605
			24.355129461113	-7.25854843545485
			24.4151174647118	-7.31853643905365
			24.4151174647118	-7.37852444265245
			24.4751054683106	-7.43851244625125
			24.4751054683106	-7.49850044985005
			24.5350934719094	-7.55848845344885
			24.5350934719094	-7.61847645704765
			24.5950814755082	-7.67846446064645
			24.5950814755082	-7.73845246424525
			24.655069479107	-7.79844046784406
			24.655069479107	-7.85842847144286
			24.7150574827058	-7.91841647504166
			24.7150574827058	-7.97840447864046
			24.7750454863046	-8.03839248223926
			24.7750454863046	-8.09838048583806
			24.8350334899034	-8.15836848943686
			24.8350334899034	-8.21835649303566
			24.8950214935022	-8.27834449663446
			24.8950214935022	-8.33833250023326
			24.955009497101	-8.33833250023326
			24.955009497101	-8.39832050383206
			25.0149975006998	-8.45830850743086
			25.0149975006998	-8.51829651102966
			25.0749855042986	-8.57828451462846
			25.0749855042986	-8.63827251822726
			25.1349735078974	-8.69826052182606
			25.1349735078974	-8.75824852542486
			25.1949615114962	-8.81823652902366
			25.1949615114962	-8.87822453262246
			25.1949615114962	-8.93821253622126
			25.254949515095	-8.99820053982006
			25.254949515095	-9.05818854341886
			25.3149375186938	-9.11817654701767
			25.3149375186938	-9.17816455061647
			25.3749255222926	-9.23815255421527
			25.3749255222926	-9.29814055781407
			25.4349135258914	-9.35812856141287
			25.4349135258914	-9.41811656501167
			25.4349135258914	-9.47810456861047
			25.4949015294902	-9.53809257220927
			25.554889533089	-9.59808057580807
			25.554889533089	-9.65806857940687
			25.554889533089	-9.71805658300567
			25.554889533089	-9.77804458660447
			25.6148775366878	-9.77804458660447
			25.6148775366878	-9.83803259020327
			25.6148775366878	-9.89802059380207
			25.6748655402866	-9.89802059380207
			25.6748655402866	-9.95800859740087
			25.6748655402866	-10.0179966009997
			25.7348535438854	-10.0179966009997
			25.7348535438854	-10.0779846045985
			25.7348535438854	-10.1379726081973
			25.7948415474842	-10.1979606117961
			25.7948415474842	-10.2579486153949
			25.7948415474842	-10.3179366189937
			25.854829551083	-10.3779246225925
			25.854829551083	-10.4379126261913
			25.854829551083	-10.4979006297901
			25.9148175546818	-10.5578886333889
			25.9148175546818	-10.6178766369877
			25.9748055582806	-10.6778646405865
			25.9748055582806	-10.7378526441853
			26.0347935618794	-10.7978406477841
			26.0347935618794	-10.8578286513829
			26.0347935618794	-10.9178166549817
			26.0947815654782	-10.9778046585805
			26.0947815654782	-11.0377926621793
			26.0947815654782	-11.0977806657781
			26.154769569077	-11.1577686693769
			26.154769569077	-11.2177566729757
			26.154769569077	-11.2777446765745
			26.2147575726758	-11.3377326801733
			26.2147575726758	-11.3977206837721
			26.2147575726758	-11.4577086873709
			26.2747455762746	-11.5176966909697
			26.2747455762746	-11.5776846945685
			26.2747455762746	-11.6376726981673
			26.3347335798734	-11.6976607017661
			26.3347335798734	-11.7576487053649
			26.3347335798734	-11.8176367089637
			26.3947215834722	-11.8776247125625
			26.3947215834722	-11.9376127161613
			26.3947215834722	-11.9976007197601
			26.3947215834722	-12.0575887233589
			26.454709587071	-12.1175767269577
			26.454709587071	-12.1775647305565
			26.454709587071	-12.2375527341553
			26.5146975906698	-12.2975407377541
			26.5146975906698	-12.3575287413529
			26.5146975906698	-12.4175167449517
			26.5746855942686	-12.4775047485505
			26.5746855942686	-12.5374927521493
			26.5746855942686	-12.5974807557481
			26.5746855942686	-12.6574687593469
			26.6346735978674	-12.7174567629457
			26.6346735978674	-12.7774447665445
			26.6346735978674	-12.8374327701433
			26.6346735978674	-12.8974207737421
			26.6946616014662	-12.9574087773409
			26.6946616014662	-13.0173967809397
			26.6946616014662	-13.0773847845385
			26.6946616014662	-13.1373727881373
			26.754649605065	-13.1973607917361
			26.754649605065	-13.2573487953349
			26.754649605065	-13.3173367989337
			26.754649605065	-13.3773248025325
			26.8146376086638	-13.4373128061313
			26.8146376086638	-13.4973008097301
			26.8146376086638	-13.5572888133289
			26.8146376086638	-13.6172768169277
			26.8146376086638	-13.6772648205265
			26.8746256122626	-13.7372528241253
			26.8746256122626	-13.7972408277241
			26.8746256122626	-13.8572288313229
			26.8746256122626	-13.9172168349217
			26.9346136158614	-13.9772048385205
			26.9346136158614	-14.0371928421193
			26.9346136158614	-14.0971808457181
			26.9346136158614	-14.1571688493169
			26.9346136158614	-14.2171568529157
			26.9346136158614	-14.2771448565145
			26.9946016194602	-14.3371328601133
			26.9946016194602	-14.3971208637121
			26.9946016194602	-14.4571088673109
			26.9946016194602	-14.5170968709097
			26.9946016194602	-14.5770848745085
			27.054589623059	-14.6370728781073
			27.054589623059	-14.6970608817061
			27.054589623059	-14.7570488853049
			27.054589623059	-14.8170368889037
			27.054589623059	-14.8770248925025
			27.054589623059	-14.9370128961013
			27.054589623059	-14.9970008997001
			27.1145776266578	-15.0569889032989
			27.1145776266578	-15.1169769068977
			27.1145776266578	-15.1769649104965
			27.1145776266578	-15.2369529140953
			27.1145776266578	-15.2969409176941
			27.1145776266578	-15.3569289212929
			27.1145776266578	-15.4169169248917
			27.1745656302566	-15.4769049284905
			27.1745656302566	-15.5368929320893
			27.1745656302566	-15.5968809356881
			27.1745656302566	-15.6568689392869
			27.1745656302566	-15.7168569428857
			27.1745656302566	-15.7768449464845
			27.1745656302566	-15.8368329500833
			27.1745656302566	-15.8968209536821
			27.1745656302566	-15.9568089572809
			27.2345536338554	-16.0167969608797
			27.2345536338554	-16.0767849644785
			27.2345536338554	-16.1367729680773
			27.2345536338554	-16.1967609716761
			27.2345536338554	-16.2567489752749
			27.2345536338554	-16.3167369788737
			27.2345536338554	-16.3767249824725
			27.2345536338554	-16.4367129860713
			27.2345536338554	-16.4967009896701
			27.2345536338554	-16.5566889932689
			27.2345536338554	-16.6166769968677
			27.2345536338554	-16.6766650004665
			27.2945416374542	-16.7366530040653
			27.2945416374542	-16.7966410076641
			27.2945416374542	-16.8566290112629
			27.2945416374542	-16.9166170148617
			27.2945416374542	-16.9766050184605
			27.2945416374542	-17.0365930220593
			27.2945416374542	-17.0965810256581
			27.2945416374542	-17.1565690292569
			27.2945416374542	-17.2165570328557
			27.2945416374542	-17.2765450364545
			27.2945416374542	-17.3365330400533
			27.2945416374542	-17.3965210436521
			27.2945416374542	-17.4565090472509
		</anterior>
		<posterior type=matrix rownames=FALSE colnames=FALSE nrow=542 ncol=2 as.numeric=TRUE >
			14.9970008997001	-17.4565090472509
			15.0569889032989	-17.4565090472509
			15.1169769068977	-17.4565090472509
			15.1769649104965	-17.5164970508497
			15.2369529140953	-17.5164970508497
			15.2969409176941	-17.5164970508497
			15.3569289212929	-17.5164970508497
			15.4169169248917	-17.5764850544485
			15.4769049284905	-17.5764850544485
			15.5368929320893	-17.5764850544485
			15.5968809356881	-17.5764850544485
			15.6568689392869	-17.5764850544485
			15.7168569428857	-17.6364730580473
			15.7768449464845	-17.6364730580473
			15.8368329500833	-17.6364730580473
			15.8968209536821	-17.6364730580473
			15.9568089572809	-17.6364730580473
			16.0167969608797	-17.6364730580473
			16.0767849644785	-17.6964610616461
			16.1367729680773	-17.6964610616461
			16.1967609716761	-17.6964610616461
			16.2567489752749	-17.6964610616461
			16.3167369788737	-17.6964610616461
			16.3767249824725	-17.6964610616461
			16.4367129860713	-17.6964610616461
			16.4967009896701	-17.7564490652449
			16.5566889932689	-17.7564490652449
			16.6166769968677	-17.7564490652449
			16.6766650004665	-17.7564490652449
			16.7366530040653	-17.7564490652449
			16.7966410076641	-17.7564490652449
			16.8566290112629	-17.7564490652449
			16.9166170148617	-17.7564490652449
			16.9766050184605	-17.7564490652449
			17.0365930220593	-17.7564490652449
			17.0965810256581	-17.7564490652449
			17.1565690292569	-17.7564490652449
			17.2165570328557	-17.7564490652449
			17.2765450364545	-17.7564490652449
			17.3365330400533	-17.7564490652449
			17.3965210436521	-17.7564490652449
			17.4565090472509	-17.7564490652449
			17.5164970508497	-17.7564490652449
			17.5764850544485	-17.7564490652449
			17.6364730580473	-17.7564490652449
			17.6964610616461	-17.6964610616461
			17.7564490652449	-17.6964610616461
			17.8164370688437	-17.6964610616461
			17.8764250724425	-17.6964610616461
			17.9364130760413	-17.6964610616461
			17.9964010796401	-17.6964610616461
			18.0563890832389	-17.6364730580473
			18.1163770868377	-17.6364730580473
			18.1763650904365	-17.6364730580473
			18.2363530940353	-17.6364730580473
			18.2963410976341	-17.5764850544485
			18.3563291012329	-17.5764850544485
			18.4163171048317	-17.5764850544485
			18.4763051084305	-17.5164970508497
			18.5362931120293	-17.5164970508497
			18.5962811156281	-17.5164970508497
			18.6562691192269	-17.4565090472509
			18.7162571228257	-17.4565090472509
			18.7762451264245	-17.3965210436521
			18.8362331300233	-17.3965210436521
			18.8962211336221	-17.3365330400533
			18.9562091372209	-17.3365330400533
			19.0161971408197	-17.2765450364545
			19.0761851444185	-17.2165570328557
			19.1361731480173	-17.2165570328557
			19.1961611516161	-17.1565690292569
			19.2561491552149	-17.1565690292569
			19.3161371588137	-17.2165570328557
			19.3761251624125	-17.2165570328557
			19.4361131660113	-17.2165570328557
			19.4961011696101	-17.2765450364545
			19.5560891732089	-17.2765450364545
			19.6160771768077	-17.2765450364545
			19.6760651804065	-17.3365330400533
			19.7360531840053	-17.3365330400533
			19.7960411876041	-17.3365330400533
			19.8560291912029	-17.3365330400533
			19.9160171948017	-17.3965210436521
			19.9760051984005	-17.3965210436521
			20.0359932019993	-17.3965210436521
			20.0959812055981	-17.3965210436521
			20.1559692091969	-17.4565090472509
			20.2159572127957	-17.4565090472509
			20.2759452163945	-17.4565090472509
			20.3359332199933	-17.4565090472509
			20.3959212235921	-17.5164970508497
			20.4559092271909	-17.5164970508497
			20.5158972307897	-17.5164970508497
			20.5758852343885	-17.5164970508497
			20.6358732379873	-17.5164970508497
			20.6958612415861	-17.5764850544485
			20.7558492451849	-17.5764850544485
			20.8158372487837	-17.5764850544485
			20.8758252523825	-17.5764850544485
			20.9358132559813	-17.5764850544485
			20.9958012595801	-17.5764850544485
			21.0557892631789	-17.6364730580473
			21.1157772667777	-17.6364730580473
			21.1757652703765	-17.6364730580473
			21.2357532739754	-17.6364730580473
			21.2957412775742	-17.6364730580473
			21.355729281173	-17.6364730580473
			21.4157172847718	-17.6364730580473
			21.4757052883706	-17.6964610616461
			21.5356932919694	-17.6964610616461
			21.5956812955682	-17.6964610616461
			21.655669299167	-17.6964610616461
			21.7156573027658	-17.6964610616461
			21.7756453063646	-17.6964610616461
			21.8356333099634	-17.6964610616461
			21.8956213135622	-17.6964610616461
			21.955609317161	-17.6964610616461
			22.0155973207598	-17.6964610616461
			22.0755853243586	-17.6964610616461
			22.1355733279574	-17.6964610616461
			22.1955613315562	-17.7564490652449
			22.255549335155	-17.7564490652449
			22.3155373387538	-17.7564490652449
			22.3755253423526	-17.7564490652449
			22.4355133459514	-17.7564490652449
			22.4955013495502	-17.7564490652449
			22.555489353149	-17.7564490652449
			22.6154773567478	-17.7564490652449
			22.6754653603466	-17.7564490652449
			22.7354533639454	-17.7564490652449
			22.7954413675442	-17.7564490652449
			22.855429371143	-17.7564490652449
			22.9154173747418	-17.6964610616461
			22.9754053783406	-17.6964610616461
			23.0353933819394	-17.6964610616461
			23.0953813855382	-17.6964610616461
			23.155369389137	-17.6964610616461
			23.2153573927358	-17.6964610616461
			23.2753453963346	-17.6964610616461
			23.3353333999334	-17.6964610616461
			23.3953214035322	-17.6964610616461
			23.455309407131	-17.6964610616461
			23.5152974107298	-17.6964610616461
			23.5752854143286	-17.7564490652449
			23.6352734179274	-17.7564490652449
			23.6952614215262	-17.7564490652449
			23.755249425125	-17.7564490652449
			23.8152374287238	-17.8164370688437
			23.8752254323226	-17.8164370688437
			23.9352134359214	-17.8164370688437
			23.9952014395202	-17.8164370688437
			24.055189443119	-17.8764250724425
			24.1151774467178	-17.8764250724425
			24.1751654503166	-17.9364130760413
			24.2351534539154	-17.9364130760413
			24.2951414575142	-17.9964010796401
			24.355129461113	-17.9964010796401
			24.4151174647118	-18.0563890832389
			24.4751054683106	-18.0563890832389
			24.5350934719094	-18.1163770868377
			24.5950814755082	-18.1163770868377
			24.655069479107	-18.1763650904365
			24.7150574827058	-18.2363530940353
			24.7750454863046	-18.2363530940353
			24.8350334899034	-18.2963410976341
			24.8950214935022	-18.3563291012329
			24.955009497101	-18.3563291012329
			25.0149975006998	-18.4163171048317
			25.0749855042986	-18.4763051084305
			25.0749855042986	-18.5362931120293
			25.1349735078974	-18.5962811156281
			25.1949615114962	-18.5962811156281
			25.254949515095	-18.6562691192269
			25.3149375186938	-18.7162571228257
			25.3749255222926	-18.7762451264245
			25.4349135258914	-18.8362331300233
			25.4349135258914	-18.8962211336221
			25.4949015294902	-18.9562091372209
			25.554889533089	-19.0161971408197
			25.6148775366878	-19.0761851444185
			25.6148775366878	-19.1361731480173
			25.6748655402866	-19.1961611516161
			25.7348535438854	-19.2561491552149
			25.7948415474842	-19.3161371588137
			25.7948415474842	-19.3761251624125
			25.854829551083	-19.4361131660113
			25.9148175546818	-19.4961011696101
			25.9148175546818	-19.5560891732089
			25.9148175546818	-19.6160771768077
			25.9748055582806	-19.6160771768077
			25.9748055582806	-19.6760651804065
			26.0347935618794	-19.7360531840053
			26.0347935618794	-19.7960411876041
			26.0947815654782	-19.8560291912029
			26.0947815654782	-19.9160171948017
			26.154769569077	-19.9760051984005
			26.154769569077	-20.0359932019993
			26.2147575726758	-20.0959812055981
			26.2147575726758	-20.1559692091969
			26.2747455762746	-20.2159572127957
			26.2747455762746	-20.2759452163945
			26.2747455762746	-20.3359332199933
			26.3347335798734	-20.3959212235921
			26.3347335798734	-20.4559092271909
			26.3947215834722	-20.5158972307897
			26.3947215834722	-20.5758852343885
			26.3947215834722	-20.6358732379873
			26.454709587071	-20.6958612415861
			26.454709587071	-20.7558492451849
			26.5146975906698	-20.8158372487837
			26.5146975906698	-20.8758252523825
			26.5146975906698	-20.9358132559813
			26.5746855942686	-20.9958012595801
			26.5746855942686	-21.0557892631789
			26.5746855942686	-21.1157772667777
			26.6346735978674	-21.1757652703765
			26.6346735978674	-21.2357532739754
			26.6346735978674	-21.2957412775742
			26.6346735978674	-21.355729281173
			26.6946616014662	-21.4157172847718
			26.6946616014662	-21.4757052883706
			26.6946616014662	-21.5356932919694
			26.754649605065	-21.5956812955682
			26.754649605065	-21.655669299167
			26.754649605065	-21.7156573027658
			26.754649605065	-21.7756453063646
			26.8146376086638	-21.8356333099634
			26.8146376086638	-21.8956213135622
			26.8146376086638	-21.955609317161
			26.8146376086638	-22.0155973207598
			26.8746256122626	-22.0755853243586
			26.8746256122626	-22.1355733279574
			26.8746256122626	-22.1955613315562
			26.8746256122626	-22.255549335155
			26.9346136158614	-22.3155373387538
			26.9346136158614	-22.3755253423526
			26.9346136158614	-22.4355133459514
			26.9346136158614	-22.4955013495502
			26.9346136158614	-22.555489353149
			26.9946016194602	-22.6154773567478
			26.9946016194602	-22.6754653603466
			26.9946016194602	-22.7354533639454
			26.9946016194602	-22.7954413675442
			26.9946016194602	-22.855429371143
			26.9946016194602	-22.9154173747418
			27.054589623059	-22.9154173747418
			27.054589623059	-22.9754053783406
			27.054589623059	-23.0353933819394
			27.054589623059	-23.0953813855382
			27.1145776266578	-23.155369389137
			27.1145776266578	-23.2153573927358
			27.1145776266578	-23.2753453963346
			27.1145776266578	-23.3353333999334
			27.1145776266578	-23.3953214035322
			27.1745656302566	-23.3953214035322
			27.1745656302566	-23.455309407131
			27.1745656302566	-23.5152974107298
			27.1745656302566	-23.5752854143286
			27.1745656302566	-23.6352734179274
			27.2345536338554	-23.6352734179274
			27.2345536338554	-23.6952614215262
			27.2345536338554	-23.755249425125
			27.2345536338554	-23.8152374287238
			27.2945416374542	-23.8752254323226
			27.2945416374542	-23.9352134359214
			27.2945416374542	-23.9952014395202
			27.2945416374542	-24.055189443119
			27.354529641053	-24.1151774467178
			27.354529641053	-24.1751654503166
			27.354529641053	-24.2351534539154
			27.354529641053	-24.2951414575142
			27.4145176446518	-24.355129461113
			27.4145176446518	-24.4151174647118
			27.4145176446518	-24.4751054683106
			27.4145176446518	-24.5350934719094
			27.4745056482506	-24.5950814755082
			27.4745056482506	-24.655069479107
			27.4745056482506	-24.7150574827058
			27.4745056482506	-24.7750454863046
			27.5344936518494	-24.8350334899034
			27.5344936518494	-24.8950214935022
			27.5344936518494	-24.955009497101
			27.5344936518494	-25.0149975006998
			27.5944816554482	-25.0749855042986
			27.5944816554482	-25.1349735078974
			27.5944816554482	-25.1949615114962
			27.5944816554482	-25.254949515095
			27.654469659047	-25.3149375186938
			27.654469659047	-25.3749255222926
			27.654469659047	-25.4349135258914
			27.654469659047	-25.4949015294902
			27.7144576626458	-25.554889533089
			27.7144576626458	-25.6148775366878
			27.7144576626458	-25.6748655402866
			27.7144576626458	-25.7348535438854
			27.7744456662446	-25.7948415474842
			27.7744456662446	-25.854829551083
			27.7744456662446	-25.9148175546818
			27.7744456662446	-25.9748055582806
			27.8344336698434	-26.0347935618794
			27.8344336698434	-26.0947815654782
			27.8344336698434	-26.154769569077
			27.8944216734422	-26.2147575726758
			27.8944216734422	-26.2747455762746
			27.8944216734422	-26.3347335798734
			27.8944216734422	-26.3947215834722
			27.954409677041	-26.454709587071
			27.954409677041	-26.5146975906698
			27.954409677041	-26.5746855942686
			27.954409677041	-26.6346735978674
			28.0143976806398	-26.6946616014662
			28.0143976806398	-26.754649605065
			28.0143976806398	-26.8146376086638
			28.0143976806398	-26.8746256122626
			28.0143976806398	-26.9346136158614
			28.0743856842386	-26.9946016194602
			28.0743856842386	-27.054589623059
			28.0743856842386	-27.1145776266578
			28.1343736878374	-27.1745656302566
			28.1343736878374	-27.2345536338554
			28.1343736878374	-27.2945416374542
			28.1343736878374	-27.354529641053
			28.1943616914362	-27.4145176446518
			28.1943616914362	-27.4745056482506
			28.1943616914362	-27.5344936518494
			28.1943616914362	-27.5944816554482
			28.254349695035	-27.654469659047
			28.254349695035	-27.7144576626458
			28.254349695035	-27.7744456662446
			28.254349695035	-27.8344336698434
			28.3143376986338	-27.8944216734422
			28.3143376986338	-27.954409677041
			28.3143376986338	-28.0143976806398
			28.3143376986338	-28.0743856842386
			28.3743257022326	-28.1343736878374
			28.3743257022326	-28.1943616914362
			28.3743257022326	-28.254349695035
			28.3743257022326	-28.3143376986338
			28.4343137058314	-28.3743257022326
			28.4343137058314	-28.4343137058314
			28.4343137058314	-28.4943017094302
			28.4343137058314	-28.554289713029
			28.4943017094302	-28.554289713029
			28.4943017094302	-28.6142777166278
			28.4943017094302	-28.6742657202266
			28.4943017094302	-28.7342537238254
			28.554289713029	-28.7942417274242
			28.554289713029	-28.854229731023
			28.554289713029	-28.9142177346218
			28.6142777166278	-28.854229731023
			28.6142777166278	-28.7942417274242
			28.6142777166278	-28.7342537238254
			28.6142777166278	-28.6742657202266
			28.6742657202266	-28.6142777166278
			28.6742657202266	-28.554289713029
			28.6742657202266	-28.4943017094302
			28.6742657202266	-28.4343137058314
			28.6742657202266	-28.3743257022326
			28.6742657202266	-28.3143376986338
			28.6742657202266	-28.254349695035
			28.7342537238254	-28.1943616914362
			28.7342537238254	-28.1343736878374
			28.7342537238254	-28.0743856842386
			28.7342537238254	-28.0143976806398
			28.7342537238254	-27.954409677041
			28.7342537238254	-27.8944216734422
			28.7342537238254	-27.8344336698434
			28.7342537238254	-27.7744456662446
			28.7342537238254	-27.7144576626458
			28.7342537238254	-27.654469659047
			28.7342537238254	-27.5944816554482
			28.7342537238254	-27.5344936518494
			28.7342537238254	-27.4745056482506
			28.7342537238254	-27.4145176446518
			28.7342537238254	-27.354529641053
			28.7342537238254	-27.2945416374542
			28.7342537238254	-27.2345536338554
			28.7342537238254	-27.1745656302566
			28.7342537238254	-27.1145776266578
			28.6742657202266	-27.054589623059
			28.6742657202266	-26.9946016194602
			28.6742657202266	-26.9346136158614
			28.6742657202266	-26.8746256122626
			28.6742657202266	-26.8146376086638
			28.6742657202266	-26.754649605065
			28.6742657202266	-26.6946616014662
			28.6742657202266	-26.6346735978674
			28.6742657202266	-26.5746855942686
			28.6742657202266	-26.5146975906698
			28.6742657202266	-26.454709587071
			28.6742657202266	-26.3947215834722
			28.6742657202266	-26.3347335798734
			28.6742657202266	-26.2747455762746
			28.6142777166278	-26.2147575726758
			28.6142777166278	-26.154769569077
			28.6142777166278	-26.0947815654782
			28.6142777166278	-26.0347935618794
			28.6142777166278	-25.9748055582806
			28.6142777166278	-25.9148175546818
			28.6142777166278	-25.854829551083
			28.6142777166278	-25.7948415474842
			28.6142777166278	-25.7348535438854
			28.6142777166278	-25.6748655402866
			28.554289713029	-25.6148775366878
			28.554289713029	-25.554889533089
			28.554289713029	-25.4949015294902
			28.554289713029	-25.4349135258914
			28.554289713029	-25.3749255222926
			28.554289713029	-25.3149375186938
			28.554289713029	-25.254949515095
			28.554289713029	-25.1949615114962
			28.554289713029	-25.1349735078974
			28.4943017094302	-25.0749855042986
			28.4943017094302	-25.0149975006998
			28.4943017094302	-24.955009497101
			28.4943017094302	-24.8950214935022
			28.4943017094302	-24.8350334899034
			28.4943017094302	-24.7750454863046
			28.4943017094302	-24.7150574827058
			28.4943017094302	-24.655069479107
			28.4943017094302	-24.5950814755082
			28.4343137058314	-24.5950814755082
			28.4343137058314	-24.5350934719094
			28.4343137058314	-24.4751054683106
			28.4343137058314	-24.4151174647118
			28.4343137058314	-24.355129461113
			28.4343137058314	-24.2951414575142
			28.4343137058314	-24.2351534539154
			28.4343137058314	-24.1751654503166
			28.4343137058314	-24.1151774467178
			28.3743257022326	-24.1151774467178
			28.3743257022326	-24.055189443119
			28.3743257022326	-23.9952014395202
			28.3743257022326	-23.9352134359214
			28.3743257022326	-23.8752254323226
			28.3743257022326	-23.8152374287238
			28.3743257022326	-23.755249425125
			28.3143376986338	-23.6952614215262
			28.3143376986338	-23.6352734179274
			28.3143376986338	-23.5752854143286
			28.3143376986338	-23.5152974107298
			28.3143376986338	-23.455309407131
			28.3143376986338	-23.3953214035322
			28.3143376986338	-23.3353333999334
			28.254349695035	-23.2753453963346
			28.254349695035	-23.2153573927358
			28.254349695035	-23.155369389137
			28.254349695035	-23.0953813855382
			28.254349695035	-23.0353933819394
			28.254349695035	-22.9754053783406
			28.254349695035	-22.9154173747418
			28.1943616914362	-22.855429371143
			28.1943616914362	-22.7954413675442
			28.1943616914362	-22.7354533639454
			28.1943616914362	-22.6754653603466
			28.1943616914362	-22.6154773567478
			28.1943616914362	-22.555489353149
			28.1943616914362	-22.4955013495502
			28.1343736878374	-22.4355133459514
			28.1343736878374	-22.3755253423526
			28.1343736878374	-22.3155373387538
			28.1343736878374	-22.255549335155
			28.1343736878374	-22.1955613315562
			28.1343736878374	-22.1355733279574
			28.0743856842386	-22.0755853243586
			28.0743856842386	-22.0155973207598
			28.0743856842386	-21.955609317161
			28.0743856842386	-21.8956213135622
			28.0743856842386	-21.8356333099634
			28.0743856842386	-21.7756453063646
			28.0143976806398	-21.7156573027658
			28.0143976806398	-21.655669299167
			28.0143976806398	-21.5956812955682
			28.0143976806398	-21.5356932919694
			28.0143976806398	-21.4757052883706
			28.0143976806398	-21.4157172847718
			27.954409677041	-21.355729281173
			27.954409677041	-21.2957412775742
			27.954409677041	-21.2357532739754
			27.954409677041	-21.1757652703765
			27.954409677041	-21.1157772667777
			27.954409677041	-21.0557892631789
			27.8944216734422	-20.9958012595801
			27.8944216734422	-20.9358132559813
			27.8944216734422	-20.8758252523825
			27.8944216734422	-20.8158372487837
			27.8944216734422	-20.7558492451849
			27.8944216734422	-20.6958612415861
			27.8344336698434	-20.6358732379873
			27.8344336698434	-20.5758852343885
			27.8344336698434	-20.5158972307897
			27.8344336698434	-20.4559092271909
			27.8344336698434	-20.3959212235921
			27.8344336698434	-20.3359332199933
			27.7744456662446	-20.2759452163945
			27.7744456662446	-20.2159572127957
			27.7744456662446	-20.1559692091969
			27.7744456662446	-20.0959812055981
			27.7744456662446	-20.0359932019993
			27.7744456662446	-19.9760051984005
			27.7144576626458	-19.9160171948017
			27.7144576626458	-19.8560291912029
			27.7144576626458	-19.7960411876041
			27.7144576626458	-19.7360531840053
			27.7144576626458	-19.6760651804065
			27.7144576626458	-19.6160771768077
			27.654469659047	-19.5560891732089
			27.654469659047	-19.4961011696101
			27.654469659047	-19.4361131660113
			27.654469659047	-19.3761251624125
			27.654469659047	-19.3161371588137
			27.5944816554482	-19.2561491552149
			27.5944816554482	-19.1961611516161
			27.5944816554482	-19.1361731480173
			27.5944816554482	-19.0761851444185
			27.5944816554482	-19.0161971408197
			27.5944816554482	-18.9562091372209
			27.5344936518494	-18.8962211336221
			27.5344936518494	-18.8362331300233
			27.5344936518494	-18.7762451264245
			27.5344936518494	-18.7162571228257
			27.5344936518494	-18.6562691192269
			27.4745056482506	-18.5962811156281
			27.4745056482506	-18.5362931120293
			27.4745056482506	-18.4763051084305
			27.4745056482506	-18.4163171048317
			27.4745056482506	-18.3563291012329
			27.4745056482506	-18.2963410976341
			27.4145176446518	-18.2363530940353
			27.4145176446518	-18.1763650904365
			27.4145176446518	-18.1163770868377
			27.4145176446518	-18.0563890832389
			27.4145176446518	-17.9964010796401
			27.354529641053	-17.9364130760413
			27.354529641053	-17.8764250724425
			27.354529641053	-17.8164370688437
			27.354529641053	-17.7564490652449
			27.354529641053	-17.6964610616461
			27.354529641053	-17.6364730580473
			27.2945416374542	-17.5764850544485
			27.2945416374542	-17.5164970508497
			27.2945416374542	-17.4565090472509
		</posterior>
	</curves.scaled>
	<ruler.points type=matrix rownames=TRUE colnames=FALSE nrow=2 ncol=2 as.numeric=TRUE >
		Ruler point 1	218	431
		Ruler point 2	268	432
	</ruler.points>
</shapes>

