<shapes type=list>
	<ruler.pixel type=vector names=FALSE length=1 as.numeric=TRUE >126</ruler.pixel>
	<ruler.interval type=vector names=FALSE length=1 as.numeric=TRUE >2</ruler.interval>
	<scaling.units type=vector names=FALSE length=1 as.numeric=FALSE >mm</scaling.units>
	<scaling type=vector names=FALSE length=1 as.numeric=TRUE >0.0158730158730159</scaling>
	<landmarks.pixel type=matrix rownames=TRUE colnames=FALSE nrow=12 ncol=2 as.numeric=TRUE >
		LM1	324	76
		LM2	324	108
		LM3	324	253
		LM4	324	283
		LM5	381	183
		LM6	375	248
		LM7	384	265
		LM8	433	166
		LM9	454	211
		LM10	324	76
		LM11	517	233
		LM12	528	268
	</landmarks.pixel>
	<landmarks.scaled type=matrix rownames=TRUE colnames=FALSE nrow=12 ncol=2 as.numeric=TRUE >
		LM1	5.14285714285714	-1.20634920634921
		LM2	5.14285714285714	-1.71428571428571
		LM3	5.14285714285714	-4.01587301587302
		LM4	5.14285714285714	-4.49206349206349
		LM5	6.04761904761905	-2.9047619047619
		LM6	5.95238095238095	-3.93650793650794
		LM7	6.09523809523809	-4.20634920634921
		LM8	6.87301587301587	-2.63492063492063
		LM9	7.20634920634921	-3.34920634920635
		LM10	5.14285714285714	-1.20634920634921
		LM11	8.20634920634921	-3.6984126984127
		LM12	8.38095238095238	-4.25396825396825
	</landmarks.scaled>
	<curves.control type=list>
		<glabella type=matrix rownames=FALSE colnames=FALSE nrow=13 ncol=2 as.numeric=TRUE >
			324	108
			349	108
			360	115
			369	123
			372	132
			385	148
			379	191
			374	212
			371	231
			371	241
			375	248
			382	256
			384	265
		</glabella>
		<suture type=matrix rownames=FALSE colnames=FALSE nrow=13 ncol=2 as.numeric=TRUE >
			324	76
			353	77
			376	85
			404	91
			413	123
			417	140
			433	165
			473	204
			432	217
			487	203
			510	222
			520	227
			528	268
		</suture>
	</curves.control>
	<curves.pixel type=list>
		<glabella type=matrix rownames=FALSE colnames=FALSE nrow=189 ncol=2 as.numeric=TRUE >
			324	108
			325	108
			326	108
			327	108
			328	108
			329	108
			330	108
			331	108
			332	108
			333	108
			334	108
			335	108
			336	108
			337	109
			338	109
			339	109
			340	109
			341	109
			342	109
			343	109
			344	110
			345	110
			346	110
			347	110
			348	110
			349	110
			350	111
			351	111
			352	111
			353	112
			354	112
			355	112
			356	113
			357	113
			357	114
			358	114
			359	114
			360	115
			361	116
			362	117
			363	118
			364	119
			365	120
			366	121
			367	122
			367	123
			368	124
			369	125
			369	126
			370	127
			370	128
			371	129
			371	130
			372	131
			372	132
			373	133
			373	134
			374	135
			375	136
			375	137
			376	138
			376	139
			377	140
			377	141
			377	142
			378	143
			378	144
			378	145
			379	146
			379	147
			379	148
			379	149
			380	150
			380	151
			380	152
			380	153
			380	154
			380	155
			380	156
			381	157
			381	158
			381	159
			381	160
			381	161
			381	162
			381	163
			381	164
			381	165
			381	166
			381	167
			381	168
			381	169
			381	170
			381	171
			381	172
			381	173
			381	174
			381	175
			381	176
			381	177
			380	178
			380	179
			380	180
			380	181
			380	182
			380	183
			380	184
			380	185
			380	186
			380	187
			379	188
			379	189
			379	190
			379	191
			379	192
			379	193
			378	194
			378	195
			378	196
			378	197
			377	198
			377	199
			377	200
			377	201
			377	202
			376	203
			376	204
			376	205
			376	206
			375	207
			375	208
			375	209
			375	210
			375	211
			374	212
			374	213
			374	214
			374	215
			374	216
			374	217
			373	218
			373	219
			373	220
			373	221
			373	222
			372	222
			372	223
			372	224
			372	225
			372	226
			372	227
			371	228
			371	229
			371	230
			371	231
			371	232
			371	233
			371	234
			371	235
			371	236
			371	237
			372	238
			372	239
			372	240
			372	241
			373	242
			373	243
			373	244
			374	245
			374	246
			374	247
			375	248
			376	249
			376	250
			377	251
			378	252
			379	253
			379	254
			380	255
			381	256
			381	257
			382	258
			382	259
			382	260
			383	261
			383	262
			384	263
			384	264
			384	265
		</glabella>
		<suture type=matrix rownames=FALSE colnames=FALSE nrow=342 ncol=2 as.numeric=TRUE >
			324	76
			325	76
			326	76
			327	76
			328	76
			329	76
			330	76
			331	76
			332	76
			333	76
			334	77
			335	77
			336	77
			337	77
			338	77
			339	77
			340	77
			341	77
			342	77
			343	77
			344	78
			345	78
			346	78
			347	78
			348	78
			349	78
			350	78
			351	79
			352	79
			353	79
			354	79
			355	79
			356	80
			357	80
			358	80
			359	80
			360	80
			361	81
			362	81
			363	81
			364	81
			365	82
			366	82
			367	82
			368	83
			369	83
			370	83
			371	84
			372	84
			373	84
			374	84
			375	85
			376	85
			377	85
			378	86
			379	86
			380	86
			381	86
			382	87
			383	87
			384	87
			385	88
			386	88
			387	89
			388	89
			389	90
			390	90
			390	91
			391	91
			392	92
			393	92
			394	93
			395	93
			395	94
			396	95
			397	95
			398	96
			398	97
			399	97
			400	98
			400	99
			401	99
			402	100
			402	101
			403	102
			404	103
			405	104
			405	105
			406	106
			406	107
			407	108
			408	109
			408	110
			408	111
			409	112
			409	113
			410	113
			410	114
			410	115
			411	116
			411	117
			411	118
			412	119
			412	120
			412	121
			413	122
			413	123
			413	124
			413	125
			414	126
			414	127
			414	128
			415	129
			415	130
			415	131
			416	132
			416	133
			417	134
			417	135
			417	136
			418	137
			418	138
			418	139
			419	140
			419	141
			420	142
			420	143
			421	144
			421	145
			422	146
			422	147
			423	148
			423	149
			424	150
			424	151
			425	152
			426	153
			426	154
			427	155
			428	156
			428	157
			429	158
			429	159
			430	160
			430	161
			431	161
			431	162
			432	163
			432	164
			433	165
			434	166
			435	167
			436	168
			437	169
			438	170
			439	171
			440	172
			440	173
			441	174
			442	175
			443	175
			443	176
			444	177
			445	178
			445	179
			446	180
			447	181
			448	182
			448	183
			449	184
			449	185
			450	186
			450	187
			450	188
			451	189
			452	190
			452	191
			452	192
			452	193
			453	194
			453	195
			453	196
			453	197
			453	198
			453	199
			453	200
			452	201
			452	202
			452	203
			451	204
			451	205
			450	206
			449	207
			449	208
			448	209
			447	209
			446	210
			445	211
			444	212
			443	212
			442	213
			441	213
			440	214
			439	214
			438	215
			437	215
			436	216
			435	216
			434	216
			433	217
			432	217
			433	217
			434	216
			435	216
			436	216
			437	216
			438	216
			439	215
			440	215
			441	215
			442	215
			443	214
			444	214
			445	214
			446	214
			447	214
			448	214
			449	213
			450	213
			451	213
			452	213
			453	213
			454	213
			454	212
			455	212
			456	212
			457	212
			458	212
			459	212
			460	212
			461	212
			462	212
			463	211
			464	211
			465	211
			466	211
			467	211
			468	211
			469	211
			470	211
			471	211
			472	211
			473	211
			474	211
			475	211
			476	211
			477	211
			478	211
			479	211
			480	211
			481	211
			482	212
			483	212
			484	212
			485	212
			486	212
			487	212
			488	212
			489	213
			490	213
			491	213
			492	213
			493	213
			494	214
			495	214
			496	215
			497	215
			498	215
			499	216
			500	216
			501	216
			502	217
			503	217
			504	218
			505	218
			506	219
			507	220
			508	221
			509	221
			510	222
			511	222
			512	223
			512	224
			513	224
			514	225
			515	226
			515	227
			516	228
			516	229
			517	230
			517	231
			518	232
			518	233
			519	234
			519	235
			520	236
			520	237
			520	238
			521	239
			521	240
			521	241
			522	242
			522	243
			522	244
			522	245
			523	245
			523	246
			523	247
			523	248
			524	248
			524	249
			524	250
			524	251
			524	252
			525	252
			525	253
			525	254
			525	255
			525	256
			526	256
			526	257
			526	258
			526	259
			526	260
			527	261
			527	262
			527	263
			527	264
			527	265
			528	266
			528	267
			528	268
		</suture>
	</curves.pixel>
	<curves.scaled type=list>
		<glabella type=matrix rownames=FALSE colnames=FALSE nrow=189 ncol=2 as.numeric=TRUE >
			5.14285714285714	-1.71428571428571
			5.15873015873016	-1.71428571428571
			5.17460317460317	-1.71428571428571
			5.19047619047619	-1.71428571428571
			5.20634920634921	-1.71428571428571
			5.22222222222222	-1.71428571428571
			5.23809523809524	-1.71428571428571
			5.25396825396825	-1.71428571428571
			5.26984126984127	-1.71428571428571
			5.28571428571429	-1.71428571428571
			5.3015873015873	-1.71428571428571
			5.31746031746032	-1.71428571428571
			5.33333333333333	-1.71428571428571
			5.34920634920635	-1.73015873015873
			5.36507936507936	-1.73015873015873
			5.38095238095238	-1.73015873015873
			5.3968253968254	-1.73015873015873
			5.41269841269841	-1.73015873015873
			5.42857142857143	-1.73015873015873
			5.44444444444444	-1.73015873015873
			5.46031746031746	-1.74603174603175
			5.47619047619048	-1.74603174603175
			5.49206349206349	-1.74603174603175
			5.50793650793651	-1.74603174603175
			5.52380952380952	-1.74603174603175
			5.53968253968254	-1.74603174603175
			5.55555555555556	-1.76190476190476
			5.57142857142857	-1.76190476190476
			5.58730158730159	-1.76190476190476
			5.6031746031746	-1.77777777777778
			5.61904761904762	-1.77777777777778
			5.63492063492063	-1.77777777777778
			5.65079365079365	-1.79365079365079
			5.66666666666667	-1.79365079365079
			5.66666666666667	-1.80952380952381
			5.68253968253968	-1.80952380952381
			5.6984126984127	-1.80952380952381
			5.71428571428571	-1.82539682539683
			5.73015873015873	-1.84126984126984
			5.74603174603175	-1.85714285714286
			5.76190476190476	-1.87301587301587
			5.77777777777778	-1.88888888888889
			5.79365079365079	-1.9047619047619
			5.80952380952381	-1.92063492063492
			5.82539682539683	-1.93650793650794
			5.82539682539683	-1.95238095238095
			5.84126984126984	-1.96825396825397
			5.85714285714286	-1.98412698412698
			5.85714285714286	-2
			5.87301587301587	-2.01587301587302
			5.87301587301587	-2.03174603174603
			5.88888888888889	-2.04761904761905
			5.88888888888889	-2.06349206349206
			5.9047619047619	-2.07936507936508
			5.9047619047619	-2.09523809523809
			5.92063492063492	-2.11111111111111
			5.92063492063492	-2.12698412698413
			5.93650793650794	-2.14285714285714
			5.95238095238095	-2.15873015873016
			5.95238095238095	-2.17460317460317
			5.96825396825397	-2.19047619047619
			5.96825396825397	-2.20634920634921
			5.98412698412698	-2.22222222222222
			5.98412698412698	-2.23809523809524
			5.98412698412698	-2.25396825396825
			6	-2.26984126984127
			6	-2.28571428571429
			6	-2.3015873015873
			6.01587301587302	-2.31746031746032
			6.01587301587302	-2.33333333333333
			6.01587301587302	-2.34920634920635
			6.01587301587302	-2.36507936507937
			6.03174603174603	-2.38095238095238
			6.03174603174603	-2.3968253968254
			6.03174603174603	-2.41269841269841
			6.03174603174603	-2.42857142857143
			6.03174603174603	-2.44444444444444
			6.03174603174603	-2.46031746031746
			6.03174603174603	-2.47619047619048
			6.04761904761905	-2.49206349206349
			6.04761904761905	-2.50793650793651
			6.04761904761905	-2.52380952380952
			6.04761904761905	-2.53968253968254
			6.04761904761905	-2.55555555555556
			6.04761904761905	-2.57142857142857
			6.04761904761905	-2.58730158730159
			6.04761904761905	-2.6031746031746
			6.04761904761905	-2.61904761904762
			6.04761904761905	-2.63492063492063
			6.04761904761905	-2.65079365079365
			6.04761904761905	-2.66666666666667
			6.04761904761905	-2.68253968253968
			6.04761904761905	-2.6984126984127
			6.04761904761905	-2.71428571428571
			6.04761904761905	-2.73015873015873
			6.04761904761905	-2.74603174603175
			6.04761904761905	-2.76190476190476
			6.04761904761905	-2.77777777777778
			6.04761904761905	-2.79365079365079
			6.04761904761905	-2.80952380952381
			6.03174603174603	-2.82539682539683
			6.03174603174603	-2.84126984126984
			6.03174603174603	-2.85714285714286
			6.03174603174603	-2.87301587301587
			6.03174603174603	-2.88888888888889
			6.03174603174603	-2.9047619047619
			6.03174603174603	-2.92063492063492
			6.03174603174603	-2.93650793650794
			6.03174603174603	-2.95238095238095
			6.03174603174603	-2.96825396825397
			6.01587301587302	-2.98412698412698
			6.01587301587302	-3
			6.01587301587302	-3.01587301587302
			6.01587301587302	-3.03174603174603
			6.01587301587302	-3.04761904761905
			6.01587301587302	-3.06349206349206
			6	-3.07936507936508
			6	-3.09523809523809
			6	-3.11111111111111
			6	-3.12698412698413
			5.98412698412698	-3.14285714285714
			5.98412698412698	-3.15873015873016
			5.98412698412698	-3.17460317460317
			5.98412698412698	-3.19047619047619
			5.98412698412698	-3.20634920634921
			5.96825396825397	-3.22222222222222
			5.96825396825397	-3.23809523809524
			5.96825396825397	-3.25396825396825
			5.96825396825397	-3.26984126984127
			5.95238095238095	-3.28571428571429
			5.95238095238095	-3.3015873015873
			5.95238095238095	-3.31746031746032
			5.95238095238095	-3.33333333333333
			5.95238095238095	-3.34920634920635
			5.93650793650794	-3.36507936507936
			5.93650793650794	-3.38095238095238
			5.93650793650794	-3.3968253968254
			5.93650793650794	-3.41269841269841
			5.93650793650794	-3.42857142857143
			5.93650793650794	-3.44444444444444
			5.92063492063492	-3.46031746031746
			5.92063492063492	-3.47619047619048
			5.92063492063492	-3.49206349206349
			5.92063492063492	-3.50793650793651
			5.92063492063492	-3.52380952380952
			5.9047619047619	-3.52380952380952
			5.9047619047619	-3.53968253968254
			5.9047619047619	-3.55555555555556
			5.9047619047619	-3.57142857142857
			5.9047619047619	-3.58730158730159
			5.9047619047619	-3.6031746031746
			5.88888888888889	-3.61904761904762
			5.88888888888889	-3.63492063492063
			5.88888888888889	-3.65079365079365
			5.88888888888889	-3.66666666666667
			5.88888888888889	-3.68253968253968
			5.88888888888889	-3.6984126984127
			5.88888888888889	-3.71428571428571
			5.88888888888889	-3.73015873015873
			5.88888888888889	-3.74603174603175
			5.88888888888889	-3.76190476190476
			5.9047619047619	-3.77777777777778
			5.9047619047619	-3.79365079365079
			5.9047619047619	-3.80952380952381
			5.9047619047619	-3.82539682539683
			5.92063492063492	-3.84126984126984
			5.92063492063492	-3.85714285714286
			5.92063492063492	-3.87301587301587
			5.93650793650794	-3.88888888888889
			5.93650793650794	-3.9047619047619
			5.93650793650794	-3.92063492063492
			5.95238095238095	-3.93650793650794
			5.96825396825397	-3.95238095238095
			5.96825396825397	-3.96825396825397
			5.98412698412698	-3.98412698412698
			6	-4
			6.01587301587302	-4.01587301587302
			6.01587301587302	-4.03174603174603
			6.03174603174603	-4.04761904761905
			6.04761904761905	-4.06349206349206
			6.04761904761905	-4.07936507936508
			6.06349206349206	-4.09523809523809
			6.06349206349206	-4.11111111111111
			6.06349206349206	-4.12698412698413
			6.07936507936508	-4.14285714285714
			6.07936507936508	-4.15873015873016
			6.09523809523809	-4.17460317460317
			6.09523809523809	-4.19047619047619
			6.09523809523809	-4.20634920634921
		</glabella>
		<suture type=matrix rownames=FALSE colnames=FALSE nrow=342 ncol=2 as.numeric=TRUE >
			5.14285714285714	-1.20634920634921
			5.15873015873016	-1.20634920634921
			5.17460317460317	-1.20634920634921
			5.19047619047619	-1.20634920634921
			5.20634920634921	-1.20634920634921
			5.22222222222222	-1.20634920634921
			5.23809523809524	-1.20634920634921
			5.25396825396825	-1.20634920634921
			5.26984126984127	-1.20634920634921
			5.28571428571429	-1.20634920634921
			5.3015873015873	-1.22222222222222
			5.31746031746032	-1.22222222222222
			5.33333333333333	-1.22222222222222
			5.34920634920635	-1.22222222222222
			5.36507936507936	-1.22222222222222
			5.38095238095238	-1.22222222222222
			5.3968253968254	-1.22222222222222
			5.41269841269841	-1.22222222222222
			5.42857142857143	-1.22222222222222
			5.44444444444444	-1.22222222222222
			5.46031746031746	-1.23809523809524
			5.47619047619048	-1.23809523809524
			5.49206349206349	-1.23809523809524
			5.50793650793651	-1.23809523809524
			5.52380952380952	-1.23809523809524
			5.53968253968254	-1.23809523809524
			5.55555555555556	-1.23809523809524
			5.57142857142857	-1.25396825396825
			5.58730158730159	-1.25396825396825
			5.6031746031746	-1.25396825396825
			5.61904761904762	-1.25396825396825
			5.63492063492063	-1.25396825396825
			5.65079365079365	-1.26984126984127
			5.66666666666667	-1.26984126984127
			5.68253968253968	-1.26984126984127
			5.6984126984127	-1.26984126984127
			5.71428571428571	-1.26984126984127
			5.73015873015873	-1.28571428571429
			5.74603174603175	-1.28571428571429
			5.76190476190476	-1.28571428571429
			5.77777777777778	-1.28571428571429
			5.79365079365079	-1.3015873015873
			5.80952380952381	-1.3015873015873
			5.82539682539683	-1.3015873015873
			5.84126984126984	-1.31746031746032
			5.85714285714286	-1.31746031746032
			5.87301587301587	-1.31746031746032
			5.88888888888889	-1.33333333333333
			5.9047619047619	-1.33333333333333
			5.92063492063492	-1.33333333333333
			5.93650793650794	-1.33333333333333
			5.95238095238095	-1.34920634920635
			5.96825396825397	-1.34920634920635
			5.98412698412698	-1.34920634920635
			6	-1.36507936507937
			6.01587301587302	-1.36507936507937
			6.03174603174603	-1.36507936507937
			6.04761904761905	-1.36507936507937
			6.06349206349206	-1.38095238095238
			6.07936507936508	-1.38095238095238
			6.09523809523809	-1.38095238095238
			6.11111111111111	-1.3968253968254
			6.12698412698413	-1.3968253968254
			6.14285714285714	-1.41269841269841
			6.15873015873016	-1.41269841269841
			6.17460317460317	-1.42857142857143
			6.19047619047619	-1.42857142857143
			6.19047619047619	-1.44444444444444
			6.20634920634921	-1.44444444444444
			6.22222222222222	-1.46031746031746
			6.23809523809524	-1.46031746031746
			6.25396825396825	-1.47619047619048
			6.26984126984127	-1.47619047619048
			6.26984126984127	-1.49206349206349
			6.28571428571429	-1.50793650793651
			6.3015873015873	-1.50793650793651
			6.31746031746032	-1.52380952380952
			6.31746031746032	-1.53968253968254
			6.33333333333333	-1.53968253968254
			6.34920634920635	-1.55555555555556
			6.34920634920635	-1.57142857142857
			6.36507936507936	-1.57142857142857
			6.38095238095238	-1.58730158730159
			6.38095238095238	-1.6031746031746
			6.3968253968254	-1.61904761904762
			6.41269841269841	-1.63492063492063
			6.42857142857143	-1.65079365079365
			6.42857142857143	-1.66666666666667
			6.44444444444444	-1.68253968253968
			6.44444444444444	-1.6984126984127
			6.46031746031746	-1.71428571428571
			6.47619047619048	-1.73015873015873
			6.47619047619048	-1.74603174603175
			6.47619047619048	-1.76190476190476
			6.49206349206349	-1.77777777777778
			6.49206349206349	-1.79365079365079
			6.50793650793651	-1.79365079365079
			6.50793650793651	-1.80952380952381
			6.50793650793651	-1.82539682539683
			6.52380952380952	-1.84126984126984
			6.52380952380952	-1.85714285714286
			6.52380952380952	-1.87301587301587
			6.53968253968254	-1.88888888888889
			6.53968253968254	-1.9047619047619
			6.53968253968254	-1.92063492063492
			6.55555555555556	-1.93650793650794
			6.55555555555556	-1.95238095238095
			6.55555555555556	-1.96825396825397
			6.55555555555556	-1.98412698412698
			6.57142857142857	-2
			6.57142857142857	-2.01587301587302
			6.57142857142857	-2.03174603174603
			6.58730158730159	-2.04761904761905
			6.58730158730159	-2.06349206349206
			6.58730158730159	-2.07936507936508
			6.6031746031746	-2.09523809523809
			6.6031746031746	-2.11111111111111
			6.61904761904762	-2.12698412698413
			6.61904761904762	-2.14285714285714
			6.61904761904762	-2.15873015873016
			6.63492063492063	-2.17460317460317
			6.63492063492063	-2.19047619047619
			6.63492063492063	-2.20634920634921
			6.65079365079365	-2.22222222222222
			6.65079365079365	-2.23809523809524
			6.66666666666667	-2.25396825396825
			6.66666666666667	-2.26984126984127
			6.68253968253968	-2.28571428571429
			6.68253968253968	-2.3015873015873
			6.6984126984127	-2.31746031746032
			6.6984126984127	-2.33333333333333
			6.71428571428571	-2.34920634920635
			6.71428571428571	-2.36507936507937
			6.73015873015873	-2.38095238095238
			6.73015873015873	-2.3968253968254
			6.74603174603175	-2.41269841269841
			6.76190476190476	-2.42857142857143
			6.76190476190476	-2.44444444444444
			6.77777777777778	-2.46031746031746
			6.79365079365079	-2.47619047619048
			6.79365079365079	-2.49206349206349
			6.80952380952381	-2.50793650793651
			6.80952380952381	-2.52380952380952
			6.82539682539683	-2.53968253968254
			6.82539682539683	-2.55555555555556
			6.84126984126984	-2.55555555555556
			6.84126984126984	-2.57142857142857
			6.85714285714286	-2.58730158730159
			6.85714285714286	-2.6031746031746
			6.87301587301587	-2.61904761904762
			6.88888888888889	-2.63492063492063
			6.9047619047619	-2.65079365079365
			6.92063492063492	-2.66666666666667
			6.93650793650794	-2.68253968253968
			6.95238095238095	-2.6984126984127
			6.96825396825397	-2.71428571428571
			6.98412698412698	-2.73015873015873
			6.98412698412698	-2.74603174603175
			7	-2.76190476190476
			7.01587301587302	-2.77777777777778
			7.03174603174603	-2.77777777777778
			7.03174603174603	-2.79365079365079
			7.04761904761905	-2.80952380952381
			7.06349206349206	-2.82539682539683
			7.06349206349206	-2.84126984126984
			7.07936507936508	-2.85714285714286
			7.09523809523809	-2.87301587301587
			7.11111111111111	-2.88888888888889
			7.11111111111111	-2.9047619047619
			7.12698412698413	-2.92063492063492
			7.12698412698413	-2.93650793650794
			7.14285714285714	-2.95238095238095
			7.14285714285714	-2.96825396825397
			7.14285714285714	-2.98412698412698
			7.15873015873016	-3
			7.17460317460317	-3.01587301587302
			7.17460317460317	-3.03174603174603
			7.17460317460317	-3.04761904761905
			7.17460317460317	-3.06349206349206
			7.19047619047619	-3.07936507936508
			7.19047619047619	-3.09523809523809
			7.19047619047619	-3.11111111111111
			7.19047619047619	-3.12698412698413
			7.19047619047619	-3.14285714285714
			7.19047619047619	-3.15873015873016
			7.19047619047619	-3.17460317460317
			7.17460317460317	-3.19047619047619
			7.17460317460317	-3.20634920634921
			7.17460317460317	-3.22222222222222
			7.15873015873016	-3.23809523809524
			7.15873015873016	-3.25396825396825
			7.14285714285714	-3.26984126984127
			7.12698412698413	-3.28571428571429
			7.12698412698413	-3.3015873015873
			7.11111111111111	-3.31746031746032
			7.09523809523809	-3.31746031746032
			7.07936507936508	-3.33333333333333
			7.06349206349206	-3.34920634920635
			7.04761904761905	-3.36507936507936
			7.03174603174603	-3.36507936507936
			7.01587301587302	-3.38095238095238
			7	-3.38095238095238
			6.98412698412698	-3.3968253968254
			6.96825396825397	-3.3968253968254
			6.95238095238095	-3.41269841269841
			6.93650793650794	-3.41269841269841
			6.92063492063492	-3.42857142857143
			6.9047619047619	-3.42857142857143
			6.88888888888889	-3.42857142857143
			6.87301587301587	-3.44444444444444
			6.85714285714286	-3.44444444444444
			6.87301587301587	-3.44444444444444
			6.88888888888889	-3.42857142857143
			6.9047619047619	-3.42857142857143
			6.92063492063492	-3.42857142857143
			6.93650793650794	-3.42857142857143
			6.95238095238095	-3.42857142857143
			6.96825396825397	-3.41269841269841
			6.98412698412698	-3.41269841269841
			7	-3.41269841269841
			7.01587301587302	-3.41269841269841
			7.03174603174603	-3.3968253968254
			7.04761904761905	-3.3968253968254
			7.06349206349206	-3.3968253968254
			7.07936507936508	-3.3968253968254
			7.09523809523809	-3.3968253968254
			7.11111111111111	-3.3968253968254
			7.12698412698413	-3.38095238095238
			7.14285714285714	-3.38095238095238
			7.15873015873016	-3.38095238095238
			7.17460317460317	-3.38095238095238
			7.19047619047619	-3.38095238095238
			7.20634920634921	-3.38095238095238
			7.20634920634921	-3.36507936507936
			7.22222222222222	-3.36507936507936
			7.23809523809524	-3.36507936507936
			7.25396825396825	-3.36507936507936
			7.26984126984127	-3.36507936507936
			7.28571428571429	-3.36507936507936
			7.3015873015873	-3.36507936507936
			7.31746031746032	-3.36507936507936
			7.33333333333333	-3.36507936507936
			7.34920634920635	-3.34920634920635
			7.36507936507936	-3.34920634920635
			7.38095238095238	-3.34920634920635
			7.3968253968254	-3.34920634920635
			7.41269841269841	-3.34920634920635
			7.42857142857143	-3.34920634920635
			7.44444444444444	-3.34920634920635
			7.46031746031746	-3.34920634920635
			7.47619047619048	-3.34920634920635
			7.49206349206349	-3.34920634920635
			7.50793650793651	-3.34920634920635
			7.52380952380952	-3.34920634920635
			7.53968253968254	-3.34920634920635
			7.55555555555556	-3.34920634920635
			7.57142857142857	-3.34920634920635
			7.58730158730159	-3.34920634920635
			7.6031746031746	-3.34920634920635
			7.61904761904762	-3.34920634920635
			7.63492063492063	-3.34920634920635
			7.65079365079365	-3.36507936507936
			7.66666666666667	-3.36507936507936
			7.68253968253968	-3.36507936507936
			7.6984126984127	-3.36507936507936
			7.71428571428571	-3.36507936507936
			7.73015873015873	-3.36507936507936
			7.74603174603175	-3.36507936507936
			7.76190476190476	-3.38095238095238
			7.77777777777778	-3.38095238095238
			7.79365079365079	-3.38095238095238
			7.80952380952381	-3.38095238095238
			7.82539682539683	-3.38095238095238
			7.84126984126984	-3.3968253968254
			7.85714285714286	-3.3968253968254
			7.87301587301587	-3.41269841269841
			7.88888888888889	-3.41269841269841
			7.9047619047619	-3.41269841269841
			7.92063492063492	-3.42857142857143
			7.93650793650794	-3.42857142857143
			7.95238095238095	-3.42857142857143
			7.96825396825397	-3.44444444444444
			7.98412698412698	-3.44444444444444
			8	-3.46031746031746
			8.01587301587302	-3.46031746031746
			8.03174603174603	-3.47619047619048
			8.04761904761905	-3.49206349206349
			8.06349206349206	-3.50793650793651
			8.07936507936508	-3.50793650793651
			8.09523809523809	-3.52380952380952
			8.11111111111111	-3.52380952380952
			8.12698412698413	-3.53968253968254
			8.12698412698413	-3.55555555555556
			8.14285714285714	-3.55555555555556
			8.15873015873016	-3.57142857142857
			8.17460317460317	-3.58730158730159
			8.17460317460317	-3.6031746031746
			8.19047619047619	-3.61904761904762
			8.19047619047619	-3.63492063492063
			8.20634920634921	-3.65079365079365
			8.20634920634921	-3.66666666666667
			8.22222222222222	-3.68253968253968
			8.22222222222222	-3.6984126984127
			8.23809523809524	-3.71428571428571
			8.23809523809524	-3.73015873015873
			8.25396825396825	-3.74603174603175
			8.25396825396825	-3.76190476190476
			8.25396825396825	-3.77777777777778
			8.26984126984127	-3.79365079365079
			8.26984126984127	-3.80952380952381
			8.26984126984127	-3.82539682539683
			8.28571428571428	-3.84126984126984
			8.28571428571428	-3.85714285714286
			8.28571428571428	-3.87301587301587
			8.28571428571428	-3.88888888888889
			8.3015873015873	-3.88888888888889
			8.3015873015873	-3.9047619047619
			8.3015873015873	-3.92063492063492
			8.3015873015873	-3.93650793650794
			8.31746031746032	-3.93650793650794
			8.31746031746032	-3.95238095238095
			8.31746031746032	-3.96825396825397
			8.31746031746032	-3.98412698412698
			8.31746031746032	-4
			8.33333333333333	-4
			8.33333333333333	-4.01587301587302
			8.33333333333333	-4.03174603174603
			8.33333333333333	-4.04761904761905
			8.33333333333333	-4.06349206349206
			8.34920634920635	-4.06349206349206
			8.34920634920635	-4.07936507936508
			8.34920634920635	-4.09523809523809
			8.34920634920635	-4.11111111111111
			8.34920634920635	-4.12698412698413
			8.36507936507936	-4.14285714285714
			8.36507936507936	-4.15873015873016
			8.36507936507936	-4.17460317460317
			8.36507936507936	-4.19047619047619
			8.36507936507936	-4.20634920634921
			8.38095238095238	-4.22222222222222
			8.38095238095238	-4.23809523809524
			8.38095238095238	-4.25396825396825
		</suture>
	</curves.scaled>
	<ruler.points type=matrix rownames=TRUE colnames=FALSE nrow=2 ncol=2 as.numeric=TRUE >
		Ruler point 1	484	321
		Ruler point 2	610	321
	</ruler.points>
</shapes>

