<shapes type=list>
	<ruler.pixel type=vector names=FALSE length=1 as.numeric=TRUE >485</ruler.pixel>
	<ruler.interval type=vector names=FALSE length=1 as.numeric=TRUE >1.72</ruler.interval>
	<scaling.units type=vector names=FALSE length=1 as.numeric=FALSE >cm</scaling.units>
	<scaling type=vector names=FALSE length=1 as.numeric=TRUE >0.00354639175257732</scaling>
	<landmarks.pixel type=matrix rownames=TRUE colnames=FALSE nrow=12 ncol=2 as.numeric=TRUE >
		LM1	257	33
		LM2	257	71
		LM3	257	342
		LM4	257	358
		LM5	338	318
		LM6	333	340
		LM7	333	348
		LM8	347	204
		LM9	355	276
		LM10	257	33
		LM11	430	324
		LM12	439	340
	</landmarks.pixel>
	<landmarks.scaled type=matrix rownames=TRUE colnames=FALSE nrow=12 ncol=2 as.numeric=TRUE >
		LM1	0.911422680412371	-0.117030927835052
		LM2	0.911422680412371	-0.25179381443299
		LM3	0.911422680412371	-1.21286597938144
		LM4	0.911422680412371	-1.26960824742268
		LM5	1.19868041237113	-1.12775257731959
		LM6	1.18094845360825	-1.20577319587629
		LM7	1.18094845360825	-1.23414432989691
		LM8	1.23059793814433	-0.723463917525773
		LM9	1.25896907216495	-0.97880412371134
		LM10	0.911422680412371	-0.117030927835052
		LM11	1.52494845360825	-1.14903092783505
		LM12	1.55686597938144	-1.20577319587629
	</landmarks.scaled>
	<curves.control type=list>
		<glabella type=matrix rownames=FALSE colnames=FALSE nrow=7 ncol=2 as.numeric=TRUE >
			257	71
			318	82
			324	139
			333	189
			330	280
			344	314
			333	348
		</glabella>
		<suture type=matrix rownames=FALSE colnames=FALSE nrow=23 ncol=2 as.numeric=TRUE >
			257	33
			265	43
			278	50
			294	57
			315	62
			330	67
			340	74
			364	97
			360	143
			355	161
			347	182
			345	192
			347	203
			368	199
			383	211
			401	238
			393	261
			379	278
			355	276
			347	289
			377	298
			430	308
			439	340
		</suture>
	</curves.control>
	<curves.pixel type=list>
		<glabella type=matrix rownames=FALSE colnames=FALSE nrow=308 ncol=2 as.numeric=TRUE >
			257	71
			258	71
			259	71
			260	72
			261	72
			262	72
			263	72
			264	73
			265	73
			266	73
			267	73
			268	73
			268	74
			269	74
			270	74
			271	74
			272	75
			273	75
			274	75
			275	76
			276	76
			277	76
			278	77
			279	77
			280	78
			281	78
			282	79
			283	79
			284	79
			285	80
			286	80
			287	81
			288	81
			289	82
			290	83
			291	83
			292	84
			293	85
			294	85
			295	86
			296	87
			297	87
			298	88
			299	89
			300	89
			301	90
			302	91
			302	92
			303	93
			304	93
			305	94
			306	95
			306	96
			307	97
			308	98
			309	98
			309	99
			310	100
			311	101
			311	102
			312	103
			313	104
			313	105
			314	106
			314	107
			315	108
			315	109
			316	110
			316	111
			317	112
			317	113
			318	114
			318	115
			319	116
			319	117
			319	118
			320	119
			320	120
			320	121
			321	122
			321	123
			321	124
			321	125
			322	126
			322	127
			322	128
			323	129
			323	130
			323	131
			323	132
			323	133
			323	134
			324	135
			324	136
			324	137
			324	138
			324	139
			324	140
			324	141
			325	142
			325	143
			325	144
			325	145
			325	146
			325	147
			326	148
			326	149
			326	150
			326	151
			326	152
			326	153
			326	154
			326	155
			327	156
			327	157
			327	158
			327	159
			327	160
			327	161
			327	162
			327	163
			328	164
			328	165
			328	166
			328	167
			328	168
			328	169
			328	170
			328	171
			328	172
			328	173
			328	174
			329	175
			329	176
			329	177
			329	178
			329	179
			329	180
			329	181
			329	182
			329	183
			329	184
			329	185
			329	186
			329	187
			329	188
			329	189
			330	189
			330	190
			330	191
			330	192
			330	193
			330	194
			330	195
			330	196
			330	197
			330	198
			330	199
			330	200
			330	201
			330	202
			330	203
			330	204
			330	205
			330	206
			330	207
			330	208
			330	209
			330	210
			330	211
			330	212
			330	213
			330	214
			331	215
			331	216
			331	217
			331	218
			331	219
			331	220
			331	221
			331	222
			331	223
			331	224
			331	225
			331	226
			331	227
			331	228
			331	229
			331	230
			331	231
			331	232
			331	233
			331	234
			331	235
			331	236
			331	237
			331	238
			331	239
			331	240
			331	241
			331	242
			331	243
			331	244
			331	245
			331	246
			331	247
			331	248
			331	249
			331	250
			331	251
			331	252
			331	253
			331	254
			331	255
			331	256
			331	257
			331	258
			331	259
			331	260
			331	261
			330	262
			330	263
			330	264
			330	265
			330	266
			330	267
			330	268
			330	269
			330	270
			330	271
			330	272
			330	273
			330	274
			330	275
			330	276
			330	277
			330	278
			330	279
			330	280
			330	281
			331	282
			331	283
			331	284
			332	285
			332	286
			333	287
			333	288
			333	289
			333	290
			334	291
			334	292
			335	293
			335	294
			335	295
			335	296
			335	297
			336	298
			336	299
			336	300
			336	301
			336	302
			337	302
			337	303
			337	304
			337	305
			337	306
			337	307
			337	308
			337	309
			338	310
			338	311
			338	312
			338	313
			338	314
			338	315
			338	316
			338	317
			338	318
			338	319
			338	320
			338	321
			338	322
			338	323
			338	324
			338	325
			337	326
			337	327
			337	328
			337	329
			337	330
			337	331
			337	332
			337	333
			336	334
			336	335
			336	336
			336	337
			336	338
			335	339
			335	340
			335	341
			335	342
			334	343
			334	344
			334	345
			334	346
			333	347
			333	348
		</glabella>
		<suture type=matrix rownames=FALSE colnames=FALSE nrow=459 ncol=2 as.numeric=TRUE >
			257	33
			258	34
			259	35
			259	36
			260	37
			261	37
			262	38
			263	39
			264	40
			264	41
			265	42
			266	42
			267	43
			268	44
			269	45
			270	45
			271	46
			272	46
			273	47
			274	48
			275	49
			276	49
			277	50
			278	50
			279	50
			280	51
			281	51
			282	52
			283	52
			284	53
			285	53
			286	53
			287	53
			287	54
			288	54
			289	54
			290	55
			291	55
			292	56
			293	56
			294	56
			295	56
			296	57
			297	57
			298	57
			298	58
			299	58
			300	58
			301	58
			302	59
			303	59
			304	59
			305	59
			306	60
			307	60
			308	60
			309	60
			310	61
			311	61
			312	61
			313	61
			314	62
			315	62
			316	62
			317	63
			318	63
			319	63
			320	64
			321	64
			322	64
			322	65
			323	65
			324	65
			325	66
			326	66
			327	67
			328	67
			329	68
			330	68
			331	69
			332	69
			333	70
			334	70
			335	71
			336	71
			337	72
			338	73
			339	73
			339	74
			340	74
			341	75
			342	76
			343	77
			344	78
			345	79
			345	80
			346	80
			346	81
			347	82
			348	83
			348	84
			349	84
			349	85
			350	86
			350	87
			351	88
			351	89
			352	90
			353	91
			353	92
			353	93
			354	94
			354	95
			355	96
			355	97
			355	98
			356	99
			356	100
			356	101
			357	102
			357	103
			357	104
			358	105
			358	106
			358	107
			358	108
			359	109
			359	110
			359	111
			359	112
			359	113
			359	114
			360	115
			360	116
			360	117
			360	118
			360	119
			360	120
			360	121
			360	122
			360	123
			360	124
			360	125
			361	126
			361	127
			361	128
			361	129
			361	130
			361	131
			361	132
			361	133
			361	134
			360	135
			360	136
			360	137
			360	138
			360	139
			360	140
			360	141
			360	142
			360	143
			360	144
			359	145
			359	146
			359	147
			358	148
			358	149
			358	150
			358	151
			357	152
			357	153
			357	154
			356	155
			356	156
			356	157
			355	158
			355	159
			355	160
			355	161
			354	162
			354	163
			353	164
			353	165
			353	166
			353	167
			352	168
			352	169
			352	170
			351	171
			351	172
			350	173
			350	174
			350	175
			349	175
			349	176
			349	177
			348	178
			348	179
			348	180
			347	181
			347	182
			347	183
			347	184
			347	185
			346	186
			346	187
			346	188
			346	189
			346	190
			346	191
			346	192
			346	193
			346	194
			346	195
			346	196
			346	197
			346	198
			346	199
			346	200
			347	200
			347	201
			347	202
			347	203
			348	203
			349	203
			350	202
			351	202
			352	202
			353	202
			354	202
			355	202
			356	202
			357	202
			358	202
			359	202
			360	202
			361	202
			362	202
			363	202
			364	203
			365	203
			366	203
			367	203
			368	203
			369	204
			370	204
			371	204
			372	205
			373	205
			374	206
			375	206
			376	207
			377	207
			378	208
			379	208
			380	209
			381	209
			382	210
			383	211
			384	212
			384	213
			385	214
			386	215
			386	216
			387	217
			387	218
			388	219
			388	220
			389	221
			389	222
			390	223
			390	224
			391	225
			391	226
			392	227
			392	228
			392	229
			393	230
			393	231
			393	232
			393	233
			394	233
			394	234
			394	235
			394	236
			394	237
			395	237
			395	238
			395	239
			395	240
			395	241
			395	242
			395	243
			395	244
			395	245
			395	246
			395	247
			395	248
			395	249
			395	250
			395	251
			395	252
			395	253
			395	254
			395	255
			394	256
			394	257
			394	258
			394	259
			393	260
			393	261
			392	262
			392	263
			391	263
			390	264
			389	265
			388	266
			387	267
			386	268
			385	269
			384	269
			383	270
			382	271
			381	271
			380	272
			379	272
			378	273
			377	273
			376	274
			375	274
			374	274
			373	274
			372	275
			371	275
			370	275
			369	275
			368	276
			367	276
			366	276
			365	276
			364	276
			363	276
			362	276
			361	276
			360	276
			359	276
			358	276
			357	276
			356	276
			355	276
			354	277
			354	278
			354	279
			353	280
			353	281
			353	282
			354	283
			354	284
			354	285
			355	285
			355	286
			356	287
			356	288
			357	289
			358	289
			359	290
			360	291
			361	291
			362	292
			363	293
			364	293
			365	293
			366	294
			367	295
			368	295
			369	295
			370	296
			371	296
			372	296
			373	297
			374	297
			375	297
			376	298
			377	298
			378	298
			379	298
			380	299
			381	299
			382	299
			383	299
			384	299
			385	300
			386	300
			387	300
			388	300
			389	301
			390	301
			391	301
			392	302
			393	302
			394	302
			395	303
			396	303
			397	303
			398	303
			399	304
			400	304
			401	304
			402	305
			403	305
			404	306
			405	306
			406	306
			406	307
			407	307
			408	307
			409	308
			410	308
			411	309
			412	309
			413	310
			414	310
			415	311
			416	311
			417	312
			417	313
			418	313
			419	314
			420	314
			421	315
			422	315
			422	316
			423	316
			424	317
			424	318
			425	318
			426	319
			427	320
			428	321
			429	322
			430	323
			431	324
			432	325
			432	326
			433	327
			433	328
			434	329
			435	329
			435	330
			436	331
			436	332
			436	333
			437	334
			437	335
			438	336
			438	337
			438	338
			439	339
			439	340
		</suture>
	</curves.pixel>
	<curves.scaled type=list>
		<glabella type=matrix rownames=FALSE colnames=FALSE nrow=308 ncol=2 as.numeric=TRUE >
			0.911422680412371	-0.25179381443299
			0.914969072164948	-0.25179381443299
			0.918515463917526	-0.25179381443299
			0.922061855670103	-0.255340206185567
			0.92560824742268	-0.255340206185567
			0.929154639175258	-0.255340206185567
			0.932701030927835	-0.255340206185567
			0.936247422680412	-0.258886597938144
			0.93979381443299	-0.258886597938144
			0.943340206185567	-0.258886597938144
			0.946886597938144	-0.258886597938144
			0.950432989690722	-0.258886597938144
			0.950432989690722	-0.262432989690722
			0.953979381443299	-0.262432989690722
			0.957525773195876	-0.262432989690722
			0.961072164948453	-0.262432989690722
			0.964618556701031	-0.265979381443299
			0.968164948453608	-0.265979381443299
			0.971711340206186	-0.265979381443299
			0.975257731958763	-0.269525773195876
			0.97880412371134	-0.269525773195876
			0.982350515463917	-0.269525773195876
			0.985896907216495	-0.273072164948454
			0.989443298969072	-0.273072164948454
			0.992989690721649	-0.276618556701031
			0.996536082474227	-0.276618556701031
			1.0000824742268	-0.280164948453608
			1.00362886597938	-0.280164948453608
			1.00717525773196	-0.280164948453608
			1.01072164948454	-0.283711340206186
			1.01426804123711	-0.283711340206186
			1.01781443298969	-0.287257731958763
			1.02136082474227	-0.287257731958763
			1.02490721649485	-0.29080412371134
			1.02845360824742	-0.294350515463917
			1.032	-0.294350515463917
			1.03554639175258	-0.297896907216495
			1.03909278350515	-0.301443298969072
			1.04263917525773	-0.301443298969072
			1.04618556701031	-0.304989690721649
			1.04973195876289	-0.308536082474227
			1.05327835051546	-0.308536082474227
			1.05682474226804	-0.312082474226804
			1.06037113402062	-0.315628865979381
			1.0639175257732	-0.315628865979381
			1.06746391752577	-0.319175257731959
			1.07101030927835	-0.322721649484536
			1.07101030927835	-0.326268041237113
			1.07455670103093	-0.329814432989691
			1.07810309278351	-0.329814432989691
			1.08164948453608	-0.333360824742268
			1.08519587628866	-0.336907216494845
			1.08519587628866	-0.340453608247423
			1.08874226804124	-0.344
			1.09228865979381	-0.347546391752577
			1.09583505154639	-0.347546391752577
			1.09583505154639	-0.351092783505155
			1.09938144329897	-0.354639175257732
			1.10292783505155	-0.358185567010309
			1.10292783505155	-0.361731958762887
			1.10647422680412	-0.365278350515464
			1.1100206185567	-0.368824742268041
			1.1100206185567	-0.372371134020619
			1.11356701030928	-0.375917525773196
			1.11356701030928	-0.379463917525773
			1.11711340206186	-0.383010309278351
			1.11711340206186	-0.386556701030928
			1.12065979381443	-0.390103092783505
			1.12065979381443	-0.393649484536082
			1.12420618556701	-0.39719587628866
			1.12420618556701	-0.400742268041237
			1.12775257731959	-0.404288659793814
			1.12775257731959	-0.407835051546392
			1.13129896907216	-0.411381443298969
			1.13129896907216	-0.414927835051546
			1.13129896907216	-0.418474226804124
			1.13484536082474	-0.422020618556701
			1.13484536082474	-0.425567010309278
			1.13484536082474	-0.429113402061856
			1.13839175257732	-0.432659793814433
			1.13839175257732	-0.43620618556701
			1.13839175257732	-0.439752577319588
			1.13839175257732	-0.443298969072165
			1.1419381443299	-0.446845360824742
			1.1419381443299	-0.45039175257732
			1.1419381443299	-0.453938144329897
			1.14548453608247	-0.457484536082474
			1.14548453608247	-0.461030927835052
			1.14548453608247	-0.464577319587629
			1.14548453608247	-0.468123711340206
			1.14548453608247	-0.471670103092783
			1.14548453608247	-0.475216494845361
			1.14903092783505	-0.478762886597938
			1.14903092783505	-0.482309278350515
			1.14903092783505	-0.485855670103093
			1.14903092783505	-0.48940206185567
			1.14903092783505	-0.492948453608247
			1.14903092783505	-0.496494845360825
			1.14903092783505	-0.500041237113402
			1.15257731958763	-0.503587628865979
			1.15257731958763	-0.507134020618557
			1.15257731958763	-0.510680412371134
			1.15257731958763	-0.514226804123711
			1.15257731958763	-0.517773195876289
			1.15257731958763	-0.521319587628866
			1.15612371134021	-0.524865979381443
			1.15612371134021	-0.528412371134021
			1.15612371134021	-0.531958762886598
			1.15612371134021	-0.535505154639175
			1.15612371134021	-0.539051546391753
			1.15612371134021	-0.54259793814433
			1.15612371134021	-0.546144329896907
			1.15612371134021	-0.549690721649485
			1.15967010309278	-0.553237113402062
			1.15967010309278	-0.556783505154639
			1.15967010309278	-0.560329896907216
			1.15967010309278	-0.563876288659794
			1.15967010309278	-0.567422680412371
			1.15967010309278	-0.570969072164948
			1.15967010309278	-0.574515463917526
			1.15967010309278	-0.578061855670103
			1.16321649484536	-0.58160824742268
			1.16321649484536	-0.585154639175258
			1.16321649484536	-0.588701030927835
			1.16321649484536	-0.592247422680412
			1.16321649484536	-0.59579381443299
			1.16321649484536	-0.599340206185567
			1.16321649484536	-0.602886597938144
			1.16321649484536	-0.606432989690722
			1.16321649484536	-0.609979381443299
			1.16321649484536	-0.613525773195876
			1.16321649484536	-0.617072164948454
			1.16676288659794	-0.620618556701031
			1.16676288659794	-0.624164948453608
			1.16676288659794	-0.627711340206186
			1.16676288659794	-0.631257731958763
			1.16676288659794	-0.63480412371134
			1.16676288659794	-0.638350515463918
			1.16676288659794	-0.641896907216495
			1.16676288659794	-0.645443298969072
			1.16676288659794	-0.648989690721649
			1.16676288659794	-0.652536082474227
			1.16676288659794	-0.656082474226804
			1.16676288659794	-0.659628865979381
			1.16676288659794	-0.663175257731959
			1.16676288659794	-0.666721649484536
			1.16676288659794	-0.670268041237113
			1.17030927835052	-0.670268041237113
			1.17030927835052	-0.673814432989691
			1.17030927835052	-0.677360824742268
			1.17030927835052	-0.680907216494845
			1.17030927835052	-0.684453608247423
			1.17030927835052	-0.688
			1.17030927835052	-0.691546391752577
			1.17030927835052	-0.695092783505155
			1.17030927835052	-0.698639175257732
			1.17030927835052	-0.702185567010309
			1.17030927835052	-0.705731958762887
			1.17030927835052	-0.709278350515464
			1.17030927835052	-0.712824742268041
			1.17030927835052	-0.716371134020618
			1.17030927835052	-0.719917525773196
			1.17030927835052	-0.723463917525773
			1.17030927835052	-0.72701030927835
			1.17030927835052	-0.730556701030928
			1.17030927835052	-0.734103092783505
			1.17030927835052	-0.737649484536082
			1.17030927835052	-0.74119587628866
			1.17030927835052	-0.744742268041237
			1.17030927835052	-0.748288659793814
			1.17030927835052	-0.751835051546392
			1.17030927835052	-0.755381443298969
			1.17030927835052	-0.758927835051546
			1.17385567010309	-0.762474226804124
			1.17385567010309	-0.766020618556701
			1.17385567010309	-0.769567010309278
			1.17385567010309	-0.773113402061856
			1.17385567010309	-0.776659793814433
			1.17385567010309	-0.78020618556701
			1.17385567010309	-0.783752577319588
			1.17385567010309	-0.787298969072165
			1.17385567010309	-0.790845360824742
			1.17385567010309	-0.79439175257732
			1.17385567010309	-0.797938144329897
			1.17385567010309	-0.801484536082474
			1.17385567010309	-0.805030927835051
			1.17385567010309	-0.808577319587629
			1.17385567010309	-0.812123711340206
			1.17385567010309	-0.815670103092783
			1.17385567010309	-0.819216494845361
			1.17385567010309	-0.822762886597938
			1.17385567010309	-0.826309278350515
			1.17385567010309	-0.829855670103093
			1.17385567010309	-0.83340206185567
			1.17385567010309	-0.836948453608247
			1.17385567010309	-0.840494845360825
			1.17385567010309	-0.844041237113402
			1.17385567010309	-0.847587628865979
			1.17385567010309	-0.851134020618557
			1.17385567010309	-0.854680412371134
			1.17385567010309	-0.858226804123711
			1.17385567010309	-0.861773195876289
			1.17385567010309	-0.865319587628866
			1.17385567010309	-0.868865979381443
			1.17385567010309	-0.872412371134021
			1.17385567010309	-0.875958762886598
			1.17385567010309	-0.879505154639175
			1.17385567010309	-0.883051546391753
			1.17385567010309	-0.88659793814433
			1.17385567010309	-0.890144329896907
			1.17385567010309	-0.893690721649484
			1.17385567010309	-0.897237113402062
			1.17385567010309	-0.900783505154639
			1.17385567010309	-0.904329896907216
			1.17385567010309	-0.907876288659794
			1.17385567010309	-0.911422680412371
			1.17385567010309	-0.914969072164948
			1.17385567010309	-0.918515463917526
			1.17385567010309	-0.922061855670103
			1.17385567010309	-0.92560824742268
			1.17030927835052	-0.929154639175258
			1.17030927835052	-0.932701030927835
			1.17030927835052	-0.936247422680412
			1.17030927835052	-0.93979381443299
			1.17030927835052	-0.943340206185567
			1.17030927835052	-0.946886597938144
			1.17030927835052	-0.950432989690722
			1.17030927835052	-0.953979381443299
			1.17030927835052	-0.957525773195876
			1.17030927835052	-0.961072164948453
			1.17030927835052	-0.964618556701031
			1.17030927835052	-0.968164948453608
			1.17030927835052	-0.971711340206186
			1.17030927835052	-0.975257731958763
			1.17030927835052	-0.97880412371134
			1.17030927835052	-0.982350515463917
			1.17030927835052	-0.985896907216495
			1.17030927835052	-0.989443298969072
			1.17030927835052	-0.992989690721649
			1.17030927835052	-0.996536082474227
			1.17385567010309	-1.0000824742268
			1.17385567010309	-1.00362886597938
			1.17385567010309	-1.00717525773196
			1.17740206185567	-1.01072164948454
			1.17740206185567	-1.01426804123711
			1.18094845360825	-1.01781443298969
			1.18094845360825	-1.02136082474227
			1.18094845360825	-1.02490721649485
			1.18094845360825	-1.02845360824742
			1.18449484536082	-1.032
			1.18449484536082	-1.03554639175258
			1.1880412371134	-1.03909278350515
			1.1880412371134	-1.04263917525773
			1.1880412371134	-1.04618556701031
			1.1880412371134	-1.04973195876289
			1.1880412371134	-1.05327835051546
			1.19158762886598	-1.05682474226804
			1.19158762886598	-1.06037113402062
			1.19158762886598	-1.0639175257732
			1.19158762886598	-1.06746391752577
			1.19158762886598	-1.07101030927835
			1.19513402061856	-1.07101030927835
			1.19513402061856	-1.07455670103093
			1.19513402061856	-1.07810309278351
			1.19513402061856	-1.08164948453608
			1.19513402061856	-1.08519587628866
			1.19513402061856	-1.08874226804124
			1.19513402061856	-1.09228865979381
			1.19513402061856	-1.09583505154639
			1.19868041237113	-1.09938144329897
			1.19868041237113	-1.10292783505155
			1.19868041237113	-1.10647422680412
			1.19868041237113	-1.1100206185567
			1.19868041237113	-1.11356701030928
			1.19868041237113	-1.11711340206186
			1.19868041237113	-1.12065979381443
			1.19868041237113	-1.12420618556701
			1.19868041237113	-1.12775257731959
			1.19868041237113	-1.13129896907216
			1.19868041237113	-1.13484536082474
			1.19868041237113	-1.13839175257732
			1.19868041237113	-1.1419381443299
			1.19868041237113	-1.14548453608247
			1.19868041237113	-1.14903092783505
			1.19868041237113	-1.15257731958763
			1.19513402061856	-1.15612371134021
			1.19513402061856	-1.15967010309278
			1.19513402061856	-1.16321649484536
			1.19513402061856	-1.16676288659794
			1.19513402061856	-1.17030927835052
			1.19513402061856	-1.17385567010309
			1.19513402061856	-1.17740206185567
			1.19513402061856	-1.18094845360825
			1.19158762886598	-1.18449484536082
			1.19158762886598	-1.1880412371134
			1.19158762886598	-1.19158762886598
			1.19158762886598	-1.19513402061856
			1.19158762886598	-1.19868041237113
			1.1880412371134	-1.20222680412371
			1.1880412371134	-1.20577319587629
			1.1880412371134	-1.20931958762887
			1.1880412371134	-1.21286597938144
			1.18449484536082	-1.21641237113402
			1.18449484536082	-1.2199587628866
			1.18449484536082	-1.22350515463918
			1.18449484536082	-1.22705154639175
			1.18094845360825	-1.23059793814433
			1.18094845360825	-1.23414432989691
		</glabella>
		<suture type=matrix rownames=FALSE colnames=FALSE nrow=459 ncol=2 as.numeric=TRUE >
			0.911422680412371	-0.117030927835052
			0.914969072164948	-0.120577319587629
			0.918515463917526	-0.124123711340206
			0.918515463917526	-0.127670103092783
			0.922061855670103	-0.131216494845361
			0.92560824742268	-0.131216494845361
			0.929154639175258	-0.134762886597938
			0.932701030927835	-0.138309278350515
			0.936247422680412	-0.141855670103093
			0.936247422680412	-0.14540206185567
			0.93979381443299	-0.148948453608247
			0.943340206185567	-0.148948453608247
			0.946886597938144	-0.152494845360825
			0.950432989690722	-0.156041237113402
			0.953979381443299	-0.159587628865979
			0.957525773195876	-0.159587628865979
			0.961072164948453	-0.163134020618557
			0.964618556701031	-0.163134020618557
			0.968164948453608	-0.166680412371134
			0.971711340206186	-0.170226804123711
			0.975257731958763	-0.173773195876289
			0.97880412371134	-0.173773195876289
			0.982350515463917	-0.177319587628866
			0.985896907216495	-0.177319587628866
			0.989443298969072	-0.177319587628866
			0.992989690721649	-0.180865979381443
			0.996536082474227	-0.180865979381443
			1.0000824742268	-0.184412371134021
			1.00362886597938	-0.184412371134021
			1.00717525773196	-0.187958762886598
			1.01072164948454	-0.187958762886598
			1.01426804123711	-0.187958762886598
			1.01781443298969	-0.187958762886598
			1.01781443298969	-0.191505154639175
			1.02136082474227	-0.191505154639175
			1.02490721649485	-0.191505154639175
			1.02845360824742	-0.195051546391753
			1.032	-0.195051546391753
			1.03554639175258	-0.19859793814433
			1.03909278350515	-0.19859793814433
			1.04263917525773	-0.19859793814433
			1.04618556701031	-0.19859793814433
			1.04973195876289	-0.202144329896907
			1.05327835051546	-0.202144329896907
			1.05682474226804	-0.202144329896907
			1.05682474226804	-0.205690721649485
			1.06037113402062	-0.205690721649485
			1.0639175257732	-0.205690721649485
			1.06746391752577	-0.205690721649485
			1.07101030927835	-0.209237113402062
			1.07455670103093	-0.209237113402062
			1.07810309278351	-0.209237113402062
			1.08164948453608	-0.209237113402062
			1.08519587628866	-0.212783505154639
			1.08874226804124	-0.212783505154639
			1.09228865979381	-0.212783505154639
			1.09583505154639	-0.212783505154639
			1.09938144329897	-0.216329896907216
			1.10292783505155	-0.216329896907216
			1.10647422680412	-0.216329896907216
			1.1100206185567	-0.216329896907216
			1.11356701030928	-0.219876288659794
			1.11711340206186	-0.219876288659794
			1.12065979381443	-0.219876288659794
			1.12420618556701	-0.223422680412371
			1.12775257731959	-0.223422680412371
			1.13129896907216	-0.223422680412371
			1.13484536082474	-0.226969072164948
			1.13839175257732	-0.226969072164948
			1.1419381443299	-0.226969072164948
			1.1419381443299	-0.230515463917526
			1.14548453608247	-0.230515463917526
			1.14903092783505	-0.230515463917526
			1.15257731958763	-0.234061855670103
			1.15612371134021	-0.234061855670103
			1.15967010309278	-0.23760824742268
			1.16321649484536	-0.23760824742268
			1.16676288659794	-0.241154639175258
			1.17030927835052	-0.241154639175258
			1.17385567010309	-0.244701030927835
			1.17740206185567	-0.244701030927835
			1.18094845360825	-0.248247422680412
			1.18449484536082	-0.248247422680412
			1.1880412371134	-0.25179381443299
			1.19158762886598	-0.25179381443299
			1.19513402061856	-0.255340206185567
			1.19868041237113	-0.258886597938144
			1.20222680412371	-0.258886597938144
			1.20222680412371	-0.262432989690722
			1.20577319587629	-0.262432989690722
			1.20931958762887	-0.265979381443299
			1.21286597938144	-0.269525773195876
			1.21641237113402	-0.273072164948454
			1.2199587628866	-0.276618556701031
			1.22350515463918	-0.280164948453608
			1.22350515463918	-0.283711340206186
			1.22705154639175	-0.283711340206186
			1.22705154639175	-0.287257731958763
			1.23059793814433	-0.29080412371134
			1.23414432989691	-0.294350515463917
			1.23414432989691	-0.297896907216495
			1.23769072164948	-0.297896907216495
			1.23769072164948	-0.301443298969072
			1.24123711340206	-0.304989690721649
			1.24123711340206	-0.308536082474227
			1.24478350515464	-0.312082474226804
			1.24478350515464	-0.315628865979381
			1.24832989690722	-0.319175257731959
			1.25187628865979	-0.322721649484536
			1.25187628865979	-0.326268041237113
			1.25187628865979	-0.329814432989691
			1.25542268041237	-0.333360824742268
			1.25542268041237	-0.336907216494845
			1.25896907216495	-0.340453608247423
			1.25896907216495	-0.344
			1.25896907216495	-0.347546391752577
			1.26251546391753	-0.351092783505155
			1.26251546391753	-0.354639175257732
			1.26251546391753	-0.358185567010309
			1.2660618556701	-0.361731958762887
			1.2660618556701	-0.365278350515464
			1.2660618556701	-0.368824742268041
			1.26960824742268	-0.372371134020619
			1.26960824742268	-0.375917525773196
			1.26960824742268	-0.379463917525773
			1.26960824742268	-0.383010309278351
			1.27315463917526	-0.386556701030928
			1.27315463917526	-0.390103092783505
			1.27315463917526	-0.393649484536082
			1.27315463917526	-0.39719587628866
			1.27315463917526	-0.400742268041237
			1.27315463917526	-0.404288659793814
			1.27670103092784	-0.407835051546392
			1.27670103092784	-0.411381443298969
			1.27670103092784	-0.414927835051546
			1.27670103092784	-0.418474226804124
			1.27670103092784	-0.422020618556701
			1.27670103092784	-0.425567010309278
			1.27670103092784	-0.429113402061856
			1.27670103092784	-0.432659793814433
			1.27670103092784	-0.43620618556701
			1.27670103092784	-0.439752577319588
			1.27670103092784	-0.443298969072165
			1.28024742268041	-0.446845360824742
			1.28024742268041	-0.45039175257732
			1.28024742268041	-0.453938144329897
			1.28024742268041	-0.457484536082474
			1.28024742268041	-0.461030927835052
			1.28024742268041	-0.464577319587629
			1.28024742268041	-0.468123711340206
			1.28024742268041	-0.471670103092783
			1.28024742268041	-0.475216494845361
			1.27670103092784	-0.478762886597938
			1.27670103092784	-0.482309278350515
			1.27670103092784	-0.485855670103093
			1.27670103092784	-0.48940206185567
			1.27670103092784	-0.492948453608247
			1.27670103092784	-0.496494845360825
			1.27670103092784	-0.500041237113402
			1.27670103092784	-0.503587628865979
			1.27670103092784	-0.507134020618557
			1.27670103092784	-0.510680412371134
			1.27315463917526	-0.514226804123711
			1.27315463917526	-0.517773195876289
			1.27315463917526	-0.521319587628866
			1.26960824742268	-0.524865979381443
			1.26960824742268	-0.528412371134021
			1.26960824742268	-0.531958762886598
			1.26960824742268	-0.535505154639175
			1.2660618556701	-0.539051546391753
			1.2660618556701	-0.54259793814433
			1.2660618556701	-0.546144329896907
			1.26251546391753	-0.549690721649485
			1.26251546391753	-0.553237113402062
			1.26251546391753	-0.556783505154639
			1.25896907216495	-0.560329896907216
			1.25896907216495	-0.563876288659794
			1.25896907216495	-0.567422680412371
			1.25896907216495	-0.570969072164948
			1.25542268041237	-0.574515463917526
			1.25542268041237	-0.578061855670103
			1.25187628865979	-0.58160824742268
			1.25187628865979	-0.585154639175258
			1.25187628865979	-0.588701030927835
			1.25187628865979	-0.592247422680412
			1.24832989690722	-0.59579381443299
			1.24832989690722	-0.599340206185567
			1.24832989690722	-0.602886597938144
			1.24478350515464	-0.606432989690722
			1.24478350515464	-0.609979381443299
			1.24123711340206	-0.613525773195876
			1.24123711340206	-0.617072164948454
			1.24123711340206	-0.620618556701031
			1.23769072164948	-0.620618556701031
			1.23769072164948	-0.624164948453608
			1.23769072164948	-0.627711340206186
			1.23414432989691	-0.631257731958763
			1.23414432989691	-0.63480412371134
			1.23414432989691	-0.638350515463918
			1.23059793814433	-0.641896907216495
			1.23059793814433	-0.645443298969072
			1.23059793814433	-0.648989690721649
			1.23059793814433	-0.652536082474227
			1.23059793814433	-0.656082474226804
			1.22705154639175	-0.659628865979381
			1.22705154639175	-0.663175257731959
			1.22705154639175	-0.666721649484536
			1.22705154639175	-0.670268041237113
			1.22705154639175	-0.673814432989691
			1.22705154639175	-0.677360824742268
			1.22705154639175	-0.680907216494845
			1.22705154639175	-0.684453608247423
			1.22705154639175	-0.688
			1.22705154639175	-0.691546391752577
			1.22705154639175	-0.695092783505155
			1.22705154639175	-0.698639175257732
			1.22705154639175	-0.702185567010309
			1.22705154639175	-0.705731958762887
			1.22705154639175	-0.709278350515464
			1.23059793814433	-0.709278350515464
			1.23059793814433	-0.712824742268041
			1.23059793814433	-0.716371134020618
			1.23059793814433	-0.719917525773196
			1.23414432989691	-0.719917525773196
			1.23769072164948	-0.719917525773196
			1.24123711340206	-0.716371134020618
			1.24478350515464	-0.716371134020618
			1.24832989690722	-0.716371134020618
			1.25187628865979	-0.716371134020618
			1.25542268041237	-0.716371134020618
			1.25896907216495	-0.716371134020618
			1.26251546391753	-0.716371134020618
			1.2660618556701	-0.716371134020618
			1.26960824742268	-0.716371134020618
			1.27315463917526	-0.716371134020618
			1.27670103092784	-0.716371134020618
			1.28024742268041	-0.716371134020618
			1.28379381443299	-0.716371134020618
			1.28734020618557	-0.716371134020618
			1.29088659793814	-0.719917525773196
			1.29443298969072	-0.719917525773196
			1.2979793814433	-0.719917525773196
			1.30152577319588	-0.719917525773196
			1.30507216494845	-0.719917525773196
			1.30861855670103	-0.723463917525773
			1.31216494845361	-0.723463917525773
			1.31571134020619	-0.723463917525773
			1.31925773195876	-0.72701030927835
			1.32280412371134	-0.72701030927835
			1.32635051546392	-0.730556701030928
			1.32989690721649	-0.730556701030928
			1.33344329896907	-0.734103092783505
			1.33698969072165	-0.734103092783505
			1.34053608247423	-0.737649484536082
			1.3440824742268	-0.737649484536082
			1.34762886597938	-0.74119587628866
			1.35117525773196	-0.74119587628866
			1.35472164948454	-0.744742268041237
			1.35826804123711	-0.748288659793814
			1.36181443298969	-0.751835051546392
			1.36181443298969	-0.755381443298969
			1.36536082474227	-0.758927835051546
			1.36890721649485	-0.762474226804124
			1.36890721649485	-0.766020618556701
			1.37245360824742	-0.769567010309278
			1.37245360824742	-0.773113402061856
			1.376	-0.776659793814433
			1.376	-0.78020618556701
			1.37954639175258	-0.783752577319588
			1.37954639175258	-0.787298969072165
			1.38309278350515	-0.790845360824742
			1.38309278350515	-0.79439175257732
			1.38663917525773	-0.797938144329897
			1.38663917525773	-0.801484536082474
			1.39018556701031	-0.805030927835051
			1.39018556701031	-0.808577319587629
			1.39018556701031	-0.812123711340206
			1.39373195876289	-0.815670103092783
			1.39373195876289	-0.819216494845361
			1.39373195876289	-0.822762886597938
			1.39373195876289	-0.826309278350515
			1.39727835051546	-0.826309278350515
			1.39727835051546	-0.829855670103093
			1.39727835051546	-0.83340206185567
			1.39727835051546	-0.836948453608247
			1.39727835051546	-0.840494845360825
			1.40082474226804	-0.840494845360825
			1.40082474226804	-0.844041237113402
			1.40082474226804	-0.847587628865979
			1.40082474226804	-0.851134020618557
			1.40082474226804	-0.854680412371134
			1.40082474226804	-0.858226804123711
			1.40082474226804	-0.861773195876289
			1.40082474226804	-0.865319587628866
			1.40082474226804	-0.868865979381443
			1.40082474226804	-0.872412371134021
			1.40082474226804	-0.875958762886598
			1.40082474226804	-0.879505154639175
			1.40082474226804	-0.883051546391753
			1.40082474226804	-0.88659793814433
			1.40082474226804	-0.890144329896907
			1.40082474226804	-0.893690721649484
			1.40082474226804	-0.897237113402062
			1.40082474226804	-0.900783505154639
			1.40082474226804	-0.904329896907216
			1.39727835051546	-0.907876288659794
			1.39727835051546	-0.911422680412371
			1.39727835051546	-0.914969072164948
			1.39727835051546	-0.918515463917526
			1.39373195876289	-0.922061855670103
			1.39373195876289	-0.92560824742268
			1.39018556701031	-0.929154639175258
			1.39018556701031	-0.932701030927835
			1.38663917525773	-0.932701030927835
			1.38309278350515	-0.936247422680412
			1.37954639175258	-0.93979381443299
			1.376	-0.943340206185567
			1.37245360824742	-0.946886597938144
			1.36890721649485	-0.950432989690722
			1.36536082474227	-0.953979381443299
			1.36181443298969	-0.953979381443299
			1.35826804123711	-0.957525773195876
			1.35472164948454	-0.961072164948453
			1.35117525773196	-0.961072164948453
			1.34762886597938	-0.964618556701031
			1.3440824742268	-0.964618556701031
			1.34053608247423	-0.968164948453608
			1.33698969072165	-0.968164948453608
			1.33344329896907	-0.971711340206186
			1.32989690721649	-0.971711340206186
			1.32635051546392	-0.971711340206186
			1.32280412371134	-0.971711340206186
			1.31925773195876	-0.975257731958763
			1.31571134020619	-0.975257731958763
			1.31216494845361	-0.975257731958763
			1.30861855670103	-0.975257731958763
			1.30507216494845	-0.97880412371134
			1.30152577319588	-0.97880412371134
			1.2979793814433	-0.97880412371134
			1.29443298969072	-0.97880412371134
			1.29088659793814	-0.97880412371134
			1.28734020618557	-0.97880412371134
			1.28379381443299	-0.97880412371134
			1.28024742268041	-0.97880412371134
			1.27670103092784	-0.97880412371134
			1.27315463917526	-0.97880412371134
			1.26960824742268	-0.97880412371134
			1.2660618556701	-0.97880412371134
			1.26251546391753	-0.97880412371134
			1.25896907216495	-0.97880412371134
			1.25542268041237	-0.982350515463917
			1.25542268041237	-0.985896907216495
			1.25542268041237	-0.989443298969072
			1.25187628865979	-0.992989690721649
			1.25187628865979	-0.996536082474227
			1.25187628865979	-1.0000824742268
			1.25542268041237	-1.00362886597938
			1.25542268041237	-1.00717525773196
			1.25542268041237	-1.01072164948454
			1.25896907216495	-1.01072164948454
			1.25896907216495	-1.01426804123711
			1.26251546391753	-1.01781443298969
			1.26251546391753	-1.02136082474227
			1.2660618556701	-1.02490721649485
			1.26960824742268	-1.02490721649485
			1.27315463917526	-1.02845360824742
			1.27670103092784	-1.032
			1.28024742268041	-1.032
			1.28379381443299	-1.03554639175258
			1.28734020618557	-1.03909278350515
			1.29088659793814	-1.03909278350515
			1.29443298969072	-1.03909278350515
			1.2979793814433	-1.04263917525773
			1.30152577319588	-1.04618556701031
			1.30507216494845	-1.04618556701031
			1.30861855670103	-1.04618556701031
			1.31216494845361	-1.04973195876289
			1.31571134020619	-1.04973195876289
			1.31925773195876	-1.04973195876289
			1.32280412371134	-1.05327835051546
			1.32635051546392	-1.05327835051546
			1.32989690721649	-1.05327835051546
			1.33344329896907	-1.05682474226804
			1.33698969072165	-1.05682474226804
			1.34053608247423	-1.05682474226804
			1.3440824742268	-1.05682474226804
			1.34762886597938	-1.06037113402062
			1.35117525773196	-1.06037113402062
			1.35472164948454	-1.06037113402062
			1.35826804123711	-1.06037113402062
			1.36181443298969	-1.06037113402062
			1.36536082474227	-1.0639175257732
			1.36890721649485	-1.0639175257732
			1.37245360824742	-1.0639175257732
			1.376	-1.0639175257732
			1.37954639175258	-1.06746391752577
			1.38309278350515	-1.06746391752577
			1.38663917525773	-1.06746391752577
			1.39018556701031	-1.07101030927835
			1.39373195876289	-1.07101030927835
			1.39727835051546	-1.07101030927835
			1.40082474226804	-1.07455670103093
			1.40437113402062	-1.07455670103093
			1.4079175257732	-1.07455670103093
			1.41146391752577	-1.07455670103093
			1.41501030927835	-1.07810309278351
			1.41855670103093	-1.07810309278351
			1.4221030927835	-1.07810309278351
			1.42564948453608	-1.08164948453608
			1.42919587628866	-1.08164948453608
			1.43274226804124	-1.08519587628866
			1.43628865979381	-1.08519587628866
			1.43983505154639	-1.08519587628866
			1.43983505154639	-1.08874226804124
			1.44338144329897	-1.08874226804124
			1.44692783505155	-1.08874226804124
			1.45047422680412	-1.09228865979381
			1.4540206185567	-1.09228865979381
			1.45756701030928	-1.09583505154639
			1.46111340206186	-1.09583505154639
			1.46465979381443	-1.09938144329897
			1.46820618556701	-1.09938144329897
			1.47175257731959	-1.10292783505155
			1.47529896907216	-1.10292783505155
			1.47884536082474	-1.10647422680412
			1.47884536082474	-1.1100206185567
			1.48239175257732	-1.1100206185567
			1.4859381443299	-1.11356701030928
			1.48948453608247	-1.11356701030928
			1.49303092783505	-1.11711340206186
			1.49657731958763	-1.11711340206186
			1.49657731958763	-1.12065979381443
			1.50012371134021	-1.12065979381443
			1.50367010309278	-1.12420618556701
			1.50367010309278	-1.12775257731959
			1.50721649484536	-1.12775257731959
			1.51076288659794	-1.13129896907216
			1.51430927835052	-1.13484536082474
			1.51785567010309	-1.13839175257732
			1.52140206185567	-1.1419381443299
			1.52494845360825	-1.14548453608247
			1.52849484536082	-1.14903092783505
			1.5320412371134	-1.15257731958763
			1.5320412371134	-1.15612371134021
			1.53558762886598	-1.15967010309278
			1.53558762886598	-1.16321649484536
			1.53913402061856	-1.16676288659794
			1.54268041237113	-1.16676288659794
			1.54268041237113	-1.17030927835052
			1.54622680412371	-1.17385567010309
			1.54622680412371	-1.17740206185567
			1.54622680412371	-1.18094845360825
			1.54977319587629	-1.18449484536082
			1.54977319587629	-1.1880412371134
			1.55331958762887	-1.19158762886598
			1.55331958762887	-1.19513402061856
			1.55331958762887	-1.19868041237113
			1.55686597938144	-1.20222680412371
			1.55686597938144	-1.20577319587629
		</suture>
	</curves.scaled>
	<ruler.points type=matrix rownames=TRUE colnames=FALSE nrow=2 ncol=2 as.numeric=TRUE >
		Ruler point 1	5	392
		Ruler point 2	490	392
	</ruler.points>
</shapes>

