<shapes type=list>
	<ruler.pixel type=vector names=FALSE length=1 as.numeric=TRUE >53</ruler.pixel>
	<ruler.interval type=vector names=FALSE length=1 as.numeric=TRUE >1</ruler.interval>
	<scaling.units type=vector names=FALSE length=1 as.numeric=FALSE >mm</scaling.units>
	<scaling type=vector names=FALSE length=1 as.numeric=TRUE >0.0188679245283019</scaling>
	<landmarks.pixel type=matrix rownames=TRUE colnames=FALSE nrow=16 ncol=2 as.numeric=TRUE >
		LM1	109	2
		LM2	109	10
		LM3	109	105
		LM4	109	130
		LM5	140	69
		LM6	139	112
		LM7	142	125
		LM8	140	47
		LM9	142	111
		LM10	109	2
		LM11	153	113
		LM12	188	131
		LM13	109	2
		LM14	173	77
		LM15	217	130
		LM16	218	170
	</landmarks.pixel>
	<landmarks.scaled type=matrix rownames=TRUE colnames=FALSE nrow=16 ncol=2 as.numeric=TRUE >
		LM1	2.05660377358491	-0.0377358490566038
		LM2	2.05660377358491	-0.188679245283019
		LM3	2.05660377358491	-1.9811320754717
		LM4	2.05660377358491	-2.45283018867925
		LM5	2.64150943396226	-1.30188679245283
		LM6	2.62264150943396	-2.11320754716981
		LM7	2.67924528301887	-2.35849056603774
		LM8	2.64150943396226	-0.886792452830189
		LM9	2.67924528301887	-2.09433962264151
		LM10	2.05660377358491	-0.0377358490566038
		LM11	2.88679245283019	-2.13207547169811
		LM12	3.54716981132075	-2.47169811320755
		LM13	2.05660377358491	-0.0377358490566038
		LM14	3.26415094339623	-1.45283018867925
		LM15	4.09433962264151	-2.45283018867925
		LM16	4.11320754716981	-3.20754716981132
	</landmarks.scaled>
	<curves.control type=list>
		<glabella type=matrix rownames=FALSE colnames=FALSE nrow=7 ncol=2 as.numeric=TRUE >
			109	10
			131	11
			137	33
			140	47
			141	77
			143	99
			142	125
		</glabella>
		<suture type=matrix rownames=FALSE colnames=FALSE nrow=15 ncol=2 as.numeric=TRUE >
			109	2
			131	4
			139	10
			147	18
			152	33
			143	52
			164	59
			170	72
			164	85
			149	98
			148	109
			155	116
			170	119
			184	125
			188	131
		</suture>
		<anterior type=matrix rownames=FALSE colnames=FALSE nrow=9 ncol=2 as.numeric=TRUE >
			109	2
			137	5
			155	18
			176	37
			194	55
			212	80
			215	101
			216	118
			217	130
		</anterior>
		<posterior type=matrix rownames=FALSE colnames=FALSE nrow=11 ncol=2 as.numeric=TRUE >
			109	130
			130	130
			142	125
			153	128
			177	129
			202	129
			211	157
			220	178
			219	163
			218	146
			217	130
		</posterior>
	</curves.control>
	<curves.pixel type=list>
		<glabella type=matrix rownames=FALSE colnames=FALSE nrow=130 ncol=2 as.numeric=TRUE >
			109	10
			110	10
			111	10
			112	10
			113	10
			114	11
			115	11
			116	11
			117	11
			118	12
			119	12
			120	12
			121	13
			122	13
			123	14
			124	14
			125	15
			126	15
			126	16
			127	16
			128	17
			129	18
			130	19
			131	20
			132	21
			132	22
			133	23
			134	24
			134	25
			134	26
			135	26
			135	27
			135	28
			136	29
			136	30
			136	31
			137	32
			137	33
			137	34
			137	35
			138	36
			138	37
			138	38
			138	39
			138	40
			138	41
			139	42
			139	43
			139	44
			139	45
			139	46
			139	47
			139	48
			139	49
			139	50
			140	51
			140	52
			140	53
			140	54
			140	55
			140	56
			140	57
			140	58
			140	59
			140	60
			140	61
			140	62
			140	63
			140	64
			140	65
			141	66
			141	67
			141	68
			141	69
			141	70
			141	71
			141	72
			141	73
			141	74
			141	75
			141	76
			141	77
			141	78
			141	79
			141	80
			141	81
			141	82
			141	83
			142	84
			142	85
			142	86
			142	87
			142	88
			142	89
			142	90
			142	91
			142	92
			142	93
			142	94
			142	95
			142	96
			142	97
			142	98
			142	99
			142	100
			142	101
			142	102
			142	103
			142	104
			142	105
			142	106
			142	107
			142	108
			142	109
			142	110
			142	111
			142	112
			142	113
			142	114
			142	115
			142	116
			142	117
			142	118
			142	119
			142	120
			142	121
			142	122
			142	123
			142	124
			142	125
		</glabella>
		<suture type=matrix rownames=FALSE colnames=FALSE nrow=187 ncol=2 as.numeric=TRUE >
			109	2
			110	2
			111	2
			112	2
			113	2
			114	2
			114	3
			115	3
			116	3
			117	3
			118	3
			119	3
			120	3
			121	4
			122	4
			123	4
			124	4
			125	4
			126	5
			127	5
			128	5
			129	5
			130	6
			131	6
			132	6
			132	7
			133	7
			134	7
			135	7
			135	8
			136	8
			137	9
			138	9
			139	10
			140	11
			141	12
			142	13
			142	14
			143	14
			143	15
			144	16
			144	17
			145	18
			146	19
			147	20
			147	21
			148	22
			148	23
			149	24
			149	25
			149	26
			150	27
			150	28
			151	29
			151	30
			151	31
			152	32
			152	33
			151	34
			151	35
			151	36
			150	37
			150	38
			150	39
			150	40
			149	41
			149	42
			149	43
			149	44
			149	45
			150	46
			150	47
			150	48
			151	49
			151	50
			152	51
			152	52
			153	52
			153	53
			154	54
			155	55
			156	55
			157	56
			158	56
			159	57
			160	58
			161	58
			162	58
			163	58
			163	59
			164	59
			164	60
			165	60
			165	61
			165	62
			165	63
			166	64
			166	65
			166	66
			167	67
			167	68
			167	69
			167	70
			167	71
			167	72
			167	73
			167	74
			167	75
			167	76
			166	77
			166	78
			166	79
			166	80
			166	81
			165	82
			165	83
			164	84
			163	85
			163	86
			162	87
			161	88
			160	88
			159	89
			159	90
			158	91
			157	91
			157	92
			156	93
			155	94
			154	95
			153	96
			153	97
			152	98
			152	99
			151	100
			150	101
			150	102
			149	103
			149	104
			149	105
			149	106
			148	107
			148	108
			148	109
			149	110
			150	111
			151	112
			152	112
			153	113
			154	113
			155	114
			156	115
			157	115
			158	116
			159	116
			160	116
			161	117
			162	117
			163	117
			164	118
			165	118
			166	118
			167	118
			168	119
			169	119
			170	119
			171	120
			172	120
			173	120
			174	121
			175	121
			176	122
			177	122
			177	123
			178	123
			179	123
			180	124
			181	125
			182	126
			183	126
			184	127
			185	127
			185	128
			186	128
			186	129
			187	130
			188	131
		</suture>
		<anterior type=matrix rownames=FALSE colnames=FALSE nrow=169 ncol=2 as.numeric=TRUE >
			109	2
			110	2
			111	2
			112	2
			113	2
			114	3
			115	3
			116	3
			117	3
			118	3
			119	3
			120	4
			121	4
			122	4
			123	4
			124	5
			125	5
			126	5
			127	5
			128	5
			129	6
			130	6
			131	6
			132	7
			133	7
			134	7
			135	8
			136	8
			137	8
			138	9
			139	9
			140	10
			141	10
			142	11
			143	11
			144	11
			144	12
			145	12
			146	12
			146	13
			147	13
			148	13
			148	14
			149	14
			150	15
			151	15
			152	16
			153	17
			154	17
			155	18
			156	19
			157	20
			158	21
			159	22
			160	23
			161	24
			162	25
			163	25
			164	26
			165	27
			166	28
			167	29
			168	30
			169	31
			170	32
			171	32
			172	33
			173	34
			173	35
			174	36
			175	37
			176	38
			177	39
			178	39
			179	40
			180	41
			181	42
			182	43
			182	44
			183	45
			184	45
			185	46
			186	47
			187	48
			188	49
			189	50
			190	51
			191	52
			192	53
			193	54
			194	55
			195	56
			195	57
			196	58
			197	59
			197	60
			198	60
			198	61
			199	62
			199	63
			200	64
			200	65
			201	65
			201	66
			202	67
			202	68
			203	69
			204	70
			204	71
			205	72
			205	73
			206	74
			206	75
			207	76
			207	77
			208	78
			208	79
			209	80
			209	81
			209	82
			210	82
			210	83
			210	84
			211	85
			211	86
			212	87
			212	88
			212	89
			212	90
			213	91
			213	92
			213	93
			214	94
			214	95
			214	96
			214	97
			215	98
			215	99
			215	100
			215	101
			215	102
			215	103
			215	104
			215	105
			215	106
			215	107
			215	108
			215	109
			216	110
			216	111
			216	112
			216	113
			216	114
			216	115
			216	116
			216	117
			216	118
			216	119
			216	120
			216	121
			216	122
			216	123
			217	124
			217	125
			217	126
			217	127
			217	128
			217	129
			217	130
		</anterior>
		<posterior type=matrix rownames=FALSE colnames=FALSE nrow=169 ncol=2 as.numeric=TRUE >
			109	130
			110	130
			111	130
			112	130
			113	130
			114	130
			115	130
			116	130
			117	130
			118	130
			119	130
			120	130
			121	130
			122	129
			123	129
			124	129
			125	129
			126	129
			127	129
			128	129
			129	129
			130	128
			131	128
			132	128
			133	128
			134	128
			135	127
			136	127
			137	127
			138	126
			139	126
			140	126
			141	125
			142	125
			143	125
			144	125
			144	126
			145	126
			146	126
			147	126
			148	126
			149	127
			150	127
			151	127
			152	127
			153	127
			154	127
			155	127
			156	127
			157	128
			158	128
			159	128
			160	128
			161	128
			162	128
			163	128
			164	128
			165	128
			166	128
			167	128
			168	129
			169	129
			170	129
			171	129
			172	129
			173	129
			174	129
			175	129
			176	129
			177	129
			178	129
			179	129
			180	129
			181	129
			182	129
			183	129
			184	130
			185	130
			186	130
			187	130
			188	131
			189	131
			190	131
			191	132
			192	132
			193	133
			194	133
			195	134
			196	134
			196	135
			197	135
			198	136
			199	137
			200	137
			200	138
			201	139
			202	140
			203	141
			204	142
			205	143
			205	144
			206	145
			206	146
			207	147
			207	148
			208	149
			208	150
			209	151
			209	152
			210	153
			210	154
			210	155
			211	156
			211	157
			211	158
			212	159
			212	160
			213	160
			213	161
			213	162
			214	163
			214	164
			215	165
			215	166
			216	167
			216	168
			217	168
			217	169
			218	169
			219	169
			219	168
			219	167
			219	166
			219	165
			219	164
			219	163
			219	162
			219	161
			219	160
			219	159
			219	158
			219	157
			219	156
			219	155
			218	154
			218	153
			218	152
			218	151
			218	150
			218	149
			218	148
			218	147
			218	146
			218	145
			218	144
			218	143
			218	142
			218	141
			218	140
			218	139
			217	138
			217	137
			217	136
			217	135
			217	134
			217	133
			217	132
			217	131
			217	130
		</posterior>
	</curves.pixel>
	<curves.scaled type=list>
		<glabella type=matrix rownames=FALSE colnames=FALSE nrow=130 ncol=2 as.numeric=TRUE >
			2.05660377358491	-0.188679245283019
			2.07547169811321	-0.188679245283019
			2.09433962264151	-0.188679245283019
			2.11320754716981	-0.188679245283019
			2.13207547169811	-0.188679245283019
			2.15094339622642	-0.207547169811321
			2.16981132075472	-0.207547169811321
			2.18867924528302	-0.207547169811321
			2.20754716981132	-0.207547169811321
			2.22641509433962	-0.226415094339623
			2.24528301886792	-0.226415094339623
			2.26415094339623	-0.226415094339623
			2.28301886792453	-0.245283018867925
			2.30188679245283	-0.245283018867925
			2.32075471698113	-0.264150943396226
			2.33962264150943	-0.264150943396226
			2.35849056603774	-0.283018867924528
			2.37735849056604	-0.283018867924528
			2.37735849056604	-0.30188679245283
			2.39622641509434	-0.30188679245283
			2.41509433962264	-0.320754716981132
			2.43396226415094	-0.339622641509434
			2.45283018867925	-0.358490566037736
			2.47169811320755	-0.377358490566038
			2.49056603773585	-0.39622641509434
			2.49056603773585	-0.415094339622641
			2.50943396226415	-0.433962264150943
			2.52830188679245	-0.452830188679245
			2.52830188679245	-0.471698113207547
			2.52830188679245	-0.490566037735849
			2.54716981132075	-0.490566037735849
			2.54716981132075	-0.509433962264151
			2.54716981132075	-0.528301886792453
			2.56603773584906	-0.547169811320755
			2.56603773584906	-0.566037735849057
			2.56603773584906	-0.584905660377358
			2.58490566037736	-0.60377358490566
			2.58490566037736	-0.622641509433962
			2.58490566037736	-0.641509433962264
			2.58490566037736	-0.660377358490566
			2.60377358490566	-0.679245283018868
			2.60377358490566	-0.69811320754717
			2.60377358490566	-0.716981132075472
			2.60377358490566	-0.735849056603774
			2.60377358490566	-0.754716981132075
			2.60377358490566	-0.773584905660377
			2.62264150943396	-0.792452830188679
			2.62264150943396	-0.811320754716981
			2.62264150943396	-0.830188679245283
			2.62264150943396	-0.849056603773585
			2.62264150943396	-0.867924528301887
			2.62264150943396	-0.886792452830189
			2.62264150943396	-0.905660377358491
			2.62264150943396	-0.924528301886792
			2.62264150943396	-0.943396226415094
			2.64150943396226	-0.962264150943396
			2.64150943396226	-0.981132075471698
			2.64150943396226	-1
			2.64150943396226	-1.0188679245283
			2.64150943396226	-1.0377358490566
			2.64150943396226	-1.05660377358491
			2.64150943396226	-1.07547169811321
			2.64150943396226	-1.09433962264151
			2.64150943396226	-1.11320754716981
			2.64150943396226	-1.13207547169811
			2.64150943396226	-1.15094339622642
			2.64150943396226	-1.16981132075472
			2.64150943396226	-1.18867924528302
			2.64150943396226	-1.20754716981132
			2.64150943396226	-1.22641509433962
			2.66037735849057	-1.24528301886792
			2.66037735849057	-1.26415094339623
			2.66037735849057	-1.28301886792453
			2.66037735849057	-1.30188679245283
			2.66037735849057	-1.32075471698113
			2.66037735849057	-1.33962264150943
			2.66037735849057	-1.35849056603774
			2.66037735849057	-1.37735849056604
			2.66037735849057	-1.39622641509434
			2.66037735849057	-1.41509433962264
			2.66037735849057	-1.43396226415094
			2.66037735849057	-1.45283018867925
			2.66037735849057	-1.47169811320755
			2.66037735849057	-1.49056603773585
			2.66037735849057	-1.50943396226415
			2.66037735849057	-1.52830188679245
			2.66037735849057	-1.54716981132075
			2.66037735849057	-1.56603773584906
			2.67924528301887	-1.58490566037736
			2.67924528301887	-1.60377358490566
			2.67924528301887	-1.62264150943396
			2.67924528301887	-1.64150943396226
			2.67924528301887	-1.66037735849057
			2.67924528301887	-1.67924528301887
			2.67924528301887	-1.69811320754717
			2.67924528301887	-1.71698113207547
			2.67924528301887	-1.73584905660377
			2.67924528301887	-1.75471698113208
			2.67924528301887	-1.77358490566038
			2.67924528301887	-1.79245283018868
			2.67924528301887	-1.81132075471698
			2.67924528301887	-1.83018867924528
			2.67924528301887	-1.84905660377358
			2.67924528301887	-1.86792452830189
			2.67924528301887	-1.88679245283019
			2.67924528301887	-1.90566037735849
			2.67924528301887	-1.92452830188679
			2.67924528301887	-1.94339622641509
			2.67924528301887	-1.9622641509434
			2.67924528301887	-1.9811320754717
			2.67924528301887	-2
			2.67924528301887	-2.0188679245283
			2.67924528301887	-2.0377358490566
			2.67924528301887	-2.05660377358491
			2.67924528301887	-2.07547169811321
			2.67924528301887	-2.09433962264151
			2.67924528301887	-2.11320754716981
			2.67924528301887	-2.13207547169811
			2.67924528301887	-2.15094339622642
			2.67924528301887	-2.16981132075472
			2.67924528301887	-2.18867924528302
			2.67924528301887	-2.20754716981132
			2.67924528301887	-2.22641509433962
			2.67924528301887	-2.24528301886792
			2.67924528301887	-2.26415094339623
			2.67924528301887	-2.28301886792453
			2.67924528301887	-2.30188679245283
			2.67924528301887	-2.32075471698113
			2.67924528301887	-2.33962264150943
			2.67924528301887	-2.35849056603774
		</glabella>
		<suture type=matrix rownames=FALSE colnames=FALSE nrow=187 ncol=2 as.numeric=TRUE >
			2.05660377358491	-0.0377358490566038
			2.07547169811321	-0.0377358490566038
			2.09433962264151	-0.0377358490566038
			2.11320754716981	-0.0377358490566038
			2.13207547169811	-0.0377358490566038
			2.15094339622642	-0.0377358490566038
			2.15094339622642	-0.0566037735849057
			2.16981132075472	-0.0566037735849057
			2.18867924528302	-0.0566037735849057
			2.20754716981132	-0.0566037735849057
			2.22641509433962	-0.0566037735849057
			2.24528301886792	-0.0566037735849057
			2.26415094339623	-0.0566037735849057
			2.28301886792453	-0.0754716981132075
			2.30188679245283	-0.0754716981132075
			2.32075471698113	-0.0754716981132075
			2.33962264150943	-0.0754716981132075
			2.35849056603774	-0.0754716981132075
			2.37735849056604	-0.0943396226415094
			2.39622641509434	-0.0943396226415094
			2.41509433962264	-0.0943396226415094
			2.43396226415094	-0.0943396226415094
			2.45283018867925	-0.113207547169811
			2.47169811320755	-0.113207547169811
			2.49056603773585	-0.113207547169811
			2.49056603773585	-0.132075471698113
			2.50943396226415	-0.132075471698113
			2.52830188679245	-0.132075471698113
			2.54716981132075	-0.132075471698113
			2.54716981132075	-0.150943396226415
			2.56603773584906	-0.150943396226415
			2.58490566037736	-0.169811320754717
			2.60377358490566	-0.169811320754717
			2.62264150943396	-0.188679245283019
			2.64150943396226	-0.207547169811321
			2.66037735849057	-0.226415094339623
			2.67924528301887	-0.245283018867925
			2.67924528301887	-0.264150943396226
			2.69811320754717	-0.264150943396226
			2.69811320754717	-0.283018867924528
			2.71698113207547	-0.30188679245283
			2.71698113207547	-0.320754716981132
			2.73584905660377	-0.339622641509434
			2.75471698113208	-0.358490566037736
			2.77358490566038	-0.377358490566038
			2.77358490566038	-0.39622641509434
			2.79245283018868	-0.415094339622641
			2.79245283018868	-0.433962264150943
			2.81132075471698	-0.452830188679245
			2.81132075471698	-0.471698113207547
			2.81132075471698	-0.490566037735849
			2.83018867924528	-0.509433962264151
			2.83018867924528	-0.528301886792453
			2.84905660377358	-0.547169811320755
			2.84905660377358	-0.566037735849057
			2.84905660377358	-0.584905660377358
			2.86792452830189	-0.60377358490566
			2.86792452830189	-0.622641509433962
			2.84905660377358	-0.641509433962264
			2.84905660377358	-0.660377358490566
			2.84905660377358	-0.679245283018868
			2.83018867924528	-0.69811320754717
			2.83018867924528	-0.716981132075472
			2.83018867924528	-0.735849056603774
			2.83018867924528	-0.754716981132075
			2.81132075471698	-0.773584905660377
			2.81132075471698	-0.792452830188679
			2.81132075471698	-0.811320754716981
			2.81132075471698	-0.830188679245283
			2.81132075471698	-0.849056603773585
			2.83018867924528	-0.867924528301887
			2.83018867924528	-0.886792452830189
			2.83018867924528	-0.905660377358491
			2.84905660377358	-0.924528301886792
			2.84905660377358	-0.943396226415094
			2.86792452830189	-0.962264150943396
			2.86792452830189	-0.981132075471698
			2.88679245283019	-0.981132075471698
			2.88679245283019	-1
			2.90566037735849	-1.0188679245283
			2.92452830188679	-1.0377358490566
			2.94339622641509	-1.0377358490566
			2.9622641509434	-1.05660377358491
			2.9811320754717	-1.05660377358491
			3	-1.07547169811321
			3.0188679245283	-1.09433962264151
			3.0377358490566	-1.09433962264151
			3.05660377358491	-1.09433962264151
			3.07547169811321	-1.09433962264151
			3.07547169811321	-1.11320754716981
			3.09433962264151	-1.11320754716981
			3.09433962264151	-1.13207547169811
			3.11320754716981	-1.13207547169811
			3.11320754716981	-1.15094339622642
			3.11320754716981	-1.16981132075472
			3.11320754716981	-1.18867924528302
			3.13207547169811	-1.20754716981132
			3.13207547169811	-1.22641509433962
			3.13207547169811	-1.24528301886792
			3.15094339622642	-1.26415094339623
			3.15094339622642	-1.28301886792453
			3.15094339622642	-1.30188679245283
			3.15094339622642	-1.32075471698113
			3.15094339622642	-1.33962264150943
			3.15094339622642	-1.35849056603774
			3.15094339622642	-1.37735849056604
			3.15094339622642	-1.39622641509434
			3.15094339622642	-1.41509433962264
			3.15094339622642	-1.43396226415094
			3.13207547169811	-1.45283018867925
			3.13207547169811	-1.47169811320755
			3.13207547169811	-1.49056603773585
			3.13207547169811	-1.50943396226415
			3.13207547169811	-1.52830188679245
			3.11320754716981	-1.54716981132075
			3.11320754716981	-1.56603773584906
			3.09433962264151	-1.58490566037736
			3.07547169811321	-1.60377358490566
			3.07547169811321	-1.62264150943396
			3.05660377358491	-1.64150943396226
			3.0377358490566	-1.66037735849057
			3.0188679245283	-1.66037735849057
			3	-1.67924528301887
			3	-1.69811320754717
			2.9811320754717	-1.71698113207547
			2.9622641509434	-1.71698113207547
			2.9622641509434	-1.73584905660377
			2.94339622641509	-1.75471698113208
			2.92452830188679	-1.77358490566038
			2.90566037735849	-1.79245283018868
			2.88679245283019	-1.81132075471698
			2.88679245283019	-1.83018867924528
			2.86792452830189	-1.84905660377358
			2.86792452830189	-1.86792452830189
			2.84905660377358	-1.88679245283019
			2.83018867924528	-1.90566037735849
			2.83018867924528	-1.92452830188679
			2.81132075471698	-1.94339622641509
			2.81132075471698	-1.9622641509434
			2.81132075471698	-1.9811320754717
			2.81132075471698	-2
			2.79245283018868	-2.0188679245283
			2.79245283018868	-2.0377358490566
			2.79245283018868	-2.05660377358491
			2.81132075471698	-2.07547169811321
			2.83018867924528	-2.09433962264151
			2.84905660377358	-2.11320754716981
			2.86792452830189	-2.11320754716981
			2.88679245283019	-2.13207547169811
			2.90566037735849	-2.13207547169811
			2.92452830188679	-2.15094339622642
			2.94339622641509	-2.16981132075472
			2.9622641509434	-2.16981132075472
			2.9811320754717	-2.18867924528302
			3	-2.18867924528302
			3.0188679245283	-2.18867924528302
			3.0377358490566	-2.20754716981132
			3.05660377358491	-2.20754716981132
			3.07547169811321	-2.20754716981132
			3.09433962264151	-2.22641509433962
			3.11320754716981	-2.22641509433962
			3.13207547169811	-2.22641509433962
			3.15094339622642	-2.22641509433962
			3.16981132075472	-2.24528301886792
			3.18867924528302	-2.24528301886792
			3.20754716981132	-2.24528301886792
			3.22641509433962	-2.26415094339623
			3.24528301886792	-2.26415094339623
			3.26415094339623	-2.26415094339623
			3.28301886792453	-2.28301886792453
			3.30188679245283	-2.28301886792453
			3.32075471698113	-2.30188679245283
			3.33962264150943	-2.30188679245283
			3.33962264150943	-2.32075471698113
			3.35849056603774	-2.32075471698113
			3.37735849056604	-2.32075471698113
			3.39622641509434	-2.33962264150943
			3.41509433962264	-2.35849056603774
			3.43396226415094	-2.37735849056604
			3.45283018867925	-2.37735849056604
			3.47169811320755	-2.39622641509434
			3.49056603773585	-2.39622641509434
			3.49056603773585	-2.41509433962264
			3.50943396226415	-2.41509433962264
			3.50943396226415	-2.43396226415094
			3.52830188679245	-2.45283018867925
			3.54716981132075	-2.47169811320755
		</suture>
		<anterior type=matrix rownames=FALSE colnames=FALSE nrow=169 ncol=2 as.numeric=TRUE >
			2.05660377358491	-0.0377358490566038
			2.07547169811321	-0.0377358490566038
			2.09433962264151	-0.0377358490566038
			2.11320754716981	-0.0377358490566038
			2.13207547169811	-0.0377358490566038
			2.15094339622642	-0.0566037735849057
			2.16981132075472	-0.0566037735849057
			2.18867924528302	-0.0566037735849057
			2.20754716981132	-0.0566037735849057
			2.22641509433962	-0.0566037735849057
			2.24528301886792	-0.0566037735849057
			2.26415094339623	-0.0754716981132075
			2.28301886792453	-0.0754716981132075
			2.30188679245283	-0.0754716981132075
			2.32075471698113	-0.0754716981132075
			2.33962264150943	-0.0943396226415094
			2.35849056603774	-0.0943396226415094
			2.37735849056604	-0.0943396226415094
			2.39622641509434	-0.0943396226415094
			2.41509433962264	-0.0943396226415094
			2.43396226415094	-0.113207547169811
			2.45283018867925	-0.113207547169811
			2.47169811320755	-0.113207547169811
			2.49056603773585	-0.132075471698113
			2.50943396226415	-0.132075471698113
			2.52830188679245	-0.132075471698113
			2.54716981132075	-0.150943396226415
			2.56603773584906	-0.150943396226415
			2.58490566037736	-0.150943396226415
			2.60377358490566	-0.169811320754717
			2.62264150943396	-0.169811320754717
			2.64150943396226	-0.188679245283019
			2.66037735849057	-0.188679245283019
			2.67924528301887	-0.207547169811321
			2.69811320754717	-0.207547169811321
			2.71698113207547	-0.207547169811321
			2.71698113207547	-0.226415094339623
			2.73584905660377	-0.226415094339623
			2.75471698113208	-0.226415094339623
			2.75471698113208	-0.245283018867925
			2.77358490566038	-0.245283018867925
			2.79245283018868	-0.245283018867925
			2.79245283018868	-0.264150943396226
			2.81132075471698	-0.264150943396226
			2.83018867924528	-0.283018867924528
			2.84905660377358	-0.283018867924528
			2.86792452830189	-0.30188679245283
			2.88679245283019	-0.320754716981132
			2.90566037735849	-0.320754716981132
			2.92452830188679	-0.339622641509434
			2.94339622641509	-0.358490566037736
			2.9622641509434	-0.377358490566038
			2.9811320754717	-0.39622641509434
			3	-0.415094339622641
			3.0188679245283	-0.433962264150943
			3.0377358490566	-0.452830188679245
			3.05660377358491	-0.471698113207547
			3.07547169811321	-0.471698113207547
			3.09433962264151	-0.490566037735849
			3.11320754716981	-0.509433962264151
			3.13207547169811	-0.528301886792453
			3.15094339622642	-0.547169811320755
			3.16981132075472	-0.566037735849057
			3.18867924528302	-0.584905660377358
			3.20754716981132	-0.60377358490566
			3.22641509433962	-0.60377358490566
			3.24528301886792	-0.622641509433962
			3.26415094339623	-0.641509433962264
			3.26415094339623	-0.660377358490566
			3.28301886792453	-0.679245283018868
			3.30188679245283	-0.69811320754717
			3.32075471698113	-0.716981132075472
			3.33962264150943	-0.735849056603774
			3.35849056603774	-0.735849056603774
			3.37735849056604	-0.754716981132075
			3.39622641509434	-0.773584905660377
			3.41509433962264	-0.792452830188679
			3.43396226415094	-0.811320754716981
			3.43396226415094	-0.830188679245283
			3.45283018867925	-0.849056603773585
			3.47169811320755	-0.849056603773585
			3.49056603773585	-0.867924528301887
			3.50943396226415	-0.886792452830189
			3.52830188679245	-0.905660377358491
			3.54716981132075	-0.924528301886792
			3.56603773584906	-0.943396226415094
			3.58490566037736	-0.962264150943396
			3.60377358490566	-0.981132075471698
			3.62264150943396	-1
			3.64150943396226	-1.0188679245283
			3.66037735849057	-1.0377358490566
			3.67924528301887	-1.05660377358491
			3.67924528301887	-1.07547169811321
			3.69811320754717	-1.09433962264151
			3.71698113207547	-1.11320754716981
			3.71698113207547	-1.13207547169811
			3.73584905660377	-1.13207547169811
			3.73584905660377	-1.15094339622642
			3.75471698113208	-1.16981132075472
			3.75471698113208	-1.18867924528302
			3.77358490566038	-1.20754716981132
			3.77358490566038	-1.22641509433962
			3.79245283018868	-1.22641509433962
			3.79245283018868	-1.24528301886792
			3.81132075471698	-1.26415094339623
			3.81132075471698	-1.28301886792453
			3.83018867924528	-1.30188679245283
			3.84905660377358	-1.32075471698113
			3.84905660377358	-1.33962264150943
			3.86792452830189	-1.35849056603774
			3.86792452830189	-1.37735849056604
			3.88679245283019	-1.39622641509434
			3.88679245283019	-1.41509433962264
			3.90566037735849	-1.43396226415094
			3.90566037735849	-1.45283018867925
			3.92452830188679	-1.47169811320755
			3.92452830188679	-1.49056603773585
			3.94339622641509	-1.50943396226415
			3.94339622641509	-1.52830188679245
			3.94339622641509	-1.54716981132075
			3.9622641509434	-1.54716981132075
			3.9622641509434	-1.56603773584906
			3.9622641509434	-1.58490566037736
			3.9811320754717	-1.60377358490566
			3.9811320754717	-1.62264150943396
			4	-1.64150943396226
			4	-1.66037735849057
			4	-1.67924528301887
			4	-1.69811320754717
			4.0188679245283	-1.71698113207547
			4.0188679245283	-1.73584905660377
			4.0188679245283	-1.75471698113208
			4.0377358490566	-1.77358490566038
			4.0377358490566	-1.79245283018868
			4.0377358490566	-1.81132075471698
			4.0377358490566	-1.83018867924528
			4.05660377358491	-1.84905660377358
			4.05660377358491	-1.86792452830189
			4.05660377358491	-1.88679245283019
			4.05660377358491	-1.90566037735849
			4.05660377358491	-1.92452830188679
			4.05660377358491	-1.94339622641509
			4.05660377358491	-1.9622641509434
			4.05660377358491	-1.9811320754717
			4.05660377358491	-2
			4.05660377358491	-2.0188679245283
			4.05660377358491	-2.0377358490566
			4.05660377358491	-2.05660377358491
			4.07547169811321	-2.07547169811321
			4.07547169811321	-2.09433962264151
			4.07547169811321	-2.11320754716981
			4.07547169811321	-2.13207547169811
			4.07547169811321	-2.15094339622642
			4.07547169811321	-2.16981132075472
			4.07547169811321	-2.18867924528302
			4.07547169811321	-2.20754716981132
			4.07547169811321	-2.22641509433962
			4.07547169811321	-2.24528301886792
			4.07547169811321	-2.26415094339623
			4.07547169811321	-2.28301886792453
			4.07547169811321	-2.30188679245283
			4.07547169811321	-2.32075471698113
			4.09433962264151	-2.33962264150943
			4.09433962264151	-2.35849056603774
			4.09433962264151	-2.37735849056604
			4.09433962264151	-2.39622641509434
			4.09433962264151	-2.41509433962264
			4.09433962264151	-2.43396226415094
			4.09433962264151	-2.45283018867925
		</anterior>
		<posterior type=matrix rownames=FALSE colnames=FALSE nrow=169 ncol=2 as.numeric=TRUE >
			2.05660377358491	-2.45283018867925
			2.07547169811321	-2.45283018867925
			2.09433962264151	-2.45283018867925
			2.11320754716981	-2.45283018867925
			2.13207547169811	-2.45283018867925
			2.15094339622642	-2.45283018867925
			2.16981132075472	-2.45283018867925
			2.18867924528302	-2.45283018867925
			2.20754716981132	-2.45283018867925
			2.22641509433962	-2.45283018867925
			2.24528301886792	-2.45283018867925
			2.26415094339623	-2.45283018867925
			2.28301886792453	-2.45283018867925
			2.30188679245283	-2.43396226415094
			2.32075471698113	-2.43396226415094
			2.33962264150943	-2.43396226415094
			2.35849056603774	-2.43396226415094
			2.37735849056604	-2.43396226415094
			2.39622641509434	-2.43396226415094
			2.41509433962264	-2.43396226415094
			2.43396226415094	-2.43396226415094
			2.45283018867925	-2.41509433962264
			2.47169811320755	-2.41509433962264
			2.49056603773585	-2.41509433962264
			2.50943396226415	-2.41509433962264
			2.52830188679245	-2.41509433962264
			2.54716981132075	-2.39622641509434
			2.56603773584906	-2.39622641509434
			2.58490566037736	-2.39622641509434
			2.60377358490566	-2.37735849056604
			2.62264150943396	-2.37735849056604
			2.64150943396226	-2.37735849056604
			2.66037735849057	-2.35849056603774
			2.67924528301887	-2.35849056603774
			2.69811320754717	-2.35849056603774
			2.71698113207547	-2.35849056603774
			2.71698113207547	-2.37735849056604
			2.73584905660377	-2.37735849056604
			2.75471698113208	-2.37735849056604
			2.77358490566038	-2.37735849056604
			2.79245283018868	-2.37735849056604
			2.81132075471698	-2.39622641509434
			2.83018867924528	-2.39622641509434
			2.84905660377358	-2.39622641509434
			2.86792452830189	-2.39622641509434
			2.88679245283019	-2.39622641509434
			2.90566037735849	-2.39622641509434
			2.92452830188679	-2.39622641509434
			2.94339622641509	-2.39622641509434
			2.9622641509434	-2.41509433962264
			2.9811320754717	-2.41509433962264
			3	-2.41509433962264
			3.0188679245283	-2.41509433962264
			3.0377358490566	-2.41509433962264
			3.05660377358491	-2.41509433962264
			3.07547169811321	-2.41509433962264
			3.09433962264151	-2.41509433962264
			3.11320754716981	-2.41509433962264
			3.13207547169811	-2.41509433962264
			3.15094339622642	-2.41509433962264
			3.16981132075472	-2.43396226415094
			3.18867924528302	-2.43396226415094
			3.20754716981132	-2.43396226415094
			3.22641509433962	-2.43396226415094
			3.24528301886792	-2.43396226415094
			3.26415094339623	-2.43396226415094
			3.28301886792453	-2.43396226415094
			3.30188679245283	-2.43396226415094
			3.32075471698113	-2.43396226415094
			3.33962264150943	-2.43396226415094
			3.35849056603774	-2.43396226415094
			3.37735849056604	-2.43396226415094
			3.39622641509434	-2.43396226415094
			3.41509433962264	-2.43396226415094
			3.43396226415094	-2.43396226415094
			3.45283018867925	-2.43396226415094
			3.47169811320755	-2.45283018867925
			3.49056603773585	-2.45283018867925
			3.50943396226415	-2.45283018867925
			3.52830188679245	-2.45283018867925
			3.54716981132075	-2.47169811320755
			3.56603773584906	-2.47169811320755
			3.58490566037736	-2.47169811320755
			3.60377358490566	-2.49056603773585
			3.62264150943396	-2.49056603773585
			3.64150943396226	-2.50943396226415
			3.66037735849057	-2.50943396226415
			3.67924528301887	-2.52830188679245
			3.69811320754717	-2.52830188679245
			3.69811320754717	-2.54716981132075
			3.71698113207547	-2.54716981132075
			3.73584905660377	-2.56603773584906
			3.75471698113208	-2.58490566037736
			3.77358490566038	-2.58490566037736
			3.77358490566038	-2.60377358490566
			3.79245283018868	-2.62264150943396
			3.81132075471698	-2.64150943396226
			3.83018867924528	-2.66037735849057
			3.84905660377358	-2.67924528301887
			3.86792452830189	-2.69811320754717
			3.86792452830189	-2.71698113207547
			3.88679245283019	-2.73584905660377
			3.88679245283019	-2.75471698113208
			3.90566037735849	-2.77358490566038
			3.90566037735849	-2.79245283018868
			3.92452830188679	-2.81132075471698
			3.92452830188679	-2.83018867924528
			3.94339622641509	-2.84905660377358
			3.94339622641509	-2.86792452830189
			3.9622641509434	-2.88679245283019
			3.9622641509434	-2.90566037735849
			3.9622641509434	-2.92452830188679
			3.9811320754717	-2.94339622641509
			3.9811320754717	-2.9622641509434
			3.9811320754717	-2.9811320754717
			4	-3
			4	-3.0188679245283
			4.0188679245283	-3.0188679245283
			4.0188679245283	-3.0377358490566
			4.0188679245283	-3.05660377358491
			4.0377358490566	-3.07547169811321
			4.0377358490566	-3.09433962264151
			4.05660377358491	-3.11320754716981
			4.05660377358491	-3.13207547169811
			4.07547169811321	-3.15094339622642
			4.07547169811321	-3.16981132075472
			4.09433962264151	-3.16981132075472
			4.09433962264151	-3.18867924528302
			4.11320754716981	-3.18867924528302
			4.13207547169811	-3.18867924528302
			4.13207547169811	-3.16981132075472
			4.13207547169811	-3.15094339622642
			4.13207547169811	-3.13207547169811
			4.13207547169811	-3.11320754716981
			4.13207547169811	-3.09433962264151
			4.13207547169811	-3.07547169811321
			4.13207547169811	-3.05660377358491
			4.13207547169811	-3.0377358490566
			4.13207547169811	-3.0188679245283
			4.13207547169811	-3
			4.13207547169811	-2.9811320754717
			4.13207547169811	-2.9622641509434
			4.13207547169811	-2.94339622641509
			4.13207547169811	-2.92452830188679
			4.11320754716981	-2.90566037735849
			4.11320754716981	-2.88679245283019
			4.11320754716981	-2.86792452830189
			4.11320754716981	-2.84905660377358
			4.11320754716981	-2.83018867924528
			4.11320754716981	-2.81132075471698
			4.11320754716981	-2.79245283018868
			4.11320754716981	-2.77358490566038
			4.11320754716981	-2.75471698113208
			4.11320754716981	-2.73584905660377
			4.11320754716981	-2.71698113207547
			4.11320754716981	-2.69811320754717
			4.11320754716981	-2.67924528301887
			4.11320754716981	-2.66037735849057
			4.11320754716981	-2.64150943396226
			4.11320754716981	-2.62264150943396
			4.09433962264151	-2.60377358490566
			4.09433962264151	-2.58490566037736
			4.09433962264151	-2.56603773584906
			4.09433962264151	-2.54716981132075
			4.09433962264151	-2.52830188679245
			4.09433962264151	-2.50943396226415
			4.09433962264151	-2.49056603773585
			4.09433962264151	-2.47169811320755
			4.09433962264151	-2.45283018867925
		</posterior>
	</curves.scaled>
	<ruler.points type=matrix rownames=TRUE colnames=FALSE nrow=2 ncol=2 as.numeric=TRUE >
		Ruler point 1	173	16
		Ruler point 2	226	16
	</ruler.points>
</shapes>

