<shapes type=list>
	<ruler.pixel type=vector names=FALSE length=1 as.numeric=TRUE >250</ruler.pixel>
	<ruler.interval type=vector names=FALSE length=1 as.numeric=TRUE >9.75</ruler.interval>
	<scaling.units type=vector names=FALSE length=1 as.numeric=FALSE >mm</scaling.units>
	<scaling type=vector names=FALSE length=1 as.numeric=TRUE >0.039</scaling>
	<landmarks.pixel type=matrix rownames=TRUE colnames=FALSE nrow=16 ncol=2 as.numeric=TRUE >
		LM1	355	31
		LM2	355	31
		LM3	351	248
		LM4	351	281
		LM5	471	94
		LM6	419	249
		LM7	423	272
		LM8	482	142
		LM9	487	211
		LM10	355	31
		LM11	548	201
		LM12	584	217
		LM13	355	31
		LM14	545	178
		LM15	575	281
		LM16	568	291
	</landmarks.pixel>
	<landmarks.scaled type=matrix rownames=TRUE colnames=FALSE nrow=16 ncol=2 as.numeric=TRUE >
		LM1	13.845	-1.209
		LM2	13.845	-1.209
		LM3	13.689	-9.672
		LM4	13.689	-10.959
		LM5	18.369	-3.666
		LM6	16.341	-9.711
		LM7	16.497	-10.608
		LM8	18.798	-5.538
		LM9	18.993	-8.229
		LM10	13.845	-1.209
		LM11	21.372	-7.839
		LM12	22.776	-8.463
		LM13	13.845	-1.209
		LM14	21.255	-6.942
		LM15	22.425	-10.959
		LM16	22.152	-11.349
	</landmarks.scaled>
	<curves.control type=list>
		<glabella type=matrix rownames=FALSE colnames=FALSE nrow=13 ncol=2 as.numeric=TRUE >
			355	31
			378	35
			413	48
			444	65
			457	73
			482	90
			466	137
			445	183
			413	222
			421	227
			418	249
			424	254
			423	272
		</glabella>
		<suture type=matrix rownames=FALSE colnames=FALSE nrow=17 ncol=2 as.numeric=TRUE >
			355	31
			469	59
			475	104
			468	137
			478	143
			508	142
			509	176
			507	197
			485	212
			479	220
			486	227
			494	247
			522	231
			530	225
			548	201
			571	195
			584	217
		</suture>
		<anterior type=matrix rownames=FALSE colnames=FALSE nrow=11 ncol=2 as.numeric=TRUE >
			355	31
			378	35
			413	48
			444	65
			457	73
			514	97
			551	156
			584	199
			585	219
			589	251
			575	281
		</anterior>
		<posterior type=matrix rownames=FALSE colnames=FALSE nrow=9 ncol=2 as.numeric=TRUE >
			351	281
			375	288
			405	278
			425	269
			437	273
			479	278
			510	291
			568	303
			575	281
		</posterior>
	</curves.control>
	<curves.pixel type=list>
		<glabella type=matrix rownames=FALSE colnames=FALSE nrow=316 ncol=2 as.numeric=TRUE >
			355	31
			356	31
			357	31
			358	31
			358	32
			359	32
			360	32
			361	32
			362	32
			363	33
			364	33
			365	33
			366	33
			367	34
			368	34
			369	34
			370	34
			371	35
			372	35
			373	35
			374	35
			375	35
			376	36
			377	36
			378	36
			379	37
			380	37
			381	37
			382	37
			382	38
			383	38
			384	38
			385	38
			386	39
			387	39
			388	39
			389	40
			390	40
			391	40
			392	41
			393	41
			394	41
			395	42
			396	42
			397	42
			398	43
			399	43
			400	43
			401	44
			402	44
			403	44
			404	45
			405	45
			406	45
			406	46
			407	46
			408	46
			409	46
			410	47
			411	47
			412	48
			413	48
			414	49
			415	49
			416	49
			416	50
			417	50
			418	51
			419	51
			420	52
			421	52
			421	53
			422	53
			423	53
			424	54
			425	55
			426	55
			427	56
			428	56
			429	57
			430	57
			430	58
			431	58
			432	59
			433	59
			434	60
			435	60
			436	61
			437	61
			438	62
			439	62
			440	63
			441	63
			442	64
			443	65
			444	65
			445	66
			446	66
			447	67
			448	68
			449	68
			450	69
			451	69
			452	70
			453	71
			454	71
			455	72
			456	72
			456	73
			457	73
			458	74
			459	74
			460	75
			460	76
			461	76
			462	77
			463	78
			464	79
			465	80
			465	81
			466	82
			467	83
			467	84
			468	85
			468	86
			469	87
			469	88
			470	89
			470	90
			470	91
			471	92
			471	93
			471	94
			471	95
			471	96
			472	97
			472	98
			472	99
			472	100
			472	101
			472	102
			472	103
			472	104
			472	105
			472	106
			472	107
			472	108
			472	109
			472	110
			472	111
			472	112
			472	113
			472	114
			472	115
			471	116
			471	117
			471	118
			471	119
			471	120
			470	121
			470	122
			470	123
			470	124
			470	125
			469	126
			469	127
			469	128
			468	129
			468	130
			468	131
			468	132
			467	133
			467	134
			467	135
			466	136
			466	137
			466	138
			465	139
			465	140
			464	141
			464	142
			463	143
			463	144
			462	145
			462	146
			461	147
			461	148
			460	149
			460	150
			459	151
			459	152
			458	153
			458	154
			457	155
			457	156
			456	157
			455	158
			455	159
			454	160
			454	161
			453	162
			453	163
			452	164
			452	165
			451	166
			451	167
			450	168
			450	169
			449	170
			448	171
			448	172
			447	173
			447	174
			446	175
			446	176
			445	177
			444	178
			444	179
			443	180
			443	181
			442	182
			441	182
			441	183
			440	184
			440	185
			439	186
			438	187
			438	188
			437	189
			437	190
			436	191
			435	192
			435	193
			434	194
			434	195
			433	196
			432	196
			432	197
			431	198
			430	199
			430	200
			429	201
			428	202
			428	203
			427	204
			426	205
			426	206
			425	206
			424	207
			424	208
			423	209
			422	210
			422	211
			421	212
			420	213
			420	214
			419	214
			418	215
			418	216
			417	217
			416	218
			416	219
			415	220
			414	221
			413	222
			414	222
			414	223
			415	224
			416	225
			417	226
			417	227
			417	228
			418	229
			418	230
			418	231
			418	232
			419	233
			419	234
			419	235
			419	236
			419	237
			419	238
			419	239
			419	240
			419	241
			419	242
			419	243
			419	244
			418	245
			418	246
			418	247
			418	248
			418	249
			419	250
			420	251
			420	252
			421	253
			421	254
			422	255
			422	256
			422	257
			422	258
			423	259
			423	260
			423	261
			423	262
			423	263
			423	264
			423	265
			423	266
			423	267
			423	268
			423	269
			423	270
			423	271
			423	272
		</glabella>
		<suture type=matrix rownames=FALSE colnames=FALSE nrow=409 ncol=2 as.numeric=TRUE >
			355	31
			356	31
			357	31
			358	32
			359	32
			360	32
			361	33
			362	33
			363	33
			364	33
			365	34
			366	34
			367	34
			368	34
			369	34
			369	35
			370	35
			371	35
			372	35
			372	36
			373	36
			374	36
			375	36
			376	37
			377	37
			378	37
			379	37
			380	38
			381	38
			382	38
			383	39
			384	39
			385	39
			386	40
			387	40
			388	40
			389	41
			390	41
			391	41
			392	41
			393	42
			394	42
			395	42
			396	43
			397	43
			398	43
			399	44
			400	44
			401	45
			402	45
			403	45
			404	46
			405	46
			406	46
			407	47
			408	47
			409	47
			409	48
			410	48
			411	48
			412	49
			413	49
			414	49
			415	50
			416	50
			417	51
			418	51
			419	52
			420	52
			421	53
			422	53
			423	53
			424	54
			425	54
			426	55
			427	55
			428	56
			429	56
			430	56
			430	57
			431	57
			432	58
			433	58
			434	59
			435	59
			435	60
			436	60
			437	60
			438	61
			439	61
			439	62
			440	62
			441	63
			442	63
			443	64
			444	64
			445	65
			446	66
			447	67
			448	67
			449	68
			450	68
			450	69
			451	69
			452	70
			453	71
			454	72
			455	72
			456	73
			457	74
			458	75
			459	76
			460	77
			461	78
			462	79
			463	79
			463	80
			464	81
			465	82
			466	83
			466	84
			467	85
			468	86
			468	87
			469	87
			469	88
			470	89
			470	90
			471	91
			471	92
			472	93
			472	94
			473	95
			473	96
			473	97
			474	98
			474	99
			474	100
			475	101
			475	102
			475	103
			475	104
			475	105
			475	106
			474	107
			474	108
			474	109
			474	110
			474	111
			474	112
			473	112
			473	113
			473	114
			473	115
			473	116
			473	117
			473	118
			473	119
			472	120
			472	121
			472	122
			472	123
			472	124
			472	125
			472	126
			472	127
			472	128
			472	129
			472	130
			472	131
			472	132
			473	133
			473	134
			473	135
			473	136
			473	137
			474	137
			474	138
			474	139
			475	139
			475	140
			475	141
			476	141
			476	142
			477	142
			478	143
			479	143
			480	143
			481	143
			482	143
			483	143
			484	143
			485	143
			486	143
			487	144
			488	144
			489	144
			490	144
			491	145
			492	145
			493	145
			494	146
			495	146
			496	147
			497	148
			498	148
			499	149
			500	150
			501	151
			502	152
			503	153
			503	154
			504	155
			504	156
			505	157
			505	158
			506	159
			506	160
			507	161
			507	162
			507	163
			507	164
			508	164
			508	165
			508	166
			508	167
			508	168
			508	169
			509	169
			509	170
			509	171
			509	172
			509	173
			509	174
			509	175
			509	176
			509	177
			509	178
			509	179
			508	180
			508	181
			508	182
			508	183
			507	184
			507	185
			507	186
			507	187
			506	187
			506	188
			506	189
			505	190
			505	191
			504	191
			504	192
			504	193
			503	194
			502	195
			502	196
			501	197
			500	198
			500	199
			499	200
			498	201
			497	201
			497	202
			496	203
			495	204
			494	205
			493	206
			492	206
			491	207
			490	208
			489	209
			488	209
			487	210
			486	211
			485	212
			485	213
			484	213
			484	214
			483	215
			483	216
			483	217
			482	217
			482	218
			482	219
			482	220
			482	221
			483	222
			483	223
			484	224
			484	225
			485	226
			486	227
			487	228
			487	229
			488	230
			488	231
			489	232
			489	233
			490	233
			490	234
			491	235
			492	235
			493	236
			494	237
			495	237
			496	237
			497	238
			498	238
			499	238
			500	238
			501	238
			502	238
			503	238
			504	238
			505	238
			506	238
			507	237
			508	237
			509	237
			510	237
			511	236
			512	236
			513	235
			514	235
			515	234
			516	234
			517	234
			518	233
			519	233
			520	232
			521	231
			522	231
			523	231
			523	230
			524	230
			524	229
			525	229
			526	228
			526	227
			527	227
			528	226
			528	225
			529	224
			530	224
			531	223
			531	222
			532	221
			533	220
			534	219
			535	218
			536	217
			537	216
			537	215
			538	214
			539	213
			540	212
			540	211
			541	210
			542	209
			543	208
			543	207
			544	206
			545	205
			546	204
			547	203
			547	202
			548	201
			549	201
			550	200
			551	200
			552	200
			553	200
			554	200
			555	200
			556	200
			557	200
			558	200
			559	200
			560	200
			561	200
			562	200
			563	200
			564	200
			565	201
			566	201
			567	201
			567	202
			568	202
			569	202
			570	203
			571	203
			572	204
			573	205
			574	205
			575	206
			576	207
			577	208
			578	208
			578	209
			579	210
			580	211
			581	212
			582	213
			582	214
			583	215
			583	216
			584	217
		</suture>
		<anterior type=matrix rownames=FALSE colnames=FALSE nrow=349 ncol=2 as.numeric=TRUE >
			355	31
			356	31
			357	31
			358	32
			359	32
			360	32
			361	32
			362	32
			363	32
			363	33
			364	33
			365	33
			366	33
			367	33
			367	34
			368	34
			369	34
			370	34
			371	34
			372	35
			373	35
			374	35
			375	36
			376	36
			377	36
			378	36
			379	37
			380	37
			381	37
			382	38
			383	38
			384	38
			385	39
			386	39
			387	39
			388	39
			389	40
			390	40
			391	40
			392	41
			393	41
			394	41
			395	42
			396	42
			397	42
			398	43
			399	43
			400	43
			401	44
			402	44
			403	44
			404	45
			405	45
			406	45
			407	46
			408	46
			409	47
			410	47
			411	47
			412	48
			413	48
			414	48
			415	49
			416	49
			416	50
			417	50
			418	51
			419	51
			420	52
			421	52
			421	53
			422	53
			423	54
			424	54
			425	54
			425	55
			426	55
			427	56
			428	56
			429	57
			430	57
			431	58
			432	59
			433	59
			434	60
			435	60
			436	61
			437	61
			438	62
			439	63
			440	63
			441	64
			442	64
			443	65
			444	66
			445	66
			446	67
			447	67
			448	68
			449	68
			450	69
			451	69
			452	70
			453	71
			454	71
			455	72
			456	72
			457	73
			458	74
			459	74
			460	74
			461	75
			462	75
			463	76
			464	76
			465	77
			466	77
			467	77
			468	78
			469	78
			469	79
			470	79
			471	80
			472	80
			473	80
			474	81
			475	82
			476	82
			477	83
			478	84
			479	84
			480	85
			481	85
			482	86
			483	86
			484	87
			485	88
			486	88
			487	89
			488	90
			489	90
			490	91
			491	91
			492	92
			493	93
			494	93
			494	94
			495	95
			496	95
			497	96
			498	97
			499	98
			500	98
			501	99
			502	100
			503	100
			504	101
			504	102
			505	103
			506	103
			507	104
			508	105
			509	106
			510	106
			511	107
			511	108
			512	109
			513	109
			514	110
			515	111
			516	112
			516	113
			517	114
			518	114
			519	115
			520	116
			521	117
			521	118
			522	119
			523	119
			524	120
			525	121
			526	122
			526	123
			527	124
			528	125
			529	126
			529	127
			530	128
			531	128
			532	129
			533	130
			533	131
			534	132
			535	133
			536	134
			536	135
			537	136
			538	137
			539	138
			539	139
			540	140
			541	141
			542	142
			542	143
			543	144
			544	145
			545	146
			545	147
			546	148
			547	149
			547	150
			548	151
			549	152
			549	153
			550	154
			550	155
			551	156
			552	157
			553	158
			553	159
			554	160
			555	161
			555	162
			556	163
			557	164
			557	165
			558	166
			559	166
			559	167
			560	168
			561	169
			561	170
			562	171
			562	172
			563	173
			564	173
			564	174
			565	175
			565	176
			566	177
			566	178
			567	178
			568	179
			568	180
			569	181
			569	182
			570	182
			570	183
			571	184
			571	185
			572	186
			572	187
			573	188
			574	189
			574	190
			575	191
			575	192
			576	193
			577	194
			577	195
			578	196
			578	197
			579	198
			579	199
			579	200
			580	201
			580	202
			581	203
			581	204
			581	205
			582	205
			582	206
			582	207
			583	208
			583	209
			583	210
			584	211
			584	212
			584	213
			584	214
			584	215
			585	216
			585	217
			585	218
			585	219
			585	220
			585	221
			585	222
			585	223
			586	224
			586	225
			586	226
			586	227
			586	228
			586	229
			586	230
			586	231
			586	232
			586	233
			586	234
			586	235
			586	236
			586	237
			586	238
			586	239
			586	240
			586	241
			585	242
			585	243
			585	244
			585	245
			585	246
			585	247
			585	248
			585	249
			585	250
			584	251
			584	252
			584	253
			584	254
			584	255
			584	256
			583	257
			583	258
			583	259
			582	260
			582	261
			582	262
			582	263
			581	264
			581	265
			581	266
			581	267
			580	268
			580	269
			579	270
			579	271
			579	272
			578	273
			578	274
			578	275
			577	276
			577	277
			576	278
			576	279
			576	280
			575	280
			575	281
		</anterior>
		<posterior type=matrix rownames=FALSE colnames=FALSE nrow=236 ncol=2 as.numeric=TRUE >
			351	281
			352	281
			353	281
			353	282
			354	282
			355	282
			356	282
			357	282
			358	283
			359	283
			360	283
			361	283
			362	283
			363	283
			364	284
			365	284
			366	284
			367	284
			368	284
			369	284
			370	284
			371	284
			372	284
			373	284
			374	284
			375	284
			376	284
			377	284
			378	284
			379	284
			380	283
			381	283
			382	283
			383	283
			384	283
			385	283
			386	283
			387	283
			388	282
			389	282
			390	282
			391	282
			392	282
			393	281
			394	281
			395	281
			396	281
			397	280
			398	280
			399	280
			400	280
			401	279
			402	279
			403	279
			404	278
			405	278
			406	278
			407	277
			408	277
			409	276
			410	276
			411	276
			412	275
			413	275
			414	274
			415	274
			416	274
			417	274
			418	273
			419	273
			420	273
			421	273
			422	272
			423	272
			424	272
			425	272
			426	272
			427	272
			428	272
			429	272
			430	272
			431	272
			432	272
			433	272
			434	272
			435	272
			436	273
			437	273
			438	273
			439	273
			440	273
			441	274
			442	274
			443	274
			444	274
			445	274
			446	274
			447	274
			448	274
			449	275
			450	275
			451	275
			452	275
			453	275
			454	275
			455	276
			456	276
			457	276
			458	276
			459	276
			460	277
			461	277
			462	277
			463	277
			464	277
			465	277
			466	278
			467	278
			468	278
			469	278
			470	278
			470	279
			471	279
			472	279
			473	279
			474	279
			475	280
			476	280
			477	280
			478	280
			478	281
			479	281
			480	281
			481	281
			482	281
			483	282
			484	282
			485	282
			486	283
			487	283
			488	283
			489	284
			490	284
			491	284
			492	284
			493	285
			494	285
			495	285
			496	286
			497	286
			498	286
			499	287
			500	287
			501	287
			502	288
			503	288
			504	289
			505	289
			506	289
			506	290
			507	290
			508	290
			509	291
			510	291
			511	291
			512	291
			513	292
			514	292
			515	292
			516	292
			517	292
			518	293
			519	293
			520	293
			521	293
			522	293
			523	293
			524	293
			525	294
			526	294
			527	294
			528	294
			529	294
			530	294
			531	294
			532	294
			532	295
			533	295
			534	295
			535	295
			536	295
			537	295
			538	295
			539	295
			540	295
			541	295
			542	295
			543	295
			544	295
			545	295
			546	295
			547	295
			548	295
			549	295
			550	295
			551	295
			552	295
			553	295
			554	295
			555	295
			556	294
			557	294
			558	294
			559	294
			560	294
			561	293
			562	293
			563	293
			563	292
			564	292
			565	292
			566	291
			567	291
			568	290
			569	289
			570	289
			570	288
			571	288
			572	287
			572	286
			573	286
			573	285
			574	284
			574	283
			575	282
			575	281
		</posterior>
	</curves.pixel>
	<curves.scaled type=list>
		<glabella type=matrix rownames=FALSE colnames=FALSE nrow=316 ncol=2 as.numeric=TRUE >
			13.845	-1.209
			13.884	-1.209
			13.923	-1.209
			13.962	-1.209
			13.962	-1.248
			14.001	-1.248
			14.04	-1.248
			14.079	-1.248
			14.118	-1.248
			14.157	-1.287
			14.196	-1.287
			14.235	-1.287
			14.274	-1.287
			14.313	-1.326
			14.352	-1.326
			14.391	-1.326
			14.43	-1.326
			14.469	-1.365
			14.508	-1.365
			14.547	-1.365
			14.586	-1.365
			14.625	-1.365
			14.664	-1.404
			14.703	-1.404
			14.742	-1.404
			14.781	-1.443
			14.82	-1.443
			14.859	-1.443
			14.898	-1.443
			14.898	-1.482
			14.937	-1.482
			14.976	-1.482
			15.015	-1.482
			15.054	-1.521
			15.093	-1.521
			15.132	-1.521
			15.171	-1.56
			15.21	-1.56
			15.249	-1.56
			15.288	-1.599
			15.327	-1.599
			15.366	-1.599
			15.405	-1.638
			15.444	-1.638
			15.483	-1.638
			15.522	-1.677
			15.561	-1.677
			15.6	-1.677
			15.639	-1.716
			15.678	-1.716
			15.717	-1.716
			15.756	-1.755
			15.795	-1.755
			15.834	-1.755
			15.834	-1.794
			15.873	-1.794
			15.912	-1.794
			15.951	-1.794
			15.99	-1.833
			16.029	-1.833
			16.068	-1.872
			16.107	-1.872
			16.146	-1.911
			16.185	-1.911
			16.224	-1.911
			16.224	-1.95
			16.263	-1.95
			16.302	-1.989
			16.341	-1.989
			16.38	-2.028
			16.419	-2.028
			16.419	-2.067
			16.458	-2.067
			16.497	-2.067
			16.536	-2.106
			16.575	-2.145
			16.614	-2.145
			16.653	-2.184
			16.692	-2.184
			16.731	-2.223
			16.77	-2.223
			16.77	-2.262
			16.809	-2.262
			16.848	-2.301
			16.887	-2.301
			16.926	-2.34
			16.965	-2.34
			17.004	-2.379
			17.043	-2.379
			17.082	-2.418
			17.121	-2.418
			17.16	-2.457
			17.199	-2.457
			17.238	-2.496
			17.277	-2.535
			17.316	-2.535
			17.355	-2.574
			17.394	-2.574
			17.433	-2.613
			17.472	-2.652
			17.511	-2.652
			17.55	-2.691
			17.589	-2.691
			17.628	-2.73
			17.667	-2.769
			17.706	-2.769
			17.745	-2.808
			17.784	-2.808
			17.784	-2.847
			17.823	-2.847
			17.862	-2.886
			17.901	-2.886
			17.94	-2.925
			17.94	-2.964
			17.979	-2.964
			18.018	-3.003
			18.057	-3.042
			18.096	-3.081
			18.135	-3.12
			18.135	-3.159
			18.174	-3.198
			18.213	-3.237
			18.213	-3.276
			18.252	-3.315
			18.252	-3.354
			18.291	-3.393
			18.291	-3.432
			18.33	-3.471
			18.33	-3.51
			18.33	-3.549
			18.369	-3.588
			18.369	-3.627
			18.369	-3.666
			18.369	-3.705
			18.369	-3.744
			18.408	-3.783
			18.408	-3.822
			18.408	-3.861
			18.408	-3.9
			18.408	-3.939
			18.408	-3.978
			18.408	-4.017
			18.408	-4.056
			18.408	-4.095
			18.408	-4.134
			18.408	-4.173
			18.408	-4.212
			18.408	-4.251
			18.408	-4.29
			18.408	-4.329
			18.408	-4.368
			18.408	-4.407
			18.408	-4.446
			18.408	-4.485
			18.369	-4.524
			18.369	-4.563
			18.369	-4.602
			18.369	-4.641
			18.369	-4.68
			18.33	-4.719
			18.33	-4.758
			18.33	-4.797
			18.33	-4.836
			18.33	-4.875
			18.291	-4.914
			18.291	-4.953
			18.291	-4.992
			18.252	-5.031
			18.252	-5.07
			18.252	-5.109
			18.252	-5.148
			18.213	-5.187
			18.213	-5.226
			18.213	-5.265
			18.174	-5.304
			18.174	-5.343
			18.174	-5.382
			18.135	-5.421
			18.135	-5.46
			18.096	-5.499
			18.096	-5.538
			18.057	-5.577
			18.057	-5.616
			18.018	-5.655
			18.018	-5.694
			17.979	-5.733
			17.979	-5.772
			17.94	-5.811
			17.94	-5.85
			17.901	-5.889
			17.901	-5.928
			17.862	-5.967
			17.862	-6.006
			17.823	-6.045
			17.823	-6.084
			17.784	-6.123
			17.745	-6.162
			17.745	-6.201
			17.706	-6.24
			17.706	-6.279
			17.667	-6.318
			17.667	-6.357
			17.628	-6.396
			17.628	-6.435
			17.589	-6.474
			17.589	-6.513
			17.55	-6.552
			17.55	-6.591
			17.511	-6.63
			17.472	-6.669
			17.472	-6.708
			17.433	-6.747
			17.433	-6.786
			17.394	-6.825
			17.394	-6.864
			17.355	-6.903
			17.316	-6.942
			17.316	-6.981
			17.277	-7.02
			17.277	-7.059
			17.238	-7.098
			17.199	-7.098
			17.199	-7.137
			17.16	-7.176
			17.16	-7.215
			17.121	-7.254
			17.082	-7.293
			17.082	-7.332
			17.043	-7.371
			17.043	-7.41
			17.004	-7.449
			16.965	-7.488
			16.965	-7.527
			16.926	-7.566
			16.926	-7.605
			16.887	-7.644
			16.848	-7.644
			16.848	-7.683
			16.809	-7.722
			16.77	-7.761
			16.77	-7.8
			16.731	-7.839
			16.692	-7.878
			16.692	-7.917
			16.653	-7.956
			16.614	-7.995
			16.614	-8.034
			16.575	-8.034
			16.536	-8.073
			16.536	-8.112
			16.497	-8.151
			16.458	-8.19
			16.458	-8.229
			16.419	-8.268
			16.38	-8.307
			16.38	-8.346
			16.341	-8.346
			16.302	-8.385
			16.302	-8.424
			16.263	-8.463
			16.224	-8.502
			16.224	-8.541
			16.185	-8.58
			16.146	-8.619
			16.107	-8.658
			16.146	-8.658
			16.146	-8.697
			16.185	-8.736
			16.224	-8.775
			16.263	-8.814
			16.263	-8.853
			16.263	-8.892
			16.302	-8.931
			16.302	-8.97
			16.302	-9.009
			16.302	-9.048
			16.341	-9.087
			16.341	-9.126
			16.341	-9.165
			16.341	-9.204
			16.341	-9.243
			16.341	-9.282
			16.341	-9.321
			16.341	-9.36
			16.341	-9.399
			16.341	-9.438
			16.341	-9.477
			16.341	-9.516
			16.302	-9.555
			16.302	-9.594
			16.302	-9.633
			16.302	-9.672
			16.302	-9.711
			16.341	-9.75
			16.38	-9.789
			16.38	-9.828
			16.419	-9.867
			16.419	-9.906
			16.458	-9.945
			16.458	-9.984
			16.458	-10.023
			16.458	-10.062
			16.497	-10.101
			16.497	-10.14
			16.497	-10.179
			16.497	-10.218
			16.497	-10.257
			16.497	-10.296
			16.497	-10.335
			16.497	-10.374
			16.497	-10.413
			16.497	-10.452
			16.497	-10.491
			16.497	-10.53
			16.497	-10.569
			16.497	-10.608
		</glabella>
		<suture type=matrix rownames=FALSE colnames=FALSE nrow=409 ncol=2 as.numeric=TRUE >
			13.845	-1.209
			13.884	-1.209
			13.923	-1.209
			13.962	-1.248
			14.001	-1.248
			14.04	-1.248
			14.079	-1.287
			14.118	-1.287
			14.157	-1.287
			14.196	-1.287
			14.235	-1.326
			14.274	-1.326
			14.313	-1.326
			14.352	-1.326
			14.391	-1.326
			14.391	-1.365
			14.43	-1.365
			14.469	-1.365
			14.508	-1.365
			14.508	-1.404
			14.547	-1.404
			14.586	-1.404
			14.625	-1.404
			14.664	-1.443
			14.703	-1.443
			14.742	-1.443
			14.781	-1.443
			14.82	-1.482
			14.859	-1.482
			14.898	-1.482
			14.937	-1.521
			14.976	-1.521
			15.015	-1.521
			15.054	-1.56
			15.093	-1.56
			15.132	-1.56
			15.171	-1.599
			15.21	-1.599
			15.249	-1.599
			15.288	-1.599
			15.327	-1.638
			15.366	-1.638
			15.405	-1.638
			15.444	-1.677
			15.483	-1.677
			15.522	-1.677
			15.561	-1.716
			15.6	-1.716
			15.639	-1.755
			15.678	-1.755
			15.717	-1.755
			15.756	-1.794
			15.795	-1.794
			15.834	-1.794
			15.873	-1.833
			15.912	-1.833
			15.951	-1.833
			15.951	-1.872
			15.99	-1.872
			16.029	-1.872
			16.068	-1.911
			16.107	-1.911
			16.146	-1.911
			16.185	-1.95
			16.224	-1.95
			16.263	-1.989
			16.302	-1.989
			16.341	-2.028
			16.38	-2.028
			16.419	-2.067
			16.458	-2.067
			16.497	-2.067
			16.536	-2.106
			16.575	-2.106
			16.614	-2.145
			16.653	-2.145
			16.692	-2.184
			16.731	-2.184
			16.77	-2.184
			16.77	-2.223
			16.809	-2.223
			16.848	-2.262
			16.887	-2.262
			16.926	-2.301
			16.965	-2.301
			16.965	-2.34
			17.004	-2.34
			17.043	-2.34
			17.082	-2.379
			17.121	-2.379
			17.121	-2.418
			17.16	-2.418
			17.199	-2.457
			17.238	-2.457
			17.277	-2.496
			17.316	-2.496
			17.355	-2.535
			17.394	-2.574
			17.433	-2.613
			17.472	-2.613
			17.511	-2.652
			17.55	-2.652
			17.55	-2.691
			17.589	-2.691
			17.628	-2.73
			17.667	-2.769
			17.706	-2.808
			17.745	-2.808
			17.784	-2.847
			17.823	-2.886
			17.862	-2.925
			17.901	-2.964
			17.94	-3.003
			17.979	-3.042
			18.018	-3.081
			18.057	-3.081
			18.057	-3.12
			18.096	-3.159
			18.135	-3.198
			18.174	-3.237
			18.174	-3.276
			18.213	-3.315
			18.252	-3.354
			18.252	-3.393
			18.291	-3.393
			18.291	-3.432
			18.33	-3.471
			18.33	-3.51
			18.369	-3.549
			18.369	-3.588
			18.408	-3.627
			18.408	-3.666
			18.447	-3.705
			18.447	-3.744
			18.447	-3.783
			18.486	-3.822
			18.486	-3.861
			18.486	-3.9
			18.525	-3.939
			18.525	-3.978
			18.525	-4.017
			18.525	-4.056
			18.525	-4.095
			18.525	-4.134
			18.486	-4.173
			18.486	-4.212
			18.486	-4.251
			18.486	-4.29
			18.486	-4.329
			18.486	-4.368
			18.447	-4.368
			18.447	-4.407
			18.447	-4.446
			18.447	-4.485
			18.447	-4.524
			18.447	-4.563
			18.447	-4.602
			18.447	-4.641
			18.408	-4.68
			18.408	-4.719
			18.408	-4.758
			18.408	-4.797
			18.408	-4.836
			18.408	-4.875
			18.408	-4.914
			18.408	-4.953
			18.408	-4.992
			18.408	-5.031
			18.408	-5.07
			18.408	-5.109
			18.408	-5.148
			18.447	-5.187
			18.447	-5.226
			18.447	-5.265
			18.447	-5.304
			18.447	-5.343
			18.486	-5.343
			18.486	-5.382
			18.486	-5.421
			18.525	-5.421
			18.525	-5.46
			18.525	-5.499
			18.564	-5.499
			18.564	-5.538
			18.603	-5.538
			18.642	-5.577
			18.681	-5.577
			18.72	-5.577
			18.759	-5.577
			18.798	-5.577
			18.837	-5.577
			18.876	-5.577
			18.915	-5.577
			18.954	-5.577
			18.993	-5.616
			19.032	-5.616
			19.071	-5.616
			19.11	-5.616
			19.149	-5.655
			19.188	-5.655
			19.227	-5.655
			19.266	-5.694
			19.305	-5.694
			19.344	-5.733
			19.383	-5.772
			19.422	-5.772
			19.461	-5.811
			19.5	-5.85
			19.539	-5.889
			19.578	-5.928
			19.617	-5.967
			19.617	-6.006
			19.656	-6.045
			19.656	-6.084
			19.695	-6.123
			19.695	-6.162
			19.734	-6.201
			19.734	-6.24
			19.773	-6.279
			19.773	-6.318
			19.773	-6.357
			19.773	-6.396
			19.812	-6.396
			19.812	-6.435
			19.812	-6.474
			19.812	-6.513
			19.812	-6.552
			19.812	-6.591
			19.851	-6.591
			19.851	-6.63
			19.851	-6.669
			19.851	-6.708
			19.851	-6.747
			19.851	-6.786
			19.851	-6.825
			19.851	-6.864
			19.851	-6.903
			19.851	-6.942
			19.851	-6.981
			19.812	-7.02
			19.812	-7.059
			19.812	-7.098
			19.812	-7.137
			19.773	-7.176
			19.773	-7.215
			19.773	-7.254
			19.773	-7.293
			19.734	-7.293
			19.734	-7.332
			19.734	-7.371
			19.695	-7.41
			19.695	-7.449
			19.656	-7.449
			19.656	-7.488
			19.656	-7.527
			19.617	-7.566
			19.578	-7.605
			19.578	-7.644
			19.539	-7.683
			19.5	-7.722
			19.5	-7.761
			19.461	-7.8
			19.422	-7.839
			19.383	-7.839
			19.383	-7.878
			19.344	-7.917
			19.305	-7.956
			19.266	-7.995
			19.227	-8.034
			19.188	-8.034
			19.149	-8.073
			19.11	-8.112
			19.071	-8.151
			19.032	-8.151
			18.993	-8.19
			18.954	-8.229
			18.915	-8.268
			18.915	-8.307
			18.876	-8.307
			18.876	-8.346
			18.837	-8.385
			18.837	-8.424
			18.837	-8.463
			18.798	-8.463
			18.798	-8.502
			18.798	-8.541
			18.798	-8.58
			18.798	-8.619
			18.837	-8.658
			18.837	-8.697
			18.876	-8.736
			18.876	-8.775
			18.915	-8.814
			18.954	-8.853
			18.993	-8.892
			18.993	-8.931
			19.032	-8.97
			19.032	-9.009
			19.071	-9.048
			19.071	-9.087
			19.11	-9.087
			19.11	-9.126
			19.149	-9.165
			19.188	-9.165
			19.227	-9.204
			19.266	-9.243
			19.305	-9.243
			19.344	-9.243
			19.383	-9.282
			19.422	-9.282
			19.461	-9.282
			19.5	-9.282
			19.539	-9.282
			19.578	-9.282
			19.617	-9.282
			19.656	-9.282
			19.695	-9.282
			19.734	-9.282
			19.773	-9.243
			19.812	-9.243
			19.851	-9.243
			19.89	-9.243
			19.929	-9.204
			19.968	-9.204
			20.007	-9.165
			20.046	-9.165
			20.085	-9.126
			20.124	-9.126
			20.163	-9.126
			20.202	-9.087
			20.241	-9.087
			20.28	-9.048
			20.319	-9.009
			20.358	-9.009
			20.397	-9.009
			20.397	-8.97
			20.436	-8.97
			20.436	-8.931
			20.475	-8.931
			20.514	-8.892
			20.514	-8.853
			20.553	-8.853
			20.592	-8.814
			20.592	-8.775
			20.631	-8.736
			20.67	-8.736
			20.709	-8.697
			20.709	-8.658
			20.748	-8.619
			20.787	-8.58
			20.826	-8.541
			20.865	-8.502
			20.904	-8.463
			20.943	-8.424
			20.943	-8.385
			20.982	-8.346
			21.021	-8.307
			21.06	-8.268
			21.06	-8.229
			21.099	-8.19
			21.138	-8.151
			21.177	-8.112
			21.177	-8.073
			21.216	-8.034
			21.255	-7.995
			21.294	-7.956
			21.333	-7.917
			21.333	-7.878
			21.372	-7.839
			21.411	-7.839
			21.45	-7.8
			21.489	-7.8
			21.528	-7.8
			21.567	-7.8
			21.606	-7.8
			21.645	-7.8
			21.684	-7.8
			21.723	-7.8
			21.762	-7.8
			21.801	-7.8
			21.84	-7.8
			21.879	-7.8
			21.918	-7.8
			21.957	-7.8
			21.996	-7.8
			22.035	-7.839
			22.074	-7.839
			22.113	-7.839
			22.113	-7.878
			22.152	-7.878
			22.191	-7.878
			22.23	-7.917
			22.269	-7.917
			22.308	-7.956
			22.347	-7.995
			22.386	-7.995
			22.425	-8.034
			22.464	-8.073
			22.503	-8.112
			22.542	-8.112
			22.542	-8.151
			22.581	-8.19
			22.62	-8.229
			22.659	-8.268
			22.698	-8.307
			22.698	-8.346
			22.737	-8.385
			22.737	-8.424
			22.776	-8.463
		</suture>
		<anterior type=matrix rownames=FALSE colnames=FALSE nrow=349 ncol=2 as.numeric=TRUE >
			13.845	-1.209
			13.884	-1.209
			13.923	-1.209
			13.962	-1.248
			14.001	-1.248
			14.04	-1.248
			14.079	-1.248
			14.118	-1.248
			14.157	-1.248
			14.157	-1.287
			14.196	-1.287
			14.235	-1.287
			14.274	-1.287
			14.313	-1.287
			14.313	-1.326
			14.352	-1.326
			14.391	-1.326
			14.43	-1.326
			14.469	-1.326
			14.508	-1.365
			14.547	-1.365
			14.586	-1.365
			14.625	-1.404
			14.664	-1.404
			14.703	-1.404
			14.742	-1.404
			14.781	-1.443
			14.82	-1.443
			14.859	-1.443
			14.898	-1.482
			14.937	-1.482
			14.976	-1.482
			15.015	-1.521
			15.054	-1.521
			15.093	-1.521
			15.132	-1.521
			15.171	-1.56
			15.21	-1.56
			15.249	-1.56
			15.288	-1.599
			15.327	-1.599
			15.366	-1.599
			15.405	-1.638
			15.444	-1.638
			15.483	-1.638
			15.522	-1.677
			15.561	-1.677
			15.6	-1.677
			15.639	-1.716
			15.678	-1.716
			15.717	-1.716
			15.756	-1.755
			15.795	-1.755
			15.834	-1.755
			15.873	-1.794
			15.912	-1.794
			15.951	-1.833
			15.99	-1.833
			16.029	-1.833
			16.068	-1.872
			16.107	-1.872
			16.146	-1.872
			16.185	-1.911
			16.224	-1.911
			16.224	-1.95
			16.263	-1.95
			16.302	-1.989
			16.341	-1.989
			16.38	-2.028
			16.419	-2.028
			16.419	-2.067
			16.458	-2.067
			16.497	-2.106
			16.536	-2.106
			16.575	-2.106
			16.575	-2.145
			16.614	-2.145
			16.653	-2.184
			16.692	-2.184
			16.731	-2.223
			16.77	-2.223
			16.809	-2.262
			16.848	-2.301
			16.887	-2.301
			16.926	-2.34
			16.965	-2.34
			17.004	-2.379
			17.043	-2.379
			17.082	-2.418
			17.121	-2.457
			17.16	-2.457
			17.199	-2.496
			17.238	-2.496
			17.277	-2.535
			17.316	-2.574
			17.355	-2.574
			17.394	-2.613
			17.433	-2.613
			17.472	-2.652
			17.511	-2.652
			17.55	-2.691
			17.589	-2.691
			17.628	-2.73
			17.667	-2.769
			17.706	-2.769
			17.745	-2.808
			17.784	-2.808
			17.823	-2.847
			17.862	-2.886
			17.901	-2.886
			17.94	-2.886
			17.979	-2.925
			18.018	-2.925
			18.057	-2.964
			18.096	-2.964
			18.135	-3.003
			18.174	-3.003
			18.213	-3.003
			18.252	-3.042
			18.291	-3.042
			18.291	-3.081
			18.33	-3.081
			18.369	-3.12
			18.408	-3.12
			18.447	-3.12
			18.486	-3.159
			18.525	-3.198
			18.564	-3.198
			18.603	-3.237
			18.642	-3.276
			18.681	-3.276
			18.72	-3.315
			18.759	-3.315
			18.798	-3.354
			18.837	-3.354
			18.876	-3.393
			18.915	-3.432
			18.954	-3.432
			18.993	-3.471
			19.032	-3.51
			19.071	-3.51
			19.11	-3.549
			19.149	-3.549
			19.188	-3.588
			19.227	-3.627
			19.266	-3.627
			19.266	-3.666
			19.305	-3.705
			19.344	-3.705
			19.383	-3.744
			19.422	-3.783
			19.461	-3.822
			19.5	-3.822
			19.539	-3.861
			19.578	-3.9
			19.617	-3.9
			19.656	-3.939
			19.656	-3.978
			19.695	-4.017
			19.734	-4.017
			19.773	-4.056
			19.812	-4.095
			19.851	-4.134
			19.89	-4.134
			19.929	-4.173
			19.929	-4.212
			19.968	-4.251
			20.007	-4.251
			20.046	-4.29
			20.085	-4.329
			20.124	-4.368
			20.124	-4.407
			20.163	-4.446
			20.202	-4.446
			20.241	-4.485
			20.28	-4.524
			20.319	-4.563
			20.319	-4.602
			20.358	-4.641
			20.397	-4.641
			20.436	-4.68
			20.475	-4.719
			20.514	-4.758
			20.514	-4.797
			20.553	-4.836
			20.592	-4.875
			20.631	-4.914
			20.631	-4.953
			20.67	-4.992
			20.709	-4.992
			20.748	-5.031
			20.787	-5.07
			20.787	-5.109
			20.826	-5.148
			20.865	-5.187
			20.904	-5.226
			20.904	-5.265
			20.943	-5.304
			20.982	-5.343
			21.021	-5.382
			21.021	-5.421
			21.06	-5.46
			21.099	-5.499
			21.138	-5.538
			21.138	-5.577
			21.177	-5.616
			21.216	-5.655
			21.255	-5.694
			21.255	-5.733
			21.294	-5.772
			21.333	-5.811
			21.333	-5.85
			21.372	-5.889
			21.411	-5.928
			21.411	-5.967
			21.45	-6.006
			21.45	-6.045
			21.489	-6.084
			21.528	-6.123
			21.567	-6.162
			21.567	-6.201
			21.606	-6.24
			21.645	-6.279
			21.645	-6.318
			21.684	-6.357
			21.723	-6.396
			21.723	-6.435
			21.762	-6.474
			21.801	-6.474
			21.801	-6.513
			21.84	-6.552
			21.879	-6.591
			21.879	-6.63
			21.918	-6.669
			21.918	-6.708
			21.957	-6.747
			21.996	-6.747
			21.996	-6.786
			22.035	-6.825
			22.035	-6.864
			22.074	-6.903
			22.074	-6.942
			22.113	-6.942
			22.152	-6.981
			22.152	-7.02
			22.191	-7.059
			22.191	-7.098
			22.23	-7.098
			22.23	-7.137
			22.269	-7.176
			22.269	-7.215
			22.308	-7.254
			22.308	-7.293
			22.347	-7.332
			22.386	-7.371
			22.386	-7.41
			22.425	-7.449
			22.425	-7.488
			22.464	-7.527
			22.503	-7.566
			22.503	-7.605
			22.542	-7.644
			22.542	-7.683
			22.581	-7.722
			22.581	-7.761
			22.581	-7.8
			22.62	-7.839
			22.62	-7.878
			22.659	-7.917
			22.659	-7.956
			22.659	-7.995
			22.698	-7.995
			22.698	-8.034
			22.698	-8.073
			22.737	-8.112
			22.737	-8.151
			22.737	-8.19
			22.776	-8.229
			22.776	-8.268
			22.776	-8.307
			22.776	-8.346
			22.776	-8.385
			22.815	-8.424
			22.815	-8.463
			22.815	-8.502
			22.815	-8.541
			22.815	-8.58
			22.815	-8.619
			22.815	-8.658
			22.815	-8.697
			22.854	-8.736
			22.854	-8.775
			22.854	-8.814
			22.854	-8.853
			22.854	-8.892
			22.854	-8.931
			22.854	-8.97
			22.854	-9.009
			22.854	-9.048
			22.854	-9.087
			22.854	-9.126
			22.854	-9.165
			22.854	-9.204
			22.854	-9.243
			22.854	-9.282
			22.854	-9.321
			22.854	-9.36
			22.854	-9.399
			22.815	-9.438
			22.815	-9.477
			22.815	-9.516
			22.815	-9.555
			22.815	-9.594
			22.815	-9.633
			22.815	-9.672
			22.815	-9.711
			22.815	-9.75
			22.776	-9.789
			22.776	-9.828
			22.776	-9.867
			22.776	-9.906
			22.776	-9.945
			22.776	-9.984
			22.737	-10.023
			22.737	-10.062
			22.737	-10.101
			22.698	-10.14
			22.698	-10.179
			22.698	-10.218
			22.698	-10.257
			22.659	-10.296
			22.659	-10.335
			22.659	-10.374
			22.659	-10.413
			22.62	-10.452
			22.62	-10.491
			22.581	-10.53
			22.581	-10.569
			22.581	-10.608
			22.542	-10.647
			22.542	-10.686
			22.542	-10.725
			22.503	-10.764
			22.503	-10.803
			22.464	-10.842
			22.464	-10.881
			22.464	-10.92
			22.425	-10.92
			22.425	-10.959
		</anterior>
		<posterior type=matrix rownames=FALSE colnames=FALSE nrow=236 ncol=2 as.numeric=TRUE >
			13.689	-10.959
			13.728	-10.959
			13.767	-10.959
			13.767	-10.998
			13.806	-10.998
			13.845	-10.998
			13.884	-10.998
			13.923	-10.998
			13.962	-11.037
			14.001	-11.037
			14.04	-11.037
			14.079	-11.037
			14.118	-11.037
			14.157	-11.037
			14.196	-11.076
			14.235	-11.076
			14.274	-11.076
			14.313	-11.076
			14.352	-11.076
			14.391	-11.076
			14.43	-11.076
			14.469	-11.076
			14.508	-11.076
			14.547	-11.076
			14.586	-11.076
			14.625	-11.076
			14.664	-11.076
			14.703	-11.076
			14.742	-11.076
			14.781	-11.076
			14.82	-11.037
			14.859	-11.037
			14.898	-11.037
			14.937	-11.037
			14.976	-11.037
			15.015	-11.037
			15.054	-11.037
			15.093	-11.037
			15.132	-10.998
			15.171	-10.998
			15.21	-10.998
			15.249	-10.998
			15.288	-10.998
			15.327	-10.959
			15.366	-10.959
			15.405	-10.959
			15.444	-10.959
			15.483	-10.92
			15.522	-10.92
			15.561	-10.92
			15.6	-10.92
			15.639	-10.881
			15.678	-10.881
			15.717	-10.881
			15.756	-10.842
			15.795	-10.842
			15.834	-10.842
			15.873	-10.803
			15.912	-10.803
			15.951	-10.764
			15.99	-10.764
			16.029	-10.764
			16.068	-10.725
			16.107	-10.725
			16.146	-10.686
			16.185	-10.686
			16.224	-10.686
			16.263	-10.686
			16.302	-10.647
			16.341	-10.647
			16.38	-10.647
			16.419	-10.647
			16.458	-10.608
			16.497	-10.608
			16.536	-10.608
			16.575	-10.608
			16.614	-10.608
			16.653	-10.608
			16.692	-10.608
			16.731	-10.608
			16.77	-10.608
			16.809	-10.608
			16.848	-10.608
			16.887	-10.608
			16.926	-10.608
			16.965	-10.608
			17.004	-10.647
			17.043	-10.647
			17.082	-10.647
			17.121	-10.647
			17.16	-10.647
			17.199	-10.686
			17.238	-10.686
			17.277	-10.686
			17.316	-10.686
			17.355	-10.686
			17.394	-10.686
			17.433	-10.686
			17.472	-10.686
			17.511	-10.725
			17.55	-10.725
			17.589	-10.725
			17.628	-10.725
			17.667	-10.725
			17.706	-10.725
			17.745	-10.764
			17.784	-10.764
			17.823	-10.764
			17.862	-10.764
			17.901	-10.764
			17.94	-10.803
			17.979	-10.803
			18.018	-10.803
			18.057	-10.803
			18.096	-10.803
			18.135	-10.803
			18.174	-10.842
			18.213	-10.842
			18.252	-10.842
			18.291	-10.842
			18.33	-10.842
			18.33	-10.881
			18.369	-10.881
			18.408	-10.881
			18.447	-10.881
			18.486	-10.881
			18.525	-10.92
			18.564	-10.92
			18.603	-10.92
			18.642	-10.92
			18.642	-10.959
			18.681	-10.959
			18.72	-10.959
			18.759	-10.959
			18.798	-10.959
			18.837	-10.998
			18.876	-10.998
			18.915	-10.998
			18.954	-11.037
			18.993	-11.037
			19.032	-11.037
			19.071	-11.076
			19.11	-11.076
			19.149	-11.076
			19.188	-11.076
			19.227	-11.115
			19.266	-11.115
			19.305	-11.115
			19.344	-11.154
			19.383	-11.154
			19.422	-11.154
			19.461	-11.193
			19.5	-11.193
			19.539	-11.193
			19.578	-11.232
			19.617	-11.232
			19.656	-11.271
			19.695	-11.271
			19.734	-11.271
			19.734	-11.31
			19.773	-11.31
			19.812	-11.31
			19.851	-11.349
			19.89	-11.349
			19.929	-11.349
			19.968	-11.349
			20.007	-11.388
			20.046	-11.388
			20.085	-11.388
			20.124	-11.388
			20.163	-11.388
			20.202	-11.427
			20.241	-11.427
			20.28	-11.427
			20.319	-11.427
			20.358	-11.427
			20.397	-11.427
			20.436	-11.427
			20.475	-11.466
			20.514	-11.466
			20.553	-11.466
			20.592	-11.466
			20.631	-11.466
			20.67	-11.466
			20.709	-11.466
			20.748	-11.466
			20.748	-11.505
			20.787	-11.505
			20.826	-11.505
			20.865	-11.505
			20.904	-11.505
			20.943	-11.505
			20.982	-11.505
			21.021	-11.505
			21.06	-11.505
			21.099	-11.505
			21.138	-11.505
			21.177	-11.505
			21.216	-11.505
			21.255	-11.505
			21.294	-11.505
			21.333	-11.505
			21.372	-11.505
			21.411	-11.505
			21.45	-11.505
			21.489	-11.505
			21.528	-11.505
			21.567	-11.505
			21.606	-11.505
			21.645	-11.505
			21.684	-11.466
			21.723	-11.466
			21.762	-11.466
			21.801	-11.466
			21.84	-11.466
			21.879	-11.427
			21.918	-11.427
			21.957	-11.427
			21.957	-11.388
			21.996	-11.388
			22.035	-11.388
			22.074	-11.349
			22.113	-11.349
			22.152	-11.31
			22.191	-11.271
			22.23	-11.271
			22.23	-11.232
			22.269	-11.232
			22.308	-11.193
			22.308	-11.154
			22.347	-11.154
			22.347	-11.115
			22.386	-11.076
			22.386	-11.037
			22.425	-10.998
			22.425	-10.959
		</posterior>
	</curves.scaled>
	<ruler.points type=matrix rownames=TRUE colnames=FALSE nrow=2 ncol=2 as.numeric=TRUE >
		Ruler point 1	284	31
		Ruler point 2	284	281
	</ruler.points>
</shapes>

