<shapes type=list>
	<ruler.pixel type=vector names=FALSE length=1 as.numeric=TRUE >475</ruler.pixel>
	<ruler.interval type=vector names=FALSE length=1 as.numeric=TRUE >3.4</ruler.interval>
	<scaling.units type=vector names=FALSE length=1 as.numeric=FALSE >cm</scaling.units>
	<scaling type=vector names=FALSE length=1 as.numeric=TRUE >0.00715789473684211</scaling>
	<landmarks.pixel type=matrix rownames=TRUE colnames=FALSE nrow=16 ncol=2 as.numeric=TRUE >
		LM1	206	24
		LM2	206	28
		LM3	206	157
		LM4	206	215
		LM5	294	103
		LM6	252	193
		LM7	253	210
		LM8	319	108
		LM9	321	145
		LM10	206	24
		LM11	351	164
		LM12	351	164
		LM13	206	24
		LM14	334	125
		LM15	514	215
		LM16	565	418
	</landmarks.pixel>
	<landmarks.scaled type=matrix rownames=TRUE colnames=FALSE nrow=16 ncol=2 as.numeric=TRUE >
		LM1	1.47452631578947	-0.171789473684211
		LM2	1.47452631578947	-0.200421052631579
		LM3	1.47452631578947	-1.12378947368421
		LM4	1.47452631578947	-1.53894736842105
		LM5	2.10442105263158	-0.737263157894737
		LM6	1.80378947368421	-1.38147368421053
		LM7	1.81094736842105	-1.50315789473684
		LM8	2.28336842105263	-0.773052631578947
		LM9	2.29768421052632	-1.03789473684211
		LM10	1.47452631578947	-0.171789473684211
		LM11	2.51242105263158	-1.17389473684211
		LM12	2.51242105263158	-1.17389473684211
		LM13	1.47452631578947	-0.171789473684211
		LM14	2.39073684210526	-0.894736842105263
		LM15	3.67915789473684	-1.53894736842105
		LM16	4.04421052631579	-2.992
	</landmarks.scaled>
	<curves.control type=list>
		<glabella type=matrix rownames=FALSE colnames=FALSE nrow=19 ncol=2 as.numeric=TRUE >
			206	28
			224	30
			234	37
			243	44
			240	60
			268	40
			281	66
			284	76
			279	82
			290	85
			293	95
			298	120
			282	126
			288	142
			264	154
			247	163
			247	182
			253	191
			253	210
		</glabella>
		<suture type=matrix rownames=FALSE colnames=FALSE nrow=13 ncol=2 as.numeric=TRUE >
			206	24
			238	27
			265	34
			305	66
			314	104
			314	112
			319	114
			332	130
			320	145
			317	150
			319	155
			351	155
			351	164
		</suture>
		<anterior type=matrix rownames=FALSE colnames=FALSE nrow=13 ncol=2 as.numeric=TRUE >
			206	24
			250	30
			274	37
			297	40
			317	41
			362	40
			387	77
			399	102
			389	116
			382	121
			407	129
			469	152
			514	215
		</anterior>
		<posterior type=matrix rownames=FALSE colnames=FALSE nrow=19 ncol=2 as.numeric=TRUE >
			206	215
			226	220
			252	212
			276	191
			292	174
			321	168
			350	165
			369	159
			378	151
			423	152
			477	199
			509	228
			528	271
			553	346
			562	418
			575	431
			557	313
			540	250
			514	215
		</posterior>
	</curves.control>
	<curves.pixel type=list>
		<glabella type=matrix rownames=FALSE colnames=FALSE nrow=266 ncol=2 as.numeric=TRUE >
			206	28
			207	28
			208	28
			209	28
			210	29
			211	29
			212	29
			213	29
			214	29
			215	29
			216	30
			217	30
			218	30
			219	30
			220	31
			221	31
			222	31
			223	32
			224	32
			225	32
			226	33
			227	33
			228	33
			228	34
			229	34
			230	35
			231	35
			232	35
			232	36
			233	36
			234	37
			235	38
			236	39
			237	40
			238	41
			239	42
			239	43
			239	44
			240	45
			240	46
			240	47
			240	48
			240	49
			241	50
			241	51
			241	52
			241	53
			241	54
			241	55
			241	56
			240	57
			240	58
			240	59
			240	60
			241	59
			242	59
			243	58
			244	57
			245	57
			246	56
			247	56
			248	55
			249	55
			249	54
			250	54
			251	54
			252	53
			253	53
			254	53
			255	52
			256	52
			257	52
			258	52
			259	51
			260	51
			261	51
			262	51
			263	51
			264	51
			264	52
			265	52
			266	52
			267	52
			268	52
			269	53
			270	53
			271	54
			272	55
			273	55
			274	56
			274	57
			275	57
			276	58
			277	59
			278	60
			278	61
			279	62
			279	63
			280	64
			280	65
			281	65
			281	66
			281	67
			281	68
			282	69
			282	70
			282	71
			282	72
			282	73
			282	74
			282	75
			282	76
			282	77
			281	78
			281	79
			281	80
			280	80
			280	81
			279	82
			280	82
			281	83
			282	83
			283	83
			284	84
			285	84
			286	85
			287	86
			288	87
			289	88
			290	89
			291	90
			291	91
			292	92
			292	93
			293	94
			293	95
			293	96
			293	97
			294	98
			294	99
			294	100
			294	101
			294	102
			294	103
			294	104
			294	105
			294	106
			294	107
			294	108
			294	109
			294	110
			294	111
			294	112
			293	113
			293	114
			293	115
			293	116
			292	116
			292	117
			292	118
			291	119
			290	120
			289	121
			288	122
			287	123
			286	124
			285	125
			284	125
			283	126
			282	126
			282	127
			283	128
			283	129
			283	130
			283	131
			283	132
			283	133
			283	134
			283	135
			283	136
			282	137
			282	138
			282	139
			281	140
			280	141
			280	142
			279	143
			278	144
			277	145
			277	146
			276	147
			275	147
			274	148
			273	148
			272	149
			272	150
			271	150
			270	151
			269	151
			269	152
			268	152
			267	153
			266	153
			265	154
			264	154
			263	154
			263	155
			262	155
			261	156
			260	156
			259	157
			258	158
			257	159
			256	160
			255	161
			254	162
			253	163
			252	164
			252	165
			251	166
			250	167
			250	168
			250	169
			249	169
			249	170
			249	171
			248	172
			248	173
			248	174
			248	175
			247	176
			247	177
			247	178
			247	179
			247	180
			247	181
			247	182
			247	183
			248	183
			248	184
			249	185
			249	186
			250	187
			250	188
			250	189
			250	190
			251	191
			251	192
			251	193
			252	194
			252	195
			252	196
			252	197
			252	198
			252	199
			252	200
			253	201
			253	202
			253	203
			253	204
			253	205
			253	206
			253	207
			253	208
			253	209
			253	210
		</glabella>
		<suture type=matrix rownames=FALSE colnames=FALSE nrow=221 ncol=2 as.numeric=TRUE >
			206	24
			207	24
			208	24
			209	24
			210	24
			211	24
			212	25
			213	25
			214	25
			215	25
			216	25
			217	25
			218	25
			219	25
			220	26
			221	26
			222	26
			223	26
			224	26
			225	26
			226	26
			227	27
			228	27
			229	27
			230	27
			231	27
			232	27
			233	27
			234	28
			235	28
			236	28
			237	28
			238	28
			239	28
			240	29
			241	29
			242	29
			243	29
			244	29
			245	29
			246	30
			247	30
			248	30
			249	30
			250	30
			251	31
			252	31
			253	31
			254	31
			255	32
			256	32
			257	32
			258	32
			259	33
			260	33
			261	33
			262	33
			263	33
			263	34
			264	34
			265	34
			266	35
			267	36
			268	37
			269	37
			270	38
			271	39
			272	40
			273	41
			274	42
			275	43
			276	44
			277	45
			278	46
			279	47
			280	48
			281	48
			282	49
			283	50
			284	51
			285	52
			286	53
			287	54
			287	55
			288	56
			289	57
			290	58
			291	59
			291	60
			292	61
			293	62
			294	63
			295	64
			295	65
			296	66
			297	67
			297	68
			298	69
			299	70
			299	71
			300	72
			301	73
			301	74
			302	75
			302	76
			303	77
			304	78
			304	79
			305	80
			305	81
			306	82
			306	83
			307	84
			307	85
			308	86
			308	87
			309	88
			309	89
			309	90
			310	91
			310	92
			311	93
			311	94
			311	95
			312	96
			312	97
			312	98
			313	99
			313	100
			313	101
			314	102
			314	103
			314	104
			314	105
			314	106
			314	107
			314	108
			315	109
			315	110
			316	111
			316	112
			317	113
			318	114
			319	114
			320	115
			321	116
			321	117
			322	118
			323	119
			323	120
			324	121
			324	122
			324	123
			325	124
			325	125
			325	126
			326	127
			326	128
			326	129
			326	130
			326	131
			326	132
			326	133
			325	134
			325	135
			325	136
			325	137
			324	138
			324	139
			323	140
			323	141
			322	142
			322	143
			321	144
			320	144
			320	145
			320	146
			319	146
			319	147
			319	148
			318	149
			318	150
			318	151
			318	152
			318	153
			319	154
			319	155
			320	155
			321	155
			322	155
			323	155
			324	155
			325	155
			326	155
			327	155
			328	155
			329	155
			330	155
			331	155
			332	155
			333	156
			334	156
			335	156
			336	156
			337	156
			338	156
			339	156
			340	157
			341	157
			342	157
			343	157
			344	158
			345	158
			346	158
			347	159
			348	159
			349	160
			350	161
			351	162
			351	163
			351	164
		</suture>
		<anterior type=matrix rownames=FALSE colnames=FALSE nrow=378 ncol=2 as.numeric=TRUE >
			206	24
			207	24
			208	24
			209	24
			210	25
			211	25
			212	25
			213	25
			214	25
			215	25
			216	25
			217	26
			218	26
			219	26
			220	26
			221	26
			222	26
			223	27
			224	27
			225	27
			226	27
			227	27
			228	27
			229	27
			230	28
			231	28
			232	28
			233	28
			234	28
			235	28
			236	29
			237	29
			238	29
			239	29
			240	29
			241	29
			242	30
			243	30
			244	30
			245	30
			246	30
			246	31
			247	31
			248	31
			249	31
			250	31
			251	31
			252	32
			253	32
			254	32
			255	32
			256	33
			257	33
			258	33
			259	33
			260	33
			261	34
			262	34
			263	34
			264	34
			265	35
			266	35
			267	35
			268	35
			269	36
			270	36
			271	36
			272	37
			273	37
			274	37
			275	37
			276	37
			277	37
			278	37
			279	38
			280	38
			281	38
			282	38
			283	38
			284	38
			285	38
			286	38
			287	39
			288	39
			289	39
			290	39
			291	39
			292	39
			293	39
			294	39
			295	39
			296	40
			297	40
			298	40
			299	40
			300	40
			301	40
			302	40
			303	40
			304	40
			305	40
			306	40
			307	40
			308	40
			309	41
			310	41
			311	41
			312	41
			313	41
			314	41
			315	41
			316	41
			317	41
			318	41
			319	41
			320	41
			321	41
			322	41
			323	41
			324	41
			325	41
			326	41
			327	41
			328	41
			329	41
			330	42
			331	42
			332	42
			333	42
			334	42
			335	42
			336	42
			337	43
			338	43
			339	43
			340	43
			341	44
			342	44
			343	44
			344	44
			345	45
			346	45
			347	45
			348	46
			349	46
			350	46
			351	47
			352	47
			353	48
			354	48
			355	48
			356	49
			357	49
			358	50
			359	51
			360	51
			361	52
			362	53
			363	53
			364	54
			365	54
			365	55
			366	55
			367	55
			367	56
			368	56
			368	57
			369	57
			369	58
			370	58
			371	59
			372	60
			373	61
			374	62
			375	63
			376	64
			377	65
			378	66
			379	67
			380	68
			381	69
			382	70
			383	71
			383	72
			384	73
			385	74
			386	75
			386	76
			387	77
			387	78
			388	78
			388	79
			388	80
			389	81
			389	82
			390	83
			390	84
			390	85
			391	86
			391	87
			391	88
			392	89
			392	90
			392	91
			393	92
			393	93
			393	94
			393	95
			393	96
			393	97
			393	98
			393	99
			394	100
			394	101
			394	102
			393	103
			393	104
			393	105
			393	106
			393	107
			393	108
			392	109
			392	110
			392	111
			391	112
			391	113
			390	114
			390	115
			389	116
			388	116
			388	117
			387	118
			388	119
			388	120
			389	121
			390	122
			391	123
			392	123
			393	124
			394	124
			395	124
			395	125
			396	125
			397	126
			398	126
			399	126
			400	126
			400	127
			401	127
			402	127
			403	128
			404	128
			405	128
			406	129
			407	129
			408	130
			409	130
			410	130
			411	131
			412	131
			413	131
			414	132
			415	132
			416	132
			417	133
			418	134
			419	134
			420	134
			421	135
			422	135
			423	136
			424	136
			425	137
			426	137
			427	138
			428	138
			429	139
			430	139
			431	140
			432	140
			433	141
			434	141
			434	142
			435	142
			436	143
			437	143
			438	144
			439	144
			440	145
			441	145
			442	146
			443	147
			444	147
			445	148
			446	149
			447	149
			448	150
			449	150
			449	151
			450	151
			451	152
			452	152
			453	153
			454	154
			455	155
			456	155
			457	156
			458	157
			459	158
			460	159
			461	159
			462	160
			463	161
			464	161
			465	162
			465	163
			466	163
			467	164
			468	165
			469	165
			470	166
			471	167
			471	168
			472	168
			473	169
			474	170
			475	171
			476	171
			476	172
			477	173
			478	174
			479	174
			480	175
			481	176
			481	177
			482	177
			483	178
			484	179
			485	180
			485	181
			486	182
			487	182
			488	183
			489	184
			489	185
			490	186
			491	187
			492	187
			493	188
			493	189
			494	190
			495	191
			496	192
			496	193
			497	194
			498	194
			499	195
			499	196
			500	197
			501	198
			502	199
			503	200
			503	201
			504	202
			505	203
			506	204
			506	205
			507	206
			508	207
			508	208
			509	208
			510	209
			511	210
			511	211
			512	212
			513	213
			514	214
			514	215
		</anterior>
		<posterior type=matrix rownames=FALSE colnames=FALSE nrow=723 ncol=2 as.numeric=TRUE >
			206	215
			207	215
			208	215
			209	216
			210	216
			211	216
			212	216
			213	216
			214	216
			215	217
			216	217
			217	217
			218	217
			219	217
			220	217
			221	217
			222	217
			223	217
			224	217
			225	217
			226	217
			227	217
			228	217
			229	217
			230	217
			231	216
			232	216
			233	216
			234	216
			235	216
			236	216
			237	216
			238	216
			238	215
			239	215
			240	215
			241	215
			242	215
			243	215
			243	214
			244	214
			245	214
			246	214
			247	213
			248	213
			249	213
			250	213
			251	212
			252	212
			253	211
			254	210
			255	209
			256	208
			257	207
			258	207
			259	206
			260	205
			261	204
			262	203
			263	202
			264	202
			265	201
			265	200
			266	199
			267	198
			268	198
			269	197
			270	196
			271	195
			271	194
			272	194
			273	193
			274	192
			275	191
			276	191
			276	190
			277	189
			278	188
			279	187
			280	186
			281	185
			282	184
			283	183
			284	182
			285	182
			286	181
			286	180
			287	179
			288	178
			289	177
			290	176
			291	176
			291	175
			292	174
			293	174
			294	174
			295	173
			296	173
			297	173
			298	173
			299	173
			300	172
			301	172
			302	172
			303	172
			304	172
			305	171
			306	171
			307	171
			308	171
			309	171
			310	171
			311	170
			312	170
			313	170
			314	170
			315	170
			316	170
			317	169
			318	169
			319	169
			320	169
			321	169
			322	169
			323	168
			324	168
			325	168
			326	168
			327	168
			328	168
			329	168
			330	167
			331	167
			332	167
			333	167
			334	167
			335	167
			336	167
			337	166
			338	166
			339	166
			340	166
			341	166
			342	166
			343	166
			344	166
			345	166
			345	165
			346	165
			347	165
			348	165
			349	165
			350	165
			351	165
			352	164
			353	164
			354	164
			355	163
			356	163
			357	163
			358	162
			359	162
			360	162
			361	161
			362	160
			363	160
			364	160
			365	159
			366	159
			367	158
			368	158
			369	157
			370	157
			371	156
			372	155
			373	155
			374	154
			375	154
			376	153
			376	152
			377	152
			378	151
			379	151
			380	151
			381	151
			382	151
			383	151
			384	151
			385	151
			386	152
			387	152
			388	152
			389	152
			390	152
			391	152
			392	152
			393	152
			394	153
			395	153
			396	153
			397	153
			398	154
			399	154
			400	154
			401	154
			402	155
			403	155
			404	155
			405	156
			406	156
			407	156
			408	157
			409	157
			410	157
			411	158
			412	158
			413	158
			414	159
			415	159
			416	159
			417	160
			418	160
			419	161
			420	161
			421	162
			422	162
			423	162
			423	163
			424	163
			425	163
			426	164
			427	164
			428	165
			429	165
			430	166
			431	166
			432	167
			433	167
			434	168
			435	169
			436	169
			437	170
			438	170
			439	171
			440	172
			441	172
			442	173
			443	173
			443	174
			444	174
			445	175
			446	175
			447	176
			448	177
			449	177
			450	178
			451	179
			452	179
			453	180
			454	181
			455	182
			456	182
			457	183
			458	184
			459	184
			460	185
			461	186
			462	187
			463	188
			464	188
			465	189
			466	190
			467	191
			468	192
			469	192
			470	193
			471	194
			472	195
			473	196
			474	197
			475	197
			476	198
			477	199
			478	200
			479	201
			480	202
			481	203
			482	204
			483	205
			484	206
			485	206
			485	207
			486	208
			487	208
			487	209
			488	210
			489	210
			489	211
			490	212
			491	213
			492	214
			493	215
			494	216
			494	217
			495	218
			496	219
			497	220
			498	221
			499	222
			499	223
			500	224
			501	224
			501	225
			502	226
			502	227
			503	227
			503	228
			504	229
			505	230
			506	231
			506	232
			507	233
			507	234
			508	235
			509	236
			509	237
			510	237
			510	238
			511	239
			512	240
			512	241
			513	242
			513	243
			514	244
			514	245
			515	245
			515	246
			516	247
			516	248
			517	249
			517	250
			518	251
			519	252
			519	253
			520	254
			520	255
			521	256
			521	257
			522	258
			522	259
			523	260
			524	261
			524	262
			524	263
			525	264
			525	265
			526	266
			526	267
			527	268
			527	269
			527	270
			528	271
			528	272
			529	273
			529	274
			529	275
			530	276
			530	277
			530	278
			531	279
			531	280
			531	281
			532	282
			532	283
			532	284
			533	285
			533	286
			533	287
			533	288
			534	288
			534	289
			534	290
			534	291
			535	292
			535	293
			535	294
			536	295
			536	296
			536	297
			536	298
			537	299
			537	300
			537	301
			538	302
			538	303
			538	304
			538	305
			539	305
			539	306
			539	307
			539	308
			540	309
			540	310
			540	311
			541	312
			541	313
			541	314
			541	315
			542	316
			542	317
			542	318
			542	319
			543	320
			543	321
			543	322
			543	323
			544	324
			544	325
			544	326
			544	327
			545	328
			545	329
			545	330
			545	331
			546	332
			546	333
			546	334
			546	335
			547	335
			547	336
			547	337
			547	338
			548	339
			548	340
			548	341
			548	342
			549	343
			549	344
			549	345
			549	346
			549	347
			550	348
			550	349
			550	350
			550	351
			551	352
			551	353
			551	354
			551	355
			551	356
			552	357
			552	358
			552	359
			552	360
			552	361
			553	361
			553	362
			553	363
			553	364
			553	365
			554	366
			554	367
			554	368
			554	369
			554	370
			554	371
			555	372
			555	373
			555	374
			555	375
			555	376
			556	377
			556	378
			556	379
			556	380
			556	381
			556	382
			557	383
			557	384
			557	385
			557	386
			557	387
			558	388
			558	389
			558	390
			558	391
			558	392
			558	393
			559	394
			559	395
			559	396
			559	397
			559	398
			559	399
			560	400
			560	401
			560	402
			560	403
			560	404
			560	405
			560	406
			561	407
			561	408
			561	409
			561	410
			561	411
			561	412
			561	413
			561	414
			562	415
			562	416
			562	417
			562	418
			563	419
			564	419
			565	419
			566	418
			566	417
			567	416
			567	415
			567	414
			567	413
			567	412
			567	411
			567	410
			567	409
			567	408
			567	407
			567	406
			567	405
			567	404
			567	403
			567	402
			567	401
			567	400
			567	399
			567	398
			567	397
			567	396
			567	395
			567	394
			567	393
			567	392
			567	391
			567	390
			567	389
			567	388
			566	387
			566	386
			566	385
			566	384
			566	383
			566	382
			566	381
			566	380
			566	379
			566	378
			566	377
			565	376
			565	375
			565	374
			565	373
			565	372
			565	371
			565	370
			565	369
			565	368
			564	367
			564	366
			564	365
			564	364
			564	363
			564	362
			564	361
			564	360
			563	359
			563	358
			563	357
			563	356
			563	355
			563	354
			563	353
			563	352
			562	351
			562	350
			562	349
			562	348
			562	347
			562	346
			562	345
			561	344
			561	343
			561	342
			561	341
			561	340
			561	339
			561	338
			561	337
			560	336
			560	335
			560	334
			560	333
			560	332
			560	331
			560	330
			559	329
			559	328
			559	327
			559	326
			559	325
			559	324
			558	323
			558	322
			558	321
			558	320
			558	319
			558	318
			558	317
			558	316
			557	316
			557	315
			557	314
			557	313
			557	312
			557	311
			556	311
			556	310
			556	309
			556	308
			555	307
			555	306
			555	305
			554	304
			554	303
			554	302
			554	301
			553	300
			553	299
			553	298
			552	297
			552	296
			552	295
			551	294
			551	293
			551	292
			551	291
			550	290
			550	289
			550	288
			549	287
			549	286
			548	285
			548	284
			548	283
			547	282
			547	281
			547	280
			546	279
			546	278
			546	277
			545	276
			545	275
			545	274
			544	273
			544	272
			544	271
			543	270
			543	269
			542	268
			542	267
			541	266
			541	265
			541	264
			540	263
			540	262
			539	261
			539	260
			539	259
			538	258
			538	257
			537	256
			537	255
			536	254
			536	253
			536	252
			535	251
			534	250
			534	249
			533	248
			533	247
			533	246
			532	245
			532	244
			531	243
			531	242
			530	241
			530	240
			529	239
			529	238
			528	237
			527	236
			527	235
			526	234
			526	233
			525	232
			524	231
			524	230
			523	229
			523	228
			522	227
			521	226
			521	225
			520	224
			519	223
			519	222
			518	221
			518	220
			517	220
			517	219
			516	218
			516	217
			515	216
			514	215
		</posterior>
	</curves.pixel>
	<curves.scaled type=list>
		<glabella type=matrix rownames=FALSE colnames=FALSE nrow=266 ncol=2 as.numeric=TRUE >
			1.47452631578947	-0.200421052631579
			1.48168421052632	-0.200421052631579
			1.48884210526316	-0.200421052631579
			1.496	-0.200421052631579
			1.50315789473684	-0.207578947368421
			1.51031578947368	-0.207578947368421
			1.51747368421053	-0.207578947368421
			1.52463157894737	-0.207578947368421
			1.53178947368421	-0.207578947368421
			1.53894736842105	-0.207578947368421
			1.54610526315789	-0.214736842105263
			1.55326315789474	-0.214736842105263
			1.56042105263158	-0.214736842105263
			1.56757894736842	-0.214736842105263
			1.57473684210526	-0.221894736842105
			1.58189473684211	-0.221894736842105
			1.58905263157895	-0.221894736842105
			1.59621052631579	-0.229052631578947
			1.60336842105263	-0.229052631578947
			1.61052631578947	-0.229052631578947
			1.61768421052632	-0.236210526315789
			1.62484210526316	-0.236210526315789
			1.632	-0.236210526315789
			1.632	-0.243368421052632
			1.63915789473684	-0.243368421052632
			1.64631578947368	-0.250526315789474
			1.65347368421053	-0.250526315789474
			1.66063157894737	-0.250526315789474
			1.66063157894737	-0.257684210526316
			1.66778947368421	-0.257684210526316
			1.67494736842105	-0.264842105263158
			1.68210526315789	-0.272
			1.68926315789474	-0.279157894736842
			1.69642105263158	-0.286315789473684
			1.70357894736842	-0.293473684210526
			1.71073684210526	-0.300631578947368
			1.71073684210526	-0.307789473684211
			1.71073684210526	-0.314947368421053
			1.71789473684211	-0.322105263157895
			1.71789473684211	-0.329263157894737
			1.71789473684211	-0.336421052631579
			1.71789473684211	-0.343578947368421
			1.71789473684211	-0.350736842105263
			1.72505263157895	-0.357894736842105
			1.72505263157895	-0.365052631578947
			1.72505263157895	-0.372210526315789
			1.72505263157895	-0.379368421052632
			1.72505263157895	-0.386526315789474
			1.72505263157895	-0.393684210526316
			1.72505263157895	-0.400842105263158
			1.71789473684211	-0.408
			1.71789473684211	-0.415157894736842
			1.71789473684211	-0.422315789473684
			1.71789473684211	-0.429473684210526
			1.72505263157895	-0.422315789473684
			1.73221052631579	-0.422315789473684
			1.73936842105263	-0.415157894736842
			1.74652631578947	-0.408
			1.75368421052632	-0.408
			1.76084210526316	-0.400842105263158
			1.768	-0.400842105263158
			1.77515789473684	-0.393684210526316
			1.78231578947368	-0.393684210526316
			1.78231578947368	-0.386526315789474
			1.78947368421053	-0.386526315789474
			1.79663157894737	-0.386526315789474
			1.80378947368421	-0.379368421052632
			1.81094736842105	-0.379368421052632
			1.81810526315789	-0.379368421052632
			1.82526315789474	-0.372210526315789
			1.83242105263158	-0.372210526315789
			1.83957894736842	-0.372210526315789
			1.84673684210526	-0.372210526315789
			1.85389473684211	-0.365052631578947
			1.86105263157895	-0.365052631578947
			1.86821052631579	-0.365052631578947
			1.87536842105263	-0.365052631578947
			1.88252631578947	-0.365052631578947
			1.88968421052632	-0.365052631578947
			1.88968421052632	-0.372210526315789
			1.89684210526316	-0.372210526315789
			1.904	-0.372210526315789
			1.91115789473684	-0.372210526315789
			1.91831578947368	-0.372210526315789
			1.92547368421053	-0.379368421052632
			1.93263157894737	-0.379368421052632
			1.93978947368421	-0.386526315789474
			1.94694736842105	-0.393684210526316
			1.95410526315789	-0.393684210526316
			1.96126315789474	-0.400842105263158
			1.96126315789474	-0.408
			1.96842105263158	-0.408
			1.97557894736842	-0.415157894736842
			1.98273684210526	-0.422315789473684
			1.98989473684211	-0.429473684210526
			1.98989473684211	-0.436631578947368
			1.99705263157895	-0.443789473684211
			1.99705263157895	-0.450947368421053
			2.00421052631579	-0.458105263157895
			2.00421052631579	-0.465263157894737
			2.01136842105263	-0.465263157894737
			2.01136842105263	-0.472421052631579
			2.01136842105263	-0.479578947368421
			2.01136842105263	-0.486736842105263
			2.01852631578947	-0.493894736842105
			2.01852631578947	-0.501052631578947
			2.01852631578947	-0.508210526315789
			2.01852631578947	-0.515368421052632
			2.01852631578947	-0.522526315789474
			2.01852631578947	-0.529684210526316
			2.01852631578947	-0.536842105263158
			2.01852631578947	-0.544
			2.01852631578947	-0.551157894736842
			2.01136842105263	-0.558315789473684
			2.01136842105263	-0.565473684210526
			2.01136842105263	-0.572631578947368
			2.00421052631579	-0.572631578947368
			2.00421052631579	-0.579789473684211
			1.99705263157895	-0.586947368421053
			2.00421052631579	-0.586947368421053
			2.01136842105263	-0.594105263157895
			2.01852631578947	-0.594105263157895
			2.02568421052632	-0.594105263157895
			2.03284210526316	-0.601263157894737
			2.04	-0.601263157894737
			2.04715789473684	-0.608421052631579
			2.05431578947368	-0.615578947368421
			2.06147368421053	-0.622736842105263
			2.06863157894737	-0.629894736842105
			2.07578947368421	-0.637052631578947
			2.08294736842105	-0.644210526315789
			2.08294736842105	-0.651368421052632
			2.09010526315789	-0.658526315789474
			2.09010526315789	-0.665684210526316
			2.09726315789474	-0.672842105263158
			2.09726315789474	-0.68
			2.09726315789474	-0.687157894736842
			2.09726315789474	-0.694315789473684
			2.10442105263158	-0.701473684210526
			2.10442105263158	-0.708631578947368
			2.10442105263158	-0.715789473684211
			2.10442105263158	-0.722947368421053
			2.10442105263158	-0.730105263157895
			2.10442105263158	-0.737263157894737
			2.10442105263158	-0.744421052631579
			2.10442105263158	-0.751578947368421
			2.10442105263158	-0.758736842105263
			2.10442105263158	-0.765894736842105
			2.10442105263158	-0.773052631578947
			2.10442105263158	-0.780210526315789
			2.10442105263158	-0.787368421052632
			2.10442105263158	-0.794526315789474
			2.10442105263158	-0.801684210526316
			2.09726315789474	-0.808842105263158
			2.09726315789474	-0.816
			2.09726315789474	-0.823157894736842
			2.09726315789474	-0.830315789473684
			2.09010526315789	-0.830315789473684
			2.09010526315789	-0.837473684210526
			2.09010526315789	-0.844631578947368
			2.08294736842105	-0.851789473684211
			2.07578947368421	-0.858947368421053
			2.06863157894737	-0.866105263157895
			2.06147368421053	-0.873263157894737
			2.05431578947368	-0.880421052631579
			2.04715789473684	-0.887578947368421
			2.04	-0.894736842105263
			2.03284210526316	-0.894736842105263
			2.02568421052632	-0.901894736842105
			2.01852631578947	-0.901894736842105
			2.01852631578947	-0.909052631578947
			2.02568421052632	-0.916210526315789
			2.02568421052632	-0.923368421052632
			2.02568421052632	-0.930526315789474
			2.02568421052632	-0.937684210526316
			2.02568421052632	-0.944842105263158
			2.02568421052632	-0.952
			2.02568421052632	-0.959157894736842
			2.02568421052632	-0.966315789473684
			2.02568421052632	-0.973473684210526
			2.01852631578947	-0.980631578947368
			2.01852631578947	-0.987789473684211
			2.01852631578947	-0.994947368421053
			2.01136842105263	-1.00210526315789
			2.00421052631579	-1.00926315789474
			2.00421052631579	-1.01642105263158
			1.99705263157895	-1.02357894736842
			1.98989473684211	-1.03073684210526
			1.98273684210526	-1.03789473684211
			1.98273684210526	-1.04505263157895
			1.97557894736842	-1.05221052631579
			1.96842105263158	-1.05221052631579
			1.96126315789474	-1.05936842105263
			1.95410526315789	-1.05936842105263
			1.94694736842105	-1.06652631578947
			1.94694736842105	-1.07368421052632
			1.93978947368421	-1.07368421052632
			1.93263157894737	-1.08084210526316
			1.92547368421053	-1.08084210526316
			1.92547368421053	-1.088
			1.91831578947368	-1.088
			1.91115789473684	-1.09515789473684
			1.904	-1.09515789473684
			1.89684210526316	-1.10231578947368
			1.88968421052632	-1.10231578947368
			1.88252631578947	-1.10231578947368
			1.88252631578947	-1.10947368421053
			1.87536842105263	-1.10947368421053
			1.86821052631579	-1.11663157894737
			1.86105263157895	-1.11663157894737
			1.85389473684211	-1.12378947368421
			1.84673684210526	-1.13094736842105
			1.83957894736842	-1.13810526315789
			1.83242105263158	-1.14526315789474
			1.82526315789474	-1.15242105263158
			1.81810526315789	-1.15957894736842
			1.81094736842105	-1.16673684210526
			1.80378947368421	-1.17389473684211
			1.80378947368421	-1.18105263157895
			1.79663157894737	-1.18821052631579
			1.78947368421053	-1.19536842105263
			1.78947368421053	-1.20252631578947
			1.78947368421053	-1.20968421052632
			1.78231578947368	-1.20968421052632
			1.78231578947368	-1.21684210526316
			1.78231578947368	-1.224
			1.77515789473684	-1.23115789473684
			1.77515789473684	-1.23831578947368
			1.77515789473684	-1.24547368421053
			1.77515789473684	-1.25263157894737
			1.768	-1.25978947368421
			1.768	-1.26694736842105
			1.768	-1.27410526315789
			1.768	-1.28126315789474
			1.768	-1.28842105263158
			1.768	-1.29557894736842
			1.768	-1.30273684210526
			1.768	-1.30989473684211
			1.77515789473684	-1.30989473684211
			1.77515789473684	-1.31705263157895
			1.78231578947368	-1.32421052631579
			1.78231578947368	-1.33136842105263
			1.78947368421053	-1.33852631578947
			1.78947368421053	-1.34568421052632
			1.78947368421053	-1.35284210526316
			1.78947368421053	-1.36
			1.79663157894737	-1.36715789473684
			1.79663157894737	-1.37431578947368
			1.79663157894737	-1.38147368421053
			1.80378947368421	-1.38863157894737
			1.80378947368421	-1.39578947368421
			1.80378947368421	-1.40294736842105
			1.80378947368421	-1.41010526315789
			1.80378947368421	-1.41726315789474
			1.80378947368421	-1.42442105263158
			1.80378947368421	-1.43157894736842
			1.81094736842105	-1.43873684210526
			1.81094736842105	-1.44589473684211
			1.81094736842105	-1.45305263157895
			1.81094736842105	-1.46021052631579
			1.81094736842105	-1.46736842105263
			1.81094736842105	-1.47452631578947
			1.81094736842105	-1.48168421052632
			1.81094736842105	-1.48884210526316
			1.81094736842105	-1.496
			1.81094736842105	-1.50315789473684
		</glabella>
		<suture type=matrix rownames=FALSE colnames=FALSE nrow=221 ncol=2 as.numeric=TRUE >
			1.47452631578947	-0.171789473684211
			1.48168421052632	-0.171789473684211
			1.48884210526316	-0.171789473684211
			1.496	-0.171789473684211
			1.50315789473684	-0.171789473684211
			1.51031578947368	-0.171789473684211
			1.51747368421053	-0.178947368421053
			1.52463157894737	-0.178947368421053
			1.53178947368421	-0.178947368421053
			1.53894736842105	-0.178947368421053
			1.54610526315789	-0.178947368421053
			1.55326315789474	-0.178947368421053
			1.56042105263158	-0.178947368421053
			1.56757894736842	-0.178947368421053
			1.57473684210526	-0.186105263157895
			1.58189473684211	-0.186105263157895
			1.58905263157895	-0.186105263157895
			1.59621052631579	-0.186105263157895
			1.60336842105263	-0.186105263157895
			1.61052631578947	-0.186105263157895
			1.61768421052632	-0.186105263157895
			1.62484210526316	-0.193263157894737
			1.632	-0.193263157894737
			1.63915789473684	-0.193263157894737
			1.64631578947368	-0.193263157894737
			1.65347368421053	-0.193263157894737
			1.66063157894737	-0.193263157894737
			1.66778947368421	-0.193263157894737
			1.67494736842105	-0.200421052631579
			1.68210526315789	-0.200421052631579
			1.68926315789474	-0.200421052631579
			1.69642105263158	-0.200421052631579
			1.70357894736842	-0.200421052631579
			1.71073684210526	-0.200421052631579
			1.71789473684211	-0.207578947368421
			1.72505263157895	-0.207578947368421
			1.73221052631579	-0.207578947368421
			1.73936842105263	-0.207578947368421
			1.74652631578947	-0.207578947368421
			1.75368421052632	-0.207578947368421
			1.76084210526316	-0.214736842105263
			1.768	-0.214736842105263
			1.77515789473684	-0.214736842105263
			1.78231578947368	-0.214736842105263
			1.78947368421053	-0.214736842105263
			1.79663157894737	-0.221894736842105
			1.80378947368421	-0.221894736842105
			1.81094736842105	-0.221894736842105
			1.81810526315789	-0.221894736842105
			1.82526315789474	-0.229052631578947
			1.83242105263158	-0.229052631578947
			1.83957894736842	-0.229052631578947
			1.84673684210526	-0.229052631578947
			1.85389473684211	-0.236210526315789
			1.86105263157895	-0.236210526315789
			1.86821052631579	-0.236210526315789
			1.87536842105263	-0.236210526315789
			1.88252631578947	-0.236210526315789
			1.88252631578947	-0.243368421052632
			1.88968421052632	-0.243368421052632
			1.89684210526316	-0.243368421052632
			1.904	-0.250526315789474
			1.91115789473684	-0.257684210526316
			1.91831578947368	-0.264842105263158
			1.92547368421053	-0.264842105263158
			1.93263157894737	-0.272
			1.93978947368421	-0.279157894736842
			1.94694736842105	-0.286315789473684
			1.95410526315789	-0.293473684210526
			1.96126315789474	-0.300631578947368
			1.96842105263158	-0.307789473684211
			1.97557894736842	-0.314947368421053
			1.98273684210526	-0.322105263157895
			1.98989473684211	-0.329263157894737
			1.99705263157895	-0.336421052631579
			2.00421052631579	-0.343578947368421
			2.01136842105263	-0.343578947368421
			2.01852631578947	-0.350736842105263
			2.02568421052632	-0.357894736842105
			2.03284210526316	-0.365052631578947
			2.04	-0.372210526315789
			2.04715789473684	-0.379368421052632
			2.05431578947368	-0.386526315789474
			2.05431578947368	-0.393684210526316
			2.06147368421053	-0.400842105263158
			2.06863157894737	-0.408
			2.07578947368421	-0.415157894736842
			2.08294736842105	-0.422315789473684
			2.08294736842105	-0.429473684210526
			2.09010526315789	-0.436631578947368
			2.09726315789474	-0.443789473684211
			2.10442105263158	-0.450947368421053
			2.11157894736842	-0.458105263157895
			2.11157894736842	-0.465263157894737
			2.11873684210526	-0.472421052631579
			2.12589473684211	-0.479578947368421
			2.12589473684211	-0.486736842105263
			2.13305263157895	-0.493894736842105
			2.14021052631579	-0.501052631578947
			2.14021052631579	-0.508210526315789
			2.14736842105263	-0.515368421052632
			2.15452631578947	-0.522526315789474
			2.15452631578947	-0.529684210526316
			2.16168421052632	-0.536842105263158
			2.16168421052632	-0.544
			2.16884210526316	-0.551157894736842
			2.176	-0.558315789473684
			2.176	-0.565473684210526
			2.18315789473684	-0.572631578947368
			2.18315789473684	-0.579789473684211
			2.19031578947368	-0.586947368421053
			2.19031578947368	-0.594105263157895
			2.19747368421053	-0.601263157894737
			2.19747368421053	-0.608421052631579
			2.20463157894737	-0.615578947368421
			2.20463157894737	-0.622736842105263
			2.21178947368421	-0.629894736842105
			2.21178947368421	-0.637052631578947
			2.21178947368421	-0.644210526315789
			2.21894736842105	-0.651368421052632
			2.21894736842105	-0.658526315789474
			2.22610526315789	-0.665684210526316
			2.22610526315789	-0.672842105263158
			2.22610526315789	-0.68
			2.23326315789474	-0.687157894736842
			2.23326315789474	-0.694315789473684
			2.23326315789474	-0.701473684210526
			2.24042105263158	-0.708631578947368
			2.24042105263158	-0.715789473684211
			2.24042105263158	-0.722947368421053
			2.24757894736842	-0.730105263157895
			2.24757894736842	-0.737263157894737
			2.24757894736842	-0.744421052631579
			2.24757894736842	-0.751578947368421
			2.24757894736842	-0.758736842105263
			2.24757894736842	-0.765894736842105
			2.24757894736842	-0.773052631578947
			2.25473684210526	-0.780210526315789
			2.25473684210526	-0.787368421052632
			2.26189473684211	-0.794526315789474
			2.26189473684211	-0.801684210526316
			2.26905263157895	-0.808842105263158
			2.27621052631579	-0.816
			2.28336842105263	-0.816
			2.29052631578947	-0.823157894736842
			2.29768421052632	-0.830315789473684
			2.29768421052632	-0.837473684210526
			2.30484210526316	-0.844631578947368
			2.312	-0.851789473684211
			2.312	-0.858947368421053
			2.31915789473684	-0.866105263157895
			2.31915789473684	-0.873263157894737
			2.31915789473684	-0.880421052631579
			2.32631578947368	-0.887578947368421
			2.32631578947368	-0.894736842105263
			2.32631578947368	-0.901894736842105
			2.33347368421053	-0.909052631578947
			2.33347368421053	-0.916210526315789
			2.33347368421053	-0.923368421052632
			2.33347368421053	-0.930526315789474
			2.33347368421053	-0.937684210526316
			2.33347368421053	-0.944842105263158
			2.33347368421053	-0.952
			2.32631578947368	-0.959157894736842
			2.32631578947368	-0.966315789473684
			2.32631578947368	-0.973473684210526
			2.32631578947368	-0.980631578947368
			2.31915789473684	-0.987789473684211
			2.31915789473684	-0.994947368421053
			2.312	-1.00210526315789
			2.312	-1.00926315789474
			2.30484210526316	-1.01642105263158
			2.30484210526316	-1.02357894736842
			2.29768421052632	-1.03073684210526
			2.29052631578947	-1.03073684210526
			2.29052631578947	-1.03789473684211
			2.29052631578947	-1.04505263157895
			2.28336842105263	-1.04505263157895
			2.28336842105263	-1.05221052631579
			2.28336842105263	-1.05936842105263
			2.27621052631579	-1.06652631578947
			2.27621052631579	-1.07368421052632
			2.27621052631579	-1.08084210526316
			2.27621052631579	-1.088
			2.27621052631579	-1.09515789473684
			2.28336842105263	-1.10231578947368
			2.28336842105263	-1.10947368421053
			2.29052631578947	-1.10947368421053
			2.29768421052632	-1.10947368421053
			2.30484210526316	-1.10947368421053
			2.312	-1.10947368421053
			2.31915789473684	-1.10947368421053
			2.32631578947368	-1.10947368421053
			2.33347368421053	-1.10947368421053
			2.34063157894737	-1.10947368421053
			2.34778947368421	-1.10947368421053
			2.35494736842105	-1.10947368421053
			2.36210526315789	-1.10947368421053
			2.36926315789474	-1.10947368421053
			2.37642105263158	-1.10947368421053
			2.38357894736842	-1.11663157894737
			2.39073684210526	-1.11663157894737
			2.39789473684211	-1.11663157894737
			2.40505263157895	-1.11663157894737
			2.41221052631579	-1.11663157894737
			2.41936842105263	-1.11663157894737
			2.42652631578947	-1.11663157894737
			2.43368421052632	-1.12378947368421
			2.44084210526316	-1.12378947368421
			2.448	-1.12378947368421
			2.45515789473684	-1.12378947368421
			2.46231578947368	-1.13094736842105
			2.46947368421053	-1.13094736842105
			2.47663157894737	-1.13094736842105
			2.48378947368421	-1.13810526315789
			2.49094736842105	-1.13810526315789
			2.49810526315789	-1.14526315789474
			2.50526315789474	-1.15242105263158
			2.51242105263158	-1.15957894736842
			2.51242105263158	-1.16673684210526
			2.51242105263158	-1.17389473684211
		</suture>
		<anterior type=matrix rownames=FALSE colnames=FALSE nrow=378 ncol=2 as.numeric=TRUE >
			1.47452631578947	-0.171789473684211
			1.48168421052632	-0.171789473684211
			1.48884210526316	-0.171789473684211
			1.496	-0.171789473684211
			1.50315789473684	-0.178947368421053
			1.51031578947368	-0.178947368421053
			1.51747368421053	-0.178947368421053
			1.52463157894737	-0.178947368421053
			1.53178947368421	-0.178947368421053
			1.53894736842105	-0.178947368421053
			1.54610526315789	-0.178947368421053
			1.55326315789474	-0.186105263157895
			1.56042105263158	-0.186105263157895
			1.56757894736842	-0.186105263157895
			1.57473684210526	-0.186105263157895
			1.58189473684211	-0.186105263157895
			1.58905263157895	-0.186105263157895
			1.59621052631579	-0.193263157894737
			1.60336842105263	-0.193263157894737
			1.61052631578947	-0.193263157894737
			1.61768421052632	-0.193263157894737
			1.62484210526316	-0.193263157894737
			1.632	-0.193263157894737
			1.63915789473684	-0.193263157894737
			1.64631578947368	-0.200421052631579
			1.65347368421053	-0.200421052631579
			1.66063157894737	-0.200421052631579
			1.66778947368421	-0.200421052631579
			1.67494736842105	-0.200421052631579
			1.68210526315789	-0.200421052631579
			1.68926315789474	-0.207578947368421
			1.69642105263158	-0.207578947368421
			1.70357894736842	-0.207578947368421
			1.71073684210526	-0.207578947368421
			1.71789473684211	-0.207578947368421
			1.72505263157895	-0.207578947368421
			1.73221052631579	-0.214736842105263
			1.73936842105263	-0.214736842105263
			1.74652631578947	-0.214736842105263
			1.75368421052632	-0.214736842105263
			1.76084210526316	-0.214736842105263
			1.76084210526316	-0.221894736842105
			1.768	-0.221894736842105
			1.77515789473684	-0.221894736842105
			1.78231578947368	-0.221894736842105
			1.78947368421053	-0.221894736842105
			1.79663157894737	-0.221894736842105
			1.80378947368421	-0.229052631578947
			1.81094736842105	-0.229052631578947
			1.81810526315789	-0.229052631578947
			1.82526315789474	-0.229052631578947
			1.83242105263158	-0.236210526315789
			1.83957894736842	-0.236210526315789
			1.84673684210526	-0.236210526315789
			1.85389473684211	-0.236210526315789
			1.86105263157895	-0.236210526315789
			1.86821052631579	-0.243368421052632
			1.87536842105263	-0.243368421052632
			1.88252631578947	-0.243368421052632
			1.88968421052632	-0.243368421052632
			1.89684210526316	-0.250526315789474
			1.904	-0.250526315789474
			1.91115789473684	-0.250526315789474
			1.91831578947368	-0.250526315789474
			1.92547368421053	-0.257684210526316
			1.93263157894737	-0.257684210526316
			1.93978947368421	-0.257684210526316
			1.94694736842105	-0.264842105263158
			1.95410526315789	-0.264842105263158
			1.96126315789474	-0.264842105263158
			1.96842105263158	-0.264842105263158
			1.97557894736842	-0.264842105263158
			1.98273684210526	-0.264842105263158
			1.98989473684211	-0.264842105263158
			1.99705263157895	-0.272
			2.00421052631579	-0.272
			2.01136842105263	-0.272
			2.01852631578947	-0.272
			2.02568421052632	-0.272
			2.03284210526316	-0.272
			2.04	-0.272
			2.04715789473684	-0.272
			2.05431578947368	-0.279157894736842
			2.06147368421053	-0.279157894736842
			2.06863157894737	-0.279157894736842
			2.07578947368421	-0.279157894736842
			2.08294736842105	-0.279157894736842
			2.09010526315789	-0.279157894736842
			2.09726315789474	-0.279157894736842
			2.10442105263158	-0.279157894736842
			2.11157894736842	-0.279157894736842
			2.11873684210526	-0.286315789473684
			2.12589473684211	-0.286315789473684
			2.13305263157895	-0.286315789473684
			2.14021052631579	-0.286315789473684
			2.14736842105263	-0.286315789473684
			2.15452631578947	-0.286315789473684
			2.16168421052632	-0.286315789473684
			2.16884210526316	-0.286315789473684
			2.176	-0.286315789473684
			2.18315789473684	-0.286315789473684
			2.19031578947368	-0.286315789473684
			2.19747368421053	-0.286315789473684
			2.20463157894737	-0.286315789473684
			2.21178947368421	-0.293473684210526
			2.21894736842105	-0.293473684210526
			2.22610526315789	-0.293473684210526
			2.23326315789474	-0.293473684210526
			2.24042105263158	-0.293473684210526
			2.24757894736842	-0.293473684210526
			2.25473684210526	-0.293473684210526
			2.26189473684211	-0.293473684210526
			2.26905263157895	-0.293473684210526
			2.27621052631579	-0.293473684210526
			2.28336842105263	-0.293473684210526
			2.29052631578947	-0.293473684210526
			2.29768421052632	-0.293473684210526
			2.30484210526316	-0.293473684210526
			2.312	-0.293473684210526
			2.31915789473684	-0.293473684210526
			2.32631578947368	-0.293473684210526
			2.33347368421053	-0.293473684210526
			2.34063157894737	-0.293473684210526
			2.34778947368421	-0.293473684210526
			2.35494736842105	-0.293473684210526
			2.36210526315789	-0.300631578947368
			2.36926315789474	-0.300631578947368
			2.37642105263158	-0.300631578947368
			2.38357894736842	-0.300631578947368
			2.39073684210526	-0.300631578947368
			2.39789473684211	-0.300631578947368
			2.40505263157895	-0.300631578947368
			2.41221052631579	-0.307789473684211
			2.41936842105263	-0.307789473684211
			2.42652631578947	-0.307789473684211
			2.43368421052632	-0.307789473684211
			2.44084210526316	-0.314947368421053
			2.448	-0.314947368421053
			2.45515789473684	-0.314947368421053
			2.46231578947368	-0.314947368421053
			2.46947368421053	-0.322105263157895
			2.47663157894737	-0.322105263157895
			2.48378947368421	-0.322105263157895
			2.49094736842105	-0.329263157894737
			2.49810526315789	-0.329263157894737
			2.50526315789474	-0.329263157894737
			2.51242105263158	-0.336421052631579
			2.51957894736842	-0.336421052631579
			2.52673684210526	-0.343578947368421
			2.53389473684211	-0.343578947368421
			2.54105263157895	-0.343578947368421
			2.54821052631579	-0.350736842105263
			2.55536842105263	-0.350736842105263
			2.56252631578947	-0.357894736842105
			2.56968421052632	-0.365052631578947
			2.57684210526316	-0.365052631578947
			2.584	-0.372210526315789
			2.59115789473684	-0.379368421052632
			2.59831578947368	-0.379368421052632
			2.60547368421053	-0.386526315789474
			2.61263157894737	-0.386526315789474
			2.61263157894737	-0.393684210526316
			2.61978947368421	-0.393684210526316
			2.62694736842105	-0.393684210526316
			2.62694736842105	-0.400842105263158
			2.63410526315789	-0.400842105263158
			2.63410526315789	-0.408
			2.64126315789474	-0.408
			2.64126315789474	-0.415157894736842
			2.64842105263158	-0.415157894736842
			2.65557894736842	-0.422315789473684
			2.66273684210526	-0.429473684210526
			2.66989473684211	-0.436631578947368
			2.67705263157895	-0.443789473684211
			2.68421052631579	-0.450947368421053
			2.69136842105263	-0.458105263157895
			2.69852631578947	-0.465263157894737
			2.70568421052632	-0.472421052631579
			2.71284210526316	-0.479578947368421
			2.72	-0.486736842105263
			2.72715789473684	-0.493894736842105
			2.73431578947368	-0.501052631578947
			2.74147368421053	-0.508210526315789
			2.74147368421053	-0.515368421052632
			2.74863157894737	-0.522526315789474
			2.75578947368421	-0.529684210526316
			2.76294736842105	-0.536842105263158
			2.76294736842105	-0.544
			2.77010526315789	-0.551157894736842
			2.77010526315789	-0.558315789473684
			2.77726315789474	-0.558315789473684
			2.77726315789474	-0.565473684210526
			2.77726315789474	-0.572631578947368
			2.78442105263158	-0.579789473684211
			2.78442105263158	-0.586947368421053
			2.79157894736842	-0.594105263157895
			2.79157894736842	-0.601263157894737
			2.79157894736842	-0.608421052631579
			2.79873684210526	-0.615578947368421
			2.79873684210526	-0.622736842105263
			2.79873684210526	-0.629894736842105
			2.80589473684211	-0.637052631578947
			2.80589473684211	-0.644210526315789
			2.80589473684211	-0.651368421052632
			2.81305263157895	-0.658526315789474
			2.81305263157895	-0.665684210526316
			2.81305263157895	-0.672842105263158
			2.81305263157895	-0.68
			2.81305263157895	-0.687157894736842
			2.81305263157895	-0.694315789473684
			2.81305263157895	-0.701473684210526
			2.81305263157895	-0.708631578947368
			2.82021052631579	-0.715789473684211
			2.82021052631579	-0.722947368421053
			2.82021052631579	-0.730105263157895
			2.81305263157895	-0.737263157894737
			2.81305263157895	-0.744421052631579
			2.81305263157895	-0.751578947368421
			2.81305263157895	-0.758736842105263
			2.81305263157895	-0.765894736842105
			2.81305263157895	-0.773052631578947
			2.80589473684211	-0.780210526315789
			2.80589473684211	-0.787368421052632
			2.80589473684211	-0.794526315789474
			2.79873684210526	-0.801684210526316
			2.79873684210526	-0.808842105263158
			2.79157894736842	-0.816
			2.79157894736842	-0.823157894736842
			2.78442105263158	-0.830315789473684
			2.77726315789474	-0.830315789473684
			2.77726315789474	-0.837473684210526
			2.77010526315789	-0.844631578947368
			2.77726315789474	-0.851789473684211
			2.77726315789474	-0.858947368421053
			2.78442105263158	-0.866105263157895
			2.79157894736842	-0.873263157894737
			2.79873684210526	-0.880421052631579
			2.80589473684211	-0.880421052631579
			2.81305263157895	-0.887578947368421
			2.82021052631579	-0.887578947368421
			2.82736842105263	-0.887578947368421
			2.82736842105263	-0.894736842105263
			2.83452631578947	-0.894736842105263
			2.84168421052632	-0.901894736842105
			2.84884210526316	-0.901894736842105
			2.856	-0.901894736842105
			2.86315789473684	-0.901894736842105
			2.86315789473684	-0.909052631578947
			2.87031578947368	-0.909052631578947
			2.87747368421053	-0.909052631578947
			2.88463157894737	-0.916210526315789
			2.89178947368421	-0.916210526315789
			2.89894736842105	-0.916210526315789
			2.90610526315789	-0.923368421052632
			2.91326315789474	-0.923368421052632
			2.92042105263158	-0.930526315789474
			2.92757894736842	-0.930526315789474
			2.93473684210526	-0.930526315789474
			2.94189473684211	-0.937684210526316
			2.94905263157895	-0.937684210526316
			2.95621052631579	-0.937684210526316
			2.96336842105263	-0.944842105263158
			2.97052631578947	-0.944842105263158
			2.97768421052632	-0.944842105263158
			2.98484210526316	-0.952
			2.992	-0.959157894736842
			2.99915789473684	-0.959157894736842
			3.00631578947368	-0.959157894736842
			3.01347368421053	-0.966315789473684
			3.02063157894737	-0.966315789473684
			3.02778947368421	-0.973473684210526
			3.03494736842105	-0.973473684210526
			3.04210526315789	-0.980631578947368
			3.04926315789474	-0.980631578947368
			3.05642105263158	-0.987789473684211
			3.06357894736842	-0.987789473684211
			3.07073684210526	-0.994947368421053
			3.07789473684211	-0.994947368421053
			3.08505263157895	-1.00210526315789
			3.09221052631579	-1.00210526315789
			3.09936842105263	-1.00926315789474
			3.10652631578947	-1.00926315789474
			3.10652631578947	-1.01642105263158
			3.11368421052632	-1.01642105263158
			3.12084210526316	-1.02357894736842
			3.128	-1.02357894736842
			3.13515789473684	-1.03073684210526
			3.14231578947368	-1.03073684210526
			3.14947368421053	-1.03789473684211
			3.15663157894737	-1.03789473684211
			3.16378947368421	-1.04505263157895
			3.17094736842105	-1.05221052631579
			3.17810526315789	-1.05221052631579
			3.18526315789474	-1.05936842105263
			3.19242105263158	-1.06652631578947
			3.19957894736842	-1.06652631578947
			3.20673684210526	-1.07368421052632
			3.21389473684211	-1.07368421052632
			3.21389473684211	-1.08084210526316
			3.22105263157895	-1.08084210526316
			3.22821052631579	-1.088
			3.23536842105263	-1.088
			3.24252631578947	-1.09515789473684
			3.24968421052632	-1.10231578947368
			3.25684210526316	-1.10947368421053
			3.264	-1.10947368421053
			3.27115789473684	-1.11663157894737
			3.27831578947368	-1.12378947368421
			3.28547368421053	-1.13094736842105
			3.29263157894737	-1.13810526315789
			3.29978947368421	-1.13810526315789
			3.30694736842105	-1.14526315789474
			3.31410526315789	-1.15242105263158
			3.32126315789474	-1.15242105263158
			3.32842105263158	-1.15957894736842
			3.32842105263158	-1.16673684210526
			3.33557894736842	-1.16673684210526
			3.34273684210526	-1.17389473684211
			3.34989473684211	-1.18105263157895
			3.35705263157895	-1.18105263157895
			3.36421052631579	-1.18821052631579
			3.37136842105263	-1.19536842105263
			3.37136842105263	-1.20252631578947
			3.37852631578947	-1.20252631578947
			3.38568421052632	-1.20968421052632
			3.39284210526316	-1.21684210526316
			3.4	-1.224
			3.40715789473684	-1.224
			3.40715789473684	-1.23115789473684
			3.41431578947368	-1.23831578947368
			3.42147368421053	-1.24547368421053
			3.42863157894737	-1.24547368421053
			3.43578947368421	-1.25263157894737
			3.44294736842105	-1.25978947368421
			3.44294736842105	-1.26694736842105
			3.45010526315789	-1.26694736842105
			3.45726315789474	-1.27410526315789
			3.46442105263158	-1.28126315789474
			3.47157894736842	-1.28842105263158
			3.47157894736842	-1.29557894736842
			3.47873684210526	-1.30273684210526
			3.48589473684211	-1.30273684210526
			3.49305263157895	-1.30989473684211
			3.50021052631579	-1.31705263157895
			3.50021052631579	-1.32421052631579
			3.50736842105263	-1.33136842105263
			3.51452631578947	-1.33852631578947
			3.52168421052632	-1.33852631578947
			3.52884210526316	-1.34568421052632
			3.52884210526316	-1.35284210526316
			3.536	-1.36
			3.54315789473684	-1.36715789473684
			3.55031578947368	-1.37431578947368
			3.55031578947368	-1.38147368421053
			3.55747368421053	-1.38863157894737
			3.56463157894737	-1.38863157894737
			3.57178947368421	-1.39578947368421
			3.57178947368421	-1.40294736842105
			3.57894736842105	-1.41010526315789
			3.58610526315789	-1.41726315789474
			3.59326315789474	-1.42442105263158
			3.60042105263158	-1.43157894736842
			3.60042105263158	-1.43873684210526
			3.60757894736842	-1.44589473684211
			3.61473684210526	-1.45305263157895
			3.62189473684211	-1.46021052631579
			3.62189473684211	-1.46736842105263
			3.62905263157895	-1.47452631578947
			3.63621052631579	-1.48168421052632
			3.63621052631579	-1.48884210526316
			3.64336842105263	-1.48884210526316
			3.65052631578947	-1.496
			3.65768421052632	-1.50315789473684
			3.65768421052632	-1.51031578947368
			3.66484210526316	-1.51747368421053
			3.672	-1.52463157894737
			3.67915789473684	-1.53178947368421
			3.67915789473684	-1.53894736842105
		</anterior>
		<posterior type=matrix rownames=FALSE colnames=FALSE nrow=723 ncol=2 as.numeric=TRUE >
			1.47452631578947	-1.53894736842105
			1.48168421052632	-1.53894736842105
			1.48884210526316	-1.53894736842105
			1.496	-1.54610526315789
			1.50315789473684	-1.54610526315789
			1.51031578947368	-1.54610526315789
			1.51747368421053	-1.54610526315789
			1.52463157894737	-1.54610526315789
			1.53178947368421	-1.54610526315789
			1.53894736842105	-1.55326315789474
			1.54610526315789	-1.55326315789474
			1.55326315789474	-1.55326315789474
			1.56042105263158	-1.55326315789474
			1.56757894736842	-1.55326315789474
			1.57473684210526	-1.55326315789474
			1.58189473684211	-1.55326315789474
			1.58905263157895	-1.55326315789474
			1.59621052631579	-1.55326315789474
			1.60336842105263	-1.55326315789474
			1.61052631578947	-1.55326315789474
			1.61768421052632	-1.55326315789474
			1.62484210526316	-1.55326315789474
			1.632	-1.55326315789474
			1.63915789473684	-1.55326315789474
			1.64631578947368	-1.55326315789474
			1.65347368421053	-1.54610526315789
			1.66063157894737	-1.54610526315789
			1.66778947368421	-1.54610526315789
			1.67494736842105	-1.54610526315789
			1.68210526315789	-1.54610526315789
			1.68926315789474	-1.54610526315789
			1.69642105263158	-1.54610526315789
			1.70357894736842	-1.54610526315789
			1.70357894736842	-1.53894736842105
			1.71073684210526	-1.53894736842105
			1.71789473684211	-1.53894736842105
			1.72505263157895	-1.53894736842105
			1.73221052631579	-1.53894736842105
			1.73936842105263	-1.53894736842105
			1.73936842105263	-1.53178947368421
			1.74652631578947	-1.53178947368421
			1.75368421052632	-1.53178947368421
			1.76084210526316	-1.53178947368421
			1.768	-1.52463157894737
			1.77515789473684	-1.52463157894737
			1.78231578947368	-1.52463157894737
			1.78947368421053	-1.52463157894737
			1.79663157894737	-1.51747368421053
			1.80378947368421	-1.51747368421053
			1.81094736842105	-1.51031578947368
			1.81810526315789	-1.50315789473684
			1.82526315789474	-1.496
			1.83242105263158	-1.48884210526316
			1.83957894736842	-1.48168421052632
			1.84673684210526	-1.48168421052632
			1.85389473684211	-1.47452631578947
			1.86105263157895	-1.46736842105263
			1.86821052631579	-1.46021052631579
			1.87536842105263	-1.45305263157895
			1.88252631578947	-1.44589473684211
			1.88968421052632	-1.44589473684211
			1.89684210526316	-1.43873684210526
			1.89684210526316	-1.43157894736842
			1.904	-1.42442105263158
			1.91115789473684	-1.41726315789474
			1.91831578947368	-1.41726315789474
			1.92547368421053	-1.41010526315789
			1.93263157894737	-1.40294736842105
			1.93978947368421	-1.39578947368421
			1.93978947368421	-1.38863157894737
			1.94694736842105	-1.38863157894737
			1.95410526315789	-1.38147368421053
			1.96126315789474	-1.37431578947368
			1.96842105263158	-1.36715789473684
			1.97557894736842	-1.36715789473684
			1.97557894736842	-1.36
			1.98273684210526	-1.35284210526316
			1.98989473684211	-1.34568421052632
			1.99705263157895	-1.33852631578947
			2.00421052631579	-1.33136842105263
			2.01136842105263	-1.32421052631579
			2.01852631578947	-1.31705263157895
			2.02568421052632	-1.30989473684211
			2.03284210526316	-1.30273684210526
			2.04	-1.30273684210526
			2.04715789473684	-1.29557894736842
			2.04715789473684	-1.28842105263158
			2.05431578947368	-1.28126315789474
			2.06147368421053	-1.27410526315789
			2.06863157894737	-1.26694736842105
			2.07578947368421	-1.25978947368421
			2.08294736842105	-1.25978947368421
			2.08294736842105	-1.25263157894737
			2.09010526315789	-1.24547368421053
			2.09726315789474	-1.24547368421053
			2.10442105263158	-1.24547368421053
			2.11157894736842	-1.23831578947368
			2.11873684210526	-1.23831578947368
			2.12589473684211	-1.23831578947368
			2.13305263157895	-1.23831578947368
			2.14021052631579	-1.23831578947368
			2.14736842105263	-1.23115789473684
			2.15452631578947	-1.23115789473684
			2.16168421052632	-1.23115789473684
			2.16884210526316	-1.23115789473684
			2.176	-1.23115789473684
			2.18315789473684	-1.224
			2.19031578947368	-1.224
			2.19747368421053	-1.224
			2.20463157894737	-1.224
			2.21178947368421	-1.224
			2.21894736842105	-1.224
			2.22610526315789	-1.21684210526316
			2.23326315789474	-1.21684210526316
			2.24042105263158	-1.21684210526316
			2.24757894736842	-1.21684210526316
			2.25473684210526	-1.21684210526316
			2.26189473684211	-1.21684210526316
			2.26905263157895	-1.20968421052632
			2.27621052631579	-1.20968421052632
			2.28336842105263	-1.20968421052632
			2.29052631578947	-1.20968421052632
			2.29768421052632	-1.20968421052632
			2.30484210526316	-1.20968421052632
			2.312	-1.20252631578947
			2.31915789473684	-1.20252631578947
			2.32631578947368	-1.20252631578947
			2.33347368421053	-1.20252631578947
			2.34063157894737	-1.20252631578947
			2.34778947368421	-1.20252631578947
			2.35494736842105	-1.20252631578947
			2.36210526315789	-1.19536842105263
			2.36926315789474	-1.19536842105263
			2.37642105263158	-1.19536842105263
			2.38357894736842	-1.19536842105263
			2.39073684210526	-1.19536842105263
			2.39789473684211	-1.19536842105263
			2.40505263157895	-1.19536842105263
			2.41221052631579	-1.18821052631579
			2.41936842105263	-1.18821052631579
			2.42652631578947	-1.18821052631579
			2.43368421052632	-1.18821052631579
			2.44084210526316	-1.18821052631579
			2.448	-1.18821052631579
			2.45515789473684	-1.18821052631579
			2.46231578947368	-1.18821052631579
			2.46947368421053	-1.18821052631579
			2.46947368421053	-1.18105263157895
			2.47663157894737	-1.18105263157895
			2.48378947368421	-1.18105263157895
			2.49094736842105	-1.18105263157895
			2.49810526315789	-1.18105263157895
			2.50526315789474	-1.18105263157895
			2.51242105263158	-1.18105263157895
			2.51957894736842	-1.17389473684211
			2.52673684210526	-1.17389473684211
			2.53389473684211	-1.17389473684211
			2.54105263157895	-1.16673684210526
			2.54821052631579	-1.16673684210526
			2.55536842105263	-1.16673684210526
			2.56252631578947	-1.15957894736842
			2.56968421052632	-1.15957894736842
			2.57684210526316	-1.15957894736842
			2.584	-1.15242105263158
			2.59115789473684	-1.14526315789474
			2.59831578947368	-1.14526315789474
			2.60547368421053	-1.14526315789474
			2.61263157894737	-1.13810526315789
			2.61978947368421	-1.13810526315789
			2.62694736842105	-1.13094736842105
			2.63410526315789	-1.13094736842105
			2.64126315789474	-1.12378947368421
			2.64842105263158	-1.12378947368421
			2.65557894736842	-1.11663157894737
			2.66273684210526	-1.10947368421053
			2.66989473684211	-1.10947368421053
			2.67705263157895	-1.10231578947368
			2.68421052631579	-1.10231578947368
			2.69136842105263	-1.09515789473684
			2.69136842105263	-1.088
			2.69852631578947	-1.088
			2.70568421052632	-1.08084210526316
			2.71284210526316	-1.08084210526316
			2.72	-1.08084210526316
			2.72715789473684	-1.08084210526316
			2.73431578947368	-1.08084210526316
			2.74147368421053	-1.08084210526316
			2.74863157894737	-1.08084210526316
			2.75578947368421	-1.08084210526316
			2.76294736842105	-1.088
			2.77010526315789	-1.088
			2.77726315789474	-1.088
			2.78442105263158	-1.088
			2.79157894736842	-1.088
			2.79873684210526	-1.088
			2.80589473684211	-1.088
			2.81305263157895	-1.088
			2.82021052631579	-1.09515789473684
			2.82736842105263	-1.09515789473684
			2.83452631578947	-1.09515789473684
			2.84168421052632	-1.09515789473684
			2.84884210526316	-1.10231578947368
			2.856	-1.10231578947368
			2.86315789473684	-1.10231578947368
			2.87031578947368	-1.10231578947368
			2.87747368421053	-1.10947368421053
			2.88463157894737	-1.10947368421053
			2.89178947368421	-1.10947368421053
			2.89894736842105	-1.11663157894737
			2.90610526315789	-1.11663157894737
			2.91326315789474	-1.11663157894737
			2.92042105263158	-1.12378947368421
			2.92757894736842	-1.12378947368421
			2.93473684210526	-1.12378947368421
			2.94189473684211	-1.13094736842105
			2.94905263157895	-1.13094736842105
			2.95621052631579	-1.13094736842105
			2.96336842105263	-1.13810526315789
			2.97052631578947	-1.13810526315789
			2.97768421052632	-1.13810526315789
			2.98484210526316	-1.14526315789474
			2.992	-1.14526315789474
			2.99915789473684	-1.15242105263158
			3.00631578947368	-1.15242105263158
			3.01347368421053	-1.15957894736842
			3.02063157894737	-1.15957894736842
			3.02778947368421	-1.15957894736842
			3.02778947368421	-1.16673684210526
			3.03494736842105	-1.16673684210526
			3.04210526315789	-1.16673684210526
			3.04926315789474	-1.17389473684211
			3.05642105263158	-1.17389473684211
			3.06357894736842	-1.18105263157895
			3.07073684210526	-1.18105263157895
			3.07789473684211	-1.18821052631579
			3.08505263157895	-1.18821052631579
			3.09221052631579	-1.19536842105263
			3.09936842105263	-1.19536842105263
			3.10652631578947	-1.20252631578947
			3.11368421052632	-1.20968421052632
			3.12084210526316	-1.20968421052632
			3.128	-1.21684210526316
			3.13515789473684	-1.21684210526316
			3.14231578947368	-1.224
			3.14947368421053	-1.23115789473684
			3.15663157894737	-1.23115789473684
			3.16378947368421	-1.23831578947368
			3.17094736842105	-1.23831578947368
			3.17094736842105	-1.24547368421053
			3.17810526315789	-1.24547368421053
			3.18526315789474	-1.25263157894737
			3.19242105263158	-1.25263157894737
			3.19957894736842	-1.25978947368421
			3.20673684210526	-1.26694736842105
			3.21389473684211	-1.26694736842105
			3.22105263157895	-1.27410526315789
			3.22821052631579	-1.28126315789474
			3.23536842105263	-1.28126315789474
			3.24252631578947	-1.28842105263158
			3.24968421052632	-1.29557894736842
			3.25684210526316	-1.30273684210526
			3.264	-1.30273684210526
			3.27115789473684	-1.30989473684211
			3.27831578947368	-1.31705263157895
			3.28547368421053	-1.31705263157895
			3.29263157894737	-1.32421052631579
			3.29978947368421	-1.33136842105263
			3.30694736842105	-1.33852631578947
			3.31410526315789	-1.34568421052632
			3.32126315789474	-1.34568421052632
			3.32842105263158	-1.35284210526316
			3.33557894736842	-1.36
			3.34273684210526	-1.36715789473684
			3.34989473684211	-1.37431578947368
			3.35705263157895	-1.37431578947368
			3.36421052631579	-1.38147368421053
			3.37136842105263	-1.38863157894737
			3.37852631578947	-1.39578947368421
			3.38568421052632	-1.40294736842105
			3.39284210526316	-1.41010526315789
			3.4	-1.41010526315789
			3.40715789473684	-1.41726315789474
			3.41431578947368	-1.42442105263158
			3.42147368421053	-1.43157894736842
			3.42863157894737	-1.43873684210526
			3.43578947368421	-1.44589473684211
			3.44294736842105	-1.45305263157895
			3.45010526315789	-1.46021052631579
			3.45726315789474	-1.46736842105263
			3.46442105263158	-1.47452631578947
			3.47157894736842	-1.47452631578947
			3.47157894736842	-1.48168421052632
			3.47873684210526	-1.48884210526316
			3.48589473684211	-1.48884210526316
			3.48589473684211	-1.496
			3.49305263157895	-1.50315789473684
			3.50021052631579	-1.50315789473684
			3.50021052631579	-1.51031578947368
			3.50736842105263	-1.51747368421053
			3.51452631578947	-1.52463157894737
			3.52168421052632	-1.53178947368421
			3.52884210526316	-1.53894736842105
			3.536	-1.54610526315789
			3.536	-1.55326315789474
			3.54315789473684	-1.56042105263158
			3.55031578947368	-1.56757894736842
			3.55747368421053	-1.57473684210526
			3.56463157894737	-1.58189473684211
			3.57178947368421	-1.58905263157895
			3.57178947368421	-1.59621052631579
			3.57894736842105	-1.60336842105263
			3.58610526315789	-1.60336842105263
			3.58610526315789	-1.61052631578947
			3.59326315789474	-1.61768421052632
			3.59326315789474	-1.62484210526316
			3.60042105263158	-1.62484210526316
			3.60042105263158	-1.632
			3.60757894736842	-1.63915789473684
			3.61473684210526	-1.64631578947368
			3.62189473684211	-1.65347368421053
			3.62189473684211	-1.66063157894737
			3.62905263157895	-1.66778947368421
			3.62905263157895	-1.67494736842105
			3.63621052631579	-1.68210526315789
			3.64336842105263	-1.68926315789474
			3.64336842105263	-1.69642105263158
			3.65052631578947	-1.69642105263158
			3.65052631578947	-1.70357894736842
			3.65768421052632	-1.71073684210526
			3.66484210526316	-1.71789473684211
			3.66484210526316	-1.72505263157895
			3.672	-1.73221052631579
			3.672	-1.73936842105263
			3.67915789473684	-1.74652631578947
			3.67915789473684	-1.75368421052632
			3.68631578947368	-1.75368421052632
			3.68631578947368	-1.76084210526316
			3.69347368421053	-1.768
			3.69347368421053	-1.77515789473684
			3.70063157894737	-1.78231578947368
			3.70063157894737	-1.78947368421053
			3.70778947368421	-1.79663157894737
			3.71494736842105	-1.80378947368421
			3.71494736842105	-1.81094736842105
			3.72210526315789	-1.81810526315789
			3.72210526315789	-1.82526315789474
			3.72926315789474	-1.83242105263158
			3.72926315789474	-1.83957894736842
			3.73642105263158	-1.84673684210526
			3.73642105263158	-1.85389473684211
			3.74357894736842	-1.86105263157895
			3.75073684210526	-1.86821052631579
			3.75073684210526	-1.87536842105263
			3.75073684210526	-1.88252631578947
			3.75789473684211	-1.88968421052632
			3.75789473684211	-1.89684210526316
			3.76505263157895	-1.904
			3.76505263157895	-1.91115789473684
			3.77221052631579	-1.91831578947368
			3.77221052631579	-1.92547368421053
			3.77221052631579	-1.93263157894737
			3.77936842105263	-1.93978947368421
			3.77936842105263	-1.94694736842105
			3.78652631578947	-1.95410526315789
			3.78652631578947	-1.96126315789474
			3.78652631578947	-1.96842105263158
			3.79368421052632	-1.97557894736842
			3.79368421052632	-1.98273684210526
			3.79368421052632	-1.98989473684211
			3.80084210526316	-1.99705263157895
			3.80084210526316	-2.00421052631579
			3.80084210526316	-2.01136842105263
			3.808	-2.01852631578947
			3.808	-2.02568421052632
			3.808	-2.03284210526316
			3.81515789473684	-2.04
			3.81515789473684	-2.04715789473684
			3.81515789473684	-2.05431578947368
			3.81515789473684	-2.06147368421053
			3.82231578947368	-2.06147368421053
			3.82231578947368	-2.06863157894737
			3.82231578947368	-2.07578947368421
			3.82231578947368	-2.08294736842105
			3.82947368421053	-2.09010526315789
			3.82947368421053	-2.09726315789474
			3.82947368421053	-2.10442105263158
			3.83663157894737	-2.11157894736842
			3.83663157894737	-2.11873684210526
			3.83663157894737	-2.12589473684211
			3.83663157894737	-2.13305263157895
			3.84378947368421	-2.14021052631579
			3.84378947368421	-2.14736842105263
			3.84378947368421	-2.15452631578947
			3.85094736842105	-2.16168421052632
			3.85094736842105	-2.16884210526316
			3.85094736842105	-2.176
			3.85094736842105	-2.18315789473684
			3.85810526315789	-2.18315789473684
			3.85810526315789	-2.19031578947368
			3.85810526315789	-2.19747368421053
			3.85810526315789	-2.20463157894737
			3.86526315789474	-2.21178947368421
			3.86526315789474	-2.21894736842105
			3.86526315789474	-2.22610526315789
			3.87242105263158	-2.23326315789474
			3.87242105263158	-2.24042105263158
			3.87242105263158	-2.24757894736842
			3.87242105263158	-2.25473684210526
			3.87957894736842	-2.26189473684211
			3.87957894736842	-2.26905263157895
			3.87957894736842	-2.27621052631579
			3.87957894736842	-2.28336842105263
			3.88673684210526	-2.29052631578947
			3.88673684210526	-2.29768421052632
			3.88673684210526	-2.30484210526316
			3.88673684210526	-2.312
			3.89389473684211	-2.31915789473684
			3.89389473684211	-2.32631578947368
			3.89389473684211	-2.33347368421053
			3.89389473684211	-2.34063157894737
			3.90105263157895	-2.34778947368421
			3.90105263157895	-2.35494736842105
			3.90105263157895	-2.36210526315789
			3.90105263157895	-2.36926315789474
			3.90821052631579	-2.37642105263158
			3.90821052631579	-2.38357894736842
			3.90821052631579	-2.39073684210526
			3.90821052631579	-2.39789473684211
			3.91536842105263	-2.39789473684211
			3.91536842105263	-2.40505263157895
			3.91536842105263	-2.41221052631579
			3.91536842105263	-2.41936842105263
			3.92252631578947	-2.42652631578947
			3.92252631578947	-2.43368421052632
			3.92252631578947	-2.44084210526316
			3.92252631578947	-2.448
			3.92968421052632	-2.45515789473684
			3.92968421052632	-2.46231578947368
			3.92968421052632	-2.46947368421053
			3.92968421052632	-2.47663157894737
			3.92968421052632	-2.48378947368421
			3.93684210526316	-2.49094736842105
			3.93684210526316	-2.49810526315789
			3.93684210526316	-2.50526315789474
			3.93684210526316	-2.51242105263158
			3.944	-2.51957894736842
			3.944	-2.52673684210526
			3.944	-2.53389473684211
			3.944	-2.54105263157895
			3.944	-2.54821052631579
			3.95115789473684	-2.55536842105263
			3.95115789473684	-2.56252631578947
			3.95115789473684	-2.56968421052632
			3.95115789473684	-2.57684210526316
			3.95115789473684	-2.584
			3.95831578947368	-2.584
			3.95831578947368	-2.59115789473684
			3.95831578947368	-2.59831578947368
			3.95831578947368	-2.60547368421053
			3.95831578947368	-2.61263157894737
			3.96547368421053	-2.61978947368421
			3.96547368421053	-2.62694736842105
			3.96547368421053	-2.63410526315789
			3.96547368421053	-2.64126315789474
			3.96547368421053	-2.64842105263158
			3.96547368421053	-2.65557894736842
			3.97263157894737	-2.66273684210526
			3.97263157894737	-2.66989473684211
			3.97263157894737	-2.67705263157895
			3.97263157894737	-2.68421052631579
			3.97263157894737	-2.69136842105263
			3.97978947368421	-2.69852631578947
			3.97978947368421	-2.70568421052632
			3.97978947368421	-2.71284210526316
			3.97978947368421	-2.72
			3.97978947368421	-2.72715789473684
			3.97978947368421	-2.73431578947368
			3.98694736842105	-2.74147368421053
			3.98694736842105	-2.74863157894737
			3.98694736842105	-2.75578947368421
			3.98694736842105	-2.76294736842105
			3.98694736842105	-2.77010526315789
			3.99410526315789	-2.77726315789474
			3.99410526315789	-2.78442105263158
			3.99410526315789	-2.79157894736842
			3.99410526315789	-2.79873684210526
			3.99410526315789	-2.80589473684211
			3.99410526315789	-2.81305263157895
			4.00126315789474	-2.82021052631579
			4.00126315789474	-2.82736842105263
			4.00126315789474	-2.83452631578947
			4.00126315789474	-2.84168421052632
			4.00126315789474	-2.84884210526316
			4.00126315789474	-2.856
			4.00842105263158	-2.86315789473684
			4.00842105263158	-2.87031578947368
			4.00842105263158	-2.87747368421053
			4.00842105263158	-2.88463157894737
			4.00842105263158	-2.89178947368421
			4.00842105263158	-2.89894736842105
			4.00842105263158	-2.90610526315789
			4.01557894736842	-2.91326315789474
			4.01557894736842	-2.92042105263158
			4.01557894736842	-2.92757894736842
			4.01557894736842	-2.93473684210526
			4.01557894736842	-2.94189473684211
			4.01557894736842	-2.94905263157895
			4.01557894736842	-2.95621052631579
			4.01557894736842	-2.96336842105263
			4.02273684210526	-2.97052631578947
			4.02273684210526	-2.97768421052632
			4.02273684210526	-2.98484210526316
			4.02273684210526	-2.992
			4.02989473684211	-2.99915789473684
			4.03705263157895	-2.99915789473684
			4.04421052631579	-2.99915789473684
			4.05136842105263	-2.992
			4.05136842105263	-2.98484210526316
			4.05852631578947	-2.97768421052632
			4.05852631578947	-2.97052631578947
			4.05852631578947	-2.96336842105263
			4.05852631578947	-2.95621052631579
			4.05852631578947	-2.94905263157895
			4.05852631578947	-2.94189473684211
			4.05852631578947	-2.93473684210526
			4.05852631578947	-2.92757894736842
			4.05852631578947	-2.92042105263158
			4.05852631578947	-2.91326315789474
			4.05852631578947	-2.90610526315789
			4.05852631578947	-2.89894736842105
			4.05852631578947	-2.89178947368421
			4.05852631578947	-2.88463157894737
			4.05852631578947	-2.87747368421053
			4.05852631578947	-2.87031578947368
			4.05852631578947	-2.86315789473684
			4.05852631578947	-2.856
			4.05852631578947	-2.84884210526316
			4.05852631578947	-2.84168421052632
			4.05852631578947	-2.83452631578947
			4.05852631578947	-2.82736842105263
			4.05852631578947	-2.82021052631579
			4.05852631578947	-2.81305263157895
			4.05852631578947	-2.80589473684211
			4.05852631578947	-2.79873684210526
			4.05852631578947	-2.79157894736842
			4.05852631578947	-2.78442105263158
			4.05852631578947	-2.77726315789474
			4.05136842105263	-2.77010526315789
			4.05136842105263	-2.76294736842105
			4.05136842105263	-2.75578947368421
			4.05136842105263	-2.74863157894737
			4.05136842105263	-2.74147368421053
			4.05136842105263	-2.73431578947368
			4.05136842105263	-2.72715789473684
			4.05136842105263	-2.72
			4.05136842105263	-2.71284210526316
			4.05136842105263	-2.70568421052632
			4.05136842105263	-2.69852631578947
			4.04421052631579	-2.69136842105263
			4.04421052631579	-2.68421052631579
			4.04421052631579	-2.67705263157895
			4.04421052631579	-2.66989473684211
			4.04421052631579	-2.66273684210526
			4.04421052631579	-2.65557894736842
			4.04421052631579	-2.64842105263158
			4.04421052631579	-2.64126315789474
			4.04421052631579	-2.63410526315789
			4.03705263157895	-2.62694736842105
			4.03705263157895	-2.61978947368421
			4.03705263157895	-2.61263157894737
			4.03705263157895	-2.60547368421053
			4.03705263157895	-2.59831578947368
			4.03705263157895	-2.59115789473684
			4.03705263157895	-2.584
			4.03705263157895	-2.57684210526316
			4.02989473684211	-2.56968421052632
			4.02989473684211	-2.56252631578947
			4.02989473684211	-2.55536842105263
			4.02989473684211	-2.54821052631579
			4.02989473684211	-2.54105263157895
			4.02989473684211	-2.53389473684211
			4.02989473684211	-2.52673684210526
			4.02989473684211	-2.51957894736842
			4.02273684210526	-2.51242105263158
			4.02273684210526	-2.50526315789474
			4.02273684210526	-2.49810526315789
			4.02273684210526	-2.49094736842105
			4.02273684210526	-2.48378947368421
			4.02273684210526	-2.47663157894737
			4.02273684210526	-2.46947368421053
			4.01557894736842	-2.46231578947368
			4.01557894736842	-2.45515789473684
			4.01557894736842	-2.448
			4.01557894736842	-2.44084210526316
			4.01557894736842	-2.43368421052632
			4.01557894736842	-2.42652631578947
			4.01557894736842	-2.41936842105263
			4.01557894736842	-2.41221052631579
			4.00842105263158	-2.40505263157895
			4.00842105263158	-2.39789473684211
			4.00842105263158	-2.39073684210526
			4.00842105263158	-2.38357894736842
			4.00842105263158	-2.37642105263158
			4.00842105263158	-2.36926315789474
			4.00842105263158	-2.36210526315789
			4.00126315789474	-2.35494736842105
			4.00126315789474	-2.34778947368421
			4.00126315789474	-2.34063157894737
			4.00126315789474	-2.33347368421053
			4.00126315789474	-2.32631578947368
			4.00126315789474	-2.31915789473684
			3.99410526315789	-2.312
			3.99410526315789	-2.30484210526316
			3.99410526315789	-2.29768421052632
			3.99410526315789	-2.29052631578947
			3.99410526315789	-2.28336842105263
			3.99410526315789	-2.27621052631579
			3.99410526315789	-2.26905263157895
			3.99410526315789	-2.26189473684211
			3.98694736842105	-2.26189473684211
			3.98694736842105	-2.25473684210526
			3.98694736842105	-2.24757894736842
			3.98694736842105	-2.24042105263158
			3.98694736842105	-2.23326315789474
			3.98694736842105	-2.22610526315789
			3.97978947368421	-2.22610526315789
			3.97978947368421	-2.21894736842105
			3.97978947368421	-2.21178947368421
			3.97978947368421	-2.20463157894737
			3.97263157894737	-2.19747368421053
			3.97263157894737	-2.19031578947368
			3.97263157894737	-2.18315789473684
			3.96547368421053	-2.176
			3.96547368421053	-2.16884210526316
			3.96547368421053	-2.16168421052632
			3.96547368421053	-2.15452631578947
			3.95831578947368	-2.14736842105263
			3.95831578947368	-2.14021052631579
			3.95831578947368	-2.13305263157895
			3.95115789473684	-2.12589473684211
			3.95115789473684	-2.11873684210526
			3.95115789473684	-2.11157894736842
			3.944	-2.10442105263158
			3.944	-2.09726315789474
			3.944	-2.09010526315789
			3.944	-2.08294736842105
			3.93684210526316	-2.07578947368421
			3.93684210526316	-2.06863157894737
			3.93684210526316	-2.06147368421053
			3.92968421052632	-2.05431578947368
			3.92968421052632	-2.04715789473684
			3.92252631578947	-2.04
			3.92252631578947	-2.03284210526316
			3.92252631578947	-2.02568421052632
			3.91536842105263	-2.01852631578947
			3.91536842105263	-2.01136842105263
			3.91536842105263	-2.00421052631579
			3.90821052631579	-1.99705263157895
			3.90821052631579	-1.98989473684211
			3.90821052631579	-1.98273684210526
			3.90105263157895	-1.97557894736842
			3.90105263157895	-1.96842105263158
			3.90105263157895	-1.96126315789474
			3.89389473684211	-1.95410526315789
			3.89389473684211	-1.94694736842105
			3.89389473684211	-1.93978947368421
			3.88673684210526	-1.93263157894737
			3.88673684210526	-1.92547368421053
			3.87957894736842	-1.91831578947368
			3.87957894736842	-1.91115789473684
			3.87242105263158	-1.904
			3.87242105263158	-1.89684210526316
			3.87242105263158	-1.88968421052632
			3.86526315789474	-1.88252631578947
			3.86526315789474	-1.87536842105263
			3.85810526315789	-1.86821052631579
			3.85810526315789	-1.86105263157895
			3.85810526315789	-1.85389473684211
			3.85094736842105	-1.84673684210526
			3.85094736842105	-1.83957894736842
			3.84378947368421	-1.83242105263158
			3.84378947368421	-1.82526315789474
			3.83663157894737	-1.81810526315789
			3.83663157894737	-1.81094736842105
			3.83663157894737	-1.80378947368421
			3.82947368421053	-1.79663157894737
			3.82231578947368	-1.78947368421053
			3.82231578947368	-1.78231578947368
			3.81515789473684	-1.77515789473684
			3.81515789473684	-1.768
			3.81515789473684	-1.76084210526316
			3.808	-1.75368421052632
			3.808	-1.74652631578947
			3.80084210526316	-1.73936842105263
			3.80084210526316	-1.73221052631579
			3.79368421052632	-1.72505263157895
			3.79368421052632	-1.71789473684211
			3.78652631578947	-1.71073684210526
			3.78652631578947	-1.70357894736842
			3.77936842105263	-1.69642105263158
			3.77221052631579	-1.68926315789474
			3.77221052631579	-1.68210526315789
			3.76505263157895	-1.67494736842105
			3.76505263157895	-1.66778947368421
			3.75789473684211	-1.66063157894737
			3.75073684210526	-1.65347368421053
			3.75073684210526	-1.64631578947368
			3.74357894736842	-1.63915789473684
			3.74357894736842	-1.632
			3.73642105263158	-1.62484210526316
			3.72926315789474	-1.61768421052632
			3.72926315789474	-1.61052631578947
			3.72210526315789	-1.60336842105263
			3.71494736842105	-1.59621052631579
			3.71494736842105	-1.58905263157895
			3.70778947368421	-1.58189473684211
			3.70778947368421	-1.57473684210526
			3.70063157894737	-1.57473684210526
			3.70063157894737	-1.56757894736842
			3.69347368421053	-1.56042105263158
			3.69347368421053	-1.55326315789474
			3.68631578947368	-1.54610526315789
			3.67915789473684	-1.53894736842105
		</posterior>
	</curves.scaled>
	<ruler.points type=matrix rownames=TRUE colnames=FALSE nrow=2 ncol=2 as.numeric=TRUE >
		Ruler point 1	582	12
		Ruler point 2	582	487
	</ruler.points>
</shapes>

