<shapes type=list>
	<ruler.pixel type=vector names=FALSE length=1 as.numeric=TRUE >38</ruler.pixel>
	<ruler.interval type=vector names=FALSE length=1 as.numeric=TRUE >1</ruler.interval>
	<scaling.units type=vector names=FALSE length=1 as.numeric=FALSE >mm</scaling.units>
	<scaling type=vector names=FALSE length=1 as.numeric=TRUE >0.0263157894736842</scaling>
	<landmarks.pixel type=matrix rownames=TRUE colnames=FALSE nrow=16 ncol=2 as.numeric=TRUE >
		LM1	84	6
		LM2	84	15
		LM3	84	94
		LM4	87	122
		LM5	111	45
		LM6	111	100
		LM7	115	115
		LM8	116	52
		LM9	119	87
		LM10	84	6
		LM11	120	98
		LM12	140	114
		LM13	84	6
		LM14	134	67
		LM15	159	122
		LM16	159	131
	</landmarks.pixel>
	<landmarks.scaled type=matrix rownames=TRUE colnames=FALSE nrow=16 ncol=2 as.numeric=TRUE >
		LM1	2.21052631578947	-0.157894736842105
		LM2	2.21052631578947	-0.394736842105263
		LM3	2.21052631578947	-2.47368421052632
		LM4	2.28947368421053	-3.21052631578947
		LM5	2.92105263157895	-1.18421052631579
		LM6	2.92105263157895	-2.63157894736842
		LM7	3.02631578947368	-3.02631578947368
		LM8	3.05263157894737	-1.36842105263158
		LM9	3.13157894736842	-2.28947368421053
		LM10	2.21052631578947	-0.157894736842105
		LM11	3.15789473684211	-2.57894736842105
		LM12	3.68421052631579	-3
		LM13	2.21052631578947	-0.157894736842105
		LM14	3.52631578947368	-1.76315789473684
		LM15	4.18421052631579	-3.21052631578947
		LM16	4.18421052631579	-3.44736842105263
	</landmarks.scaled>
	<curves.control type=list>
		<glabella type=matrix rownames=FALSE colnames=FALSE nrow=9 ncol=2 as.numeric=TRUE >
			84	15
			100	16
			109	30
			114	46
			111	57
			112	69
			114	85
			115	105
			115	115
		</glabella>
		<suture type=matrix rownames=FALSE colnames=FALSE nrow=13 ncol=2 as.numeric=TRUE >
			84	6
			100	6
			106	11
			108	22
			115	36
			122	48
			132	57
			139	71
			127	84
			117	96
			121	101
			133	105
			140	114
		</suture>
		<anterior type=matrix rownames=FALSE colnames=FALSE nrow=9 ncol=2 as.numeric=TRUE >
			84	6
			100	6
			117	15
			139	30
			149	55
			156	76
			154	94
			156	111
			159	122
		</anterior>
		<posterior type=matrix rownames=FALSE colnames=FALSE nrow=9 ncol=2 as.numeric=TRUE >
			87	122
			100	125
			115	115
			130	112
			143	116
			152	123
			159	131
			162	128
			159	122
		</posterior>
	</curves.control>
	<curves.pixel type=list>
		<glabella type=matrix rownames=FALSE colnames=FALSE nrow=114 ncol=2 as.numeric=TRUE >
			84	15
			85	15
			86	15
			87	15
			88	16
			89	16
			90	16
			91	16
			92	17
			93	17
			94	17
			95	18
			96	18
			97	19
			98	19
			99	20
			100	20
			100	21
			101	21
			102	22
			103	23
			104	23
			104	24
			105	25
			106	26
			107	27
			108	28
			109	29
			109	30
			109	31
			110	32
			110	33
			110	34
			110	35
			111	36
			111	37
			111	38
			111	39
			111	40
			112	41
			112	42
			112	43
			112	44
			112	45
			112	46
			112	47
			112	48
			112	49
			112	50
			112	51
			112	52
			112	53
			112	54
			111	55
			111	56
			111	57
			111	58
			111	59
			111	60
			111	61
			111	62
			112	63
			112	64
			112	65
			112	66
			112	67
			112	68
			112	69
			112	70
			112	71
			113	72
			113	73
			113	74
			113	75
			113	76
			113	77
			113	78
			113	79
			113	80
			113	81
			114	82
			114	83
			114	84
			114	85
			114	86
			114	87
			114	88
			114	89
			114	90
			114	91
			114	92
			114	93
			114	94
			114	95
			115	96
			115	97
			115	98
			115	99
			115	100
			115	101
			115	102
			115	103
			115	104
			115	105
			115	106
			115	107
			115	108
			115	109
			115	110
			115	111
			115	112
			115	113
			115	114
			115	115
		</glabella>
		<suture type=matrix rownames=FALSE colnames=FALSE nrow=140 ncol=2 as.numeric=TRUE >
			84	6
			85	6
			86	6
			87	6
			88	6
			89	6
			90	6
			91	6
			92	6
			93	7
			94	7
			95	7
			96	7
			97	7
			98	7
			99	8
			100	8
			101	8
			102	9
			103	9
			104	10
			105	10
			106	11
			106	12
			106	13
			107	14
			107	15
			107	16
			107	17
			108	18
			108	19
			108	20
			109	21
			109	22
			109	23
			110	24
			110	25
			111	26
			111	27
			111	28
			112	29
			112	30
			112	31
			113	31
			113	32
			114	33
			114	34
			114	35
			115	36
			116	37
			116	38
			117	39
			117	40
			118	41
			118	42
			119	42
			120	43
			120	44
			121	45
			121	46
			122	46
			123	47
			123	48
			124	49
			125	50
			126	51
			127	52
			128	53
			129	54
			129	55
			130	55
			131	56
			132	57
			133	58
			133	59
			133	60
			133	61
			134	61
			134	62
			134	63
			134	64
			134	65
			135	66
			135	67
			135	68
			134	69
			134	70
			134	71
			134	72
			134	73
			133	74
			133	75
			132	76
			132	77
			131	78
			131	79
			130	80
			130	81
			129	81
			129	82
			128	83
			127	84
			126	85
			125	86
			125	87
			124	88
			123	89
			123	90
			122	91
			122	92
			121	93
			120	94
			120	95
			120	96
			120	97
			120	98
			120	99
			121	100
			121	101
			122	101
			123	102
			124	102
			125	103
			126	103
			127	103
			128	104
			129	104
			129	105
			130	105
			131	106
			132	106
			133	107
			134	108
			135	109
			136	110
			137	111
			138	111
			138	112
			139	113
			140	114
		</suture>
		<anterior type=matrix rownames=FALSE colnames=FALSE nrow=146 ncol=2 as.numeric=TRUE >
			84	6
			85	6
			86	6
			87	6
			88	6
			89	6
			90	6
			91	6
			92	7
			93	7
			94	7
			95	7
			96	7
			97	8
			98	8
			99	8
			100	8
			101	8
			102	9
			103	9
			104	9
			105	10
			106	10
			107	10
			108	11
			109	11
			110	12
			111	12
			112	12
			113	13
			114	13
			115	14
			116	15
			117	15
			118	16
			119	16
			120	17
			121	18
			122	19
			123	20
			124	20
			125	21
			126	22
			127	23
			128	23
			129	24
			129	25
			130	26
			131	27
			132	28
			133	29
			134	30
			135	31
			136	32
			136	33
			137	33
			137	34
			138	35
			139	36
			139	37
			140	38
			141	39
			141	40
			142	40
			142	41
			143	42
			143	43
			144	44
			144	45
			145	46
			145	47
			146	48
			146	49
			147	50
			147	51
			148	52
			148	53
			148	54
			149	55
			149	56
			150	57
			150	58
			150	59
			151	60
			151	61
			151	62
			151	63
			152	64
			152	65
			152	66
			152	67
			153	68
			153	69
			153	70
			153	71
			153	72
			153	73
			154	74
			154	75
			154	76
			154	77
			154	78
			154	79
			154	80
			154	81
			154	82
			154	83
			154	84
			154	85
			154	86
			154	87
			154	88
			154	89
			154	90
			154	91
			154	92
			154	93
			154	94
			154	95
			154	96
			154	97
			155	98
			155	99
			155	100
			155	101
			155	102
			155	103
			155	104
			155	105
			156	106
			156	107
			156	108
			156	109
			156	110
			157	111
			157	112
			157	113
			157	114
			157	115
			158	116
			158	117
			158	118
			158	119
			159	120
			159	121
			159	122
		</anterior>
		<posterior type=matrix rownames=FALSE colnames=FALSE nrow=86 ncol=2 as.numeric=TRUE >
			87	122
			88	122
			89	122
			90	123
			91	123
			92	123
			93	123
			94	123
			95	123
			96	123
			97	122
			98	122
			99	122
			100	122
			101	122
			102	121
			103	121
			104	121
			105	120
			106	120
			107	120
			108	119
			109	118
			110	118
			111	117
			112	117
			113	116
			114	116
			115	115
			116	115
			117	115
			118	114
			119	114
			120	114
			121	114
			122	114
			123	114
			124	114
			125	114
			126	114
			127	114
			128	114
			129	114
			130	114
			131	114
			132	114
			133	114
			134	114
			135	114
			136	114
			137	115
			138	115
			139	115
			140	115
			141	115
			142	116
			143	116
			144	116
			144	117
			145	117
			145	118
			146	118
			147	119
			148	120
			149	121
			150	122
			151	123
			152	124
			153	125
			154	126
			155	127
			156	127
			156	128
			157	129
			158	129
			158	130
			159	131
			160	130
			160	129
			160	128
			160	127
			160	126
			160	125
			160	124
			159	123
			159	122
		</posterior>
	</curves.pixel>
	<curves.scaled type=list>
		<glabella type=matrix rownames=FALSE colnames=FALSE nrow=114 ncol=2 as.numeric=TRUE >
			2.21052631578947	-0.394736842105263
			2.23684210526316	-0.394736842105263
			2.26315789473684	-0.394736842105263
			2.28947368421053	-0.394736842105263
			2.31578947368421	-0.421052631578947
			2.34210526315789	-0.421052631578947
			2.36842105263158	-0.421052631578947
			2.39473684210526	-0.421052631578947
			2.42105263157895	-0.447368421052632
			2.44736842105263	-0.447368421052632
			2.47368421052632	-0.447368421052632
			2.5	-0.473684210526316
			2.52631578947368	-0.473684210526316
			2.55263157894737	-0.5
			2.57894736842105	-0.5
			2.60526315789474	-0.526315789473684
			2.63157894736842	-0.526315789473684
			2.63157894736842	-0.552631578947368
			2.65789473684211	-0.552631578947368
			2.68421052631579	-0.578947368421053
			2.71052631578947	-0.605263157894737
			2.73684210526316	-0.605263157894737
			2.73684210526316	-0.631578947368421
			2.76315789473684	-0.657894736842105
			2.78947368421053	-0.684210526315789
			2.81578947368421	-0.710526315789474
			2.84210526315789	-0.736842105263158
			2.86842105263158	-0.763157894736842
			2.86842105263158	-0.789473684210526
			2.86842105263158	-0.815789473684211
			2.89473684210526	-0.842105263157895
			2.89473684210526	-0.868421052631579
			2.89473684210526	-0.894736842105263
			2.89473684210526	-0.921052631578947
			2.92105263157895	-0.947368421052632
			2.92105263157895	-0.973684210526316
			2.92105263157895	-1
			2.92105263157895	-1.02631578947368
			2.92105263157895	-1.05263157894737
			2.94736842105263	-1.07894736842105
			2.94736842105263	-1.10526315789474
			2.94736842105263	-1.13157894736842
			2.94736842105263	-1.15789473684211
			2.94736842105263	-1.18421052631579
			2.94736842105263	-1.21052631578947
			2.94736842105263	-1.23684210526316
			2.94736842105263	-1.26315789473684
			2.94736842105263	-1.28947368421053
			2.94736842105263	-1.31578947368421
			2.94736842105263	-1.34210526315789
			2.94736842105263	-1.36842105263158
			2.94736842105263	-1.39473684210526
			2.94736842105263	-1.42105263157895
			2.92105263157895	-1.44736842105263
			2.92105263157895	-1.47368421052632
			2.92105263157895	-1.5
			2.92105263157895	-1.52631578947368
			2.92105263157895	-1.55263157894737
			2.92105263157895	-1.57894736842105
			2.92105263157895	-1.60526315789474
			2.92105263157895	-1.63157894736842
			2.94736842105263	-1.65789473684211
			2.94736842105263	-1.68421052631579
			2.94736842105263	-1.71052631578947
			2.94736842105263	-1.73684210526316
			2.94736842105263	-1.76315789473684
			2.94736842105263	-1.78947368421053
			2.94736842105263	-1.81578947368421
			2.94736842105263	-1.84210526315789
			2.94736842105263	-1.86842105263158
			2.97368421052632	-1.89473684210526
			2.97368421052632	-1.92105263157895
			2.97368421052632	-1.94736842105263
			2.97368421052632	-1.97368421052632
			2.97368421052632	-2
			2.97368421052632	-2.02631578947368
			2.97368421052632	-2.05263157894737
			2.97368421052632	-2.07894736842105
			2.97368421052632	-2.10526315789474
			2.97368421052632	-2.13157894736842
			3	-2.15789473684211
			3	-2.18421052631579
			3	-2.21052631578947
			3	-2.23684210526316
			3	-2.26315789473684
			3	-2.28947368421053
			3	-2.31578947368421
			3	-2.34210526315789
			3	-2.36842105263158
			3	-2.39473684210526
			3	-2.42105263157895
			3	-2.44736842105263
			3	-2.47368421052632
			3	-2.5
			3.02631578947368	-2.52631578947368
			3.02631578947368	-2.55263157894737
			3.02631578947368	-2.57894736842105
			3.02631578947368	-2.60526315789474
			3.02631578947368	-2.63157894736842
			3.02631578947368	-2.65789473684211
			3.02631578947368	-2.68421052631579
			3.02631578947368	-2.71052631578947
			3.02631578947368	-2.73684210526316
			3.02631578947368	-2.76315789473684
			3.02631578947368	-2.78947368421053
			3.02631578947368	-2.81578947368421
			3.02631578947368	-2.84210526315789
			3.02631578947368	-2.86842105263158
			3.02631578947368	-2.89473684210526
			3.02631578947368	-2.92105263157895
			3.02631578947368	-2.94736842105263
			3.02631578947368	-2.97368421052632
			3.02631578947368	-3
			3.02631578947368	-3.02631578947368
		</glabella>
		<suture type=matrix rownames=FALSE colnames=FALSE nrow=140 ncol=2 as.numeric=TRUE >
			2.21052631578947	-0.157894736842105
			2.23684210526316	-0.157894736842105
			2.26315789473684	-0.157894736842105
			2.28947368421053	-0.157894736842105
			2.31578947368421	-0.157894736842105
			2.34210526315789	-0.157894736842105
			2.36842105263158	-0.157894736842105
			2.39473684210526	-0.157894736842105
			2.42105263157895	-0.157894736842105
			2.44736842105263	-0.184210526315789
			2.47368421052632	-0.184210526315789
			2.5	-0.184210526315789
			2.52631578947368	-0.184210526315789
			2.55263157894737	-0.184210526315789
			2.57894736842105	-0.184210526315789
			2.60526315789474	-0.210526315789474
			2.63157894736842	-0.210526315789474
			2.65789473684211	-0.210526315789474
			2.68421052631579	-0.236842105263158
			2.71052631578947	-0.236842105263158
			2.73684210526316	-0.263157894736842
			2.76315789473684	-0.263157894736842
			2.78947368421053	-0.289473684210526
			2.78947368421053	-0.315789473684211
			2.78947368421053	-0.342105263157895
			2.81578947368421	-0.368421052631579
			2.81578947368421	-0.394736842105263
			2.81578947368421	-0.421052631578947
			2.81578947368421	-0.447368421052632
			2.84210526315789	-0.473684210526316
			2.84210526315789	-0.5
			2.84210526315789	-0.526315789473684
			2.86842105263158	-0.552631578947368
			2.86842105263158	-0.578947368421053
			2.86842105263158	-0.605263157894737
			2.89473684210526	-0.631578947368421
			2.89473684210526	-0.657894736842105
			2.92105263157895	-0.684210526315789
			2.92105263157895	-0.710526315789474
			2.92105263157895	-0.736842105263158
			2.94736842105263	-0.763157894736842
			2.94736842105263	-0.789473684210526
			2.94736842105263	-0.815789473684211
			2.97368421052632	-0.815789473684211
			2.97368421052632	-0.842105263157895
			3	-0.868421052631579
			3	-0.894736842105263
			3	-0.921052631578947
			3.02631578947368	-0.947368421052632
			3.05263157894737	-0.973684210526316
			3.05263157894737	-1
			3.07894736842105	-1.02631578947368
			3.07894736842105	-1.05263157894737
			3.10526315789474	-1.07894736842105
			3.10526315789474	-1.10526315789474
			3.13157894736842	-1.10526315789474
			3.15789473684211	-1.13157894736842
			3.15789473684211	-1.15789473684211
			3.18421052631579	-1.18421052631579
			3.18421052631579	-1.21052631578947
			3.21052631578947	-1.21052631578947
			3.23684210526316	-1.23684210526316
			3.23684210526316	-1.26315789473684
			3.26315789473684	-1.28947368421053
			3.28947368421053	-1.31578947368421
			3.31578947368421	-1.34210526315789
			3.34210526315789	-1.36842105263158
			3.36842105263158	-1.39473684210526
			3.39473684210526	-1.42105263157895
			3.39473684210526	-1.44736842105263
			3.42105263157895	-1.44736842105263
			3.44736842105263	-1.47368421052632
			3.47368421052632	-1.5
			3.5	-1.52631578947368
			3.5	-1.55263157894737
			3.5	-1.57894736842105
			3.5	-1.60526315789474
			3.52631578947368	-1.60526315789474
			3.52631578947368	-1.63157894736842
			3.52631578947368	-1.65789473684211
			3.52631578947368	-1.68421052631579
			3.52631578947368	-1.71052631578947
			3.55263157894737	-1.73684210526316
			3.55263157894737	-1.76315789473684
			3.55263157894737	-1.78947368421053
			3.52631578947368	-1.81578947368421
			3.52631578947368	-1.84210526315789
			3.52631578947368	-1.86842105263158
			3.52631578947368	-1.89473684210526
			3.52631578947368	-1.92105263157895
			3.5	-1.94736842105263
			3.5	-1.97368421052632
			3.47368421052632	-2
			3.47368421052632	-2.02631578947368
			3.44736842105263	-2.05263157894737
			3.44736842105263	-2.07894736842105
			3.42105263157895	-2.10526315789474
			3.42105263157895	-2.13157894736842
			3.39473684210526	-2.13157894736842
			3.39473684210526	-2.15789473684211
			3.36842105263158	-2.18421052631579
			3.34210526315789	-2.21052631578947
			3.31578947368421	-2.23684210526316
			3.28947368421053	-2.26315789473684
			3.28947368421053	-2.28947368421053
			3.26315789473684	-2.31578947368421
			3.23684210526316	-2.34210526315789
			3.23684210526316	-2.36842105263158
			3.21052631578947	-2.39473684210526
			3.21052631578947	-2.42105263157895
			3.18421052631579	-2.44736842105263
			3.15789473684211	-2.47368421052632
			3.15789473684211	-2.5
			3.15789473684211	-2.52631578947368
			3.15789473684211	-2.55263157894737
			3.15789473684211	-2.57894736842105
			3.15789473684211	-2.60526315789474
			3.18421052631579	-2.63157894736842
			3.18421052631579	-2.65789473684211
			3.21052631578947	-2.65789473684211
			3.23684210526316	-2.68421052631579
			3.26315789473684	-2.68421052631579
			3.28947368421053	-2.71052631578947
			3.31578947368421	-2.71052631578947
			3.34210526315789	-2.71052631578947
			3.36842105263158	-2.73684210526316
			3.39473684210526	-2.73684210526316
			3.39473684210526	-2.76315789473684
			3.42105263157895	-2.76315789473684
			3.44736842105263	-2.78947368421053
			3.47368421052632	-2.78947368421053
			3.5	-2.81578947368421
			3.52631578947368	-2.84210526315789
			3.55263157894737	-2.86842105263158
			3.57894736842105	-2.89473684210526
			3.60526315789474	-2.92105263157895
			3.63157894736842	-2.92105263157895
			3.63157894736842	-2.94736842105263
			3.6578947368421	-2.97368421052632
			3.68421052631579	-3
		</suture>
		<anterior type=matrix rownames=FALSE colnames=FALSE nrow=146 ncol=2 as.numeric=TRUE >
			2.21052631578947	-0.157894736842105
			2.23684210526316	-0.157894736842105
			2.26315789473684	-0.157894736842105
			2.28947368421053	-0.157894736842105
			2.31578947368421	-0.157894736842105
			2.34210526315789	-0.157894736842105
			2.36842105263158	-0.157894736842105
			2.39473684210526	-0.157894736842105
			2.42105263157895	-0.184210526315789
			2.44736842105263	-0.184210526315789
			2.47368421052632	-0.184210526315789
			2.5	-0.184210526315789
			2.52631578947368	-0.184210526315789
			2.55263157894737	-0.210526315789474
			2.57894736842105	-0.210526315789474
			2.60526315789474	-0.210526315789474
			2.63157894736842	-0.210526315789474
			2.65789473684211	-0.210526315789474
			2.68421052631579	-0.236842105263158
			2.71052631578947	-0.236842105263158
			2.73684210526316	-0.236842105263158
			2.76315789473684	-0.263157894736842
			2.78947368421053	-0.263157894736842
			2.81578947368421	-0.263157894736842
			2.84210526315789	-0.289473684210526
			2.86842105263158	-0.289473684210526
			2.89473684210526	-0.315789473684211
			2.92105263157895	-0.315789473684211
			2.94736842105263	-0.315789473684211
			2.97368421052632	-0.342105263157895
			3	-0.342105263157895
			3.02631578947368	-0.368421052631579
			3.05263157894737	-0.394736842105263
			3.07894736842105	-0.394736842105263
			3.10526315789474	-0.421052631578947
			3.13157894736842	-0.421052631578947
			3.15789473684211	-0.447368421052632
			3.18421052631579	-0.473684210526316
			3.21052631578947	-0.5
			3.23684210526316	-0.526315789473684
			3.26315789473684	-0.526315789473684
			3.28947368421053	-0.552631578947368
			3.31578947368421	-0.578947368421053
			3.34210526315789	-0.605263157894737
			3.36842105263158	-0.605263157894737
			3.39473684210526	-0.631578947368421
			3.39473684210526	-0.657894736842105
			3.42105263157895	-0.684210526315789
			3.44736842105263	-0.710526315789474
			3.47368421052632	-0.736842105263158
			3.5	-0.763157894736842
			3.52631578947368	-0.789473684210526
			3.55263157894737	-0.815789473684211
			3.57894736842105	-0.842105263157895
			3.57894736842105	-0.868421052631579
			3.60526315789474	-0.868421052631579
			3.60526315789474	-0.894736842105263
			3.63157894736842	-0.921052631578947
			3.6578947368421	-0.947368421052632
			3.6578947368421	-0.973684210526316
			3.68421052631579	-1
			3.71052631578947	-1.02631578947368
			3.71052631578947	-1.05263157894737
			3.73684210526316	-1.05263157894737
			3.73684210526316	-1.07894736842105
			3.76315789473684	-1.10526315789474
			3.76315789473684	-1.13157894736842
			3.78947368421053	-1.15789473684211
			3.78947368421053	-1.18421052631579
			3.81578947368421	-1.21052631578947
			3.81578947368421	-1.23684210526316
			3.84210526315789	-1.26315789473684
			3.84210526315789	-1.28947368421053
			3.86842105263158	-1.31578947368421
			3.86842105263158	-1.34210526315789
			3.89473684210526	-1.36842105263158
			3.89473684210526	-1.39473684210526
			3.89473684210526	-1.42105263157895
			3.92105263157895	-1.44736842105263
			3.92105263157895	-1.47368421052632
			3.94736842105263	-1.5
			3.94736842105263	-1.52631578947368
			3.94736842105263	-1.55263157894737
			3.97368421052632	-1.57894736842105
			3.97368421052632	-1.60526315789474
			3.97368421052632	-1.63157894736842
			3.97368421052632	-1.65789473684211
			4	-1.68421052631579
			4	-1.71052631578947
			4	-1.73684210526316
			4	-1.76315789473684
			4.02631578947368	-1.78947368421053
			4.02631578947368	-1.81578947368421
			4.02631578947368	-1.84210526315789
			4.02631578947368	-1.86842105263158
			4.02631578947368	-1.89473684210526
			4.02631578947368	-1.92105263157895
			4.05263157894737	-1.94736842105263
			4.05263157894737	-1.97368421052632
			4.05263157894737	-2
			4.05263157894737	-2.02631578947368
			4.05263157894737	-2.05263157894737
			4.05263157894737	-2.07894736842105
			4.05263157894737	-2.10526315789474
			4.05263157894737	-2.13157894736842
			4.05263157894737	-2.15789473684211
			4.05263157894737	-2.18421052631579
			4.05263157894737	-2.21052631578947
			4.05263157894737	-2.23684210526316
			4.05263157894737	-2.26315789473684
			4.05263157894737	-2.28947368421053
			4.05263157894737	-2.31578947368421
			4.05263157894737	-2.34210526315789
			4.05263157894737	-2.36842105263158
			4.05263157894737	-2.39473684210526
			4.05263157894737	-2.42105263157895
			4.05263157894737	-2.44736842105263
			4.05263157894737	-2.47368421052632
			4.05263157894737	-2.5
			4.05263157894737	-2.52631578947368
			4.05263157894737	-2.55263157894737
			4.07894736842105	-2.57894736842105
			4.07894736842105	-2.60526315789474
			4.07894736842105	-2.63157894736842
			4.07894736842105	-2.65789473684211
			4.07894736842105	-2.68421052631579
			4.07894736842105	-2.71052631578947
			4.07894736842105	-2.73684210526316
			4.07894736842105	-2.76315789473684
			4.10526315789474	-2.78947368421053
			4.10526315789474	-2.81578947368421
			4.10526315789474	-2.84210526315789
			4.10526315789474	-2.86842105263158
			4.10526315789474	-2.89473684210526
			4.13157894736842	-2.92105263157895
			4.13157894736842	-2.94736842105263
			4.13157894736842	-2.97368421052632
			4.13157894736842	-3
			4.13157894736842	-3.02631578947368
			4.15789473684211	-3.05263157894737
			4.15789473684211	-3.07894736842105
			4.15789473684211	-3.10526315789474
			4.15789473684211	-3.13157894736842
			4.18421052631579	-3.15789473684211
			4.18421052631579	-3.18421052631579
			4.18421052631579	-3.21052631578947
		</anterior>
		<posterior type=matrix rownames=FALSE colnames=FALSE nrow=86 ncol=2 as.numeric=TRUE >
			2.28947368421053	-3.21052631578947
			2.31578947368421	-3.21052631578947
			2.34210526315789	-3.21052631578947
			2.36842105263158	-3.23684210526316
			2.39473684210526	-3.23684210526316
			2.42105263157895	-3.23684210526316
			2.44736842105263	-3.23684210526316
			2.47368421052632	-3.23684210526316
			2.5	-3.23684210526316
			2.52631578947368	-3.23684210526316
			2.55263157894737	-3.21052631578947
			2.57894736842105	-3.21052631578947
			2.60526315789474	-3.21052631578947
			2.63157894736842	-3.21052631578947
			2.65789473684211	-3.21052631578947
			2.68421052631579	-3.18421052631579
			2.71052631578947	-3.18421052631579
			2.73684210526316	-3.18421052631579
			2.76315789473684	-3.15789473684211
			2.78947368421053	-3.15789473684211
			2.81578947368421	-3.15789473684211
			2.84210526315789	-3.13157894736842
			2.86842105263158	-3.10526315789474
			2.89473684210526	-3.10526315789474
			2.92105263157895	-3.07894736842105
			2.94736842105263	-3.07894736842105
			2.97368421052632	-3.05263157894737
			3	-3.05263157894737
			3.02631578947368	-3.02631578947368
			3.05263157894737	-3.02631578947368
			3.07894736842105	-3.02631578947368
			3.10526315789474	-3
			3.13157894736842	-3
			3.15789473684211	-3
			3.18421052631579	-3
			3.21052631578947	-3
			3.23684210526316	-3
			3.26315789473684	-3
			3.28947368421053	-3
			3.31578947368421	-3
			3.34210526315789	-3
			3.36842105263158	-3
			3.39473684210526	-3
			3.42105263157895	-3
			3.44736842105263	-3
			3.47368421052632	-3
			3.5	-3
			3.52631578947368	-3
			3.55263157894737	-3
			3.57894736842105	-3
			3.60526315789474	-3.02631578947368
			3.63157894736842	-3.02631578947368
			3.6578947368421	-3.02631578947368
			3.68421052631579	-3.02631578947368
			3.71052631578947	-3.02631578947368
			3.73684210526316	-3.05263157894737
			3.76315789473684	-3.05263157894737
			3.78947368421053	-3.05263157894737
			3.78947368421053	-3.07894736842105
			3.81578947368421	-3.07894736842105
			3.81578947368421	-3.10526315789474
			3.84210526315789	-3.10526315789474
			3.86842105263158	-3.13157894736842
			3.89473684210526	-3.15789473684211
			3.92105263157895	-3.18421052631579
			3.94736842105263	-3.21052631578947
			3.97368421052632	-3.23684210526316
			4	-3.26315789473684
			4.02631578947368	-3.28947368421053
			4.05263157894737	-3.31578947368421
			4.07894736842105	-3.34210526315789
			4.10526315789474	-3.34210526315789
			4.10526315789474	-3.36842105263158
			4.13157894736842	-3.39473684210526
			4.15789473684211	-3.39473684210526
			4.15789473684211	-3.42105263157895
			4.18421052631579	-3.44736842105263
			4.21052631578947	-3.42105263157895
			4.21052631578947	-3.39473684210526
			4.21052631578947	-3.36842105263158
			4.21052631578947	-3.34210526315789
			4.21052631578947	-3.31578947368421
			4.21052631578947	-3.28947368421053
			4.21052631578947	-3.26315789473684
			4.18421052631579	-3.23684210526316
			4.18421052631579	-3.21052631578947
		</posterior>
	</curves.scaled>
	<ruler.points type=matrix rownames=TRUE colnames=FALSE nrow=2 ncol=2 as.numeric=TRUE >
		Ruler point 1	5	8
		Ruler point 2	43	8
	</ruler.points>
</shapes>

