<shapes type=list>
	<ruler.pixel type=vector names=FALSE length=1 as.numeric=TRUE >345</ruler.pixel>
	<ruler.interval type=vector names=FALSE length=1 as.numeric=TRUE >4.6</ruler.interval>
	<scaling.units type=vector names=FALSE length=1 as.numeric=FALSE >mm</scaling.units>
	<scaling type=vector names=FALSE length=1 as.numeric=TRUE >0.0133333333333333</scaling>
	<landmarks.pixel type=matrix rownames=TRUE colnames=FALSE nrow=16 ncol=2 as.numeric=TRUE >
		LM1	177	14
		LM2	177	31
		LM3	177	176
		LM4	177	201
		LM5	224	130
		LM6	227	168
		LM7	230	185
		LM8	234	89
		LM9	245	137
		LM10	177	14
		LM11	294	164
		LM12	296	189
		LM13	177	14
		LM14	269	106
		LM15	326	187
		LM16	326	187
	</landmarks.pixel>
	<landmarks.scaled type=matrix rownames=TRUE colnames=FALSE nrow=16 ncol=2 as.numeric=TRUE >
		LM1	2.36	-0.186666666666667
		LM2	2.36	-0.413333333333333
		LM3	2.36	-2.34666666666667
		LM4	2.36	-2.68
		LM5	2.98666666666667	-1.73333333333333
		LM6	3.02666666666667	-2.24
		LM7	3.06666666666667	-2.46666666666667
		LM8	3.12	-1.18666666666667
		LM9	3.26666666666667	-1.82666666666667
		LM10	2.36	-0.186666666666667
		LM11	3.92	-2.18666666666667
		LM12	3.94666666666667	-2.52
		LM13	2.36	-0.186666666666667
		LM14	3.58666666666667	-1.41333333333333
		LM15	4.34666666666667	-2.49333333333333
		LM16	4.34666666666667	-2.49333333333333
	</landmarks.scaled>
	<curves.control type=list>
		<glabella type=matrix rownames=FALSE colnames=FALSE nrow=7 ncol=2 as.numeric=TRUE >
			177	31
			201	33
			215	46
			227	66
			222	143
			227	162
			230	185
		</glabella>
		<suture type=matrix rownames=FALSE colnames=FALSE nrow=15 ncol=2 as.numeric=TRUE >
			177	14
			216	14
			251	29
			254	38
			233	78
			230	87
			235	86
			254	89
			262	105
			263	124
			245	138
			239	143
			249	145
			304	142
			296	189
		</suture>
		<posterior type=matrix rownames=FALSE colnames=FALSE nrow=9 ncol=2 as.numeric=TRUE >
			177	201
			194	206
			212	200
			224	196
			230	185
			242	187
			290	189
			316	189
			326	187
		</posterior>
		<anterior type=matrix rownames=FALSE colnames=FALSE nrow=7 ncol=2 as.numeric=TRUE >
			177	14
			216	14
			252	29
			277	45
			296	78
			337	152
			326	187
		</anterior>
	</curves.control>
	<curves.pixel type=list>
		<glabella type=matrix rownames=FALSE colnames=FALSE nrow=180 ncol=2 as.numeric=TRUE >
			177	31
			178	31
			179	31
			180	31
			181	31
			182	32
			183	32
			184	32
			185	32
			186	32
			187	32
			188	33
			189	33
			190	33
			191	33
			192	34
			193	34
			194	34
			195	35
			196	35
			197	35
			198	36
			199	36
			200	36
			201	37
			202	37
			203	38
			204	38
			205	39
			206	39
			207	40
			208	41
			209	41
			210	42
			211	43
			212	43
			213	44
			213	45
			214	45
			215	46
			216	47
			216	48
			217	49
			217	50
			217	51
			218	52
			218	53
			218	54
			219	55
			219	56
			219	57
			220	58
			220	59
			220	60
			220	61
			220	62
			221	63
			221	64
			221	65
			221	66
			221	67
			221	68
			222	69
			222	70
			222	71
			222	72
			222	73
			222	74
			222	75
			222	76
			222	77
			223	77
			223	78
			223	79
			223	80
			223	81
			223	82
			223	83
			223	84
			223	85
			223	86
			223	87
			223	88
			223	89
			223	90
			223	91
			223	92
			223	93
			223	94
			223	95
			223	96
			223	97
			223	98
			223	99
			223	100
			223	101
			223	102
			223	103
			223	104
			223	105
			223	106
			223	107
			223	108
			223	109
			223	110
			223	111
			223	112
			223	113
			223	114
			223	115
			223	116
			223	117
			223	118
			223	119
			223	120
			223	121
			223	122
			223	123
			223	124
			223	125
			223	126
			223	127
			223	128
			223	129
			223	130
			223	131
			223	132
			223	133
			223	134
			222	135
			222	136
			222	137
			222	138
			222	139
			222	140
			222	141
			222	142
			222	143
			222	144
			222	145
			223	146
			223	147
			223	148
			223	149
			224	150
			224	151
			224	152
			224	153
			225	154
			225	155
			225	156
			225	157
			226	158
			226	159
			226	160
			226	161
			226	162
			226	163
			227	164
			227	165
			227	166
			227	167
			227	168
			228	169
			228	170
			228	171
			228	172
			228	173
			228	174
			229	175
			229	176
			229	177
			229	178
			229	179
			229	180
			229	181
			230	182
			230	183
			230	184
			230	185
		</glabella>
		<suture type=matrix rownames=FALSE colnames=FALSE nrow=294 ncol=2 as.numeric=TRUE >
			177	14
			178	14
			179	14
			180	14
			181	14
			182	14
			183	14
			184	14
			185	14
			186	14
			187	14
			188	14
			189	14
			190	14
			191	15
			192	15
			193	15
			194	15
			195	15
			196	15
			197	15
			198	15
			199	15
			200	15
			201	15
			202	16
			203	16
			204	16
			205	16
			206	16
			207	16
			208	17
			209	17
			210	17
			211	17
			212	17
			213	17
			214	18
			215	18
			216	18
			217	18
			218	18
			219	19
			220	19
			221	19
			222	19
			223	20
			224	20
			225	20
			226	20
			227	20
			227	21
			228	21
			229	21
			230	21
			230	22
			231	22
			232	22
			233	22
			234	23
			235	23
			236	23
			237	24
			238	24
			239	24
			240	25
			241	25
			242	25
			242	26
			243	26
			244	26
			245	27
			246	27
			247	27
			248	28
			249	28
			250	28
			251	29
			251	30
			251	31
			251	32
			251	33
			251	34
			251	35
			251	36
			251	37
			250	38
			250	39
			250	40
			250	41
			249	42
			249	43
			249	44
			248	45
			248	46
			247	47
			247	48
			247	49
			247	50
			246	50
			246	51
			246	52
			245	53
			245	54
			244	55
			244	56
			243	57
			243	58
			242	59
			242	60
			241	61
			241	62
			240	63
			240	64
			239	65
			239	66
			239	67
			238	67
			238	68
			238	69
			237	70
			237	71
			236	72
			235	73
			235	74
			235	75
			234	76
			234	77
			233	78
			233	79
			233	80
			232	80
			232	81
			232	82
			232	83
			232	84
			232	85
			233	86
			234	86
			235	86
			236	86
			237	86
			238	87
			239	87
			240	87
			241	87
			242	88
			243	88
			244	88
			245	89
			246	89
			247	90
			248	90
			249	91
			250	92
			251	92
			252	93
			253	94
			254	94
			255	95
			256	96
			256	97
			257	98
			258	98
			259	99
			259	100
			260	101
			260	102
			261	103
			262	104
			262	105
			262	106
			262	107
			262	108
			262	109
			262	110
			262	111
			262	112
			262	113
			261	114
			261	115
			261	116
			260	117
			260	118
			260	119
			259	120
			259	121
			258	122
			258	123
			257	124
			257	125
			256	126
			256	127
			255	128
			254	129
			253	130
			253	131
			252	132
			251	133
			250	134
			249	135
			248	135
			247	136
			246	137
			245	138
			244	139
			243	140
			243	141
			243	142
			244	143
			245	144
			246	144
			247	145
			248	145
			249	145
			250	145
			251	145
			252	145
			253	145
			254	145
			255	145
			256	145
			257	145
			258	145
			259	145
			260	145
			261	145
			262	145
			263	145
			264	145
			265	145
			266	145
			267	146
			268	146
			269	146
			270	146
			271	146
			272	147
			273	147
			274	147
			275	147
			276	147
			276	148
			277	148
			278	148
			279	149
			280	149
			281	150
			282	150
			283	151
			284	151
			284	152
			285	152
			286	153
			287	153
			287	154
			288	154
			289	155
			289	156
			290	156
			290	157
			291	158
			292	158
			292	159
			293	160
			293	161
			294	162
			294	163
			295	164
			295	165
			295	166
			296	167
			296	168
			296	169
			296	170
			297	171
			297	172
			297	173
			297	174
			297	175
			297	176
			297	177
			297	178
			297	179
			297	180
			297	181
			297	182
			297	183
			297	184
			297	185
			296	186
			296	187
			296	188
			296	189
		</suture>
		<posterior type=matrix rownames=FALSE colnames=FALSE nrow=153 ncol=2 as.numeric=TRUE >
			177	201
			178	201
			179	201
			180	202
			181	202
			182	202
			183	202
			184	203
			185	203
			186	203
			187	203
			188	203
			189	203
			190	203
			191	203
			192	203
			193	203
			194	203
			195	203
			196	203
			197	203
			198	203
			199	203
			200	203
			201	203
			202	203
			203	202
			204	202
			205	202
			206	202
			207	201
			208	201
			209	201
			210	201
			211	200
			212	200
			213	200
			214	199
			215	199
			216	198
			217	198
			218	197
			219	197
			220	196
			221	196
			222	195
			223	194
			224	193
			225	192
			226	191
			227	190
			228	189
			228	188
			229	187
			229	186
			230	185
			231	185
			232	185
			233	185
			234	186
			235	186
			236	186
			237	186
			238	186
			239	186
			240	186
			241	186
			242	186
			243	186
			244	187
			245	187
			246	187
			247	187
			248	187
			249	187
			250	187
			251	187
			252	187
			253	187
			254	187
			255	187
			256	187
			257	187
			258	187
			259	188
			260	188
			261	188
			262	188
			263	188
			264	188
			265	188
			266	188
			267	188
			268	188
			269	188
			270	188
			271	188
			272	188
			273	188
			274	188
			275	188
			276	188
			277	188
			278	188
			279	189
			280	189
			281	189
			282	189
			283	189
			284	189
			285	189
			286	189
			287	189
			288	189
			289	189
			290	189
			291	189
			292	189
			293	189
			294	189
			295	189
			296	189
			297	189
			298	189
			299	189
			300	189
			301	189
			302	189
			303	189
			304	189
			305	189
			306	189
			307	189
			308	189
			309	189
			310	189
			311	189
			312	188
			313	188
			314	188
			315	188
			316	188
			317	188
			318	188
			319	188
			320	188
			321	188
			322	188
			323	188
			323	187
			324	187
			325	187
			326	187
		</posterior>
		<anterior type=matrix rownames=FALSE colnames=FALSE nrow=248 ncol=2 as.numeric=TRUE >
			177	14
			178	14
			179	14
			180	14
			181	14
			182	14
			183	14
			184	14
			185	14
			186	14
			187	14
			188	14
			189	14
			190	14
			191	14
			192	15
			193	15
			194	15
			195	15
			196	15
			197	15
			198	15
			199	15
			200	15
			201	15
			201	16
			202	16
			203	16
			204	16
			205	16
			206	16
			207	16
			208	16
			209	17
			210	17
			211	17
			212	17
			213	17
			214	18
			215	18
			216	18
			217	18
			218	18
			219	19
			220	19
			221	19
			222	19
			223	20
			224	20
			225	20
			226	20
			227	20
			228	21
			229	21
			230	21
			231	21
			231	22
			232	22
			233	22
			234	23
			235	23
			236	23
			237	23
			238	24
			239	24
			240	24
			241	25
			242	25
			243	26
			244	26
			245	26
			246	27
			247	27
			248	27
			249	28
			250	28
			251	29
			252	29
			253	30
			254	30
			255	31
			256	32
			257	32
			258	33
			259	34
			260	35
			261	35
			262	36
			263	37
			264	38
			265	39
			266	40
			267	41
			268	42
			269	43
			270	44
			271	45
			272	46
			273	47
			274	48
			275	49
			276	50
			277	51
			278	52
			279	53
			279	54
			280	55
			281	55
			281	56
			282	57
			283	58
			284	59
			284	60
			285	61
			286	62
			286	63
			287	64
			288	65
			289	66
			289	67
			290	68
			290	69
			291	69
			291	70
			292	71
			292	72
			293	73
			294	74
			294	75
			295	76
			295	77
			296	77
			296	78
			297	79
			297	80
			298	81
			298	82
			299	83
			299	84
			300	85
			300	86
			301	87
			301	88
			302	88
			302	89
			303	90
			303	91
			303	92
			304	93
			305	94
			305	95
			306	96
			306	97
			307	98
			307	99
			308	100
			308	101
			309	102
			309	103
			309	104
			310	105
			310	106
			311	107
			311	108
			312	109
			312	110
			312	111
			313	112
			313	113
			314	114
			314	115
			315	116
			315	117
			315	118
			316	118
			316	119
			316	120
			317	120
			317	121
			317	122
			318	123
			318	124
			318	125
			319	126
			319	127
			319	128
			320	128
			320	129
			320	130
			320	131
			321	131
			321	132
			321	133
			322	134
			322	135
			322	136
			322	137
			323	138
			323	139
			323	140
			324	141
			324	142
			324	143
			324	144
			325	145
			325	146
			325	147
			325	148
			326	149
			326	150
			326	151
			326	152
			326	153
			327	153
			327	154
			327	155
			327	156
			327	157
			327	158
			327	159
			328	160
			328	161
			328	162
			328	163
			328	164
			328	165
			328	166
			328	167
			328	168
			328	169
			328	170
			328	171
			328	172
			328	173
			328	174
			328	175
			328	176
			328	177
			328	178
			328	179
			328	180
			327	181
			327	182
			327	183
			327	184
			327	185
			326	186
			326	187
		</anterior>
	</curves.pixel>
	<curves.scaled type=list>
		<glabella type=matrix rownames=FALSE colnames=FALSE nrow=180 ncol=2 as.numeric=TRUE >
			2.36	-0.413333333333333
			2.37333333333333	-0.413333333333333
			2.38666666666667	-0.413333333333333
			2.4	-0.413333333333333
			2.41333333333333	-0.413333333333333
			2.42666666666667	-0.426666666666667
			2.44	-0.426666666666667
			2.45333333333333	-0.426666666666667
			2.46666666666667	-0.426666666666667
			2.48	-0.426666666666667
			2.49333333333333	-0.426666666666667
			2.50666666666667	-0.44
			2.52	-0.44
			2.53333333333333	-0.44
			2.54666666666667	-0.44
			2.56	-0.453333333333333
			2.57333333333333	-0.453333333333333
			2.58666666666667	-0.453333333333333
			2.6	-0.466666666666667
			2.61333333333333	-0.466666666666667
			2.62666666666667	-0.466666666666667
			2.64	-0.48
			2.65333333333333	-0.48
			2.66666666666667	-0.48
			2.68	-0.493333333333333
			2.69333333333333	-0.493333333333333
			2.70666666666667	-0.506666666666667
			2.72	-0.506666666666667
			2.73333333333333	-0.52
			2.74666666666667	-0.52
			2.76	-0.533333333333333
			2.77333333333333	-0.546666666666667
			2.78666666666667	-0.546666666666667
			2.8	-0.56
			2.81333333333333	-0.573333333333333
			2.82666666666667	-0.573333333333333
			2.84	-0.586666666666667
			2.84	-0.6
			2.85333333333333	-0.6
			2.86666666666667	-0.613333333333333
			2.88	-0.626666666666667
			2.88	-0.64
			2.89333333333333	-0.653333333333333
			2.89333333333333	-0.666666666666667
			2.89333333333333	-0.68
			2.90666666666667	-0.693333333333333
			2.90666666666667	-0.706666666666667
			2.90666666666667	-0.72
			2.92	-0.733333333333333
			2.92	-0.746666666666667
			2.92	-0.76
			2.93333333333333	-0.773333333333333
			2.93333333333333	-0.786666666666667
			2.93333333333333	-0.8
			2.93333333333333	-0.813333333333333
			2.93333333333333	-0.826666666666667
			2.94666666666667	-0.84
			2.94666666666667	-0.853333333333333
			2.94666666666667	-0.866666666666667
			2.94666666666667	-0.88
			2.94666666666667	-0.893333333333333
			2.94666666666667	-0.906666666666667
			2.96	-0.92
			2.96	-0.933333333333333
			2.96	-0.946666666666667
			2.96	-0.96
			2.96	-0.973333333333333
			2.96	-0.986666666666667
			2.96	-1
			2.96	-1.01333333333333
			2.96	-1.02666666666667
			2.97333333333333	-1.02666666666667
			2.97333333333333	-1.04
			2.97333333333333	-1.05333333333333
			2.97333333333333	-1.06666666666667
			2.97333333333333	-1.08
			2.97333333333333	-1.09333333333333
			2.97333333333333	-1.10666666666667
			2.97333333333333	-1.12
			2.97333333333333	-1.13333333333333
			2.97333333333333	-1.14666666666667
			2.97333333333333	-1.16
			2.97333333333333	-1.17333333333333
			2.97333333333333	-1.18666666666667
			2.97333333333333	-1.2
			2.97333333333333	-1.21333333333333
			2.97333333333333	-1.22666666666667
			2.97333333333333	-1.24
			2.97333333333333	-1.25333333333333
			2.97333333333333	-1.26666666666667
			2.97333333333333	-1.28
			2.97333333333333	-1.29333333333333
			2.97333333333333	-1.30666666666667
			2.97333333333333	-1.32
			2.97333333333333	-1.33333333333333
			2.97333333333333	-1.34666666666667
			2.97333333333333	-1.36
			2.97333333333333	-1.37333333333333
			2.97333333333333	-1.38666666666667
			2.97333333333333	-1.4
			2.97333333333333	-1.41333333333333
			2.97333333333333	-1.42666666666667
			2.97333333333333	-1.44
			2.97333333333333	-1.45333333333333
			2.97333333333333	-1.46666666666667
			2.97333333333333	-1.48
			2.97333333333333	-1.49333333333333
			2.97333333333333	-1.50666666666667
			2.97333333333333	-1.52
			2.97333333333333	-1.53333333333333
			2.97333333333333	-1.54666666666667
			2.97333333333333	-1.56
			2.97333333333333	-1.57333333333333
			2.97333333333333	-1.58666666666667
			2.97333333333333	-1.6
			2.97333333333333	-1.61333333333333
			2.97333333333333	-1.62666666666667
			2.97333333333333	-1.64
			2.97333333333333	-1.65333333333333
			2.97333333333333	-1.66666666666667
			2.97333333333333	-1.68
			2.97333333333333	-1.69333333333333
			2.97333333333333	-1.70666666666667
			2.97333333333333	-1.72
			2.97333333333333	-1.73333333333333
			2.97333333333333	-1.74666666666667
			2.97333333333333	-1.76
			2.97333333333333	-1.77333333333333
			2.97333333333333	-1.78666666666667
			2.96	-1.8
			2.96	-1.81333333333333
			2.96	-1.82666666666667
			2.96	-1.84
			2.96	-1.85333333333333
			2.96	-1.86666666666667
			2.96	-1.88
			2.96	-1.89333333333333
			2.96	-1.90666666666667
			2.96	-1.92
			2.96	-1.93333333333333
			2.97333333333333	-1.94666666666667
			2.97333333333333	-1.96
			2.97333333333333	-1.97333333333333
			2.97333333333333	-1.98666666666667
			2.98666666666667	-2
			2.98666666666667	-2.01333333333333
			2.98666666666667	-2.02666666666667
			2.98666666666667	-2.04
			3	-2.05333333333333
			3	-2.06666666666667
			3	-2.08
			3	-2.09333333333333
			3.01333333333333	-2.10666666666667
			3.01333333333333	-2.12
			3.01333333333333	-2.13333333333333
			3.01333333333333	-2.14666666666667
			3.01333333333333	-2.16
			3.01333333333333	-2.17333333333333
			3.02666666666667	-2.18666666666667
			3.02666666666667	-2.2
			3.02666666666667	-2.21333333333333
			3.02666666666667	-2.22666666666667
			3.02666666666667	-2.24
			3.04	-2.25333333333333
			3.04	-2.26666666666667
			3.04	-2.28
			3.04	-2.29333333333333
			3.04	-2.30666666666667
			3.04	-2.32
			3.05333333333333	-2.33333333333333
			3.05333333333333	-2.34666666666667
			3.05333333333333	-2.36
			3.05333333333333	-2.37333333333333
			3.05333333333333	-2.38666666666667
			3.05333333333333	-2.4
			3.05333333333333	-2.41333333333333
			3.06666666666667	-2.42666666666667
			3.06666666666667	-2.44
			3.06666666666667	-2.45333333333333
			3.06666666666667	-2.46666666666667
		</glabella>
		<suture type=matrix rownames=FALSE colnames=FALSE nrow=294 ncol=2 as.numeric=TRUE >
			2.36	-0.186666666666667
			2.37333333333333	-0.186666666666667
			2.38666666666667	-0.186666666666667
			2.4	-0.186666666666667
			2.41333333333333	-0.186666666666667
			2.42666666666667	-0.186666666666667
			2.44	-0.186666666666667
			2.45333333333333	-0.186666666666667
			2.46666666666667	-0.186666666666667
			2.48	-0.186666666666667
			2.49333333333333	-0.186666666666667
			2.50666666666667	-0.186666666666667
			2.52	-0.186666666666667
			2.53333333333333	-0.186666666666667
			2.54666666666667	-0.2
			2.56	-0.2
			2.57333333333333	-0.2
			2.58666666666667	-0.2
			2.6	-0.2
			2.61333333333333	-0.2
			2.62666666666667	-0.2
			2.64	-0.2
			2.65333333333333	-0.2
			2.66666666666667	-0.2
			2.68	-0.2
			2.69333333333333	-0.213333333333333
			2.70666666666667	-0.213333333333333
			2.72	-0.213333333333333
			2.73333333333333	-0.213333333333333
			2.74666666666667	-0.213333333333333
			2.76	-0.213333333333333
			2.77333333333333	-0.226666666666667
			2.78666666666667	-0.226666666666667
			2.8	-0.226666666666667
			2.81333333333333	-0.226666666666667
			2.82666666666667	-0.226666666666667
			2.84	-0.226666666666667
			2.85333333333333	-0.24
			2.86666666666667	-0.24
			2.88	-0.24
			2.89333333333333	-0.24
			2.90666666666667	-0.24
			2.92	-0.253333333333333
			2.93333333333333	-0.253333333333333
			2.94666666666667	-0.253333333333333
			2.96	-0.253333333333333
			2.97333333333333	-0.266666666666667
			2.98666666666667	-0.266666666666667
			3	-0.266666666666667
			3.01333333333333	-0.266666666666667
			3.02666666666667	-0.266666666666667
			3.02666666666667	-0.28
			3.04	-0.28
			3.05333333333333	-0.28
			3.06666666666667	-0.28
			3.06666666666667	-0.293333333333333
			3.08	-0.293333333333333
			3.09333333333333	-0.293333333333333
			3.10666666666667	-0.293333333333333
			3.12	-0.306666666666667
			3.13333333333333	-0.306666666666667
			3.14666666666667	-0.306666666666667
			3.16	-0.32
			3.17333333333333	-0.32
			3.18666666666667	-0.32
			3.2	-0.333333333333333
			3.21333333333333	-0.333333333333333
			3.22666666666667	-0.333333333333333
			3.22666666666667	-0.346666666666667
			3.24	-0.346666666666667
			3.25333333333333	-0.346666666666667
			3.26666666666667	-0.36
			3.28	-0.36
			3.29333333333333	-0.36
			3.30666666666667	-0.373333333333333
			3.32	-0.373333333333333
			3.33333333333333	-0.373333333333333
			3.34666666666667	-0.386666666666667
			3.34666666666667	-0.4
			3.34666666666667	-0.413333333333333
			3.34666666666667	-0.426666666666667
			3.34666666666667	-0.44
			3.34666666666667	-0.453333333333333
			3.34666666666667	-0.466666666666667
			3.34666666666667	-0.48
			3.34666666666667	-0.493333333333333
			3.33333333333333	-0.506666666666667
			3.33333333333333	-0.52
			3.33333333333333	-0.533333333333333
			3.33333333333333	-0.546666666666667
			3.32	-0.56
			3.32	-0.573333333333333
			3.32	-0.586666666666667
			3.30666666666667	-0.6
			3.30666666666667	-0.613333333333333
			3.29333333333333	-0.626666666666667
			3.29333333333333	-0.64
			3.29333333333333	-0.653333333333333
			3.29333333333333	-0.666666666666667
			3.28	-0.666666666666667
			3.28	-0.68
			3.28	-0.693333333333333
			3.26666666666667	-0.706666666666667
			3.26666666666667	-0.72
			3.25333333333333	-0.733333333333333
			3.25333333333333	-0.746666666666667
			3.24	-0.76
			3.24	-0.773333333333333
			3.22666666666667	-0.786666666666667
			3.22666666666667	-0.8
			3.21333333333333	-0.813333333333333
			3.21333333333333	-0.826666666666667
			3.2	-0.84
			3.2	-0.853333333333333
			3.18666666666667	-0.866666666666667
			3.18666666666667	-0.88
			3.18666666666667	-0.893333333333333
			3.17333333333333	-0.893333333333333
			3.17333333333333	-0.906666666666667
			3.17333333333333	-0.92
			3.16	-0.933333333333333
			3.16	-0.946666666666667
			3.14666666666667	-0.96
			3.13333333333333	-0.973333333333333
			3.13333333333333	-0.986666666666667
			3.13333333333333	-1
			3.12	-1.01333333333333
			3.12	-1.02666666666667
			3.10666666666667	-1.04
			3.10666666666667	-1.05333333333333
			3.10666666666667	-1.06666666666667
			3.09333333333333	-1.06666666666667
			3.09333333333333	-1.08
			3.09333333333333	-1.09333333333333
			3.09333333333333	-1.10666666666667
			3.09333333333333	-1.12
			3.09333333333333	-1.13333333333333
			3.10666666666667	-1.14666666666667
			3.12	-1.14666666666667
			3.13333333333333	-1.14666666666667
			3.14666666666667	-1.14666666666667
			3.16	-1.14666666666667
			3.17333333333333	-1.16
			3.18666666666667	-1.16
			3.2	-1.16
			3.21333333333333	-1.16
			3.22666666666667	-1.17333333333333
			3.24	-1.17333333333333
			3.25333333333333	-1.17333333333333
			3.26666666666667	-1.18666666666667
			3.28	-1.18666666666667
			3.29333333333333	-1.2
			3.30666666666667	-1.2
			3.32	-1.21333333333333
			3.33333333333333	-1.22666666666667
			3.34666666666667	-1.22666666666667
			3.36	-1.24
			3.37333333333333	-1.25333333333333
			3.38666666666667	-1.25333333333333
			3.4	-1.26666666666667
			3.41333333333333	-1.28
			3.41333333333333	-1.29333333333333
			3.42666666666667	-1.30666666666667
			3.44	-1.30666666666667
			3.45333333333333	-1.32
			3.45333333333333	-1.33333333333333
			3.46666666666667	-1.34666666666667
			3.46666666666667	-1.36
			3.48	-1.37333333333333
			3.49333333333333	-1.38666666666667
			3.49333333333333	-1.4
			3.49333333333333	-1.41333333333333
			3.49333333333333	-1.42666666666667
			3.49333333333333	-1.44
			3.49333333333333	-1.45333333333333
			3.49333333333333	-1.46666666666667
			3.49333333333333	-1.48
			3.49333333333333	-1.49333333333333
			3.49333333333333	-1.50666666666667
			3.48	-1.52
			3.48	-1.53333333333333
			3.48	-1.54666666666667
			3.46666666666667	-1.56
			3.46666666666667	-1.57333333333333
			3.46666666666667	-1.58666666666667
			3.45333333333333	-1.6
			3.45333333333333	-1.61333333333333
			3.44	-1.62666666666667
			3.44	-1.64
			3.42666666666667	-1.65333333333333
			3.42666666666667	-1.66666666666667
			3.41333333333333	-1.68
			3.41333333333333	-1.69333333333333
			3.4	-1.70666666666667
			3.38666666666667	-1.72
			3.37333333333333	-1.73333333333333
			3.37333333333333	-1.74666666666667
			3.36	-1.76
			3.34666666666667	-1.77333333333333
			3.33333333333333	-1.78666666666667
			3.32	-1.8
			3.30666666666667	-1.8
			3.29333333333333	-1.81333333333333
			3.28	-1.82666666666667
			3.26666666666667	-1.84
			3.25333333333333	-1.85333333333333
			3.24	-1.86666666666667
			3.24	-1.88
			3.24	-1.89333333333333
			3.25333333333333	-1.90666666666667
			3.26666666666667	-1.92
			3.28	-1.92
			3.29333333333333	-1.93333333333333
			3.30666666666667	-1.93333333333333
			3.32	-1.93333333333333
			3.33333333333333	-1.93333333333333
			3.34666666666667	-1.93333333333333
			3.36	-1.93333333333333
			3.37333333333333	-1.93333333333333
			3.38666666666667	-1.93333333333333
			3.4	-1.93333333333333
			3.41333333333333	-1.93333333333333
			3.42666666666667	-1.93333333333333
			3.44	-1.93333333333333
			3.45333333333333	-1.93333333333333
			3.46666666666667	-1.93333333333333
			3.48	-1.93333333333333
			3.49333333333333	-1.93333333333333
			3.50666666666667	-1.93333333333333
			3.52	-1.93333333333333
			3.53333333333333	-1.93333333333333
			3.54666666666667	-1.93333333333333
			3.56	-1.94666666666667
			3.57333333333333	-1.94666666666667
			3.58666666666667	-1.94666666666667
			3.6	-1.94666666666667
			3.61333333333333	-1.94666666666667
			3.62666666666667	-1.96
			3.64	-1.96
			3.65333333333333	-1.96
			3.66666666666667	-1.96
			3.68	-1.96
			3.68	-1.97333333333333
			3.69333333333333	-1.97333333333333
			3.70666666666667	-1.97333333333333
			3.72	-1.98666666666667
			3.73333333333333	-1.98666666666667
			3.74666666666667	-2
			3.76	-2
			3.77333333333333	-2.01333333333333
			3.78666666666667	-2.01333333333333
			3.78666666666667	-2.02666666666667
			3.8	-2.02666666666667
			3.81333333333333	-2.04
			3.82666666666667	-2.04
			3.82666666666667	-2.05333333333333
			3.84	-2.05333333333333
			3.85333333333333	-2.06666666666667
			3.85333333333333	-2.08
			3.86666666666667	-2.08
			3.86666666666667	-2.09333333333333
			3.88	-2.10666666666667
			3.89333333333333	-2.10666666666667
			3.89333333333333	-2.12
			3.90666666666667	-2.13333333333333
			3.90666666666667	-2.14666666666667
			3.92	-2.16
			3.92	-2.17333333333333
			3.93333333333333	-2.18666666666667
			3.93333333333333	-2.2
			3.93333333333333	-2.21333333333333
			3.94666666666667	-2.22666666666667
			3.94666666666667	-2.24
			3.94666666666667	-2.25333333333333
			3.94666666666667	-2.26666666666667
			3.96	-2.28
			3.96	-2.29333333333333
			3.96	-2.30666666666667
			3.96	-2.32
			3.96	-2.33333333333333
			3.96	-2.34666666666667
			3.96	-2.36
			3.96	-2.37333333333333
			3.96	-2.38666666666667
			3.96	-2.4
			3.96	-2.41333333333333
			3.96	-2.42666666666667
			3.96	-2.44
			3.96	-2.45333333333333
			3.96	-2.46666666666667
			3.94666666666667	-2.48
			3.94666666666667	-2.49333333333333
			3.94666666666667	-2.50666666666667
			3.94666666666667	-2.52
		</suture>
		<posterior type=matrix rownames=FALSE colnames=FALSE nrow=153 ncol=2 as.numeric=TRUE >
			2.36	-2.68
			2.37333333333333	-2.68
			2.38666666666667	-2.68
			2.4	-2.69333333333333
			2.41333333333333	-2.69333333333333
			2.42666666666667	-2.69333333333333
			2.44	-2.69333333333333
			2.45333333333333	-2.70666666666667
			2.46666666666667	-2.70666666666667
			2.48	-2.70666666666667
			2.49333333333333	-2.70666666666667
			2.50666666666667	-2.70666666666667
			2.52	-2.70666666666667
			2.53333333333333	-2.70666666666667
			2.54666666666667	-2.70666666666667
			2.56	-2.70666666666667
			2.57333333333333	-2.70666666666667
			2.58666666666667	-2.70666666666667
			2.6	-2.70666666666667
			2.61333333333333	-2.70666666666667
			2.62666666666667	-2.70666666666667
			2.64	-2.70666666666667
			2.65333333333333	-2.70666666666667
			2.66666666666667	-2.70666666666667
			2.68	-2.70666666666667
			2.69333333333333	-2.70666666666667
			2.70666666666667	-2.69333333333333
			2.72	-2.69333333333333
			2.73333333333333	-2.69333333333333
			2.74666666666667	-2.69333333333333
			2.76	-2.68
			2.77333333333333	-2.68
			2.78666666666667	-2.68
			2.8	-2.68
			2.81333333333333	-2.66666666666667
			2.82666666666667	-2.66666666666667
			2.84	-2.66666666666667
			2.85333333333333	-2.65333333333333
			2.86666666666667	-2.65333333333333
			2.88	-2.64
			2.89333333333333	-2.64
			2.90666666666667	-2.62666666666667
			2.92	-2.62666666666667
			2.93333333333333	-2.61333333333333
			2.94666666666667	-2.61333333333333
			2.96	-2.6
			2.97333333333333	-2.58666666666667
			2.98666666666667	-2.57333333333333
			3	-2.56
			3.01333333333333	-2.54666666666667
			3.02666666666667	-2.53333333333333
			3.04	-2.52
			3.04	-2.50666666666667
			3.05333333333333	-2.49333333333333
			3.05333333333333	-2.48
			3.06666666666667	-2.46666666666667
			3.08	-2.46666666666667
			3.09333333333333	-2.46666666666667
			3.10666666666667	-2.46666666666667
			3.12	-2.48
			3.13333333333333	-2.48
			3.14666666666667	-2.48
			3.16	-2.48
			3.17333333333333	-2.48
			3.18666666666667	-2.48
			3.2	-2.48
			3.21333333333333	-2.48
			3.22666666666667	-2.48
			3.24	-2.48
			3.25333333333333	-2.49333333333333
			3.26666666666667	-2.49333333333333
			3.28	-2.49333333333333
			3.29333333333333	-2.49333333333333
			3.30666666666667	-2.49333333333333
			3.32	-2.49333333333333
			3.33333333333333	-2.49333333333333
			3.34666666666667	-2.49333333333333
			3.36	-2.49333333333333
			3.37333333333333	-2.49333333333333
			3.38666666666667	-2.49333333333333
			3.4	-2.49333333333333
			3.41333333333333	-2.49333333333333
			3.42666666666667	-2.49333333333333
			3.44	-2.49333333333333
			3.45333333333333	-2.50666666666667
			3.46666666666667	-2.50666666666667
			3.48	-2.50666666666667
			3.49333333333333	-2.50666666666667
			3.50666666666667	-2.50666666666667
			3.52	-2.50666666666667
			3.53333333333333	-2.50666666666667
			3.54666666666667	-2.50666666666667
			3.56	-2.50666666666667
			3.57333333333333	-2.50666666666667
			3.58666666666667	-2.50666666666667
			3.6	-2.50666666666667
			3.61333333333333	-2.50666666666667
			3.62666666666667	-2.50666666666667
			3.64	-2.50666666666667
			3.65333333333333	-2.50666666666667
			3.66666666666667	-2.50666666666667
			3.68	-2.50666666666667
			3.69333333333333	-2.50666666666667
			3.70666666666667	-2.50666666666667
			3.72	-2.52
			3.73333333333333	-2.52
			3.74666666666667	-2.52
			3.76	-2.52
			3.77333333333333	-2.52
			3.78666666666667	-2.52
			3.8	-2.52
			3.81333333333333	-2.52
			3.82666666666667	-2.52
			3.84	-2.52
			3.85333333333333	-2.52
			3.86666666666667	-2.52
			3.88	-2.52
			3.89333333333333	-2.52
			3.90666666666667	-2.52
			3.92	-2.52
			3.93333333333333	-2.52
			3.94666666666667	-2.52
			3.96	-2.52
			3.97333333333333	-2.52
			3.98666666666667	-2.52
			4	-2.52
			4.01333333333333	-2.52
			4.02666666666667	-2.52
			4.04	-2.52
			4.05333333333333	-2.52
			4.06666666666667	-2.52
			4.08	-2.52
			4.09333333333333	-2.52
			4.10666666666667	-2.52
			4.12	-2.52
			4.13333333333333	-2.52
			4.14666666666667	-2.52
			4.16	-2.50666666666667
			4.17333333333333	-2.50666666666667
			4.18666666666667	-2.50666666666667
			4.2	-2.50666666666667
			4.21333333333333	-2.50666666666667
			4.22666666666667	-2.50666666666667
			4.24	-2.50666666666667
			4.25333333333333	-2.50666666666667
			4.26666666666667	-2.50666666666667
			4.28	-2.50666666666667
			4.29333333333333	-2.50666666666667
			4.30666666666667	-2.50666666666667
			4.30666666666667	-2.49333333333333
			4.32	-2.49333333333333
			4.33333333333333	-2.49333333333333
			4.34666666666667	-2.49333333333333
		</posterior>
		<anterior type=matrix rownames=FALSE colnames=FALSE nrow=248 ncol=2 as.numeric=TRUE >
			2.36	-0.186666666666667
			2.37333333333333	-0.186666666666667
			2.38666666666667	-0.186666666666667
			2.4	-0.186666666666667
			2.41333333333333	-0.186666666666667
			2.42666666666667	-0.186666666666667
			2.44	-0.186666666666667
			2.45333333333333	-0.186666666666667
			2.46666666666667	-0.186666666666667
			2.48	-0.186666666666667
			2.49333333333333	-0.186666666666667
			2.50666666666667	-0.186666666666667
			2.52	-0.186666666666667
			2.53333333333333	-0.186666666666667
			2.54666666666667	-0.186666666666667
			2.56	-0.2
			2.57333333333333	-0.2
			2.58666666666667	-0.2
			2.6	-0.2
			2.61333333333333	-0.2
			2.62666666666667	-0.2
			2.64	-0.2
			2.65333333333333	-0.2
			2.66666666666667	-0.2
			2.68	-0.2
			2.68	-0.213333333333333
			2.69333333333333	-0.213333333333333
			2.70666666666667	-0.213333333333333
			2.72	-0.213333333333333
			2.73333333333333	-0.213333333333333
			2.74666666666667	-0.213333333333333
			2.76	-0.213333333333333
			2.77333333333333	-0.213333333333333
			2.78666666666667	-0.226666666666667
			2.8	-0.226666666666667
			2.81333333333333	-0.226666666666667
			2.82666666666667	-0.226666666666667
			2.84	-0.226666666666667
			2.85333333333333	-0.24
			2.86666666666667	-0.24
			2.88	-0.24
			2.89333333333333	-0.24
			2.90666666666667	-0.24
			2.92	-0.253333333333333
			2.93333333333333	-0.253333333333333
			2.94666666666667	-0.253333333333333
			2.96	-0.253333333333333
			2.97333333333333	-0.266666666666667
			2.98666666666667	-0.266666666666667
			3	-0.266666666666667
			3.01333333333333	-0.266666666666667
			3.02666666666667	-0.266666666666667
			3.04	-0.28
			3.05333333333333	-0.28
			3.06666666666667	-0.28
			3.08	-0.28
			3.08	-0.293333333333333
			3.09333333333333	-0.293333333333333
			3.10666666666667	-0.293333333333333
			3.12	-0.306666666666667
			3.13333333333333	-0.306666666666667
			3.14666666666667	-0.306666666666667
			3.16	-0.306666666666667
			3.17333333333333	-0.32
			3.18666666666667	-0.32
			3.2	-0.32
			3.21333333333333	-0.333333333333333
			3.22666666666667	-0.333333333333333
			3.24	-0.346666666666667
			3.25333333333333	-0.346666666666667
			3.26666666666667	-0.346666666666667
			3.28	-0.36
			3.29333333333333	-0.36
			3.30666666666667	-0.36
			3.32	-0.373333333333333
			3.33333333333333	-0.373333333333333
			3.34666666666667	-0.386666666666667
			3.36	-0.386666666666667
			3.37333333333333	-0.4
			3.38666666666667	-0.4
			3.4	-0.413333333333333
			3.41333333333333	-0.426666666666667
			3.42666666666667	-0.426666666666667
			3.44	-0.44
			3.45333333333333	-0.453333333333333
			3.46666666666667	-0.466666666666667
			3.48	-0.466666666666667
			3.49333333333333	-0.48
			3.50666666666667	-0.493333333333333
			3.52	-0.506666666666667
			3.53333333333333	-0.52
			3.54666666666667	-0.533333333333333
			3.56	-0.546666666666667
			3.57333333333333	-0.56
			3.58666666666667	-0.573333333333333
			3.6	-0.586666666666667
			3.61333333333333	-0.6
			3.62666666666667	-0.613333333333333
			3.64	-0.626666666666667
			3.65333333333333	-0.64
			3.66666666666667	-0.653333333333333
			3.68	-0.666666666666667
			3.69333333333333	-0.68
			3.70666666666667	-0.693333333333333
			3.72	-0.706666666666667
			3.72	-0.72
			3.73333333333333	-0.733333333333333
			3.74666666666667	-0.733333333333333
			3.74666666666667	-0.746666666666667
			3.76	-0.76
			3.77333333333333	-0.773333333333333
			3.78666666666667	-0.786666666666667
			3.78666666666667	-0.8
			3.8	-0.813333333333333
			3.81333333333333	-0.826666666666667
			3.81333333333333	-0.84
			3.82666666666667	-0.853333333333333
			3.84	-0.866666666666667
			3.85333333333333	-0.88
			3.85333333333333	-0.893333333333333
			3.86666666666667	-0.906666666666667
			3.86666666666667	-0.92
			3.88	-0.92
			3.88	-0.933333333333333
			3.89333333333333	-0.946666666666667
			3.89333333333333	-0.96
			3.90666666666667	-0.973333333333333
			3.92	-0.986666666666667
			3.92	-1
			3.93333333333333	-1.01333333333333
			3.93333333333333	-1.02666666666667
			3.94666666666667	-1.02666666666667
			3.94666666666667	-1.04
			3.96	-1.05333333333333
			3.96	-1.06666666666667
			3.97333333333333	-1.08
			3.97333333333333	-1.09333333333333
			3.98666666666667	-1.10666666666667
			3.98666666666667	-1.12
			4	-1.13333333333333
			4	-1.14666666666667
			4.01333333333333	-1.16
			4.01333333333333	-1.17333333333333
			4.02666666666667	-1.17333333333333
			4.02666666666667	-1.18666666666667
			4.04	-1.2
			4.04	-1.21333333333333
			4.04	-1.22666666666667
			4.05333333333333	-1.24
			4.06666666666667	-1.25333333333333
			4.06666666666667	-1.26666666666667
			4.08	-1.28
			4.08	-1.29333333333333
			4.09333333333333	-1.30666666666667
			4.09333333333333	-1.32
			4.10666666666667	-1.33333333333333
			4.10666666666667	-1.34666666666667
			4.12	-1.36
			4.12	-1.37333333333333
			4.12	-1.38666666666667
			4.13333333333333	-1.4
			4.13333333333333	-1.41333333333333
			4.14666666666667	-1.42666666666667
			4.14666666666667	-1.44
			4.16	-1.45333333333333
			4.16	-1.46666666666667
			4.16	-1.48
			4.17333333333333	-1.49333333333333
			4.17333333333333	-1.50666666666667
			4.18666666666667	-1.52
			4.18666666666667	-1.53333333333333
			4.2	-1.54666666666667
			4.2	-1.56
			4.2	-1.57333333333333
			4.21333333333333	-1.57333333333333
			4.21333333333333	-1.58666666666667
			4.21333333333333	-1.6
			4.22666666666667	-1.6
			4.22666666666667	-1.61333333333333
			4.22666666666667	-1.62666666666667
			4.24	-1.64
			4.24	-1.65333333333333
			4.24	-1.66666666666667
			4.25333333333333	-1.68
			4.25333333333333	-1.69333333333333
			4.25333333333333	-1.70666666666667
			4.26666666666667	-1.70666666666667
			4.26666666666667	-1.72
			4.26666666666667	-1.73333333333333
			4.26666666666667	-1.74666666666667
			4.28	-1.74666666666667
			4.28	-1.76
			4.28	-1.77333333333333
			4.29333333333333	-1.78666666666667
			4.29333333333333	-1.8
			4.29333333333333	-1.81333333333333
			4.29333333333333	-1.82666666666667
			4.30666666666667	-1.84
			4.30666666666667	-1.85333333333333
			4.30666666666667	-1.86666666666667
			4.32	-1.88
			4.32	-1.89333333333333
			4.32	-1.90666666666667
			4.32	-1.92
			4.33333333333333	-1.93333333333333
			4.33333333333333	-1.94666666666667
			4.33333333333333	-1.96
			4.33333333333333	-1.97333333333333
			4.34666666666667	-1.98666666666667
			4.34666666666667	-2
			4.34666666666667	-2.01333333333333
			4.34666666666667	-2.02666666666667
			4.34666666666667	-2.04
			4.36	-2.04
			4.36	-2.05333333333333
			4.36	-2.06666666666667
			4.36	-2.08
			4.36	-2.09333333333333
			4.36	-2.10666666666667
			4.36	-2.12
			4.37333333333333	-2.13333333333333
			4.37333333333333	-2.14666666666667
			4.37333333333333	-2.16
			4.37333333333333	-2.17333333333333
			4.37333333333333	-2.18666666666667
			4.37333333333333	-2.2
			4.37333333333333	-2.21333333333333
			4.37333333333333	-2.22666666666667
			4.37333333333333	-2.24
			4.37333333333333	-2.25333333333333
			4.37333333333333	-2.26666666666667
			4.37333333333333	-2.28
			4.37333333333333	-2.29333333333333
			4.37333333333333	-2.30666666666667
			4.37333333333333	-2.32
			4.37333333333333	-2.33333333333333
			4.37333333333333	-2.34666666666667
			4.37333333333333	-2.36
			4.37333333333333	-2.37333333333333
			4.37333333333333	-2.38666666666667
			4.37333333333333	-2.4
			4.36	-2.41333333333333
			4.36	-2.42666666666667
			4.36	-2.44
			4.36	-2.45333333333333
			4.36	-2.46666666666667
			4.34666666666667	-2.48
			4.34666666666667	-2.49333333333333
		</anterior>
	</curves.scaled>
	<ruler.points type=matrix rownames=TRUE colnames=FALSE nrow=2 ncol=2 as.numeric=TRUE >
		Ruler point 1	8	8
		Ruler point 2	353	8
	</ruler.points>
</shapes>

