<shapes type=list>
	<ruler.pixel type=vector names=FALSE length=1 as.numeric=TRUE >631</ruler.pixel>
	<ruler.interval type=vector names=FALSE length=1 as.numeric=TRUE >38</ruler.interval>
	<scaling.units type=vector names=FALSE length=1 as.numeric=FALSE >mm</scaling.units>
	<scaling type=vector names=FALSE length=1 as.numeric=TRUE >0.0602218700475436</scaling>
	<landmarks.pixel type=matrix rownames=TRUE colnames=FALSE nrow=12 ncol=2 as.numeric=TRUE >
		LM1	186	3
		LM2	186	29
		LM3	186	319
		LM4	186	370
		LM5	305	119
		LM6	289	314
		LM7	293	351
		LM8	364	93
		LM9	403	148
		LM10	186	3
		LM11	451	149
		LM12	474	154
	</landmarks.pixel>
	<landmarks.scaled type=matrix rownames=TRUE colnames=FALSE nrow=12 ncol=2 as.numeric=TRUE >
		LM1	11.2012678288431	-0.180665610142631
		LM2	11.2012678288431	-1.74643423137876
		LM3	11.2012678288431	-19.2107765451664
		LM4	11.2012678288431	-22.2820919175911
		LM5	18.3676703645008	-7.16640253565769
		LM6	17.4041204437401	-18.9096671949287
		LM7	17.6450079239303	-21.1378763866878
		LM8	21.9207606973059	-5.60063391442155
		LM9	24.2694136291601	-8.91283676703645
		LM10	11.2012678288431	-0.180665610142631
		LM11	27.1600633914422	-8.97305863708399
		LM12	28.5451664025357	-9.27416798732171
	</landmarks.scaled>
	<curves.control type=list>
		<glabella type=matrix rownames=FALSE colnames=FALSE nrow=13 ncol=2 as.numeric=TRUE >
			186	29
			236	30
			268	61
			279	69
			281	92
			317	111
			301	147
			317	190
			302	233
			317	262
			289	313
			307	327
			293	351
		</glabella>
		<suture type=matrix rownames=FALSE colnames=FALSE nrow=15 ncol=2 as.numeric=TRUE >
			186	3
			237	3
			254	14
			291	34
			310	45
			345	57
			352	76
			355	86
			364	94
			401	99
			403	148
			402	160
			417	154
			440	142
			474	154
		</suture>
	</curves.control>
	<curves.pixel type=list>
		<glabella type=matrix rownames=FALSE colnames=FALSE nrow=384 ncol=2 as.numeric=TRUE >
			186	29
			187	29
			188	29
			189	29
			190	29
			191	29
			192	29
			193	29
			194	29
			195	29
			196	30
			197	30
			198	30
			199	30
			200	30
			201	30
			202	30
			203	30
			204	30
			205	31
			206	31
			207	31
			208	31
			209	31
			210	31
			211	32
			212	32
			213	32
			214	32
			215	32
			216	33
			217	33
			218	33
			219	33
			220	34
			221	34
			222	34
			223	34
			223	35
			224	35
			225	35
			226	36
			227	36
			228	36
			229	36
			230	37
			231	37
			232	38
			233	38
			234	39
			235	39
			236	40
			237	40
			238	41
			239	41
			240	41
			241	42
			242	42
			243	43
			244	44
			245	44
			246	45
			247	45
			248	46
			249	46
			250	47
			251	48
			252	48
			253	49
			254	49
			255	50
			256	51
			257	51
			257	52
			258	53
			259	53
			260	54
			261	55
			262	55
			263	56
			264	57
			264	58
			265	58
			266	59
			267	60
			268	61
			269	62
			270	63
			271	64
			272	65
			273	66
			274	67
			274	68
			275	69
			275	70
			276	71
			277	72
			277	73
			277	74
			278	75
			278	76
			278	77
			279	78
			279	79
			279	80
			279	81
			280	82
			280	83
			280	84
			280	85
			280	86
			280	87
			281	88
			281	89
			281	90
			281	91
			281	92
			282	92
			283	93
			284	94
			285	94
			286	95
			287	96
			288	96
			289	97
			290	98
			291	98
			292	99
			293	100
			294	101
			295	102
			296	103
			297	104
			298	105
			299	106
			300	107
			300	108
			301	109
			302	110
			302	111
			303	112
			303	113
			304	114
			304	115
			304	116
			305	117
			305	118
			305	119
			305	120
			306	121
			306	122
			306	123
			306	124
			306	125
			306	126
			306	127
			306	128
			306	129
			306	130
			306	131
			306	132
			305	133
			305	134
			305	135
			305	136
			305	137
			304	138
			304	139
			304	140
			303	141
			303	142
			303	143
			302	144
			302	145
			301	146
			301	147
			301	148
			302	149
			302	150
			302	151
			303	152
			303	153
			303	154
			304	155
			304	156
			304	157
			305	158
			305	159
			305	160
			305	161
			306	162
			306	163
			306	164
			306	165
			307	166
			307	167
			307	168
			307	169
			307	170
			308	171
			308	172
			308	173
			308	174
			308	175
			308	176
			308	177
			308	178
			309	179
			309	180
			309	181
			309	182
			309	183
			309	184
			309	185
			309	186
			309	187
			309	188
			309	189
			309	190
			309	191
			309	192
			309	193
			309	194
			309	195
			309	196
			309	197
			309	198
			309	199
			309	200
			309	201
			309	202
			309	203
			309	204
			308	205
			308	206
			308	207
			308	208
			308	209
			308	210
			308	211
			308	212
			307	213
			307	214
			307	215
			307	216
			307	217
			306	218
			306	219
			306	220
			306	221
			305	222
			305	223
			305	224
			305	225
			304	226
			304	227
			304	228
			303	229
			303	230
			303	231
			302	232
			302	233
			303	234
			303	235
			303	236
			304	237
			304	238
			305	239
			305	240
			305	241
			306	242
			306	243
			306	244
			306	245
			306	246
			307	247
			307	248
			307	249
			307	250
			307	251
			307	252
			307	253
			307	254
			307	255
			307	256
			307	257
			307	258
			307	259
			307	260
			307	261
			307	262
			307	263
			307	264
			307	265
			307	266
			306	266
			306	267
			306	268
			306	269
			306	270
			306	271
			305	272
			305	273
			305	274
			305	275
			304	276
			304	277
			304	278
			304	279
			303	280
			303	281
			303	282
			302	283
			302	284
			302	285
			301	286
			301	287
			301	288
			300	289
			300	290
			300	291
			299	292
			299	293
			298	294
			298	295
			297	296
			297	297
			297	298
			296	299
			296	300
			295	301
			295	302
			294	303
			294	304
			293	305
			293	306
			292	307
			292	308
			291	309
			290	310
			290	311
			289	312
			289	313
			290	314
			291	314
			291	315
			292	316
			293	317
			294	317
			294	318
			295	319
			296	320
			296	321
			297	322
			297	323
			298	324
			298	325
			298	326
			299	327
			299	328
			299	329
			299	330
			299	331
			299	332
			299	333
			299	334
			299	335
			299	336
			299	337
			298	338
			298	339
			298	340
			298	341
			297	342
			297	343
			296	344
			296	345
			295	346
			295	347
			294	348
			294	349
			294	350
			293	350
			293	351
		</glabella>
		<suture type=matrix rownames=FALSE colnames=FALSE nrow=346 ncol=2 as.numeric=TRUE >
			186	3
			187	3
			188	3
			189	3
			190	3
			191	3
			192	3
			193	3
			194	3
			195	3
			196	3
			197	3
			198	3
			199	3
			200	3
			201	3
			202	3
			203	3
			204	3
			205	3
			206	4
			207	4
			208	4
			209	4
			210	4
			211	4
			212	4
			213	4
			214	4
			215	4
			216	4
			217	4
			218	4
			219	4
			220	5
			221	5
			222	5
			223	5
			224	5
			225	5
			226	5
			227	5
			228	6
			229	6
			230	6
			231	6
			232	6
			233	7
			234	7
			235	7
			236	7
			237	7
			238	8
			239	8
			240	8
			241	9
			242	9
			243	9
			244	9
			245	10
			246	10
			247	10
			247	11
			248	11
			249	11
			250	12
			251	12
			252	13
			253	14
			254	14
			255	15
			256	15
			257	16
			258	16
			259	17
			260	17
			261	18
			262	19
			263	19
			264	19
			265	20
			266	21
			267	21
			268	22
			269	22
			270	22
			270	23
			271	23
			272	24
			273	24
			274	25
			275	25
			276	26
			277	26
			277	27
			278	27
			279	28
			280	28
			281	29
			282	29
			283	30
			284	30
			285	31
			286	31
			287	32
			288	32
			289	33
			290	34
			291	34
			292	35
			293	36
			294	36
			295	37
			296	37
			297	38
			298	38
			299	39
			300	39
			301	40
			302	40
			303	41
			304	41
			304	42
			305	42
			306	43
			307	43
			308	44
			309	44
			310	45
			311	45
			312	46
			313	46
			314	46
			315	47
			316	47
			317	47
			317	48
			318	48
			319	48
			320	49
			321	49
			322	50
			323	50
			324	51
			325	51
			326	52
			327	52
			328	53
			329	53
			330	53
			331	54
			332	55
			333	56
			334	56
			335	57
			336	57
			337	58
			338	59
			339	59
			339	60
			340	60
			341	61
			342	62
			343	63
			344	64
			345	65
			346	66
			347	67
			347	68
			348	68
			349	69
			349	70
			350	71
			350	72
			351	73
			351	74
			351	75
			352	75
			352	76
			352	77
			353	78
			353	79
			353	80
			354	80
			354	81
			355	82
			355	83
			356	84
			356	85
			357	86
			357	87
			358	87
			359	88
			359	89
			360	90
			361	91
			361	92
			362	92
			363	93
			364	94
			365	94
			366	94
			367	95
			368	95
			369	95
			370	95
			371	95
			372	96
			373	96
			374	96
			375	97
			376	97
			377	98
			378	98
			379	98
			380	99
			381	99
			381	100
			382	100
			383	101
			384	102
			385	102
			385	103
			386	103
			387	104
			388	105
			389	106
			390	107
			391	108
			392	109
			392	110
			393	111
			394	112
			394	113
			395	114
			396	115
			396	116
			396	117
			397	118
			397	119
			398	120
			398	121
			399	122
			399	123
			399	124
			399	125
			400	126
			400	127
			400	128
			401	129
			401	130
			401	131
			401	132
			401	133
			402	134
			402	135
			402	136
			402	137
			402	138
			402	139
			402	140
			402	141
			403	141
			403	142
			403	143
			403	144
			403	145
			403	146
			403	147
			403	148
			403	149
			403	150
			403	151
			403	152
			404	153
			404	154
			405	155
			406	155
			407	156
			408	156
			409	156
			410	156
			411	156
			412	156
			413	155
			414	155
			415	155
			416	155
			417	154
			418	154
			419	153
			420	152
			421	152
			422	152
			423	151
			424	151
			425	151
			426	150
			427	150
			428	150
			429	150
			430	149
			431	149
			432	149
			433	149
			434	149
			435	148
			436	148
			437	148
			438	148
			439	148
			440	148
			441	148
			442	148
			443	148
			444	148
			445	148
			446	148
			447	148
			448	148
			449	148
			450	148
			451	148
			452	149
			453	149
			454	149
			455	149
			456	149
			457	149
			458	150
			459	150
			460	150
			461	150
			462	150
			463	151
			464	151
			465	151
			466	152
			467	152
			468	152
			469	152
			470	153
			471	153
			472	153
			473	154
			474	154
		</suture>
	</curves.pixel>
	<curves.scaled type=list>
		<glabella type=matrix rownames=FALSE colnames=FALSE nrow=384 ncol=2 as.numeric=TRUE >
			11.2012678288431	-1.74643423137876
			11.2614896988906	-1.74643423137876
			11.3217115689382	-1.74643423137876
			11.3819334389857	-1.74643423137876
			11.4421553090333	-1.74643423137876
			11.5023771790808	-1.74643423137876
			11.5625990491284	-1.74643423137876
			11.6228209191759	-1.74643423137876
			11.6830427892235	-1.74643423137876
			11.743264659271	-1.74643423137876
			11.8034865293185	-1.80665610142631
			11.8637083993661	-1.80665610142631
			11.9239302694136	-1.80665610142631
			11.9841521394612	-1.80665610142631
			12.0443740095087	-1.80665610142631
			12.1045958795563	-1.80665610142631
			12.1648177496038	-1.80665610142631
			12.2250396196513	-1.80665610142631
			12.2852614896989	-1.80665610142631
			12.3454833597464	-1.86687797147385
			12.405705229794	-1.86687797147385
			12.4659270998415	-1.86687797147385
			12.5261489698891	-1.86687797147385
			12.5863708399366	-1.86687797147385
			12.6465927099842	-1.86687797147385
			12.7068145800317	-1.92709984152139
			12.7670364500792	-1.92709984152139
			12.8272583201268	-1.92709984152139
			12.8874801901743	-1.92709984152139
			12.9477020602219	-1.92709984152139
			13.0079239302694	-1.98732171156894
			13.068145800317	-1.98732171156894
			13.1283676703645	-1.98732171156894
			13.188589540412	-1.98732171156894
			13.2488114104596	-2.04754358161648
			13.3090332805071	-2.04754358161648
			13.3692551505547	-2.04754358161648
			13.4294770206022	-2.04754358161648
			13.4294770206022	-2.10776545166403
			13.4896988906498	-2.10776545166403
			13.5499207606973	-2.10776545166403
			13.6101426307448	-2.16798732171157
			13.6703645007924	-2.16798732171157
			13.7305863708399	-2.16798732171157
			13.7908082408875	-2.16798732171157
			13.851030110935	-2.22820919175911
			13.9112519809826	-2.22820919175911
			13.9714738510301	-2.28843106180666
			14.0316957210777	-2.28843106180666
			14.0919175911252	-2.3486529318542
			14.1521394611727	-2.3486529318542
			14.2123613312203	-2.40887480190174
			14.2725832012678	-2.40887480190174
			14.3328050713154	-2.46909667194929
			14.3930269413629	-2.46909667194929
			14.4532488114105	-2.46909667194929
			14.513470681458	-2.52931854199683
			14.5736925515055	-2.52931854199683
			14.6339144215531	-2.58954041204437
			14.6941362916006	-2.64976228209192
			14.7543581616482	-2.64976228209192
			14.8145800316957	-2.70998415213946
			14.8748019017433	-2.70998415213946
			14.9350237717908	-2.77020602218701
			14.9952456418384	-2.77020602218701
			15.0554675118859	-2.83042789223455
			15.1156893819334	-2.89064976228209
			15.175911251981	-2.89064976228209
			15.2361331220285	-2.95087163232964
			15.2963549920761	-2.95087163232964
			15.3565768621236	-3.01109350237718
			15.4167987321712	-3.07131537242472
			15.4770206022187	-3.07131537242472
			15.4770206022187	-3.13153724247227
			15.5372424722662	-3.19175911251981
			15.5974643423138	-3.19175911251981
			15.6576862123613	-3.25198098256735
			15.7179080824089	-3.3122028526149
			15.7781299524564	-3.3122028526149
			15.838351822504	-3.37242472266244
			15.8985736925515	-3.43264659270998
			15.8985736925515	-3.49286846275753
			15.9587955625991	-3.49286846275753
			16.0190174326466	-3.55309033280507
			16.0792393026941	-3.61331220285262
			16.1394611727417	-3.67353407290016
			16.1996830427892	-3.7337559429477
			16.2599049128368	-3.79397781299525
			16.3201267828843	-3.85419968304279
			16.3803486529319	-3.91442155309033
			16.4405705229794	-3.97464342313788
			16.5007923930269	-4.03486529318542
			16.5007923930269	-4.09508716323296
			16.5610142630745	-4.15530903328051
			16.5610142630745	-4.21553090332805
			16.621236133122	-4.27575277337559
			16.6814580031696	-4.33597464342314
			16.6814580031696	-4.39619651347068
			16.6814580031696	-4.45641838351823
			16.7416798732171	-4.51664025356577
			16.7416798732171	-4.57686212361331
			16.7416798732171	-4.63708399366086
			16.8019017432647	-4.6973058637084
			16.8019017432647	-4.75752773375594
			16.8019017432647	-4.81774960380349
			16.8019017432647	-4.87797147385103
			16.8621236133122	-4.93819334389857
			16.8621236133122	-4.99841521394612
			16.8621236133122	-5.05863708399366
			16.8621236133122	-5.1188589540412
			16.8621236133122	-5.17908082408875
			16.8621236133122	-5.23930269413629
			16.9223454833597	-5.29952456418384
			16.9223454833597	-5.35974643423138
			16.9223454833597	-5.41996830427892
			16.9223454833597	-5.48019017432647
			16.9223454833597	-5.54041204437401
			16.9825673534073	-5.54041204437401
			17.0427892234548	-5.60063391442155
			17.1030110935024	-5.6608557844691
			17.1632329635499	-5.6608557844691
			17.2234548335975	-5.72107765451664
			17.283676703645	-5.78129952456418
			17.3438985736926	-5.78129952456418
			17.4041204437401	-5.84152139461173
			17.4643423137876	-5.90174326465927
			17.5245641838352	-5.90174326465927
			17.5847860538827	-5.96196513470681
			17.6450079239303	-6.02218700475436
			17.7052297939778	-6.0824088748019
			17.7654516640254	-6.14263074484945
			17.8256735340729	-6.20285261489699
			17.8858954041204	-6.26307448494453
			17.946117274168	-6.32329635499208
			18.0063391442155	-6.38351822503962
			18.0665610142631	-6.44374009508716
			18.0665610142631	-6.50396196513471
			18.1267828843106	-6.56418383518225
			18.1870047543582	-6.62440570522979
			18.1870047543582	-6.68462757527734
			18.2472266244057	-6.74484944532488
			18.2472266244057	-6.80507131537242
			18.3074484944533	-6.86529318541997
			18.3074484944533	-6.92551505546751
			18.3074484944533	-6.98573692551506
			18.3676703645008	-7.0459587955626
			18.3676703645008	-7.10618066561014
			18.3676703645008	-7.16640253565769
			18.3676703645008	-7.22662440570523
			18.4278922345483	-7.28684627575277
			18.4278922345483	-7.34706814580032
			18.4278922345483	-7.40729001584786
			18.4278922345483	-7.4675118858954
			18.4278922345483	-7.52773375594295
			18.4278922345483	-7.58795562599049
			18.4278922345483	-7.64817749603804
			18.4278922345483	-7.70839936608558
			18.4278922345483	-7.76862123613312
			18.4278922345483	-7.82884310618067
			18.4278922345483	-7.88906497622821
			18.4278922345483	-7.94928684627575
			18.3676703645008	-8.0095087163233
			18.3676703645008	-8.06973058637084
			18.3676703645008	-8.12995245641838
			18.3676703645008	-8.19017432646593
			18.3676703645008	-8.25039619651347
			18.3074484944533	-8.31061806656101
			18.3074484944533	-8.37083993660856
			18.3074484944533	-8.4310618066561
			18.2472266244057	-8.49128367670365
			18.2472266244057	-8.55150554675119
			18.2472266244057	-8.61172741679873
			18.1870047543582	-8.67194928684628
			18.1870047543582	-8.73217115689382
			18.1267828843106	-8.79239302694136
			18.1267828843106	-8.85261489698891
			18.1267828843106	-8.91283676703645
			18.1870047543582	-8.97305863708399
			18.1870047543582	-9.03328050713154
			18.1870047543582	-9.09350237717908
			18.2472266244057	-9.15372424722663
			18.2472266244057	-9.21394611727417
			18.2472266244057	-9.27416798732171
			18.3074484944533	-9.33438985736926
			18.3074484944533	-9.3946117274168
			18.3074484944533	-9.45483359746434
			18.3676703645008	-9.51505546751189
			18.3676703645008	-9.57527733755943
			18.3676703645008	-9.63549920760697
			18.3676703645008	-9.69572107765452
			18.4278922345483	-9.75594294770206
			18.4278922345483	-9.8161648177496
			18.4278922345483	-9.87638668779715
			18.4278922345483	-9.93660855784469
			18.4881141045959	-9.99683042789223
			18.4881141045959	-10.0570522979398
			18.4881141045959	-10.1172741679873
			18.4881141045959	-10.1774960380349
			18.4881141045959	-10.2377179080824
			18.5483359746434	-10.29793977813
			18.5483359746434	-10.3581616481775
			18.5483359746434	-10.418383518225
			18.5483359746434	-10.4786053882726
			18.5483359746434	-10.5388272583201
			18.5483359746434	-10.5990491283677
			18.5483359746434	-10.6592709984152
			18.5483359746434	-10.7194928684628
			18.608557844691	-10.7797147385103
			18.608557844691	-10.8399366085578
			18.608557844691	-10.9001584786054
			18.608557844691	-10.9603803486529
			18.608557844691	-11.0206022187005
			18.608557844691	-11.080824088748
			18.608557844691	-11.1410459587956
			18.608557844691	-11.2012678288431
			18.608557844691	-11.2614896988906
			18.608557844691	-11.3217115689382
			18.608557844691	-11.3819334389857
			18.608557844691	-11.4421553090333
			18.608557844691	-11.5023771790808
			18.608557844691	-11.5625990491284
			18.608557844691	-11.6228209191759
			18.608557844691	-11.6830427892235
			18.608557844691	-11.743264659271
			18.608557844691	-11.8034865293185
			18.608557844691	-11.8637083993661
			18.608557844691	-11.9239302694136
			18.608557844691	-11.9841521394612
			18.608557844691	-12.0443740095087
			18.608557844691	-12.1045958795563
			18.608557844691	-12.1648177496038
			18.608557844691	-12.2250396196513
			18.608557844691	-12.2852614896989
			18.5483359746434	-12.3454833597464
			18.5483359746434	-12.405705229794
			18.5483359746434	-12.4659270998415
			18.5483359746434	-12.5261489698891
			18.5483359746434	-12.5863708399366
			18.5483359746434	-12.6465927099842
			18.5483359746434	-12.7068145800317
			18.5483359746434	-12.7670364500792
			18.4881141045959	-12.8272583201268
			18.4881141045959	-12.8874801901743
			18.4881141045959	-12.9477020602219
			18.4881141045959	-13.0079239302694
			18.4881141045959	-13.068145800317
			18.4278922345483	-13.1283676703645
			18.4278922345483	-13.188589540412
			18.4278922345483	-13.2488114104596
			18.4278922345483	-13.3090332805071
			18.3676703645008	-13.3692551505547
			18.3676703645008	-13.4294770206022
			18.3676703645008	-13.4896988906498
			18.3676703645008	-13.5499207606973
			18.3074484944533	-13.6101426307448
			18.3074484944533	-13.6703645007924
			18.3074484944533	-13.7305863708399
			18.2472266244057	-13.7908082408875
			18.2472266244057	-13.851030110935
			18.2472266244057	-13.9112519809826
			18.1870047543582	-13.9714738510301
			18.1870047543582	-14.0316957210777
			18.2472266244057	-14.0919175911252
			18.2472266244057	-14.1521394611727
			18.2472266244057	-14.2123613312203
			18.3074484944533	-14.2725832012678
			18.3074484944533	-14.3328050713154
			18.3676703645008	-14.3930269413629
			18.3676703645008	-14.4532488114105
			18.3676703645008	-14.513470681458
			18.4278922345483	-14.5736925515055
			18.4278922345483	-14.6339144215531
			18.4278922345483	-14.6941362916006
			18.4278922345483	-14.7543581616482
			18.4278922345483	-14.8145800316957
			18.4881141045959	-14.8748019017433
			18.4881141045959	-14.9350237717908
			18.4881141045959	-14.9952456418384
			18.4881141045959	-15.0554675118859
			18.4881141045959	-15.1156893819334
			18.4881141045959	-15.175911251981
			18.4881141045959	-15.2361331220285
			18.4881141045959	-15.2963549920761
			18.4881141045959	-15.3565768621236
			18.4881141045959	-15.4167987321712
			18.4881141045959	-15.4770206022187
			18.4881141045959	-15.5372424722662
			18.4881141045959	-15.5974643423138
			18.4881141045959	-15.6576862123613
			18.4881141045959	-15.7179080824089
			18.4881141045959	-15.7781299524564
			18.4881141045959	-15.838351822504
			18.4881141045959	-15.8985736925515
			18.4881141045959	-15.9587955625991
			18.4881141045959	-16.0190174326466
			18.4278922345483	-16.0190174326466
			18.4278922345483	-16.0792393026941
			18.4278922345483	-16.1394611727417
			18.4278922345483	-16.1996830427892
			18.4278922345483	-16.2599049128368
			18.4278922345483	-16.3201267828843
			18.3676703645008	-16.3803486529319
			18.3676703645008	-16.4405705229794
			18.3676703645008	-16.5007923930269
			18.3676703645008	-16.5610142630745
			18.3074484944533	-16.621236133122
			18.3074484944533	-16.6814580031696
			18.3074484944533	-16.7416798732171
			18.3074484944533	-16.8019017432647
			18.2472266244057	-16.8621236133122
			18.2472266244057	-16.9223454833597
			18.2472266244057	-16.9825673534073
			18.1870047543582	-17.0427892234548
			18.1870047543582	-17.1030110935024
			18.1870047543582	-17.1632329635499
			18.1267828843106	-17.2234548335975
			18.1267828843106	-17.283676703645
			18.1267828843106	-17.3438985736926
			18.0665610142631	-17.4041204437401
			18.0665610142631	-17.4643423137876
			18.0665610142631	-17.5245641838352
			18.0063391442155	-17.5847860538827
			18.0063391442155	-17.6450079239303
			17.946117274168	-17.7052297939778
			17.946117274168	-17.7654516640254
			17.8858954041204	-17.8256735340729
			17.8858954041204	-17.8858954041204
			17.8858954041204	-17.946117274168
			17.8256735340729	-18.0063391442155
			17.8256735340729	-18.0665610142631
			17.7654516640254	-18.1267828843106
			17.7654516640254	-18.1870047543582
			17.7052297939778	-18.2472266244057
			17.7052297939778	-18.3074484944533
			17.6450079239303	-18.3676703645008
			17.6450079239303	-18.4278922345483
			17.5847860538827	-18.4881141045959
			17.5847860538827	-18.5483359746434
			17.5245641838352	-18.608557844691
			17.4643423137876	-18.6687797147385
			17.4643423137876	-18.7290015847861
			17.4041204437401	-18.7892234548336
			17.4041204437401	-18.8494453248811
			17.4643423137876	-18.9096671949287
			17.5245641838352	-18.9096671949287
			17.5245641838352	-18.9698890649762
			17.5847860538827	-19.0301109350238
			17.6450079239303	-19.0903328050713
			17.7052297939778	-19.0903328050713
			17.7052297939778	-19.1505546751189
			17.7654516640254	-19.2107765451664
			17.8256735340729	-19.2709984152139
			17.8256735340729	-19.3312202852615
			17.8858954041204	-19.391442155309
			17.8858954041204	-19.4516640253566
			17.946117274168	-19.5118858954041
			17.946117274168	-19.5721077654517
			17.946117274168	-19.6323296354992
			18.0063391442155	-19.6925515055468
			18.0063391442155	-19.7527733755943
			18.0063391442155	-19.8129952456418
			18.0063391442155	-19.8732171156894
			18.0063391442155	-19.9334389857369
			18.0063391442155	-19.9936608557845
			18.0063391442155	-20.053882725832
			18.0063391442155	-20.1141045958796
			18.0063391442155	-20.1743264659271
			18.0063391442155	-20.2345483359746
			18.0063391442155	-20.2947702060222
			17.946117274168	-20.3549920760697
			17.946117274168	-20.4152139461173
			17.946117274168	-20.4754358161648
			17.946117274168	-20.5356576862124
			17.8858954041204	-20.5958795562599
			17.8858954041204	-20.6561014263074
			17.8256735340729	-20.716323296355
			17.8256735340729	-20.7765451664025
			17.7654516640254	-20.8367670364501
			17.7654516640254	-20.8969889064976
			17.7052297939778	-20.9572107765452
			17.7052297939778	-21.0174326465927
			17.7052297939778	-21.0776545166403
			17.6450079239303	-21.0776545166403
			17.6450079239303	-21.1378763866878
		</glabella>
		<suture type=matrix rownames=FALSE colnames=FALSE nrow=346 ncol=2 as.numeric=TRUE >
			11.2012678288431	-0.180665610142631
			11.2614896988906	-0.180665610142631
			11.3217115689382	-0.180665610142631
			11.3819334389857	-0.180665610142631
			11.4421553090333	-0.180665610142631
			11.5023771790808	-0.180665610142631
			11.5625990491284	-0.180665610142631
			11.6228209191759	-0.180665610142631
			11.6830427892235	-0.180665610142631
			11.743264659271	-0.180665610142631
			11.8034865293185	-0.180665610142631
			11.8637083993661	-0.180665610142631
			11.9239302694136	-0.180665610142631
			11.9841521394612	-0.180665610142631
			12.0443740095087	-0.180665610142631
			12.1045958795563	-0.180665610142631
			12.1648177496038	-0.180665610142631
			12.2250396196513	-0.180665610142631
			12.2852614896989	-0.180665610142631
			12.3454833597464	-0.180665610142631
			12.405705229794	-0.240887480190174
			12.4659270998415	-0.240887480190174
			12.5261489698891	-0.240887480190174
			12.5863708399366	-0.240887480190174
			12.6465927099842	-0.240887480190174
			12.7068145800317	-0.240887480190174
			12.7670364500792	-0.240887480190174
			12.8272583201268	-0.240887480190174
			12.8874801901743	-0.240887480190174
			12.9477020602219	-0.240887480190174
			13.0079239302694	-0.240887480190174
			13.068145800317	-0.240887480190174
			13.1283676703645	-0.240887480190174
			13.188589540412	-0.240887480190174
			13.2488114104596	-0.301109350237718
			13.3090332805071	-0.301109350237718
			13.3692551505547	-0.301109350237718
			13.4294770206022	-0.301109350237718
			13.4896988906498	-0.301109350237718
			13.5499207606973	-0.301109350237718
			13.6101426307448	-0.301109350237718
			13.6703645007924	-0.301109350237718
			13.7305863708399	-0.361331220285261
			13.7908082408875	-0.361331220285261
			13.851030110935	-0.361331220285261
			13.9112519809826	-0.361331220285261
			13.9714738510301	-0.361331220285261
			14.0316957210777	-0.421553090332805
			14.0919175911252	-0.421553090332805
			14.1521394611727	-0.421553090332805
			14.2123613312203	-0.421553090332805
			14.2725832012678	-0.421553090332805
			14.3328050713154	-0.481774960380349
			14.3930269413629	-0.481774960380349
			14.4532488114105	-0.481774960380349
			14.513470681458	-0.541996830427892
			14.5736925515055	-0.541996830427892
			14.6339144215531	-0.541996830427892
			14.6941362916006	-0.541996830427892
			14.7543581616482	-0.602218700475436
			14.8145800316957	-0.602218700475436
			14.8748019017433	-0.602218700475436
			14.8748019017433	-0.662440570522979
			14.9350237717908	-0.662440570522979
			14.9952456418384	-0.662440570522979
			15.0554675118859	-0.722662440570523
			15.1156893819334	-0.722662440570523
			15.175911251981	-0.782884310618067
			15.2361331220285	-0.84310618066561
			15.2963549920761	-0.84310618066561
			15.3565768621236	-0.903328050713154
			15.4167987321712	-0.903328050713154
			15.4770206022187	-0.963549920760697
			15.5372424722662	-0.963549920760697
			15.5974643423138	-1.02377179080824
			15.6576862123613	-1.02377179080824
			15.7179080824089	-1.08399366085578
			15.7781299524564	-1.14421553090333
			15.838351822504	-1.14421553090333
			15.8985736925515	-1.14421553090333
			15.9587955625991	-1.20443740095087
			16.0190174326466	-1.26465927099842
			16.0792393026941	-1.26465927099842
			16.1394611727417	-1.32488114104596
			16.1996830427892	-1.32488114104596
			16.2599049128368	-1.32488114104596
			16.2599049128368	-1.3851030110935
			16.3201267828843	-1.3851030110935
			16.3803486529319	-1.44532488114105
			16.4405705229794	-1.44532488114105
			16.5007923930269	-1.50554675118859
			16.5610142630745	-1.50554675118859
			16.621236133122	-1.56576862123613
			16.6814580031696	-1.56576862123613
			16.6814580031696	-1.62599049128368
			16.7416798732171	-1.62599049128368
			16.8019017432647	-1.68621236133122
			16.8621236133122	-1.68621236133122
			16.9223454833597	-1.74643423137876
			16.9825673534073	-1.74643423137876
			17.0427892234548	-1.80665610142631
			17.1030110935024	-1.80665610142631
			17.1632329635499	-1.86687797147385
			17.2234548335975	-1.86687797147385
			17.283676703645	-1.92709984152139
			17.3438985736926	-1.92709984152139
			17.4041204437401	-1.98732171156894
			17.4643423137876	-2.04754358161648
			17.5245641838352	-2.04754358161648
			17.5847860538827	-2.10776545166403
			17.6450079239303	-2.16798732171157
			17.7052297939778	-2.16798732171157
			17.7654516640254	-2.22820919175911
			17.8256735340729	-2.22820919175911
			17.8858954041204	-2.28843106180666
			17.946117274168	-2.28843106180666
			18.0063391442155	-2.3486529318542
			18.0665610142631	-2.3486529318542
			18.1267828843106	-2.40887480190174
			18.1870047543582	-2.40887480190174
			18.2472266244057	-2.46909667194929
			18.3074484944533	-2.46909667194929
			18.3074484944533	-2.52931854199683
			18.3676703645008	-2.52931854199683
			18.4278922345483	-2.58954041204437
			18.4881141045959	-2.58954041204437
			18.5483359746434	-2.64976228209192
			18.608557844691	-2.64976228209192
			18.6687797147385	-2.70998415213946
			18.7290015847861	-2.70998415213946
			18.7892234548336	-2.77020602218701
			18.8494453248811	-2.77020602218701
			18.9096671949287	-2.77020602218701
			18.9698890649762	-2.83042789223455
			19.0301109350238	-2.83042789223455
			19.0903328050713	-2.83042789223455
			19.0903328050713	-2.89064976228209
			19.1505546751189	-2.89064976228209
			19.2107765451664	-2.89064976228209
			19.2709984152139	-2.95087163232964
			19.3312202852615	-2.95087163232964
			19.391442155309	-3.01109350237718
			19.4516640253566	-3.01109350237718
			19.5118858954041	-3.07131537242472
			19.5721077654517	-3.07131537242472
			19.6323296354992	-3.13153724247227
			19.6925515055468	-3.13153724247227
			19.7527733755943	-3.19175911251981
			19.8129952456418	-3.19175911251981
			19.8732171156894	-3.19175911251981
			19.9334389857369	-3.25198098256735
			19.9936608557845	-3.3122028526149
			20.053882725832	-3.37242472266244
			20.1141045958796	-3.37242472266244
			20.1743264659271	-3.43264659270998
			20.2345483359746	-3.43264659270998
			20.2947702060222	-3.49286846275753
			20.3549920760697	-3.55309033280507
			20.4152139461173	-3.55309033280507
			20.4152139461173	-3.61331220285262
			20.4754358161648	-3.61331220285262
			20.5356576862124	-3.67353407290016
			20.5958795562599	-3.7337559429477
			20.6561014263074	-3.79397781299525
			20.716323296355	-3.85419968304279
			20.7765451664025	-3.91442155309033
			20.8367670364501	-3.97464342313788
			20.8969889064976	-4.03486529318542
			20.8969889064976	-4.09508716323296
			20.9572107765452	-4.09508716323296
			21.0174326465927	-4.15530903328051
			21.0174326465927	-4.21553090332805
			21.0776545166403	-4.27575277337559
			21.0776545166403	-4.33597464342314
			21.1378763866878	-4.39619651347068
			21.1378763866878	-4.45641838351823
			21.1378763866878	-4.51664025356577
			21.1980982567353	-4.51664025356577
			21.1980982567353	-4.57686212361331
			21.1980982567353	-4.63708399366086
			21.2583201267829	-4.6973058637084
			21.2583201267829	-4.75752773375594
			21.2583201267829	-4.81774960380349
			21.3185419968304	-4.81774960380349
			21.3185419968304	-4.87797147385103
			21.378763866878	-4.93819334389857
			21.378763866878	-4.99841521394612
			21.4389857369255	-5.05863708399366
			21.4389857369255	-5.1188589540412
			21.4992076069731	-5.17908082408875
			21.4992076069731	-5.23930269413629
			21.5594294770206	-5.23930269413629
			21.6196513470681	-5.29952456418384
			21.6196513470681	-5.35974643423138
			21.6798732171157	-5.41996830427892
			21.7400950871632	-5.48019017432647
			21.7400950871632	-5.54041204437401
			21.8003169572108	-5.54041204437401
			21.8605388272583	-5.60063391442155
			21.9207606973059	-5.6608557844691
			21.9809825673534	-5.6608557844691
			22.041204437401	-5.6608557844691
			22.1014263074485	-5.72107765451664
			22.161648177496	-5.72107765451664
			22.2218700475436	-5.72107765451664
			22.2820919175911	-5.72107765451664
			22.3423137876387	-5.72107765451664
			22.4025356576862	-5.78129952456418
			22.4627575277338	-5.78129952456418
			22.5229793977813	-5.78129952456418
			22.5832012678288	-5.84152139461173
			22.6434231378764	-5.84152139461173
			22.7036450079239	-5.90174326465927
			22.7638668779715	-5.90174326465927
			22.824088748019	-5.90174326465927
			22.8843106180666	-5.96196513470681
			22.9445324881141	-5.96196513470681
			22.9445324881141	-6.02218700475436
			23.0047543581616	-6.02218700475436
			23.0649762282092	-6.0824088748019
			23.1251980982567	-6.14263074484945
			23.1854199683043	-6.14263074484945
			23.1854199683043	-6.20285261489699
			23.2456418383518	-6.20285261489699
			23.3058637083994	-6.26307448494453
			23.3660855784469	-6.32329635499208
			23.4263074484945	-6.38351822503962
			23.486529318542	-6.44374009508716
			23.5467511885895	-6.50396196513471
			23.6069730586371	-6.56418383518225
			23.6069730586371	-6.62440570522979
			23.6671949286846	-6.68462757527734
			23.7274167987322	-6.74484944532488
			23.7274167987322	-6.80507131537242
			23.7876386687797	-6.86529318541997
			23.8478605388273	-6.92551505546751
			23.8478605388273	-6.98573692551506
			23.8478605388273	-7.0459587955626
			23.9080824088748	-7.10618066561014
			23.9080824088748	-7.16640253565769
			23.9683042789223	-7.22662440570523
			23.9683042789223	-7.28684627575277
			24.0285261489699	-7.34706814580032
			24.0285261489699	-7.40729001584786
			24.0285261489699	-7.4675118858954
			24.0285261489699	-7.52773375594295
			24.0887480190174	-7.58795562599049
			24.0887480190174	-7.64817749603804
			24.0887480190174	-7.70839936608558
			24.148969889065	-7.76862123613312
			24.148969889065	-7.82884310618067
			24.148969889065	-7.88906497622821
			24.148969889065	-7.94928684627575
			24.148969889065	-8.0095087163233
			24.2091917591125	-8.06973058637084
			24.2091917591125	-8.12995245641838
			24.2091917591125	-8.19017432646593
			24.2091917591125	-8.25039619651347
			24.2091917591125	-8.31061806656101
			24.2091917591125	-8.37083993660856
			24.2091917591125	-8.4310618066561
			24.2091917591125	-8.49128367670365
			24.2694136291601	-8.49128367670365
			24.2694136291601	-8.55150554675119
			24.2694136291601	-8.61172741679873
			24.2694136291601	-8.67194928684628
			24.2694136291601	-8.73217115689382
			24.2694136291601	-8.79239302694136
			24.2694136291601	-8.85261489698891
			24.2694136291601	-8.91283676703645
			24.2694136291601	-8.97305863708399
			24.2694136291601	-9.03328050713154
			24.2694136291601	-9.09350237717908
			24.2694136291601	-9.15372424722663
			24.3296354992076	-9.21394611727417
			24.3296354992076	-9.27416798732171
			24.3898573692552	-9.33438985736926
			24.4500792393027	-9.33438985736926
			24.5103011093502	-9.3946117274168
			24.5705229793978	-9.3946117274168
			24.6307448494453	-9.3946117274168
			24.6909667194929	-9.3946117274168
			24.7511885895404	-9.3946117274168
			24.811410459588	-9.3946117274168
			24.8716323296355	-9.33438985736926
			24.931854199683	-9.33438985736926
			24.9920760697306	-9.33438985736926
			25.0522979397781	-9.33438985736926
			25.1125198098257	-9.27416798732171
			25.1727416798732	-9.27416798732171
			25.2329635499208	-9.21394611727417
			25.2931854199683	-9.15372424722663
			25.3534072900158	-9.15372424722663
			25.4136291600634	-9.15372424722663
			25.4738510301109	-9.09350237717908
			25.5340729001585	-9.09350237717908
			25.594294770206	-9.09350237717908
			25.6545166402536	-9.03328050713154
			25.7147385103011	-9.03328050713154
			25.7749603803487	-9.03328050713154
			25.8351822503962	-9.03328050713154
			25.8954041204437	-8.97305863708399
			25.9556259904913	-8.97305863708399
			26.0158478605388	-8.97305863708399
			26.0760697305864	-8.97305863708399
			26.1362916006339	-8.97305863708399
			26.1965134706815	-8.91283676703645
			26.256735340729	-8.91283676703645
			26.3169572107765	-8.91283676703645
			26.3771790808241	-8.91283676703645
			26.4374009508716	-8.91283676703645
			26.4976228209192	-8.91283676703645
			26.5578446909667	-8.91283676703645
			26.6180665610143	-8.91283676703645
			26.6782884310618	-8.91283676703645
			26.7385103011094	-8.91283676703645
			26.7987321711569	-8.91283676703645
			26.8589540412044	-8.91283676703645
			26.919175911252	-8.91283676703645
			26.9793977812995	-8.91283676703645
			27.0396196513471	-8.91283676703645
			27.0998415213946	-8.91283676703645
			27.1600633914422	-8.91283676703645
			27.2202852614897	-8.97305863708399
			27.2805071315372	-8.97305863708399
			27.3407290015848	-8.97305863708399
			27.4009508716323	-8.97305863708399
			27.4611727416799	-8.97305863708399
			27.5213946117274	-8.97305863708399
			27.581616481775	-9.03328050713154
			27.6418383518225	-9.03328050713154
			27.70206022187	-9.03328050713154
			27.7622820919176	-9.03328050713154
			27.8225039619651	-9.03328050713154
			27.8827258320127	-9.09350237717908
			27.9429477020602	-9.09350237717908
			28.0031695721078	-9.09350237717908
			28.0633914421553	-9.15372424722663
			28.1236133122029	-9.15372424722663
			28.1838351822504	-9.15372424722663
			28.2440570522979	-9.15372424722663
			28.3042789223455	-9.21394611727417
			28.364500792393	-9.21394611727417
			28.4247226624406	-9.21394611727417
			28.4849445324881	-9.27416798732171
			28.5451664025357	-9.27416798732171
		</suture>
	</curves.scaled>
	<ruler.points type=matrix rownames=TRUE colnames=FALSE nrow=2 ncol=2 as.numeric=TRUE >
		Ruler point 1	5	422
		Ruler point 2	636	422
	</ruler.points>
</shapes>

