<shapes type=list>
	<ruler.pixel type=vector names=FALSE length=1 as.numeric=TRUE >165.003030275204</ruler.pixel>
	<ruler.interval type=vector names=FALSE length=1 as.numeric=TRUE >1</ruler.interval>
	<scaling.units type=vector names=FALSE length=1 as.numeric=FALSE >cm</scaling.units>
	<scaling type=vector names=FALSE length=1 as.numeric=TRUE >0.00606049475777581</scaling>
	<landmarks.pixel type=matrix rownames=TRUE colnames=FALSE nrow=16 ncol=2 as.numeric=TRUE >
		LM1	226	45
		LM2	226	82
		LM3	231	152
		LM4	231	167
		LM5	269	138
		LM6	269	153
		LM7	273	173
		LM8	267	115
		LM9	272	148
		LM10	226	45
		LM11	285	162
		LM12	307	171
		LM13	226	45
		LM14	292	129
		LM15	361	167
		LM16	368	260
	</landmarks.pixel>
	<landmarks.scaled type=matrix rownames=TRUE colnames=FALSE nrow=16 ncol=2 as.numeric=TRUE >
		LM1	1.36967181525733	-0.272722264099912
		LM2	1.36967181525733	-0.496960570137617
		LM3	1.39997428904621	-0.921195203181924
		LM4	1.39997428904621	-1.01210262454856
		LM5	1.63027308984169	-0.836348276573062
		LM6	1.63027308984169	-0.9272556979397
		LM7	1.6545150688728	-1.04846559309522
		LM8	1.61815210032614	-0.696956897144219
		LM9	1.64845457411502	-0.896953224150821
		LM10	1.36967181525733	-0.272722264099912
		LM11	1.72724100596611	-0.981800150759682
		LM12	1.86057189063718	-1.03634460357966
		LM13	1.36967181525733	-0.272722264099912
		LM14	1.76966446927054	-0.78180382375308
		LM15	2.18783860755707	-1.01210262454856
		LM16	2.2302620708615	-1.57572863702171
	</landmarks.scaled>
	<curves.control type=list>
		<glabella type=matrix rownames=FALSE colnames=FALSE nrow=7 ncol=2 as.numeric=TRUE >
			226	82
			263	83
			263	112
			261	119
			267	132
			273	152
			273	173
		</glabella>
		<suture type=matrix rownames=FALSE colnames=FALSE nrow=11 ncol=2 as.numeric=TRUE >
			226	45
			293	57
			278	85
			263	91
			272	114
			286	117
			288	139
			286	146
			280	151
			276	159
			307	171
		</suture>
		<anterior type=matrix rownames=FALSE colnames=FALSE nrow=3 ncol=2 as.numeric=TRUE >
			226	45
			331	65
			361	167
		</anterior>
		<posterior type=matrix rownames=FALSE colnames=FALSE nrow=11 ncol=2 as.numeric=TRUE >
			231	167
			238	172
			289	172
			298	168
			334	173
			348	175
			354	212
			358	231
			367	261
			372	228
			361	167
		</posterior>
	</curves.control>
	<curves.pixel type=list>
		<glabella type=matrix rownames=FALSE colnames=FALSE nrow=115 ncol=2 as.numeric=TRUE >
			226	82
			227	82
			228	82
			229	82
			230	82
			231	82
			232	82
			233	82
			233	83
			234	83
			235	83
			236	83
			237	83
			238	83
			239	83
			240	84
			241	84
			242	84
			243	85
			244	85
			245	85
			246	86
			247	86
			248	86
			249	87
			250	87
			251	88
			252	89
			253	89
			254	90
			255	91
			256	92
			257	93
			258	94
			258	95
			259	96
			260	97
			260	98
			261	99
			261	100
			261	101
			262	102
			262	103
			262	104
			262	105
			263	106
			263	107
			263	108
			263	109
			263	110
			263	111
			263	112
			263	113
			263	114
			263	115
			263	116
			263	117
			263	118
			263	119
			263	120
			263	121
			263	122
			264	123
			264	124
			264	125
			264	126
			265	126
			265	127
			265	128
			266	129
			266	130
			266	131
			267	131
			267	132
			267	133
			268	134
			268	135
			268	136
			268	137
			269	138
			269	139
			269	140
			269	141
			270	142
			270	143
			270	144
			270	145
			270	146
			271	147
			271	148
			271	149
			271	150
			271	151
			271	152
			272	153
			272	154
			272	155
			272	156
			272	157
			272	158
			272	159
			272	160
			272	161
			273	162
			273	163
			273	164
			273	165
			273	166
			273	167
			273	168
			273	169
			273	170
			273	171
			273	172
			273	173
		</glabella>
		<suture type=matrix rownames=FALSE colnames=FALSE nrow=189 ncol=2 as.numeric=TRUE >
			226	45
			227	45
			228	45
			229	46
			230	46
			231	46
			232	46
			233	46
			234	47
			235	47
			236	47
			237	47
			238	47
			238	48
			239	48
			240	48
			241	48
			242	48
			243	49
			244	49
			245	49
			246	49
			247	50
			248	50
			249	50
			250	51
			251	51
			252	51
			253	52
			254	52
			255	52
			256	53
			257	53
			258	53
			259	54
			260	54
			261	55
			262	55
			263	55
			264	56
			265	56
			265	57
			266	57
			267	57
			268	58
			269	58
			269	59
			270	59
			271	60
			272	61
			273	62
			274	62
			275	63
			276	64
			277	65
			278	66
			279	67
			279	68
			279	69
			280	69
			280	70
			280	71
			280	72
			281	73
			281	74
			281	75
			281	76
			281	77
			281	78
			280	78
			280	79
			280	80
			280	81
			279	82
			279	83
			279	84
			278	85
			277	85
			276	86
			275	86
			275	87
			274	87
			273	88
			272	89
			271	90
			271	91
			270	92
			270	93
			269	94
			269	95
			269	96
			269	97
			269	98
			269	99
			269	100
			269	101
			269	102
			269	103
			269	104
			269	105
			269	106
			270	106
			270	107
			270	108
			270	109
			271	110
			271	111
			271	112
			272	113
			272	114
			273	114
			274	115
			275	115
			276	115
			277	116
			278	117
			279	117
			280	118
			281	119
			281	120
			282	121
			283	122
			284	123
			284	124
			285	125
			285	126
			286	127
			286	128
			286	129
			286	130
			287	130
			287	131
			287	132
			287	133
			287	134
			288	135
			288	136
			288	137
			288	138
			288	139
			288	140
			288	141
			287	141
			287	142
			287	143
			286	143
			286	144
			285	145
			285	146
			284	147
			283	148
			282	149
			281	150
			280	151
			280	152
			280	153
			280	154
			280	155
			280	156
			281	156
			282	157
			282	158
			283	159
			284	160
			285	160
			286	161
			287	161
			288	162
			289	163
			290	163
			291	164
			292	164
			292	165
			293	165
			294	165
			295	166
			296	166
			297	167
			298	167
			299	168
			300	168
			301	168
			301	169
			302	169
			303	169
			304	170
			305	170
			306	171
			307	171
		</suture>
		<anterior type=matrix rownames=FALSE colnames=FALSE nrow=172 ncol=2 as.numeric=TRUE >
			226	45
			227	45
			228	45
			229	46
			230	46
			231	46
			232	46
			233	46
			234	47
			235	47
			236	47
			237	47
			238	48
			239	48
			240	48
			241	48
			242	49
			243	49
			244	49
			245	50
			246	50
			247	50
			248	50
			249	51
			250	51
			251	51
			252	52
			253	52
			254	52
			255	53
			256	53
			257	53
			258	54
			259	54
			260	54
			261	55
			262	55
			263	56
			264	56
			265	56
			266	57
			267	57
			268	58
			269	58
			270	58
			271	59
			272	59
			273	60
			274	60
			275	61
			276	61
			277	62
			278	62
			279	63
			280	63
			281	64
			282	64
			283	65
			284	66
			285	66
			286	67
			287	67
			288	68
			289	68
			290	69
			291	69
			292	70
			293	71
			294	71
			295	72
			296	73
			297	73
			298	74
			299	75
			300	76
			301	77
			302	77
			303	78
			304	79
			305	80
			306	80
			307	81
			308	82
			309	83
			310	84
			311	84
			312	85
			313	86
			314	87
			315	88
			316	89
			317	90
			318	91
			319	92
			320	93
			321	94
			322	95
			323	96
			324	97
			325	98
			326	99
			326	100
			327	101
			328	102
			328	103
			329	103
			330	104
			330	105
			331	106
			332	107
			332	108
			333	109
			334	110
			335	111
			335	112
			336	113
			337	114
			338	115
			338	116
			339	117
			339	118
			340	119
			340	120
			341	120
			341	121
			342	122
			342	123
			343	124
			343	125
			344	126
			345	127
			345	128
			346	129
			346	130
			347	131
			347	132
			348	133
			348	134
			349	135
			349	136
			350	137
			350	138
			351	139
			351	140
			352	141
			352	142
			352	143
			353	144
			353	145
			354	146
			354	147
			354	148
			355	149
			355	150
			356	151
			356	152
			356	153
			357	154
			357	155
			358	156
			358	157
			358	158
			359	159
			359	160
			359	161
			359	162
			360	162
			360	163
			360	164
			360	165
			361	166
			361	167
		</anterior>
		<posterior type=matrix rownames=FALSE colnames=FALSE nrow=294 ncol=2 as.numeric=TRUE >
			231	167
			232	167
			232	168
			233	168
			234	168
			235	169
			236	169
			237	169
			238	169
			239	170
			240	170
			241	170
			242	170
			243	170
			244	170
			245	170
			246	170
			247	171
			248	171
			249	171
			250	171
			251	171
			252	171
			253	171
			254	171
			255	171
			256	171
			257	171
			258	171
			259	171
			260	171
			261	172
			262	172
			263	172
			264	172
			265	172
			266	172
			267	172
			268	172
			269	172
			270	172
			271	172
			272	172
			273	172
			274	172
			275	172
			276	172
			277	172
			278	172
			279	172
			280	172
			281	172
			282	172
			283	172
			284	172
			285	172
			286	172
			287	172
			288	172
			289	172
			290	172
			291	171
			292	171
			293	171
			294	171
			295	171
			296	170
			297	170
			298	170
			299	170
			300	170
			301	170
			302	170
			303	170
			304	170
			305	170
			306	170
			307	170
			308	170
			309	170
			310	170
			311	171
			312	171
			313	171
			314	171
			315	171
			316	171
			317	171
			318	171
			319	171
			320	171
			321	171
			322	172
			323	172
			324	172
			325	172
			326	172
			327	172
			328	172
			329	172
			330	172
			331	173
			332	173
			333	173
			334	173
			335	173
			336	173
			337	174
			338	174
			339	175
			340	176
			341	176
			342	177
			343	178
			343	179
			344	180
			344	181
			345	181
			345	182
			346	183
			346	184
			347	185
			347	186
			347	187
			348	188
			348	189
			349	190
			349	191
			349	192
			350	193
			350	194
			350	195
			351	196
			351	197
			351	198
			351	199
			352	200
			352	201
			352	202
			352	203
			353	204
			353	205
			353	206
			353	207
			353	208
			354	209
			354	210
			354	211
			354	212
			354	213
			354	214
			355	215
			355	216
			355	217
			355	218
			356	219
			356	220
			356	221
			356	222
			357	223
			357	224
			357	225
			357	226
			358	227
			358	228
			358	229
			358	230
			358	231
			359	231
			359	232
			359	233
			359	234
			360	235
			360	236
			360	237
			360	238
			361	238
			361	239
			361	240
			361	241
			362	242
			362	243
			362	244
			362	245
			363	246
			363	247
			363	248
			363	249
			364	250
			364	251
			364	252
			365	253
			365	254
			365	255
			365	256
			366	257
			366	258
			366	259
			367	260
			367	261
			367	260
			367	259
			367	258
			368	257
			368	256
			368	255
			368	254
			368	253
			368	252
			368	251
			368	250
			368	249
			368	248
			368	247
			368	246
			368	245
			368	244
			368	243
			369	242
			369	241
			369	240
			369	239
			369	238
			369	237
			369	236
			369	235
			369	234
			369	233
			368	232
			368	231
			368	230
			368	229
			368	228
			368	227
			368	226
			368	225
			368	224
			368	223
			368	222
			368	221
			368	220
			368	219
			368	218
			368	217
			368	216
			368	215
			367	214
			367	213
			367	212
			367	211
			367	210
			367	209
			367	208
			367	207
			367	206
			367	205
			366	204
			366	203
			366	202
			366	201
			366	200
			366	199
			366	198
			366	197
			366	196
			365	195
			365	194
			365	193
			365	192
			365	191
			365	190
			365	189
			364	188
			364	187
			364	186
			364	185
			364	184
			364	183
			364	182
			363	181
			363	180
			363	179
			363	178
			363	177
			363	176
			362	175
			362	174
			362	173
			362	172
			362	171
			362	170
			361	169
			361	168
			361	167
		</posterior>
	</curves.pixel>
	<curves.scaled type=list>
		<glabella type=matrix rownames=FALSE colnames=FALSE nrow=115 ncol=2 as.numeric=TRUE >
			1.36967181525733	-0.496960570137617
			1.37573231001511	-0.496960570137617
			1.38179280477289	-0.496960570137617
			1.38785329953066	-0.496960570137617
			1.39391379428844	-0.496960570137617
			1.39997428904621	-0.496960570137617
			1.40603478380399	-0.496960570137617
			1.41209527856176	-0.496960570137617
			1.41209527856176	-0.503021064895393
			1.41815577331954	-0.503021064895393
			1.42421626807732	-0.503021064895393
			1.43027676283509	-0.503021064895393
			1.43633725759287	-0.503021064895393
			1.44239775235064	-0.503021064895393
			1.44845824710842	-0.503021064895393
			1.4545187418662	-0.509081559653168
			1.46057923662397	-0.509081559653168
			1.46663973138175	-0.509081559653168
			1.47270022613952	-0.515142054410944
			1.4787607208973	-0.515142054410944
			1.48482121565507	-0.515142054410944
			1.49088171041285	-0.52120254916872
			1.49694220517063	-0.52120254916872
			1.5030026999284	-0.52120254916872
			1.50906319468618	-0.527263043926496
			1.51512368944395	-0.527263043926496
			1.52118418420173	-0.533323538684272
			1.52724467895951	-0.539384033442048
			1.53330517371728	-0.539384033442048
			1.53936566847506	-0.545444528199823
			1.54542616323283	-0.551505022957599
			1.55148665799061	-0.557565517715375
			1.55754715274838	-0.563626012473151
			1.56360764750616	-0.569686507230927
			1.56360764750616	-0.575747001988702
			1.56966814226394	-0.581807496746478
			1.57572863702171	-0.587867991504254
			1.57572863702171	-0.59392848626203
			1.58178913177949	-0.599988981019806
			1.58178913177949	-0.606049475777582
			1.58178913177949	-0.612109970535357
			1.58784962653726	-0.618170465293133
			1.58784962653726	-0.624230960050909
			1.58784962653726	-0.630291454808685
			1.58784962653726	-0.636351949566461
			1.59391012129504	-0.642412444324236
			1.59391012129504	-0.648472939082012
			1.59391012129504	-0.654533433839788
			1.59391012129504	-0.660593928597564
			1.59391012129504	-0.66665442335534
			1.59391012129504	-0.672714918113115
			1.59391012129504	-0.678775412870891
			1.59391012129504	-0.684835907628667
			1.59391012129504	-0.690896402386443
			1.59391012129504	-0.696956897144219
			1.59391012129504	-0.703017391901995
			1.59391012129504	-0.70907788665977
			1.59391012129504	-0.715138381417546
			1.59391012129504	-0.721198876175322
			1.59391012129504	-0.727259370933098
			1.59391012129504	-0.733319865690874
			1.59391012129504	-0.739380360448649
			1.59997061605282	-0.745440855206425
			1.59997061605282	-0.751501349964201
			1.59997061605282	-0.757561844721977
			1.59997061605282	-0.763622339479753
			1.60603111081059	-0.763622339479753
			1.60603111081059	-0.769682834237528
			1.60603111081059	-0.775743328995304
			1.61209160556837	-0.78180382375308
			1.61209160556837	-0.787864318510856
			1.61209160556837	-0.793924813268632
			1.61815210032614	-0.793924813268632
			1.61815210032614	-0.799985308026408
			1.61815210032614	-0.806045802784183
			1.62421259508392	-0.812106297541959
			1.62421259508392	-0.818166792299735
			1.62421259508392	-0.824227287057511
			1.62421259508392	-0.830287781815287
			1.63027308984169	-0.836348276573062
			1.63027308984169	-0.842408771330838
			1.63027308984169	-0.848469266088614
			1.63027308984169	-0.85452976084639
			1.63633358459947	-0.860590255604166
			1.63633358459947	-0.866650750361942
			1.63633358459947	-0.872711245119717
			1.63633358459947	-0.878771739877493
			1.63633358459947	-0.884832234635269
			1.64239407935725	-0.890892729393045
			1.64239407935725	-0.896953224150821
			1.64239407935725	-0.903013718908596
			1.64239407935725	-0.909074213666372
			1.64239407935725	-0.915134708424148
			1.64239407935725	-0.921195203181924
			1.64845457411502	-0.9272556979397
			1.64845457411502	-0.933316192697475
			1.64845457411502	-0.939376687455251
			1.64845457411502	-0.945437182213027
			1.64845457411502	-0.951497676970803
			1.64845457411502	-0.957558171728579
			1.64845457411502	-0.963618666486355
			1.64845457411502	-0.96967916124413
			1.64845457411502	-0.975739656001906
			1.6545150688728	-0.981800150759682
			1.6545150688728	-0.987860645517458
			1.6545150688728	-0.993921140275234
			1.6545150688728	-0.999981635033009
			1.6545150688728	-1.00604212979079
			1.6545150688728	-1.01210262454856
			1.6545150688728	-1.01816311930634
			1.6545150688728	-1.02422361406411
			1.6545150688728	-1.03028410882189
			1.6545150688728	-1.03634460357966
			1.6545150688728	-1.04240509833744
			1.6545150688728	-1.04846559309522
		</glabella>
		<suture type=matrix rownames=FALSE colnames=FALSE nrow=189 ncol=2 as.numeric=TRUE >
			1.36967181525733	-0.272722264099912
			1.37573231001511	-0.272722264099912
			1.38179280477289	-0.272722264099912
			1.38785329953066	-0.278782758857687
			1.39391379428844	-0.278782758857687
			1.39997428904621	-0.278782758857687
			1.40603478380399	-0.278782758857687
			1.41209527856176	-0.278782758857687
			1.41815577331954	-0.284843253615463
			1.42421626807732	-0.284843253615463
			1.43027676283509	-0.284843253615463
			1.43633725759287	-0.284843253615463
			1.44239775235064	-0.284843253615463
			1.44239775235064	-0.290903748373239
			1.44845824710842	-0.290903748373239
			1.4545187418662	-0.290903748373239
			1.46057923662397	-0.290903748373239
			1.46663973138175	-0.290903748373239
			1.47270022613952	-0.296964243131015
			1.4787607208973	-0.296964243131015
			1.48482121565507	-0.296964243131015
			1.49088171041285	-0.296964243131015
			1.49694220517063	-0.303024737888791
			1.5030026999284	-0.303024737888791
			1.50906319468618	-0.303024737888791
			1.51512368944395	-0.309085232646567
			1.52118418420173	-0.309085232646567
			1.52724467895951	-0.309085232646567
			1.53330517371728	-0.315145727404342
			1.53936566847506	-0.315145727404342
			1.54542616323283	-0.315145727404342
			1.55148665799061	-0.321206222162118
			1.55754715274838	-0.321206222162118
			1.56360764750616	-0.321206222162118
			1.56966814226394	-0.327266716919894
			1.57572863702171	-0.327266716919894
			1.58178913177949	-0.33332721167767
			1.58784962653726	-0.33332721167767
			1.59391012129504	-0.33332721167767
			1.59997061605282	-0.339387706435446
			1.60603111081059	-0.339387706435446
			1.60603111081059	-0.345448201193221
			1.61209160556837	-0.345448201193221
			1.61815210032614	-0.345448201193221
			1.62421259508392	-0.351508695950997
			1.63027308984169	-0.351508695950997
			1.63027308984169	-0.357569190708773
			1.63633358459947	-0.357569190708773
			1.64239407935725	-0.363629685466549
			1.64845457411502	-0.369690180224325
			1.6545150688728	-0.375750674982101
			1.66057556363057	-0.375750674982101
			1.66663605838835	-0.381811169739876
			1.67269655314612	-0.387871664497652
			1.6787570479039	-0.393932159255428
			1.68481754266168	-0.399992654013204
			1.69087803741945	-0.40605314877098
			1.69087803741945	-0.412113643528755
			1.69087803741945	-0.418174138286531
			1.69693853217723	-0.418174138286531
			1.69693853217723	-0.424234633044307
			1.69693853217723	-0.430295127802083
			1.69693853217723	-0.436355622559859
			1.702999026935	-0.442416117317634
			1.702999026935	-0.44847661207541
			1.702999026935	-0.454537106833186
			1.702999026935	-0.460597601590962
			1.702999026935	-0.466658096348738
			1.702999026935	-0.472718591106514
			1.69693853217723	-0.472718591106514
			1.69693853217723	-0.478779085864289
			1.69693853217723	-0.484839580622065
			1.69693853217723	-0.490900075379841
			1.69087803741945	-0.496960570137617
			1.69087803741945	-0.503021064895393
			1.69087803741945	-0.509081559653168
			1.68481754266168	-0.515142054410944
			1.6787570479039	-0.515142054410944
			1.67269655314612	-0.52120254916872
			1.66663605838835	-0.52120254916872
			1.66663605838835	-0.527263043926496
			1.66057556363057	-0.527263043926496
			1.6545150688728	-0.533323538684272
			1.64845457411502	-0.539384033442048
			1.64239407935725	-0.545444528199823
			1.64239407935725	-0.551505022957599
			1.63633358459947	-0.557565517715375
			1.63633358459947	-0.563626012473151
			1.63027308984169	-0.569686507230927
			1.63027308984169	-0.575747001988702
			1.63027308984169	-0.581807496746478
			1.63027308984169	-0.587867991504254
			1.63027308984169	-0.59392848626203
			1.63027308984169	-0.599988981019806
			1.63027308984169	-0.606049475777582
			1.63027308984169	-0.612109970535357
			1.63027308984169	-0.618170465293133
			1.63027308984169	-0.624230960050909
			1.63027308984169	-0.630291454808685
			1.63027308984169	-0.636351949566461
			1.63027308984169	-0.642412444324236
			1.63633358459947	-0.642412444324236
			1.63633358459947	-0.648472939082012
			1.63633358459947	-0.654533433839788
			1.63633358459947	-0.660593928597564
			1.64239407935725	-0.66665442335534
			1.64239407935725	-0.672714918113115
			1.64239407935725	-0.678775412870891
			1.64845457411502	-0.684835907628667
			1.64845457411502	-0.690896402386443
			1.6545150688728	-0.690896402386443
			1.66057556363057	-0.696956897144219
			1.66663605838835	-0.696956897144219
			1.67269655314612	-0.696956897144219
			1.6787570479039	-0.703017391901995
			1.68481754266168	-0.70907788665977
			1.69087803741945	-0.70907788665977
			1.69693853217723	-0.715138381417546
			1.702999026935	-0.721198876175322
			1.702999026935	-0.727259370933098
			1.70905952169278	-0.733319865690874
			1.71512001645056	-0.739380360448649
			1.72118051120833	-0.745440855206425
			1.72118051120833	-0.751501349964201
			1.72724100596611	-0.757561844721977
			1.72724100596611	-0.763622339479753
			1.73330150072388	-0.769682834237528
			1.73330150072388	-0.775743328995304
			1.73330150072388	-0.78180382375308
			1.73330150072388	-0.787864318510856
			1.73936199548166	-0.787864318510856
			1.73936199548166	-0.793924813268632
			1.73936199548166	-0.799985308026408
			1.73936199548166	-0.806045802784183
			1.73936199548166	-0.812106297541959
			1.74542249023943	-0.818166792299735
			1.74542249023943	-0.824227287057511
			1.74542249023943	-0.830287781815287
			1.74542249023943	-0.836348276573062
			1.74542249023943	-0.842408771330838
			1.74542249023943	-0.848469266088614
			1.74542249023943	-0.85452976084639
			1.73936199548166	-0.85452976084639
			1.73936199548166	-0.860590255604166
			1.73936199548166	-0.866650750361942
			1.73330150072388	-0.866650750361942
			1.73330150072388	-0.872711245119717
			1.72724100596611	-0.878771739877493
			1.72724100596611	-0.884832234635269
			1.72118051120833	-0.890892729393045
			1.71512001645056	-0.896953224150821
			1.70905952169278	-0.903013718908596
			1.702999026935	-0.909074213666372
			1.69693853217723	-0.915134708424148
			1.69693853217723	-0.921195203181924
			1.69693853217723	-0.9272556979397
			1.69693853217723	-0.933316192697475
			1.69693853217723	-0.939376687455251
			1.69693853217723	-0.945437182213027
			1.702999026935	-0.945437182213027
			1.70905952169278	-0.951497676970803
			1.70905952169278	-0.957558171728579
			1.71512001645056	-0.963618666486355
			1.72118051120833	-0.96967916124413
			1.72724100596611	-0.96967916124413
			1.73330150072388	-0.975739656001906
			1.73936199548166	-0.975739656001906
			1.74542249023943	-0.981800150759682
			1.75148298499721	-0.987860645517458
			1.75754347975499	-0.987860645517458
			1.76360397451276	-0.993921140275234
			1.76966446927054	-0.993921140275234
			1.76966446927054	-0.999981635033009
			1.77572496402831	-0.999981635033009
			1.78178545878609	-0.999981635033009
			1.78784595354387	-1.00604212979079
			1.79390644830164	-1.00604212979079
			1.79996694305942	-1.01210262454856
			1.80602743781719	-1.01210262454856
			1.81208793257497	-1.01816311930634
			1.81814842733274	-1.01816311930634
			1.82420892209052	-1.01816311930634
			1.82420892209052	-1.02422361406411
			1.8302694168483	-1.02422361406411
			1.83632991160607	-1.02422361406411
			1.84239040636385	-1.03028410882189
			1.84845090112162	-1.03028410882189
			1.8545113958794	-1.03634460357966
			1.86057189063718	-1.03634460357966
		</suture>
		<anterior type=matrix rownames=FALSE colnames=FALSE nrow=172 ncol=2 as.numeric=TRUE >
			1.36967181525733	-0.272722264099912
			1.37573231001511	-0.272722264099912
			1.38179280477289	-0.272722264099912
			1.38785329953066	-0.278782758857687
			1.39391379428844	-0.278782758857687
			1.39997428904621	-0.278782758857687
			1.40603478380399	-0.278782758857687
			1.41209527856176	-0.278782758857687
			1.41815577331954	-0.284843253615463
			1.42421626807732	-0.284843253615463
			1.43027676283509	-0.284843253615463
			1.43633725759287	-0.284843253615463
			1.44239775235064	-0.290903748373239
			1.44845824710842	-0.290903748373239
			1.4545187418662	-0.290903748373239
			1.46057923662397	-0.290903748373239
			1.46663973138175	-0.296964243131015
			1.47270022613952	-0.296964243131015
			1.4787607208973	-0.296964243131015
			1.48482121565507	-0.303024737888791
			1.49088171041285	-0.303024737888791
			1.49694220517063	-0.303024737888791
			1.5030026999284	-0.303024737888791
			1.50906319468618	-0.309085232646567
			1.51512368944395	-0.309085232646567
			1.52118418420173	-0.309085232646567
			1.52724467895951	-0.315145727404342
			1.53330517371728	-0.315145727404342
			1.53936566847506	-0.315145727404342
			1.54542616323283	-0.321206222162118
			1.55148665799061	-0.321206222162118
			1.55754715274838	-0.321206222162118
			1.56360764750616	-0.327266716919894
			1.56966814226394	-0.327266716919894
			1.57572863702171	-0.327266716919894
			1.58178913177949	-0.33332721167767
			1.58784962653726	-0.33332721167767
			1.59391012129504	-0.339387706435446
			1.59997061605282	-0.339387706435446
			1.60603111081059	-0.339387706435446
			1.61209160556837	-0.345448201193221
			1.61815210032614	-0.345448201193221
			1.62421259508392	-0.351508695950997
			1.63027308984169	-0.351508695950997
			1.63633358459947	-0.351508695950997
			1.64239407935725	-0.357569190708773
			1.64845457411502	-0.357569190708773
			1.6545150688728	-0.363629685466549
			1.66057556363057	-0.363629685466549
			1.66663605838835	-0.369690180224325
			1.67269655314612	-0.369690180224325
			1.6787570479039	-0.375750674982101
			1.68481754266168	-0.375750674982101
			1.69087803741945	-0.381811169739876
			1.69693853217723	-0.381811169739876
			1.702999026935	-0.387871664497652
			1.70905952169278	-0.387871664497652
			1.71512001645056	-0.393932159255428
			1.72118051120833	-0.399992654013204
			1.72724100596611	-0.399992654013204
			1.73330150072388	-0.40605314877098
			1.73936199548166	-0.40605314877098
			1.74542249023943	-0.412113643528755
			1.75148298499721	-0.412113643528755
			1.75754347975499	-0.418174138286531
			1.76360397451276	-0.418174138286531
			1.76966446927054	-0.424234633044307
			1.77572496402831	-0.430295127802083
			1.78178545878609	-0.430295127802083
			1.78784595354387	-0.436355622559859
			1.79390644830164	-0.442416117317634
			1.79996694305942	-0.442416117317634
			1.80602743781719	-0.44847661207541
			1.81208793257497	-0.454537106833186
			1.81814842733274	-0.460597601590962
			1.82420892209052	-0.466658096348738
			1.8302694168483	-0.466658096348738
			1.83632991160607	-0.472718591106514
			1.84239040636385	-0.478779085864289
			1.84845090112162	-0.484839580622065
			1.8545113958794	-0.484839580622065
			1.86057189063718	-0.490900075379841
			1.86663238539495	-0.496960570137617
			1.87269288015273	-0.503021064895393
			1.8787533749105	-0.509081559653168
			1.88481386966828	-0.509081559653168
			1.89087436442605	-0.515142054410944
			1.89693485918383	-0.52120254916872
			1.90299535394161	-0.527263043926496
			1.90905584869938	-0.533323538684272
			1.91511634345716	-0.539384033442048
			1.92117683821493	-0.545444528199823
			1.92723733297271	-0.551505022957599
			1.93329782773048	-0.557565517715375
			1.93935832248826	-0.563626012473151
			1.94541881724604	-0.569686507230927
			1.95147931200381	-0.575747001988702
			1.95753980676159	-0.581807496746478
			1.96360030151936	-0.587867991504254
			1.96966079627714	-0.59392848626203
			1.97572129103492	-0.599988981019806
			1.97572129103492	-0.606049475777582
			1.98178178579269	-0.612109970535357
			1.98784228055047	-0.618170465293133
			1.98784228055047	-0.624230960050909
			1.99390277530824	-0.624230960050909
			1.99996327006602	-0.630291454808685
			1.99996327006602	-0.636351949566461
			2.00602376482379	-0.642412444324236
			2.01208425958157	-0.648472939082012
			2.01208425958157	-0.654533433839788
			2.01814475433935	-0.660593928597564
			2.02420524909712	-0.66665442335534
			2.0302657438549	-0.672714918113115
			2.0302657438549	-0.678775412870891
			2.03632623861267	-0.684835907628667
			2.04238673337045	-0.690896402386443
			2.04844722812823	-0.696956897144219
			2.04844722812823	-0.703017391901995
			2.054507722886	-0.70907788665977
			2.054507722886	-0.715138381417546
			2.06056821764378	-0.721198876175322
			2.06056821764378	-0.727259370933098
			2.06662871240155	-0.727259370933098
			2.06662871240155	-0.733319865690874
			2.07268920715933	-0.739380360448649
			2.07268920715933	-0.745440855206425
			2.0787497019171	-0.751501349964201
			2.0787497019171	-0.757561844721977
			2.08481019667488	-0.763622339479753
			2.09087069143266	-0.769682834237528
			2.09087069143266	-0.775743328995304
			2.09693118619043	-0.78180382375308
			2.09693118619043	-0.787864318510856
			2.10299168094821	-0.793924813268632
			2.10299168094821	-0.799985308026408
			2.10905217570598	-0.806045802784183
			2.10905217570598	-0.812106297541959
			2.11511267046376	-0.818166792299735
			2.11511267046376	-0.824227287057511
			2.12117316522154	-0.830287781815287
			2.12117316522154	-0.836348276573062
			2.12723365997931	-0.842408771330838
			2.12723365997931	-0.848469266088614
			2.13329415473709	-0.85452976084639
			2.13329415473709	-0.860590255604166
			2.13329415473709	-0.866650750361942
			2.13935464949486	-0.872711245119717
			2.13935464949486	-0.878771739877493
			2.14541514425264	-0.884832234635269
			2.14541514425264	-0.890892729393045
			2.14541514425264	-0.896953224150821
			2.15147563901041	-0.903013718908596
			2.15147563901041	-0.909074213666372
			2.15753613376819	-0.915134708424148
			2.15753613376819	-0.921195203181924
			2.15753613376819	-0.9272556979397
			2.16359662852597	-0.933316192697475
			2.16359662852597	-0.939376687455251
			2.16965712328374	-0.945437182213027
			2.16965712328374	-0.951497676970803
			2.16965712328374	-0.957558171728579
			2.17571761804152	-0.963618666486355
			2.17571761804152	-0.96967916124413
			2.17571761804152	-0.975739656001906
			2.17571761804152	-0.981800150759682
			2.18177811279929	-0.981800150759682
			2.18177811279929	-0.987860645517458
			2.18177811279929	-0.993921140275234
			2.18177811279929	-0.999981635033009
			2.18783860755707	-1.00604212979079
			2.18783860755707	-1.01210262454856
		</anterior>
		<posterior type=matrix rownames=FALSE colnames=FALSE nrow=294 ncol=2 as.numeric=TRUE >
			1.39997428904621	-1.01210262454856
			1.40603478380399	-1.01210262454856
			1.40603478380399	-1.01816311930634
			1.41209527856176	-1.01816311930634
			1.41815577331954	-1.01816311930634
			1.42421626807732	-1.02422361406411
			1.43027676283509	-1.02422361406411
			1.43633725759287	-1.02422361406411
			1.44239775235064	-1.02422361406411
			1.44845824710842	-1.03028410882189
			1.4545187418662	-1.03028410882189
			1.46057923662397	-1.03028410882189
			1.46663973138175	-1.03028410882189
			1.47270022613952	-1.03028410882189
			1.4787607208973	-1.03028410882189
			1.48482121565507	-1.03028410882189
			1.49088171041285	-1.03028410882189
			1.49694220517063	-1.03634460357966
			1.5030026999284	-1.03634460357966
			1.50906319468618	-1.03634460357966
			1.51512368944395	-1.03634460357966
			1.52118418420173	-1.03634460357966
			1.52724467895951	-1.03634460357966
			1.53330517371728	-1.03634460357966
			1.53936566847506	-1.03634460357966
			1.54542616323283	-1.03634460357966
			1.55148665799061	-1.03634460357966
			1.55754715274838	-1.03634460357966
			1.56360764750616	-1.03634460357966
			1.56966814226394	-1.03634460357966
			1.57572863702171	-1.03634460357966
			1.58178913177949	-1.04240509833744
			1.58784962653726	-1.04240509833744
			1.59391012129504	-1.04240509833744
			1.59997061605282	-1.04240509833744
			1.60603111081059	-1.04240509833744
			1.61209160556837	-1.04240509833744
			1.61815210032614	-1.04240509833744
			1.62421259508392	-1.04240509833744
			1.63027308984169	-1.04240509833744
			1.63633358459947	-1.04240509833744
			1.64239407935725	-1.04240509833744
			1.64845457411502	-1.04240509833744
			1.6545150688728	-1.04240509833744
			1.66057556363057	-1.04240509833744
			1.66663605838835	-1.04240509833744
			1.67269655314612	-1.04240509833744
			1.6787570479039	-1.04240509833744
			1.68481754266168	-1.04240509833744
			1.69087803741945	-1.04240509833744
			1.69693853217723	-1.04240509833744
			1.702999026935	-1.04240509833744
			1.70905952169278	-1.04240509833744
			1.71512001645056	-1.04240509833744
			1.72118051120833	-1.04240509833744
			1.72724100596611	-1.04240509833744
			1.73330150072388	-1.04240509833744
			1.73936199548166	-1.04240509833744
			1.74542249023943	-1.04240509833744
			1.75148298499721	-1.04240509833744
			1.75754347975499	-1.04240509833744
			1.76360397451276	-1.03634460357966
			1.76966446927054	-1.03634460357966
			1.77572496402831	-1.03634460357966
			1.78178545878609	-1.03634460357966
			1.78784595354387	-1.03634460357966
			1.79390644830164	-1.03028410882189
			1.79996694305942	-1.03028410882189
			1.80602743781719	-1.03028410882189
			1.81208793257497	-1.03028410882189
			1.81814842733274	-1.03028410882189
			1.82420892209052	-1.03028410882189
			1.8302694168483	-1.03028410882189
			1.83632991160607	-1.03028410882189
			1.84239040636385	-1.03028410882189
			1.84845090112162	-1.03028410882189
			1.8545113958794	-1.03028410882189
			1.86057189063718	-1.03028410882189
			1.86663238539495	-1.03028410882189
			1.87269288015273	-1.03028410882189
			1.8787533749105	-1.03028410882189
			1.88481386966828	-1.03634460357966
			1.89087436442605	-1.03634460357966
			1.89693485918383	-1.03634460357966
			1.90299535394161	-1.03634460357966
			1.90905584869938	-1.03634460357966
			1.91511634345716	-1.03634460357966
			1.92117683821493	-1.03634460357966
			1.92723733297271	-1.03634460357966
			1.93329782773048	-1.03634460357966
			1.93935832248826	-1.03634460357966
			1.94541881724604	-1.03634460357966
			1.95147931200381	-1.04240509833744
			1.95753980676159	-1.04240509833744
			1.96360030151936	-1.04240509833744
			1.96966079627714	-1.04240509833744
			1.97572129103492	-1.04240509833744
			1.98178178579269	-1.04240509833744
			1.98784228055047	-1.04240509833744
			1.99390277530824	-1.04240509833744
			1.99996327006602	-1.04240509833744
			2.00602376482379	-1.04846559309522
			2.01208425958157	-1.04846559309522
			2.01814475433935	-1.04846559309522
			2.02420524909712	-1.04846559309522
			2.0302657438549	-1.04846559309522
			2.03632623861267	-1.04846559309522
			2.04238673337045	-1.05452608785299
			2.04844722812823	-1.05452608785299
			2.054507722886	-1.06058658261077
			2.06056821764378	-1.06664707736854
			2.06662871240155	-1.06664707736854
			2.07268920715933	-1.07270757212632
			2.0787497019171	-1.0787680668841
			2.0787497019171	-1.08482856164187
			2.08481019667488	-1.09088905639965
			2.08481019667488	-1.09694955115742
			2.09087069143266	-1.09694955115742
			2.09087069143266	-1.1030100459152
			2.09693118619043	-1.10907054067297
			2.09693118619043	-1.11513103543075
			2.10299168094821	-1.12119153018853
			2.10299168094821	-1.1272520249463
			2.10299168094821	-1.13331251970408
			2.10905217570598	-1.13937301446185
			2.10905217570598	-1.14543350921963
			2.11511267046376	-1.1514940039774
			2.11511267046376	-1.15755449873518
			2.11511267046376	-1.16361499349296
			2.12117316522154	-1.16967548825073
			2.12117316522154	-1.17573598300851
			2.12117316522154	-1.18179647776628
			2.12723365997931	-1.18785697252406
			2.12723365997931	-1.19391746728184
			2.12723365997931	-1.19997796203961
			2.12723365997931	-1.20603845679739
			2.13329415473709	-1.21209895155516
			2.13329415473709	-1.21815944631294
			2.13329415473709	-1.22421994107071
			2.13329415473709	-1.23028043582849
			2.13935464949486	-1.23634093058627
			2.13935464949486	-1.24240142534404
			2.13935464949486	-1.24846192010182
			2.13935464949486	-1.25452241485959
			2.13935464949486	-1.26058290961737
			2.14541514425264	-1.26664340437515
			2.14541514425264	-1.27270389913292
			2.14541514425264	-1.2787643938907
			2.14541514425264	-1.28482488864847
			2.14541514425264	-1.29088538340625
			2.14541514425264	-1.29694587816402
			2.15147563901041	-1.3030063729218
			2.15147563901041	-1.30906686767958
			2.15147563901041	-1.31512736243735
			2.15147563901041	-1.32118785719513
			2.15753613376819	-1.3272483519529
			2.15753613376819	-1.33330884671068
			2.15753613376819	-1.33936934146846
			2.15753613376819	-1.34542983622623
			2.16359662852597	-1.35149033098401
			2.16359662852597	-1.35755082574178
			2.16359662852597	-1.36361132049956
			2.16359662852597	-1.36967181525733
			2.16965712328374	-1.37573231001511
			2.16965712328374	-1.38179280477289
			2.16965712328374	-1.38785329953066
			2.16965712328374	-1.39391379428844
			2.16965712328374	-1.39997428904621
			2.17571761804152	-1.39997428904621
			2.17571761804152	-1.40603478380399
			2.17571761804152	-1.41209527856176
			2.17571761804152	-1.41815577331954
			2.18177811279929	-1.42421626807732
			2.18177811279929	-1.43027676283509
			2.18177811279929	-1.43633725759287
			2.18177811279929	-1.44239775235064
			2.18783860755707	-1.44239775235064
			2.18783860755707	-1.44845824710842
			2.18783860755707	-1.4545187418662
			2.18783860755707	-1.46057923662397
			2.19389910231485	-1.46663973138175
			2.19389910231485	-1.47270022613952
			2.19389910231485	-1.4787607208973
			2.19389910231485	-1.48482121565507
			2.19995959707262	-1.49088171041285
			2.19995959707262	-1.49694220517063
			2.19995959707262	-1.5030026999284
			2.19995959707262	-1.50906319468618
			2.2060200918304	-1.51512368944395
			2.2060200918304	-1.52118418420173
			2.2060200918304	-1.52724467895951
			2.21208058658817	-1.53330517371728
			2.21208058658817	-1.53936566847506
			2.21208058658817	-1.54542616323283
			2.21208058658817	-1.55148665799061
			2.21814108134595	-1.55754715274838
			2.21814108134595	-1.56360764750616
			2.21814108134595	-1.56966814226394
			2.22420157610372	-1.57572863702171
			2.22420157610372	-1.58178913177949
			2.22420157610372	-1.57572863702171
			2.22420157610372	-1.56966814226394
			2.22420157610372	-1.56360764750616
			2.2302620708615	-1.55754715274838
			2.2302620708615	-1.55148665799061
			2.2302620708615	-1.54542616323283
			2.2302620708615	-1.53936566847506
			2.2302620708615	-1.53330517371728
			2.2302620708615	-1.52724467895951
			2.2302620708615	-1.52118418420173
			2.2302620708615	-1.51512368944395
			2.2302620708615	-1.50906319468618
			2.2302620708615	-1.5030026999284
			2.2302620708615	-1.49694220517063
			2.2302620708615	-1.49088171041285
			2.2302620708615	-1.48482121565507
			2.2302620708615	-1.4787607208973
			2.2302620708615	-1.47270022613952
			2.23632256561928	-1.46663973138175
			2.23632256561928	-1.46057923662397
			2.23632256561928	-1.4545187418662
			2.23632256561928	-1.44845824710842
			2.23632256561928	-1.44239775235064
			2.23632256561928	-1.43633725759287
			2.23632256561928	-1.43027676283509
			2.23632256561928	-1.42421626807732
			2.23632256561928	-1.41815577331954
			2.23632256561928	-1.41209527856176
			2.2302620708615	-1.40603478380399
			2.2302620708615	-1.39997428904621
			2.2302620708615	-1.39391379428844
			2.2302620708615	-1.38785329953066
			2.2302620708615	-1.38179280477289
			2.2302620708615	-1.37573231001511
			2.2302620708615	-1.36967181525733
			2.2302620708615	-1.36361132049956
			2.2302620708615	-1.35755082574178
			2.2302620708615	-1.35149033098401
			2.2302620708615	-1.34542983622623
			2.2302620708615	-1.33936934146846
			2.2302620708615	-1.33330884671068
			2.2302620708615	-1.3272483519529
			2.2302620708615	-1.32118785719513
			2.2302620708615	-1.31512736243735
			2.2302620708615	-1.30906686767958
			2.2302620708615	-1.3030063729218
			2.22420157610372	-1.29694587816402
			2.22420157610372	-1.29088538340625
			2.22420157610372	-1.28482488864847
			2.22420157610372	-1.2787643938907
			2.22420157610372	-1.27270389913292
			2.22420157610372	-1.26664340437515
			2.22420157610372	-1.26058290961737
			2.22420157610372	-1.25452241485959
			2.22420157610372	-1.24846192010182
			2.22420157610372	-1.24240142534404
			2.21814108134595	-1.23634093058627
			2.21814108134595	-1.23028043582849
			2.21814108134595	-1.22421994107071
			2.21814108134595	-1.21815944631294
			2.21814108134595	-1.21209895155516
			2.21814108134595	-1.20603845679739
			2.21814108134595	-1.19997796203961
			2.21814108134595	-1.19391746728184
			2.21814108134595	-1.18785697252406
			2.21208058658817	-1.18179647776628
			2.21208058658817	-1.17573598300851
			2.21208058658817	-1.16967548825073
			2.21208058658817	-1.16361499349296
			2.21208058658817	-1.15755449873518
			2.21208058658817	-1.1514940039774
			2.21208058658817	-1.14543350921963
			2.2060200918304	-1.13937301446185
			2.2060200918304	-1.13331251970408
			2.2060200918304	-1.1272520249463
			2.2060200918304	-1.12119153018853
			2.2060200918304	-1.11513103543075
			2.2060200918304	-1.10907054067297
			2.2060200918304	-1.1030100459152
			2.19995959707262	-1.09694955115742
			2.19995959707262	-1.09088905639965
			2.19995959707262	-1.08482856164187
			2.19995959707262	-1.0787680668841
			2.19995959707262	-1.07270757212632
			2.19995959707262	-1.06664707736854
			2.19389910231485	-1.06058658261077
			2.19389910231485	-1.05452608785299
			2.19389910231485	-1.04846559309522
			2.19389910231485	-1.04240509833744
			2.19389910231485	-1.03634460357966
			2.19389910231485	-1.03028410882189
			2.18783860755707	-1.02422361406411
			2.18783860755707	-1.01816311930634
			2.18783860755707	-1.01210262454856
		</posterior>
	</curves.scaled>
	<ruler.points type=matrix rownames=TRUE colnames=FALSE nrow=2 ncol=2 as.numeric=TRUE >
		Ruler point 1	99	65
		Ruler point 2	98	230
	</ruler.points>
</shapes>

