<shapes type=list>
	<ruler.pixel type=vector names=FALSE length=1 as.numeric=TRUE >20.0249843945008</ruler.pixel>
	<ruler.interval type=vector names=FALSE length=1 as.numeric=TRUE >1</ruler.interval>
	<scaling.units type=vector names=FALSE length=1 as.numeric=FALSE >mm</scaling.units>
	<scaling type=vector names=FALSE length=1 as.numeric=TRUE >0.0499376169438922</scaling>
	<landmarks.pixel type=matrix rownames=TRUE colnames=FALSE nrow=16 ncol=2 as.numeric=TRUE >
		LM1	127	45
		LM2	128	80
		LM3	125	250
		LM4	125	297
		LM5	205	206
		LM6	210	234
		LM7	210	257
		LM8	205	151
		LM9	202	228
		LM10	127	45
		LM11	225	232
		LM12	256	259
		LM13	127	45
		LM14	240	180
		LM15	329	297
		LM16	321	395
	</landmarks.pixel>
	<landmarks.scaled type=matrix rownames=TRUE colnames=FALSE nrow=16 ncol=2 as.numeric=TRUE >
		LM1	6.34207735187431	-2.24719276247515
		LM2	6.39201496881821	-3.99500935551138
		LM3	6.24220211798653	-12.4844042359731
		LM4	6.24220211798653	-14.831472232336
		LM5	10.2372114734979	-10.2871490904418
		LM6	10.4868995582174	-11.6854023648708
		LM7	10.4868995582174	-12.8339675545803
		LM8	10.2372114734979	-7.54058015852773
		LM9	10.0873986226662	-11.3857766632074
		LM10	6.34207735187431	-2.24719276247515
		LM11	11.2359638123758	-11.585527130983
		LM12	12.7840299376364	-12.9338427884681
		LM13	6.34207735187431	-2.24719276247515
		LM14	11.9850280665341	-8.9887710499006
		LM15	16.4294759745405	-14.831472232336
		LM16	16.0299750389894	-19.7253586928374
	</landmarks.scaled>
	<curves.control type=list>
		<glabella type=matrix rownames=FALSE colnames=FALSE nrow=11 ncol=2 as.numeric=TRUE >
			128	80
			205	92
			197	156
			188	167
			203	186
			211	218
			203	219
			200	226
			211	242
			212	242
			210	257
		</glabella>
		<suture type=matrix rownames=FALSE colnames=FALSE nrow=9 ncol=2 as.numeric=TRUE >
			127	45
			153	39
			195	68
			210	90
			205	151
			255	191
			211	225
			240	240
			256	259
		</suture>
		<anterior type=matrix rownames=FALSE colnames=FALSE nrow=5 ncol=2 as.numeric=TRUE >
			127	45
			150	34
			253	103
			333	171
			329	297
		</anterior>
		<posterior type=matrix rownames=FALSE colnames=FALSE nrow=11 ncol=2 as.numeric=TRUE >
			125	297
			160	311
			200	271
			206	248
			234	259
			276	264
			289	267
			309	330
			321	395
			329	343
			329	297
		</posterior>
	</curves.control>
	<curves.pixel type=list>
		<glabella type=matrix rownames=FALSE colnames=FALSE nrow=211 ncol=2 as.numeric=TRUE >
			128	80
			129	80
			130	80
			131	81
			132	81
			133	81
			134	81
			135	81
			136	81
			137	82
			138	82
			139	82
			140	82
			141	83
			142	83
			143	83
			144	83
			145	84
			146	84
			147	84
			148	84
			149	85
			150	85
			151	85
			152	86
			153	86
			154	87
			155	87
			156	87
			157	88
			158	88
			159	88
			160	89
			161	89
			162	90
			163	90
			164	91
			165	91
			166	91
			167	92
			168	93
			169	93
			170	94
			171	95
			172	95
			173	96
			174	96
			175	97
			176	98
			177	99
			178	100
			179	101
			180	101
			181	102
			182	103
			183	104
			184	105
			184	106
			185	107
			186	108
			187	109
			188	110
			188	111
			189	112
			190	113
			190	114
			191	115
			191	116
			192	117
			192	118
			193	119
			193	120
			194	121
			194	122
			194	123
			195	124
			195	125
			195	126
			196	127
			196	128
			196	129
			196	130
			197	131
			197	132
			197	133
			197	134
			197	135
			197	136
			197	137
			197	138
			198	139
			198	140
			198	141
			198	142
			198	143
			198	144
			198	145
			198	146
			198	147
			198	148
			198	149
			198	150
			197	151
			197	152
			197	153
			197	154
			197	155
			197	156
			197	157
			196	157
			196	158
			195	159
			195	160
			194	161
			194	162
			194	163
			194	164
			194	165
			194	166
			194	167
			194	168
			194	169
			194	170
			195	171
			195	172
			195	173
			196	174
			196	175
			197	176
			197	177
			198	178
			198	179
			199	180
			199	181
			200	182
			201	183
			202	184
			202	185
			203	186
			203	187
			203	188
			204	189
			204	190
			204	191
			204	192
			205	193
			205	194
			205	195
			205	196
			206	197
			206	198
			206	199
			206	200
			206	201
			206	202
			206	203
			207	204
			207	205
			207	206
			207	207
			207	208
			207	209
			207	210
			207	211
			207	212
			207	213
			207	214
			207	215
			206	215
			206	216
			206	217
			205	218
			204	219
			203	220
			202	221
			202	222
			202	223
			202	224
			203	225
			203	226
			203	227
			204	228
			204	229
			204	230
			205	231
			205	232
			206	233
			206	234
			207	235
			207	236
			208	237
			208	238
			209	239
			210	240
			210	241
			211	242
			211	243
			211	244
			211	245
			211	246
			211	247
			211	248
			211	249
			211	250
			211	251
			211	252
			210	253
			210	254
			210	255
			210	256
			210	257
		</glabella>
		<suture type=matrix rownames=FALSE colnames=FALSE nrow=285 ncol=2 as.numeric=TRUE >
			127	45
			128	45
			129	45
			130	44
			131	44
			132	44
			133	44
			134	44
			135	44
			136	44
			137	44
			138	44
			139	44
			140	44
			141	44
			142	44
			143	44
			144	45
			145	45
			146	45
			147	45
			148	45
			149	45
			150	46
			151	46
			152	46
			153	47
			154	47
			155	47
			156	47
			157	48
			158	48
			159	48
			160	49
			161	49
			162	50
			163	50
			164	51
			165	51
			166	51
			167	52
			168	52
			169	53
			170	53
			171	54
			172	54
			173	55
			174	55
			175	56
			176	56
			177	57
			178	57
			179	58
			180	59
			181	59
			182	60
			183	60
			184	61
			185	61
			186	62
			187	63
			188	63
			189	64
			190	65
			191	65
			192	66
			193	67
			194	67
			195	68
			195	69
			196	69
			196	70
			197	71
			197	72
			198	73
			198	74
			199	75
			199	76
			200	77
			200	78
			201	79
			201	80
			201	81
			201	82
			202	82
			202	83
			202	84
			202	85
			203	86
			203	87
			203	88
			203	89
			203	90
			204	91
			204	92
			204	93
			204	94
			204	95
			204	96
			205	97
			205	98
			205	99
			205	100
			205	101
			205	102
			205	103
			205	104
			206	105
			206	106
			206	107
			206	108
			206	109
			206	110
			206	111
			206	112
			206	113
			206	114
			206	115
			206	116
			206	117
			206	118
			206	119
			206	120
			206	121
			206	122
			206	123
			206	124
			206	125
			206	126
			206	127
			206	128
			206	129
			206	130
			206	131
			206	132
			206	133
			206	134
			206	135
			206	136
			206	137
			206	138
			206	139
			206	140
			206	141
			206	142
			206	143
			206	144
			205	145
			205	146
			205	147
			205	148
			205	149
			205	150
			205	151
			206	152
			207	152
			207	153
			208	154
			209	154
			210	155
			210	156
			211	156
			212	157
			213	157
			213	158
			214	159
			215	159
			215	160
			216	161
			217	162
			218	163
			219	164
			220	165
			221	166
			221	167
			222	168
			223	169
			224	170
			224	171
			225	172
			225	173
			226	174
			227	174
			227	175
			227	176
			228	177
			228	178
			229	179
			229	180
			229	181
			230	182
			230	183
			231	184
			231	185
			231	186
			231	187
			231	188
			231	189
			232	190
			232	191
			232	192
			232	193
			231	194
			231	195
			231	196
			231	197
			231	198
			231	199
			230	200
			230	201
			230	202
			229	203
			229	204
			228	205
			228	206
			227	207
			227	208
			226	209
			226	210
			225	211
			224	212
			223	213
			222	214
			222	215
			221	216
			220	217
			219	218
			218	219
			217	220
			216	221
			215	221
			214	222
			213	223
			212	224
			211	225
			212	225
			212	226
			213	226
			214	226
			215	227
			216	228
			217	228
			218	229
			219	229
			220	230
			221	230
			221	231
			222	231
			223	232
			224	232
			225	233
			226	234
			227	234
			228	235
			229	235
			230	236
			231	237
			232	238
			233	239
			234	239
			235	240
			236	241
			237	241
			238	242
			239	243
			240	244
			241	244
			242	245
			243	246
			244	247
			245	247
			246	248
			246	249
			247	250
			248	251
			249	251
			250	252
			250	253
			251	254
			252	255
			253	255
			254	256
			254	257
			255	258
			256	259
		</suture>
		<anterior type=matrix rownames=FALSE colnames=FALSE nrow=330 ncol=2 as.numeric=TRUE >
			127	45
			128	45
			129	44
			130	44
			131	44
			132	44
			133	44
			134	43
			135	43
			136	44
			137	44
			138	44
			139	44
			140	44
			141	44
			142	44
			143	44
			144	45
			145	45
			146	45
			147	45
			148	46
			149	46
			150	46
			151	46
			152	47
			153	47
			154	47
			155	48
			156	48
			157	48
			158	49
			159	49
			160	50
			161	50
			162	51
			163	51
			164	52
			165	52
			166	52
			167	52
			167	53
			168	53
			169	53
			169	54
			170	54
			171	54
			172	55
			173	55
			174	56
			175	56
			176	57
			177	57
			178	58
			179	58
			180	59
			181	59
			182	60
			183	60
			184	61
			185	61
			186	62
			187	62
			188	63
			189	63
			190	64
			191	64
			192	65
			193	66
			194	66
			195	67
			196	67
			197	68
			198	69
			199	69
			200	70
			201	71
			202	71
			203	71
			203	72
			204	72
			205	73
			206	73
			207	74
			208	75
			209	75
			210	76
			211	76
			212	77
			213	77
			213	78
			214	78
			215	79
			216	79
			217	80
			218	80
			219	81
			220	81
			220	82
			221	83
			222	83
			223	84
			224	84
			225	85
			226	85
			227	86
			228	87
			229	87
			230	88
			231	88
			232	89
			233	90
			234	91
			235	91
			236	92
			237	93
			238	93
			239	94
			240	94
			241	95
			242	96
			243	97
			244	97
			245	98
			246	99
			247	99
			248	100
			249	100
			250	101
			251	102
			252	103
			253	103
			254	104
			255	105
			256	106
			257	107
			258	108
			259	109
			260	109
			261	110
			262	111
			263	112
			264	113
			265	114
			266	115
			267	116
			268	117
			269	118
			270	119
			271	120
			272	121
			273	122
			274	123
			275	124
			275	125
			276	126
			277	127
			278	128
			279	129
			280	130
			281	131
			282	132
			282	133
			283	134
			284	135
			284	136
			285	137
			286	138
			287	139
			287	140
			288	141
			288	142
			289	142
			290	143
			290	144
			291	145
			292	146
			292	147
			293	148
			293	149
			294	150
			295	151
			295	152
			296	153
			296	154
			297	155
			298	156
			298	157
			299	158
			299	159
			300	160
			300	161
			301	162
			302	163
			302	164
			303	165
			303	166
			304	167
			304	168
			305	169
			305	170
			306	171
			306	172
			307	173
			307	174
			308	175
			308	176
			309	177
			309	178
			309	179
			310	180
			310	181
			311	182
			311	183
			311	184
			312	185
			312	186
			313	187
			313	188
			313	189
			314	190
			314	191
			314	192
			315	193
			315	194
			315	195
			316	196
			316	197
			316	198
			317	199
			317	200
			317	201
			318	202
			318	203
			318	204
			319	205
			319	206
			319	207
			319	208
			320	209
			320	210
			320	211
			320	212
			321	213
			321	214
			321	215
			321	216
			322	217
			322	218
			322	219
			322	220
			323	221
			323	222
			323	223
			323	224
			324	225
			324	226
			324	227
			324	228
			324	229
			325	230
			325	231
			325	232
			325	233
			325	234
			325	235
			325	236
			326	236
			326	237
			326	238
			326	239
			326	240
			326	241
			326	242
			326	243
			327	243
			327	244
			327	245
			327	246
			327	247
			327	248
			327	249
			327	250
			327	251
			328	252
			328	253
			328	254
			328	255
			328	256
			328	257
			328	258
			328	259
			328	260
			328	261
			328	262
			328	263
			329	264
			329	265
			329	266
			329	267
			329	268
			329	269
			329	270
			329	271
			329	272
			329	273
			329	274
			329	275
			329	276
			329	277
			329	278
			329	279
			329	280
			329	281
			329	282
			329	283
			329	284
			329	285
			329	286
			329	287
			329	288
			329	289
			329	290
			329	291
			329	292
			329	293
			329	294
			329	295
			329	296
			329	297
		</anterior>
		<posterior type=matrix rownames=FALSE colnames=FALSE nrow=399 ncol=2 as.numeric=TRUE >
			125	297
			126	297
			127	298
			128	298
			129	298
			130	299
			131	299
			132	299
			133	300
			134	300
			135	300
			136	300
			137	300
			138	300
			139	300
			140	301
			141	301
			142	301
			143	301
			144	301
			145	301
			146	301
			147	301
			148	300
			149	300
			150	300
			151	300
			152	300
			153	300
			154	300
			155	299
			156	299
			157	299
			158	299
			159	298
			160	298
			161	298
			162	297
			163	297
			164	296
			165	296
			166	296
			167	295
			168	295
			169	294
			170	294
			171	293
			172	293
			173	292
			174	292
			175	291
			176	290
			177	290
			178	289
			179	288
			180	288
			181	287
			182	286
			183	286
			184	285
			185	284
			186	283
			187	283
			188	282
			189	281
			190	280
			191	279
			192	278
			193	277
			194	276
			195	275
			196	274
			197	273
			198	273
			199	272
			200	271
			200	270
			201	269
			201	268
			201	267
			202	266
			202	265
			203	264
			203	263
			204	262
			205	261
			206	260
			207	259
			208	258
			209	257
			210	257
			211	257
			212	256
			213	256
			214	256
			215	256
			216	256
			217	255
			218	255
			219	255
			220	255
			220	256
			221	256
			222	256
			223	256
			224	256
			225	256
			226	256
			227	257
			228	257
			229	257
			230	258
			231	258
			232	258
			233	259
			234	259
			235	259
			236	259
			237	259
			238	260
			239	260
			240	260
			241	260
			242	260
			243	260
			244	260
			245	260
			246	260
			246	261
			247	261
			248	261
			249	261
			250	261
			251	261
			252	261
			253	261
			254	262
			255	262
			256	262
			257	262
			258	262
			259	262
			260	262
			261	262
			262	262
			262	263
			263	263
			264	263
			265	263
			266	263
			267	263
			268	263
			269	264
			270	264
			271	264
			272	264
			273	264
			274	264
			275	264
			276	265
			277	265
			278	265
			279	265
			280	265
			281	265
			282	266
			283	266
			284	266
			285	266
			286	266
			287	267
			288	267
			289	268
			290	269
			290	270
			290	271
			291	272
			291	273
			291	274
			292	275
			292	276
			292	277
			292	278
			293	279
			293	280
			293	281
			294	282
			294	283
			294	284
			294	285
			295	285
			295	286
			295	287
			296	288
			296	289
			296	290
			296	291
			297	292
			297	293
			297	294
			297	295
			298	296
			298	297
			298	298
			299	299
			299	300
			299	301
			299	302
			300	303
			300	304
			300	305
			300	306
			301	306
			301	307
			301	308
			301	309
			302	310
			302	311
			302	312
			303	313
			303	314
			303	315
			303	316
			304	317
			304	318
			304	319
			304	320
			305	321
			305	322
			305	323
			305	324
			306	325
			306	326
			306	327
			306	328
			307	329
			307	330
			307	331
			307	332
			308	333
			308	334
			308	335
			308	336
			309	337
			309	338
			309	339
			309	340
			310	341
			310	342
			310	343
			310	344
			311	345
			311	346
			311	347
			311	348
			312	349
			312	350
			312	351
			312	352
			312	353
			313	354
			313	355
			313	356
			313	357
			314	358
			314	359
			314	360
			314	361
			314	362
			315	363
			315	364
			315	365
			315	366
			316	367
			316	368
			316	369
			316	370
			316	371
			317	372
			317	373
			317	374
			317	375
			317	376
			318	377
			318	378
			318	379
			318	380
			318	381
			319	382
			319	383
			319	384
			319	385
			319	386
			320	387
			320	388
			320	389
			320	390
			320	391
			320	392
			321	393
			321	394
			321	393
			321	392
			322	391
			322	390
			322	389
			322	388
			322	387
			322	386
			323	385
			323	384
			323	383
			323	382
			323	381
			323	380
			323	379
			323	378
			324	377
			324	376
			324	375
			324	374
			324	373
			324	372
			324	371
			324	370
			325	369
			325	368
			325	367
			325	366
			325	365
			325	364
			325	363
			325	362
			325	361
			326	360
			326	359
			326	358
			326	357
			326	356
			326	355
			326	354
			326	353
			326	352
			326	351
			327	350
			327	349
			327	348
			327	347
			327	346
			327	345
			327	344
			327	343
			327	342
			327	341
			327	340
			327	339
			328	338
			328	337
			328	336
			328	335
			328	334
			328	333
			328	332
			328	331
			328	330
			328	329
			328	328
			328	327
			328	326
			328	325
			328	324
			328	323
			328	322
			328	321
			328	320
			329	320
			329	319
			329	318
			329	317
			329	316
			329	315
			329	314
			329	313
			329	312
			329	311
			329	310
			329	309
			329	308
			329	307
			329	306
			329	305
			329	304
			329	303
			329	302
			329	301
			329	300
			329	299
			329	298
			329	297
		</posterior>
	</curves.pixel>
	<curves.scaled type=list>
		<glabella type=matrix rownames=FALSE colnames=FALSE nrow=211 ncol=2 as.numeric=TRUE >
			6.39201496881821	-3.99500935551138
			6.4419525857621	-3.99500935551138
			6.49189020270599	-3.99500935551138
			6.54182781964988	-4.04494697245527
			6.59176543659378	-4.04494697245527
			6.64170305353767	-4.04494697245527
			6.69164067048156	-4.04494697245527
			6.74157828742545	-4.04494697245527
			6.79151590436934	-4.04494697245527
			6.84145352131324	-4.09488458939916
			6.89139113825713	-4.09488458939916
			6.94132875520102	-4.09488458939916
			6.99126637214491	-4.09488458939916
			7.0412039890888	-4.14482220634306
			7.0911416060327	-4.14482220634306
			7.14107922297659	-4.14482220634306
			7.19101683992048	-4.14482220634306
			7.24095445686437	-4.19475982328695
			7.29089207380827	-4.19475982328695
			7.34082969075216	-4.19475982328695
			7.39076730769605	-4.19475982328695
			7.44070492463994	-4.24469744023084
			7.49064254158383	-4.24469744023084
			7.54058015852773	-4.24469744023084
			7.59051777547162	-4.29463505717473
			7.64045539241551	-4.29463505717473
			7.6903930093594	-4.34457267411862
			7.7403306263033	-4.34457267411862
			7.79026824324719	-4.34457267411862
			7.84020586019108	-4.39451029106252
			7.89014347713497	-4.39451029106252
			7.94008109407886	-4.39451029106252
			7.99001871102276	-4.44444790800641
			8.03995632796665	-4.44444790800641
			8.08989394491054	-4.4943855249503
			8.13983156185443	-4.4943855249503
			8.18976917879833	-4.54432314189419
			8.23970679574222	-4.54432314189419
			8.28964441268611	-4.54432314189419
			8.33958202963	-4.59426075883809
			8.38951964657389	-4.64419837578198
			8.43945726351779	-4.64419837578198
			8.48939488046168	-4.69413599272587
			8.53933249740557	-4.74407360966976
			8.58927011434946	-4.74407360966976
			8.63920773129336	-4.79401122661365
			8.68914534823725	-4.79401122661365
			8.73908296518114	-4.84394884355755
			8.78902058212503	-4.89388646050144
			8.83895819906892	-4.94382407744533
			8.88889581601282	-4.99376169438922
			8.93883343295671	-5.04369931133312
			8.9887710499006	-5.04369931133312
			9.03870866684449	-5.09363692827701
			9.08864628378839	-5.1435745452209
			9.13858390073228	-5.19351216216479
			9.18852151767617	-5.24344977910868
			9.18852151767617	-5.29338739605258
			9.23845913462006	-5.34332501299647
			9.28839675156395	-5.39326262994036
			9.33833436850785	-5.44320024688425
			9.38827198545174	-5.49313786382815
			9.38827198545174	-5.54307548077204
			9.43820960239563	-5.59301309771593
			9.48814721933952	-5.64295071465982
			9.48814721933952	-5.69288833160371
			9.53808483628342	-5.74282594854761
			9.53808483628342	-5.7927635654915
			9.58802245322731	-5.84270118243539
			9.58802245322731	-5.89263879937928
			9.6379600701712	-5.94257641632318
			9.6379600701712	-5.99251403326707
			9.68789768711509	-6.04245165021096
			9.68789768711509	-6.09238926715485
			9.68789768711509	-6.14232688409874
			9.73783530405898	-6.19226450104264
			9.73783530405898	-6.24220211798653
			9.73783530405898	-6.29213973493042
			9.78777292100288	-6.34207735187431
			9.78777292100288	-6.39201496881821
			9.78777292100288	-6.4419525857621
			9.78777292100288	-6.49189020270599
			9.83771053794677	-6.54182781964988
			9.83771053794677	-6.59176543659378
			9.83771053794677	-6.64170305353767
			9.83771053794677	-6.69164067048156
			9.83771053794677	-6.74157828742545
			9.83771053794677	-6.79151590436934
			9.83771053794677	-6.84145352131324
			9.83771053794677	-6.89139113825713
			9.88764815489066	-6.94132875520102
			9.88764815489066	-6.99126637214491
			9.88764815489066	-7.0412039890888
			9.88764815489066	-7.0911416060327
			9.88764815489066	-7.14107922297659
			9.88764815489066	-7.19101683992048
			9.88764815489066	-7.24095445686437
			9.88764815489066	-7.29089207380827
			9.88764815489066	-7.34082969075216
			9.88764815489066	-7.39076730769605
			9.88764815489066	-7.44070492463994
			9.88764815489066	-7.49064254158383
			9.83771053794677	-7.54058015852773
			9.83771053794677	-7.59051777547162
			9.83771053794677	-7.64045539241551
			9.83771053794677	-7.6903930093594
			9.83771053794677	-7.7403306263033
			9.83771053794677	-7.79026824324719
			9.83771053794677	-7.84020586019108
			9.78777292100288	-7.84020586019108
			9.78777292100288	-7.89014347713497
			9.73783530405898	-7.94008109407886
			9.73783530405898	-7.99001871102276
			9.68789768711509	-8.03995632796665
			9.68789768711509	-8.08989394491054
			9.68789768711509	-8.13983156185443
			9.68789768711509	-8.18976917879833
			9.68789768711509	-8.23970679574222
			9.68789768711509	-8.28964441268611
			9.68789768711509	-8.33958202963
			9.68789768711509	-8.38951964657389
			9.68789768711509	-8.43945726351779
			9.68789768711509	-8.48939488046168
			9.73783530405898	-8.53933249740557
			9.73783530405898	-8.58927011434946
			9.73783530405898	-8.63920773129336
			9.78777292100288	-8.68914534823725
			9.78777292100288	-8.73908296518114
			9.83771053794677	-8.78902058212503
			9.83771053794677	-8.83895819906892
			9.88764815489066	-8.88889581601282
			9.88764815489066	-8.93883343295671
			9.93758577183455	-8.9887710499006
			9.93758577183455	-9.03870866684449
			9.98752338877845	-9.08864628378839
			10.0374610057223	-9.13858390073228
			10.0873986226662	-9.18852151767617
			10.0873986226662	-9.23845913462006
			10.1373362396101	-9.28839675156395
			10.1373362396101	-9.33833436850785
			10.1373362396101	-9.38827198545174
			10.187273856554	-9.43820960239563
			10.187273856554	-9.48814721933952
			10.187273856554	-9.53808483628342
			10.187273856554	-9.58802245322731
			10.2372114734979	-9.6379600701712
			10.2372114734979	-9.68789768711509
			10.2372114734979	-9.73783530405898
			10.2372114734979	-9.78777292100288
			10.2871490904418	-9.83771053794677
			10.2871490904418	-9.88764815489066
			10.2871490904418	-9.93758577183455
			10.2871490904418	-9.98752338877845
			10.2871490904418	-10.0374610057223
			10.2871490904418	-10.0873986226662
			10.2871490904418	-10.1373362396101
			10.3370867073857	-10.187273856554
			10.3370867073857	-10.2372114734979
			10.3370867073857	-10.2871490904418
			10.3370867073857	-10.3370867073857
			10.3370867073857	-10.3870243243296
			10.3370867073857	-10.4369619412735
			10.3370867073857	-10.4868995582174
			10.3370867073857	-10.5368371751613
			10.3370867073857	-10.5867747921052
			10.3370867073857	-10.636712409049
			10.3370867073857	-10.6866500259929
			10.3370867073857	-10.7365876429368
			10.2871490904418	-10.7365876429368
			10.2871490904418	-10.7865252598807
			10.2871490904418	-10.8364628768246
			10.2372114734979	-10.8864004937685
			10.187273856554	-10.9363381107124
			10.1373362396101	-10.9862757276563
			10.0873986226662	-11.0362133446002
			10.0873986226662	-11.0861509615441
			10.0873986226662	-11.136088578488
			10.0873986226662	-11.1860261954319
			10.1373362396101	-11.2359638123758
			10.1373362396101	-11.2859014293196
			10.1373362396101	-11.3358390462635
			10.187273856554	-11.3857766632074
			10.187273856554	-11.4357142801513
			10.187273856554	-11.4856518970952
			10.2372114734979	-11.5355895140391
			10.2372114734979	-11.585527130983
			10.2871490904418	-11.6354647479269
			10.2871490904418	-11.6854023648708
			10.3370867073857	-11.7353399818147
			10.3370867073857	-11.7852775987586
			10.3870243243296	-11.8352152157025
			10.3870243243296	-11.8851528326464
			10.4369619412735	-11.9350904495902
			10.4868995582174	-11.9850280665341
			10.4868995582174	-12.034965683478
			10.5368371751613	-12.0849033004219
			10.5368371751613	-12.1348409173658
			10.5368371751613	-12.1847785343097
			10.5368371751613	-12.2347161512536
			10.5368371751613	-12.2846537681975
			10.5368371751613	-12.3345913851414
			10.5368371751613	-12.3845290020853
			10.5368371751613	-12.4344666190292
			10.5368371751613	-12.4844042359731
			10.5368371751613	-12.534341852917
			10.5368371751613	-12.5842794698608
			10.4868995582174	-12.6342170868047
			10.4868995582174	-12.6841547037486
			10.4868995582174	-12.7340923206925
			10.4868995582174	-12.7840299376364
			10.4868995582174	-12.8339675545803
		</glabella>
		<suture type=matrix rownames=FALSE colnames=FALSE nrow=285 ncol=2 as.numeric=TRUE >
			6.34207735187431	-2.24719276247515
			6.39201496881821	-2.24719276247515
			6.4419525857621	-2.24719276247515
			6.49189020270599	-2.19725514553126
			6.54182781964988	-2.19725514553126
			6.59176543659378	-2.19725514553126
			6.64170305353767	-2.19725514553126
			6.69164067048156	-2.19725514553126
			6.74157828742545	-2.19725514553126
			6.79151590436934	-2.19725514553126
			6.84145352131324	-2.19725514553126
			6.89139113825713	-2.19725514553126
			6.94132875520102	-2.19725514553126
			6.99126637214491	-2.19725514553126
			7.0412039890888	-2.19725514553126
			7.0911416060327	-2.19725514553126
			7.14107922297659	-2.19725514553126
			7.19101683992048	-2.24719276247515
			7.24095445686437	-2.24719276247515
			7.29089207380827	-2.24719276247515
			7.34082969075216	-2.24719276247515
			7.39076730769605	-2.24719276247515
			7.44070492463994	-2.24719276247515
			7.49064254158383	-2.29713037941904
			7.54058015852773	-2.29713037941904
			7.59051777547162	-2.29713037941904
			7.64045539241551	-2.34706799636293
			7.6903930093594	-2.34706799636293
			7.7403306263033	-2.34706799636293
			7.79026824324719	-2.34706799636293
			7.84020586019108	-2.39700561330683
			7.89014347713497	-2.39700561330683
			7.94008109407886	-2.39700561330683
			7.99001871102276	-2.44694323025072
			8.03995632796665	-2.44694323025072
			8.08989394491054	-2.49688084719461
			8.13983156185443	-2.49688084719461
			8.18976917879833	-2.5468184641385
			8.23970679574222	-2.5468184641385
			8.28964441268611	-2.5468184641385
			8.33958202963	-2.5967560810824
			8.38951964657389	-2.5967560810824
			8.43945726351779	-2.64669369802629
			8.48939488046168	-2.64669369802629
			8.53933249740557	-2.69663131497018
			8.58927011434946	-2.69663131497018
			8.63920773129336	-2.74656893191407
			8.68914534823725	-2.74656893191407
			8.73908296518114	-2.79650654885797
			8.78902058212503	-2.79650654885797
			8.83895819906892	-2.84644416580186
			8.88889581601282	-2.84644416580186
			8.93883343295671	-2.89638178274575
			8.9887710499006	-2.94631939968964
			9.03870866684449	-2.94631939968964
			9.08864628378839	-2.99625701663353
			9.13858390073228	-2.99625701663353
			9.18852151767617	-3.04619463357743
			9.23845913462006	-3.04619463357743
			9.28839675156395	-3.09613225052132
			9.33833436850785	-3.14606986746521
			9.38827198545174	-3.14606986746521
			9.43820960239563	-3.1960074844091
			9.48814721933952	-3.245945101353
			9.53808483628342	-3.245945101353
			9.58802245322731	-3.29588271829689
			9.6379600701712	-3.34582033524078
			9.68789768711509	-3.34582033524078
			9.73783530405898	-3.39575795218467
			9.73783530405898	-3.44569556912856
			9.78777292100288	-3.44569556912856
			9.78777292100288	-3.49563318607246
			9.83771053794677	-3.54557080301635
			9.83771053794677	-3.59550841996024
			9.88764815489066	-3.64544603690413
			9.88764815489066	-3.69538365384803
			9.93758577183455	-3.74532127079192
			9.93758577183455	-3.79525888773581
			9.98752338877845	-3.8451965046797
			9.98752338877845	-3.89513412162359
			10.0374610057223	-3.94507173856749
			10.0374610057223	-3.99500935551138
			10.0374610057223	-4.04494697245527
			10.0374610057223	-4.09488458939916
			10.0873986226662	-4.09488458939916
			10.0873986226662	-4.14482220634306
			10.0873986226662	-4.19475982328695
			10.0873986226662	-4.24469744023084
			10.1373362396101	-4.29463505717473
			10.1373362396101	-4.34457267411862
			10.1373362396101	-4.39451029106252
			10.1373362396101	-4.44444790800641
			10.1373362396101	-4.4943855249503
			10.187273856554	-4.54432314189419
			10.187273856554	-4.59426075883809
			10.187273856554	-4.64419837578198
			10.187273856554	-4.69413599272587
			10.187273856554	-4.74407360966976
			10.187273856554	-4.79401122661365
			10.2372114734979	-4.84394884355755
			10.2372114734979	-4.89388646050144
			10.2372114734979	-4.94382407744533
			10.2372114734979	-4.99376169438922
			10.2372114734979	-5.04369931133312
			10.2372114734979	-5.09363692827701
			10.2372114734979	-5.1435745452209
			10.2372114734979	-5.19351216216479
			10.2871490904418	-5.24344977910868
			10.2871490904418	-5.29338739605258
			10.2871490904418	-5.34332501299647
			10.2871490904418	-5.39326262994036
			10.2871490904418	-5.44320024688425
			10.2871490904418	-5.49313786382815
			10.2871490904418	-5.54307548077204
			10.2871490904418	-5.59301309771593
			10.2871490904418	-5.64295071465982
			10.2871490904418	-5.69288833160371
			10.2871490904418	-5.74282594854761
			10.2871490904418	-5.7927635654915
			10.2871490904418	-5.84270118243539
			10.2871490904418	-5.89263879937928
			10.2871490904418	-5.94257641632318
			10.2871490904418	-5.99251403326707
			10.2871490904418	-6.04245165021096
			10.2871490904418	-6.09238926715485
			10.2871490904418	-6.14232688409874
			10.2871490904418	-6.19226450104264
			10.2871490904418	-6.24220211798653
			10.2871490904418	-6.29213973493042
			10.2871490904418	-6.34207735187431
			10.2871490904418	-6.39201496881821
			10.2871490904418	-6.4419525857621
			10.2871490904418	-6.49189020270599
			10.2871490904418	-6.54182781964988
			10.2871490904418	-6.59176543659378
			10.2871490904418	-6.64170305353767
			10.2871490904418	-6.69164067048156
			10.2871490904418	-6.74157828742545
			10.2871490904418	-6.79151590436934
			10.2871490904418	-6.84145352131324
			10.2871490904418	-6.89139113825713
			10.2871490904418	-6.94132875520102
			10.2871490904418	-6.99126637214491
			10.2871490904418	-7.0412039890888
			10.2871490904418	-7.0911416060327
			10.2871490904418	-7.14107922297659
			10.2871490904418	-7.19101683992048
			10.2372114734979	-7.24095445686437
			10.2372114734979	-7.29089207380827
			10.2372114734979	-7.34082969075216
			10.2372114734979	-7.39076730769605
			10.2372114734979	-7.44070492463994
			10.2372114734979	-7.49064254158383
			10.2372114734979	-7.54058015852773
			10.2871490904418	-7.59051777547162
			10.3370867073857	-7.59051777547162
			10.3370867073857	-7.64045539241551
			10.3870243243296	-7.6903930093594
			10.4369619412735	-7.6903930093594
			10.4868995582174	-7.7403306263033
			10.4868995582174	-7.79026824324719
			10.5368371751613	-7.79026824324719
			10.5867747921052	-7.84020586019108
			10.636712409049	-7.84020586019108
			10.636712409049	-7.89014347713497
			10.6866500259929	-7.94008109407886
			10.7365876429368	-7.94008109407886
			10.7365876429368	-7.99001871102276
			10.7865252598807	-8.03995632796665
			10.8364628768246	-8.08989394491054
			10.8864004937685	-8.13983156185443
			10.9363381107124	-8.18976917879833
			10.9862757276563	-8.23970679574222
			11.0362133446002	-8.28964441268611
			11.0362133446002	-8.33958202963
			11.0861509615441	-8.38951964657389
			11.136088578488	-8.43945726351779
			11.1860261954319	-8.48939488046168
			11.1860261954319	-8.53933249740557
			11.2359638123758	-8.58927011434946
			11.2359638123758	-8.63920773129336
			11.2859014293196	-8.68914534823725
			11.3358390462635	-8.68914534823725
			11.3358390462635	-8.73908296518114
			11.3358390462635	-8.78902058212503
			11.3857766632074	-8.83895819906892
			11.3857766632074	-8.88889581601282
			11.4357142801513	-8.93883343295671
			11.4357142801513	-8.9887710499006
			11.4357142801513	-9.03870866684449
			11.4856518970952	-9.08864628378839
			11.4856518970952	-9.13858390073228
			11.5355895140391	-9.18852151767617
			11.5355895140391	-9.23845913462006
			11.5355895140391	-9.28839675156395
			11.5355895140391	-9.33833436850785
			11.5355895140391	-9.38827198545174
			11.5355895140391	-9.43820960239563
			11.585527130983	-9.48814721933952
			11.585527130983	-9.53808483628342
			11.585527130983	-9.58802245322731
			11.585527130983	-9.6379600701712
			11.5355895140391	-9.68789768711509
			11.5355895140391	-9.73783530405898
			11.5355895140391	-9.78777292100288
			11.5355895140391	-9.83771053794677
			11.5355895140391	-9.88764815489066
			11.5355895140391	-9.93758577183455
			11.4856518970952	-9.98752338877845
			11.4856518970952	-10.0374610057223
			11.4856518970952	-10.0873986226662
			11.4357142801513	-10.1373362396101
			11.4357142801513	-10.187273856554
			11.3857766632074	-10.2372114734979
			11.3857766632074	-10.2871490904418
			11.3358390462635	-10.3370867073857
			11.3358390462635	-10.3870243243296
			11.2859014293196	-10.4369619412735
			11.2859014293196	-10.4868995582174
			11.2359638123758	-10.5368371751613
			11.1860261954319	-10.5867747921052
			11.136088578488	-10.636712409049
			11.0861509615441	-10.6866500259929
			11.0861509615441	-10.7365876429368
			11.0362133446002	-10.7865252598807
			10.9862757276563	-10.8364628768246
			10.9363381107124	-10.8864004937685
			10.8864004937685	-10.9363381107124
			10.8364628768246	-10.9862757276563
			10.7865252598807	-11.0362133446002
			10.7365876429368	-11.0362133446002
			10.6866500259929	-11.0861509615441
			10.636712409049	-11.136088578488
			10.5867747921052	-11.1860261954319
			10.5368371751613	-11.2359638123758
			10.5867747921052	-11.2359638123758
			10.5867747921052	-11.2859014293196
			10.636712409049	-11.2859014293196
			10.6866500259929	-11.2859014293196
			10.7365876429368	-11.3358390462635
			10.7865252598807	-11.3857766632074
			10.8364628768246	-11.3857766632074
			10.8864004937685	-11.4357142801513
			10.9363381107124	-11.4357142801513
			10.9862757276563	-11.4856518970952
			11.0362133446002	-11.4856518970952
			11.0362133446002	-11.5355895140391
			11.0861509615441	-11.5355895140391
			11.136088578488	-11.585527130983
			11.1860261954319	-11.585527130983
			11.2359638123758	-11.6354647479269
			11.2859014293196	-11.6854023648708
			11.3358390462635	-11.6854023648708
			11.3857766632074	-11.7353399818147
			11.4357142801513	-11.7353399818147
			11.4856518970952	-11.7852775987586
			11.5355895140391	-11.8352152157025
			11.585527130983	-11.8851528326464
			11.6354647479269	-11.9350904495902
			11.6854023648708	-11.9350904495902
			11.7353399818147	-11.9850280665341
			11.7852775987586	-12.034965683478
			11.8352152157025	-12.034965683478
			11.8851528326464	-12.0849033004219
			11.9350904495902	-12.1348409173658
			11.9850280665341	-12.1847785343097
			12.034965683478	-12.1847785343097
			12.0849033004219	-12.2347161512536
			12.1348409173658	-12.2846537681975
			12.1847785343097	-12.3345913851414
			12.2347161512536	-12.3345913851414
			12.2846537681975	-12.3845290020853
			12.2846537681975	-12.4344666190292
			12.3345913851414	-12.4844042359731
			12.3845290020853	-12.534341852917
			12.4344666190292	-12.534341852917
			12.4844042359731	-12.5842794698608
			12.4844042359731	-12.6342170868047
			12.534341852917	-12.6841547037486
			12.5842794698608	-12.7340923206925
			12.6342170868047	-12.7340923206925
			12.6841547037486	-12.7840299376364
			12.6841547037486	-12.8339675545803
			12.7340923206925	-12.8839051715242
			12.7840299376364	-12.9338427884681
		</suture>
		<anterior type=matrix rownames=FALSE colnames=FALSE nrow=330 ncol=2 as.numeric=TRUE >
			6.34207735187431	-2.24719276247515
			6.39201496881821	-2.24719276247515
			6.4419525857621	-2.19725514553126
			6.49189020270599	-2.19725514553126
			6.54182781964988	-2.19725514553126
			6.59176543659378	-2.19725514553126
			6.64170305353767	-2.19725514553126
			6.69164067048156	-2.14731752858737
			6.74157828742545	-2.14731752858737
			6.79151590436934	-2.19725514553126
			6.84145352131324	-2.19725514553126
			6.89139113825713	-2.19725514553126
			6.94132875520102	-2.19725514553126
			6.99126637214491	-2.19725514553126
			7.0412039890888	-2.19725514553126
			7.0911416060327	-2.19725514553126
			7.14107922297659	-2.19725514553126
			7.19101683992048	-2.24719276247515
			7.24095445686437	-2.24719276247515
			7.29089207380827	-2.24719276247515
			7.34082969075216	-2.24719276247515
			7.39076730769605	-2.29713037941904
			7.44070492463994	-2.29713037941904
			7.49064254158383	-2.29713037941904
			7.54058015852773	-2.29713037941904
			7.59051777547162	-2.34706799636293
			7.64045539241551	-2.34706799636293
			7.6903930093594	-2.34706799636293
			7.7403306263033	-2.39700561330683
			7.79026824324719	-2.39700561330683
			7.84020586019108	-2.39700561330683
			7.89014347713497	-2.44694323025072
			7.94008109407886	-2.44694323025072
			7.99001871102276	-2.49688084719461
			8.03995632796665	-2.49688084719461
			8.08989394491054	-2.5468184641385
			8.13983156185443	-2.5468184641385
			8.18976917879833	-2.5967560810824
			8.23970679574222	-2.5967560810824
			8.28964441268611	-2.5967560810824
			8.33958202963	-2.5967560810824
			8.33958202963	-2.64669369802629
			8.38951964657389	-2.64669369802629
			8.43945726351779	-2.64669369802629
			8.43945726351779	-2.69663131497018
			8.48939488046168	-2.69663131497018
			8.53933249740557	-2.69663131497018
			8.58927011434946	-2.74656893191407
			8.63920773129336	-2.74656893191407
			8.68914534823725	-2.79650654885797
			8.73908296518114	-2.79650654885797
			8.78902058212503	-2.84644416580186
			8.83895819906892	-2.84644416580186
			8.88889581601282	-2.89638178274575
			8.93883343295671	-2.89638178274575
			8.9887710499006	-2.94631939968964
			9.03870866684449	-2.94631939968964
			9.08864628378839	-2.99625701663353
			9.13858390073228	-2.99625701663353
			9.18852151767617	-3.04619463357743
			9.23845913462006	-3.04619463357743
			9.28839675156395	-3.09613225052132
			9.33833436850785	-3.09613225052132
			9.38827198545174	-3.14606986746521
			9.43820960239563	-3.14606986746521
			9.48814721933952	-3.1960074844091
			9.53808483628342	-3.1960074844091
			9.58802245322731	-3.245945101353
			9.6379600701712	-3.29588271829689
			9.68789768711509	-3.29588271829689
			9.73783530405898	-3.34582033524078
			9.78777292100288	-3.34582033524078
			9.83771053794677	-3.39575795218467
			9.88764815489066	-3.44569556912856
			9.93758577183455	-3.44569556912856
			9.98752338877845	-3.49563318607246
			10.0374610057223	-3.54557080301635
			10.0873986226662	-3.54557080301635
			10.1373362396101	-3.54557080301635
			10.1373362396101	-3.59550841996024
			10.187273856554	-3.59550841996024
			10.2372114734979	-3.64544603690413
			10.2871490904418	-3.64544603690413
			10.3370867073857	-3.69538365384803
			10.3870243243296	-3.74532127079192
			10.4369619412735	-3.74532127079192
			10.4868995582174	-3.79525888773581
			10.5368371751613	-3.79525888773581
			10.5867747921052	-3.8451965046797
			10.636712409049	-3.8451965046797
			10.636712409049	-3.89513412162359
			10.6866500259929	-3.89513412162359
			10.7365876429368	-3.94507173856749
			10.7865252598807	-3.94507173856749
			10.8364628768246	-3.99500935551138
			10.8864004937685	-3.99500935551138
			10.9363381107124	-4.04494697245527
			10.9862757276563	-4.04494697245527
			10.9862757276563	-4.09488458939916
			11.0362133446002	-4.14482220634306
			11.0861509615441	-4.14482220634306
			11.136088578488	-4.19475982328695
			11.1860261954319	-4.19475982328695
			11.2359638123758	-4.24469744023084
			11.2859014293196	-4.24469744023084
			11.3358390462635	-4.29463505717473
			11.3857766632074	-4.34457267411862
			11.4357142801513	-4.34457267411862
			11.4856518970952	-4.39451029106252
			11.5355895140391	-4.39451029106252
			11.585527130983	-4.44444790800641
			11.6354647479269	-4.4943855249503
			11.6854023648708	-4.54432314189419
			11.7353399818147	-4.54432314189419
			11.7852775987586	-4.59426075883809
			11.8352152157025	-4.64419837578198
			11.8851528326464	-4.64419837578198
			11.9350904495902	-4.69413599272587
			11.9850280665341	-4.69413599272587
			12.034965683478	-4.74407360966976
			12.0849033004219	-4.79401122661365
			12.1348409173658	-4.84394884355755
			12.1847785343097	-4.84394884355755
			12.2347161512536	-4.89388646050144
			12.2846537681975	-4.94382407744533
			12.3345913851414	-4.94382407744533
			12.3845290020853	-4.99376169438922
			12.4344666190292	-4.99376169438922
			12.4844042359731	-5.04369931133312
			12.534341852917	-5.09363692827701
			12.5842794698608	-5.1435745452209
			12.6342170868047	-5.1435745452209
			12.6841547037486	-5.19351216216479
			12.7340923206925	-5.24344977910868
			12.7840299376364	-5.29338739605258
			12.8339675545803	-5.34332501299647
			12.8839051715242	-5.39326262994036
			12.9338427884681	-5.44320024688425
			12.983780405412	-5.44320024688425
			13.0337180223559	-5.49313786382815
			13.0836556392998	-5.54307548077204
			13.1335932562437	-5.59301309771593
			13.1835308731876	-5.64295071465982
			13.2334684901314	-5.69288833160371
			13.2834061070753	-5.74282594854761
			13.3333437240192	-5.7927635654915
			13.3832813409631	-5.84270118243539
			13.433218957907	-5.89263879937928
			13.4831565748509	-5.94257641632318
			13.5330941917948	-5.99251403326707
			13.5830318087387	-6.04245165021096
			13.6329694256826	-6.09238926715485
			13.6829070426265	-6.14232688409874
			13.7328446595704	-6.19226450104264
			13.7328446595704	-6.24220211798653
			13.7827822765143	-6.29213973493042
			13.8327198934581	-6.34207735187431
			13.882657510402	-6.39201496881821
			13.9325951273459	-6.4419525857621
			13.9825327442898	-6.49189020270599
			14.0324703612337	-6.54182781964988
			14.0824079781776	-6.59176543659378
			14.0824079781776	-6.64170305353767
			14.1323455951215	-6.69164067048156
			14.1822832120654	-6.74157828742545
			14.1822832120654	-6.79151590436934
			14.2322208290093	-6.84145352131324
			14.2821584459532	-6.89139113825713
			14.3320960628971	-6.94132875520102
			14.3320960628971	-6.99126637214491
			14.382033679841	-7.0412039890888
			14.382033679841	-7.0911416060327
			14.4319712967849	-7.0911416060327
			14.4819089137287	-7.14107922297659
			14.4819089137287	-7.19101683992048
			14.5318465306726	-7.24095445686437
			14.5817841476165	-7.29089207380827
			14.5817841476165	-7.34082969075216
			14.6317217645604	-7.39076730769605
			14.6317217645604	-7.44070492463994
			14.6816593815043	-7.49064254158383
			14.7315969984482	-7.54058015852773
			14.7315969984482	-7.59051777547162
			14.7815346153921	-7.64045539241551
			14.7815346153921	-7.6903930093594
			14.831472232336	-7.7403306263033
			14.8814098492799	-7.79026824324719
			14.8814098492799	-7.84020586019108
			14.9313474662238	-7.89014347713497
			14.9313474662238	-7.94008109407886
			14.9812850831677	-7.99001871102276
			14.9812850831677	-8.03995632796665
			15.0312227001116	-8.08989394491054
			15.0811603170555	-8.13983156185443
			15.0811603170555	-8.18976917879833
			15.1310979339993	-8.23970679574222
			15.1310979339993	-8.28964441268611
			15.1810355509432	-8.33958202963
			15.1810355509432	-8.38951964657389
			15.2309731678871	-8.43945726351779
			15.2309731678871	-8.48939488046168
			15.280910784831	-8.53933249740557
			15.280910784831	-8.58927011434946
			15.3308484017749	-8.63920773129336
			15.3308484017749	-8.68914534823725
			15.3807860187188	-8.73908296518114
			15.3807860187188	-8.78902058212503
			15.4307236356627	-8.83895819906892
			15.4307236356627	-8.88889581601282
			15.4307236356627	-8.93883343295671
			15.4806612526066	-8.9887710499006
			15.4806612526066	-9.03870866684449
			15.5305988695505	-9.08864628378839
			15.5305988695505	-9.13858390073228
			15.5305988695505	-9.18852151767617
			15.5805364864944	-9.23845913462006
			15.5805364864944	-9.28839675156395
			15.6304741034383	-9.33833436850785
			15.6304741034383	-9.38827198545174
			15.6304741034383	-9.43820960239563
			15.6804117203822	-9.48814721933952
			15.6804117203822	-9.53808483628342
			15.6804117203822	-9.58802245322731
			15.7303493373261	-9.6379600701712
			15.7303493373261	-9.68789768711509
			15.7303493373261	-9.73783530405898
			15.7802869542699	-9.78777292100288
			15.7802869542699	-9.83771053794677
			15.7802869542699	-9.88764815489066
			15.8302245712138	-9.93758577183455
			15.8302245712138	-9.98752338877845
			15.8302245712138	-10.0374610057223
			15.8801621881577	-10.0873986226662
			15.8801621881577	-10.1373362396101
			15.8801621881577	-10.187273856554
			15.9300998051016	-10.2372114734979
			15.9300998051016	-10.2871490904418
			15.9300998051016	-10.3370867073857
			15.9300998051016	-10.3870243243296
			15.9800374220455	-10.4369619412735
			15.9800374220455	-10.4868995582174
			15.9800374220455	-10.5368371751613
			15.9800374220455	-10.5867747921052
			16.0299750389894	-10.636712409049
			16.0299750389894	-10.6866500259929
			16.0299750389894	-10.7365876429368
			16.0299750389894	-10.7865252598807
			16.0799126559333	-10.8364628768246
			16.0799126559333	-10.8864004937685
			16.0799126559333	-10.9363381107124
			16.0799126559333	-10.9862757276563
			16.1298502728772	-11.0362133446002
			16.1298502728772	-11.0861509615441
			16.1298502728772	-11.136088578488
			16.1298502728772	-11.1860261954319
			16.1797878898211	-11.2359638123758
			16.1797878898211	-11.2859014293196
			16.1797878898211	-11.3358390462635
			16.1797878898211	-11.3857766632074
			16.1797878898211	-11.4357142801513
			16.229725506765	-11.4856518970952
			16.229725506765	-11.5355895140391
			16.229725506765	-11.585527130983
			16.229725506765	-11.6354647479269
			16.229725506765	-11.6854023648708
			16.229725506765	-11.7353399818147
			16.229725506765	-11.7852775987586
			16.2796631237089	-11.7852775987586
			16.2796631237089	-11.8352152157025
			16.2796631237089	-11.8851528326464
			16.2796631237089	-11.9350904495902
			16.2796631237089	-11.9850280665341
			16.2796631237089	-12.034965683478
			16.2796631237089	-12.0849033004219
			16.2796631237089	-12.1348409173658
			16.3296007406528	-12.1348409173658
			16.3296007406528	-12.1847785343097
			16.3296007406528	-12.2347161512536
			16.3296007406528	-12.2846537681975
			16.3296007406528	-12.3345913851414
			16.3296007406528	-12.3845290020853
			16.3296007406528	-12.4344666190292
			16.3296007406528	-12.4844042359731
			16.3296007406528	-12.534341852917
			16.3795383575967	-12.5842794698608
			16.3795383575967	-12.6342170868047
			16.3795383575967	-12.6841547037486
			16.3795383575967	-12.7340923206925
			16.3795383575967	-12.7840299376364
			16.3795383575967	-12.8339675545803
			16.3795383575967	-12.8839051715242
			16.3795383575967	-12.9338427884681
			16.3795383575967	-12.983780405412
			16.3795383575967	-13.0337180223559
			16.3795383575967	-13.0836556392998
			16.3795383575967	-13.1335932562437
			16.4294759745405	-13.1835308731876
			16.4294759745405	-13.2334684901314
			16.4294759745405	-13.2834061070753
			16.4294759745405	-13.3333437240192
			16.4294759745405	-13.3832813409631
			16.4294759745405	-13.433218957907
			16.4294759745405	-13.4831565748509
			16.4294759745405	-13.5330941917948
			16.4294759745405	-13.5830318087387
			16.4294759745405	-13.6329694256826
			16.4294759745405	-13.6829070426265
			16.4294759745405	-13.7328446595704
			16.4294759745405	-13.7827822765143
			16.4294759745405	-13.8327198934581
			16.4294759745405	-13.882657510402
			16.4294759745405	-13.9325951273459
			16.4294759745405	-13.9825327442898
			16.4294759745405	-14.0324703612337
			16.4294759745405	-14.0824079781776
			16.4294759745405	-14.1323455951215
			16.4294759745405	-14.1822832120654
			16.4294759745405	-14.2322208290093
			16.4294759745405	-14.2821584459532
			16.4294759745405	-14.3320960628971
			16.4294759745405	-14.382033679841
			16.4294759745405	-14.4319712967849
			16.4294759745405	-14.4819089137287
			16.4294759745405	-14.5318465306726
			16.4294759745405	-14.5817841476165
			16.4294759745405	-14.6317217645604
			16.4294759745405	-14.6816593815043
			16.4294759745405	-14.7315969984482
			16.4294759745405	-14.7815346153921
			16.4294759745405	-14.831472232336
		</anterior>
		<posterior type=matrix rownames=FALSE colnames=FALSE nrow=399 ncol=2 as.numeric=TRUE >
			6.24220211798653	-14.831472232336
			6.29213973493042	-14.831472232336
			6.34207735187431	-14.8814098492799
			6.39201496881821	-14.8814098492799
			6.4419525857621	-14.8814098492799
			6.49189020270599	-14.9313474662238
			6.54182781964988	-14.9313474662238
			6.59176543659378	-14.9313474662238
			6.64170305353767	-14.9812850831677
			6.69164067048156	-14.9812850831677
			6.74157828742545	-14.9812850831677
			6.79151590436934	-14.9812850831677
			6.84145352131324	-14.9812850831677
			6.89139113825713	-14.9812850831677
			6.94132875520102	-14.9812850831677
			6.99126637214491	-15.0312227001116
			7.0412039890888	-15.0312227001116
			7.0911416060327	-15.0312227001116
			7.14107922297659	-15.0312227001116
			7.19101683992048	-15.0312227001116
			7.24095445686437	-15.0312227001116
			7.29089207380827	-15.0312227001116
			7.34082969075216	-15.0312227001116
			7.39076730769605	-14.9812850831677
			7.44070492463994	-14.9812850831677
			7.49064254158383	-14.9812850831677
			7.54058015852773	-14.9812850831677
			7.59051777547162	-14.9812850831677
			7.64045539241551	-14.9812850831677
			7.6903930093594	-14.9812850831677
			7.7403306263033	-14.9313474662238
			7.79026824324719	-14.9313474662238
			7.84020586019108	-14.9313474662238
			7.89014347713497	-14.9313474662238
			7.94008109407886	-14.8814098492799
			7.99001871102276	-14.8814098492799
			8.03995632796665	-14.8814098492799
			8.08989394491054	-14.831472232336
			8.13983156185443	-14.831472232336
			8.18976917879833	-14.7815346153921
			8.23970679574222	-14.7815346153921
			8.28964441268611	-14.7815346153921
			8.33958202963	-14.7315969984482
			8.38951964657389	-14.7315969984482
			8.43945726351779	-14.6816593815043
			8.48939488046168	-14.6816593815043
			8.53933249740557	-14.6317217645604
			8.58927011434946	-14.6317217645604
			8.63920773129336	-14.5817841476165
			8.68914534823725	-14.5817841476165
			8.73908296518114	-14.5318465306726
			8.78902058212503	-14.4819089137287
			8.83895819906892	-14.4819089137287
			8.88889581601282	-14.4319712967849
			8.93883343295671	-14.382033679841
			8.9887710499006	-14.382033679841
			9.03870866684449	-14.3320960628971
			9.08864628378839	-14.2821584459532
			9.13858390073228	-14.2821584459532
			9.18852151767617	-14.2322208290093
			9.23845913462006	-14.1822832120654
			9.28839675156395	-14.1323455951215
			9.33833436850785	-14.1323455951215
			9.38827198545174	-14.0824079781776
			9.43820960239563	-14.0324703612337
			9.48814721933952	-13.9825327442898
			9.53808483628342	-13.9325951273459
			9.58802245322731	-13.882657510402
			9.6379600701712	-13.8327198934581
			9.68789768711509	-13.7827822765143
			9.73783530405898	-13.7328446595704
			9.78777292100288	-13.6829070426265
			9.83771053794677	-13.6329694256826
			9.88764815489066	-13.6329694256826
			9.93758577183455	-13.5830318087387
			9.98752338877845	-13.5330941917948
			9.98752338877845	-13.4831565748509
			10.0374610057223	-13.433218957907
			10.0374610057223	-13.3832813409631
			10.0374610057223	-13.3333437240192
			10.0873986226662	-13.2834061070753
			10.0873986226662	-13.2334684901314
			10.1373362396101	-13.1835308731876
			10.1373362396101	-13.1335932562437
			10.187273856554	-13.0836556392998
			10.2372114734979	-13.0337180223559
			10.2871490904418	-12.983780405412
			10.3370867073857	-12.9338427884681
			10.3870243243296	-12.8839051715242
			10.4369619412735	-12.8339675545803
			10.4868995582174	-12.8339675545803
			10.5368371751613	-12.8339675545803
			10.5867747921052	-12.7840299376364
			10.636712409049	-12.7840299376364
			10.6866500259929	-12.7840299376364
			10.7365876429368	-12.7840299376364
			10.7865252598807	-12.7840299376364
			10.8364628768246	-12.7340923206925
			10.8864004937685	-12.7340923206925
			10.9363381107124	-12.7340923206925
			10.9862757276563	-12.7340923206925
			10.9862757276563	-12.7840299376364
			11.0362133446002	-12.7840299376364
			11.0861509615441	-12.7840299376364
			11.136088578488	-12.7840299376364
			11.1860261954319	-12.7840299376364
			11.2359638123758	-12.7840299376364
			11.2859014293196	-12.7840299376364
			11.3358390462635	-12.8339675545803
			11.3857766632074	-12.8339675545803
			11.4357142801513	-12.8339675545803
			11.4856518970952	-12.8839051715242
			11.5355895140391	-12.8839051715242
			11.585527130983	-12.8839051715242
			11.6354647479269	-12.9338427884681
			11.6854023648708	-12.9338427884681
			11.7353399818147	-12.9338427884681
			11.7852775987586	-12.9338427884681
			11.8352152157025	-12.9338427884681
			11.8851528326464	-12.983780405412
			11.9350904495902	-12.983780405412
			11.9850280665341	-12.983780405412
			12.034965683478	-12.983780405412
			12.0849033004219	-12.983780405412
			12.1348409173658	-12.983780405412
			12.1847785343097	-12.983780405412
			12.2347161512536	-12.983780405412
			12.2846537681975	-12.983780405412
			12.2846537681975	-13.0337180223559
			12.3345913851414	-13.0337180223559
			12.3845290020853	-13.0337180223559
			12.4344666190292	-13.0337180223559
			12.4844042359731	-13.0337180223559
			12.534341852917	-13.0337180223559
			12.5842794698608	-13.0337180223559
			12.6342170868047	-13.0337180223559
			12.6841547037486	-13.0836556392998
			12.7340923206925	-13.0836556392998
			12.7840299376364	-13.0836556392998
			12.8339675545803	-13.0836556392998
			12.8839051715242	-13.0836556392998
			12.9338427884681	-13.0836556392998
			12.983780405412	-13.0836556392998
			13.0337180223559	-13.0836556392998
			13.0836556392998	-13.0836556392998
			13.0836556392998	-13.1335932562437
			13.1335932562437	-13.1335932562437
			13.1835308731876	-13.1335932562437
			13.2334684901314	-13.1335932562437
			13.2834061070753	-13.1335932562437
			13.3333437240192	-13.1335932562437
			13.3832813409631	-13.1335932562437
			13.433218957907	-13.1835308731876
			13.4831565748509	-13.1835308731876
			13.5330941917948	-13.1835308731876
			13.5830318087387	-13.1835308731876
			13.6329694256826	-13.1835308731876
			13.6829070426265	-13.1835308731876
			13.7328446595704	-13.1835308731876
			13.7827822765143	-13.2334684901314
			13.8327198934581	-13.2334684901314
			13.882657510402	-13.2334684901314
			13.9325951273459	-13.2334684901314
			13.9825327442898	-13.2334684901314
			14.0324703612337	-13.2334684901314
			14.0824079781776	-13.2834061070753
			14.1323455951215	-13.2834061070753
			14.1822832120654	-13.2834061070753
			14.2322208290093	-13.2834061070753
			14.2821584459532	-13.2834061070753
			14.3320960628971	-13.3333437240192
			14.382033679841	-13.3333437240192
			14.4319712967849	-13.3832813409631
			14.4819089137287	-13.433218957907
			14.4819089137287	-13.4831565748509
			14.4819089137287	-13.5330941917948
			14.5318465306726	-13.5830318087387
			14.5318465306726	-13.6329694256826
			14.5318465306726	-13.6829070426265
			14.5817841476165	-13.7328446595704
			14.5817841476165	-13.7827822765143
			14.5817841476165	-13.8327198934581
			14.5817841476165	-13.882657510402
			14.6317217645604	-13.9325951273459
			14.6317217645604	-13.9825327442898
			14.6317217645604	-14.0324703612337
			14.6816593815043	-14.0824079781776
			14.6816593815043	-14.1323455951215
			14.6816593815043	-14.1822832120654
			14.6816593815043	-14.2322208290093
			14.7315969984482	-14.2322208290093
			14.7315969984482	-14.2821584459532
			14.7315969984482	-14.3320960628971
			14.7815346153921	-14.382033679841
			14.7815346153921	-14.4319712967849
			14.7815346153921	-14.4819089137287
			14.7815346153921	-14.5318465306726
			14.831472232336	-14.5817841476165
			14.831472232336	-14.6317217645604
			14.831472232336	-14.6816593815043
			14.831472232336	-14.7315969984482
			14.8814098492799	-14.7815346153921
			14.8814098492799	-14.831472232336
			14.8814098492799	-14.8814098492799
			14.9313474662238	-14.9313474662238
			14.9313474662238	-14.9812850831677
			14.9313474662238	-15.0312227001116
			14.9313474662238	-15.0811603170555
			14.9812850831677	-15.1310979339993
			14.9812850831677	-15.1810355509432
			14.9812850831677	-15.2309731678871
			14.9812850831677	-15.280910784831
			15.0312227001116	-15.280910784831
			15.0312227001116	-15.3308484017749
			15.0312227001116	-15.3807860187188
			15.0312227001116	-15.4307236356627
			15.0811603170555	-15.4806612526066
			15.0811603170555	-15.5305988695505
			15.0811603170555	-15.5805364864944
			15.1310979339993	-15.6304741034383
			15.1310979339993	-15.6804117203822
			15.1310979339993	-15.7303493373261
			15.1310979339993	-15.7802869542699
			15.1810355509432	-15.8302245712138
			15.1810355509432	-15.8801621881577
			15.1810355509432	-15.9300998051016
			15.1810355509432	-15.9800374220455
			15.2309731678871	-16.0299750389894
			15.2309731678871	-16.0799126559333
			15.2309731678871	-16.1298502728772
			15.2309731678871	-16.1797878898211
			15.280910784831	-16.229725506765
			15.280910784831	-16.2796631237089
			15.280910784831	-16.3296007406528
			15.280910784831	-16.3795383575967
			15.3308484017749	-16.4294759745405
			15.3308484017749	-16.4794135914844
			15.3308484017749	-16.5293512084283
			15.3308484017749	-16.5792888253722
			15.3807860187188	-16.6292264423161
			15.3807860187188	-16.67916405926
			15.3807860187188	-16.7291016762039
			15.3807860187188	-16.7790392931478
			15.4307236356627	-16.8289769100917
			15.4307236356627	-16.8789145270356
			15.4307236356627	-16.9288521439795
			15.4307236356627	-16.9787897609234
			15.4806612526066	-17.0287273778673
			15.4806612526066	-17.0786649948111
			15.4806612526066	-17.128602611755
			15.4806612526066	-17.1785402286989
			15.5305988695505	-17.2284778456428
			15.5305988695505	-17.2784154625867
			15.5305988695505	-17.3283530795306
			15.5305988695505	-17.3782906964745
			15.5805364864944	-17.4282283134184
			15.5805364864944	-17.4781659303623
			15.5805364864944	-17.5281035473062
			15.5805364864944	-17.5780411642501
			15.5805364864944	-17.627978781194
			15.6304741034383	-17.6779163981378
			15.6304741034383	-17.7278540150817
			15.6304741034383	-17.7777916320256
			15.6304741034383	-17.8277292489695
			15.6804117203822	-17.8776668659134
			15.6804117203822	-17.9276044828573
			15.6804117203822	-17.9775420998012
			15.6804117203822	-18.0274797167451
			15.6804117203822	-18.077417333689
			15.7303493373261	-18.1273549506329
			15.7303493373261	-18.1772925675768
			15.7303493373261	-18.2272301845207
			15.7303493373261	-18.2771678014646
			15.7802869542699	-18.3271054184085
			15.7802869542699	-18.3770430353523
			15.7802869542699	-18.4269806522962
			15.7802869542699	-18.4769182692401
			15.7802869542699	-18.526855886184
			15.8302245712138	-18.5767935031279
			15.8302245712138	-18.6267311200718
			15.8302245712138	-18.6766687370157
			15.8302245712138	-18.7266063539596
			15.8302245712138	-18.7765439709035
			15.8801621881577	-18.8264815878474
			15.8801621881577	-18.8764192047913
			15.8801621881577	-18.9263568217352
			15.8801621881577	-18.976294438679
			15.8801621881577	-19.0262320556229
			15.9300998051016	-19.0761696725668
			15.9300998051016	-19.1261072895107
			15.9300998051016	-19.1760449064546
			15.9300998051016	-19.2259825233985
			15.9300998051016	-19.2759201403424
			15.9800374220455	-19.3258577572863
			15.9800374220455	-19.3757953742302
			15.9800374220455	-19.4257329911741
			15.9800374220455	-19.475670608118
			15.9800374220455	-19.5256082250619
			15.9800374220455	-19.5755458420058
			16.0299750389894	-19.6254834589496
			16.0299750389894	-19.6754210758935
			16.0299750389894	-19.6254834589496
			16.0299750389894	-19.5755458420058
			16.0799126559333	-19.5256082250619
			16.0799126559333	-19.475670608118
			16.0799126559333	-19.4257329911741
			16.0799126559333	-19.3757953742302
			16.0799126559333	-19.3258577572863
			16.0799126559333	-19.2759201403424
			16.1298502728772	-19.2259825233985
			16.1298502728772	-19.1760449064546
			16.1298502728772	-19.1261072895107
			16.1298502728772	-19.0761696725668
			16.1298502728772	-19.0262320556229
			16.1298502728772	-18.976294438679
			16.1298502728772	-18.9263568217352
			16.1298502728772	-18.8764192047913
			16.1797878898211	-18.8264815878474
			16.1797878898211	-18.7765439709035
			16.1797878898211	-18.7266063539596
			16.1797878898211	-18.6766687370157
			16.1797878898211	-18.6267311200718
			16.1797878898211	-18.5767935031279
			16.1797878898211	-18.526855886184
			16.1797878898211	-18.4769182692401
			16.229725506765	-18.4269806522962
			16.229725506765	-18.3770430353523
			16.229725506765	-18.3271054184085
			16.229725506765	-18.2771678014646
			16.229725506765	-18.2272301845207
			16.229725506765	-18.1772925675768
			16.229725506765	-18.1273549506329
			16.229725506765	-18.077417333689
			16.229725506765	-18.0274797167451
			16.2796631237089	-17.9775420998012
			16.2796631237089	-17.9276044828573
			16.2796631237089	-17.8776668659134
			16.2796631237089	-17.8277292489695
			16.2796631237089	-17.7777916320256
			16.2796631237089	-17.7278540150817
			16.2796631237089	-17.6779163981378
			16.2796631237089	-17.627978781194
			16.2796631237089	-17.5780411642501
			16.2796631237089	-17.5281035473062
			16.3296007406528	-17.4781659303623
			16.3296007406528	-17.4282283134184
			16.3296007406528	-17.3782906964745
			16.3296007406528	-17.3283530795306
			16.3296007406528	-17.2784154625867
			16.3296007406528	-17.2284778456428
			16.3296007406528	-17.1785402286989
			16.3296007406528	-17.128602611755
			16.3296007406528	-17.0786649948111
			16.3296007406528	-17.0287273778673
			16.3296007406528	-16.9787897609234
			16.3296007406528	-16.9288521439795
			16.3795383575967	-16.8789145270356
			16.3795383575967	-16.8289769100917
			16.3795383575967	-16.7790392931478
			16.3795383575967	-16.7291016762039
			16.3795383575967	-16.67916405926
			16.3795383575967	-16.6292264423161
			16.3795383575967	-16.5792888253722
			16.3795383575967	-16.5293512084283
			16.3795383575967	-16.4794135914844
			16.3795383575967	-16.4294759745405
			16.3795383575967	-16.3795383575967
			16.3795383575967	-16.3296007406528
			16.3795383575967	-16.2796631237089
			16.3795383575967	-16.229725506765
			16.3795383575967	-16.1797878898211
			16.3795383575967	-16.1298502728772
			16.3795383575967	-16.0799126559333
			16.3795383575967	-16.0299750389894
			16.3795383575967	-15.9800374220455
			16.4294759745405	-15.9800374220455
			16.4294759745405	-15.9300998051016
			16.4294759745405	-15.8801621881577
			16.4294759745405	-15.8302245712138
			16.4294759745405	-15.7802869542699
			16.4294759745405	-15.7303493373261
			16.4294759745405	-15.6804117203822
			16.4294759745405	-15.6304741034383
			16.4294759745405	-15.5805364864944
			16.4294759745405	-15.5305988695505
			16.4294759745405	-15.4806612526066
			16.4294759745405	-15.4307236356627
			16.4294759745405	-15.3807860187188
			16.4294759745405	-15.3308484017749
			16.4294759745405	-15.280910784831
			16.4294759745405	-15.2309731678871
			16.4294759745405	-15.1810355509432
			16.4294759745405	-15.1310979339993
			16.4294759745405	-15.0811603170555
			16.4294759745405	-15.0312227001116
			16.4294759745405	-14.9812850831677
			16.4294759745405	-14.9313474662238
			16.4294759745405	-14.8814098492799
			16.4294759745405	-14.831472232336
		</posterior>
	</curves.scaled>
	<ruler.points type=matrix rownames=TRUE colnames=FALSE nrow=2 ncol=2 as.numeric=TRUE >
		Ruler point 1	217	33
		Ruler point 2	237	34
	</ruler.points>
</shapes>

