<shapes type=list>
	<scaling type=logical names=FALSE length=1 as.numeric=FALSE >NA</scaling>
	<landmarks.pixel type=matrix rownames=TRUE colnames=FALSE nrow=16 ncol=2 as.numeric=TRUE >
		LM1	357	27
		LM2	357	64
		LM3	357	336
		LM4	357	394
		LM5	451	258
		LM6	469	351
		LM7	471	383
		LM8	453	192
		LM9	479	272
		LM10	357	27
		LM11	529	357
		LM12	584	387
		LM13	357	27
		LM14	509	232
		LM15	677	394
		LM16	676	474
	</landmarks.pixel>
	<curves.control type=list>
		<glabela type=matrix rownames=FALSE colnames=FALSE nrow=9 ncol=2 as.numeric=TRUE >
			357	64
			386	60
			411	102
			429	148
			440	203
			450	238
			461	294
			471	331
			471	383
		</glabela>
		<suture type=matrix rownames=FALSE colnames=FALSE nrow=19 ncol=2 as.numeric=TRUE >
			357	27
			408	26
			429	44
			460	67
			475	87
			481	109
			466	130
			452	154
			448	178
			451	195
			475	216
			487	245
			481	264
			473	295
			486	326
			489	349
			549	362
			571	372
			584	387
		</suture>
		<anterior type=matrix rownames=FALSE colnames=FALSE nrow=9 ncol=2 as.numeric=TRUE >
			357	27
			408	26
			473	57
			538	93
			590	152
			644	230
			664	299
			676	352
			677	394
		</anterior>
		<spine type=matrix rownames=FALSE colnames=FALSE nrow=13 ncol=2 as.numeric=TRUE >
			357	394
			404	397
			463	392
			470	382
			491	389
			530	384
			583	388
			638	385
			652	413
			660	445
			676	475
			683	461
			677	394
		</spine>
	</curves.control>
	<curves.pixel type=list>
		<glabela type=matrix rownames=FALSE colnames=FALSE nrow=350 ncol=2 as.numeric=TRUE >
			357	64
			358	64
			359	64
			360	64
			361	64
			362	64
			363	64
			364	64
			365	64
			366	64
			367	64
			368	64
			369	64
			370	64
			370	65
			371	65
			372	65
			373	65
			374	66
			375	66
			376	66
			377	67
			378	67
			378	68
			379	68
			380	69
			381	69
			382	70
			383	70
			384	71
			385	71
			385	72
			386	72
			387	73
			388	74
			389	75
			390	75
			391	76
			391	77
			392	78
			393	78
			394	79
			395	80
			396	81
			397	82
			397	83
			398	84
			399	85
			400	86
			401	87
			402	88
			402	89
			403	90
			404	91
			405	92
			405	93
			406	94
			406	95
			407	95
			407	96
			408	97
			408	98
			409	98
			409	99
			410	100
			410	101
			411	101
			411	102
			411	103
			412	104
			412	105
			412	106
			413	107
			413	108
			414	109
			414	110
			415	111
			415	112
			415	113
			416	114
			416	115
			416	116
			417	117
			417	118
			417	119
			418	120
			418	121
			418	122
			419	123
			419	124
			419	125
			420	126
			420	127
			420	128
			421	129
			421	130
			421	131
			422	132
			422	133
			422	134
			423	135
			423	136
			423	137
			423	138
			424	139
			424	140
			424	141
			425	142
			425	143
			425	144
			426	145
			426	146
			426	147
			426	148
			427	149
			427	150
			427	151
			428	152
			428	153
			428	154
			428	155
			429	156
			429	157
			429	158
			430	159
			430	160
			430	161
			430	162
			431	163
			431	164
			431	165
			432	166
			432	167
			432	168
			432	169
			433	170
			433	171
			433	172
			433	173
			434	174
			434	175
			434	176
			434	177
			435	178
			435	179
			435	180
			435	181
			436	182
			436	183
			436	184
			436	185
			436	186
			437	187
			437	188
			437	189
			437	190
			437	191
			438	192
			438	193
			438	194
			438	195
			439	196
			439	197
			439	198
			439	199
			439	200
			440	201
			440	202
			440	203
			440	204
			441	205
			441	206
			441	207
			441	208
			442	209
			442	210
			442	211
			443	212
			443	213
			443	214
			443	215
			444	216
			444	217
			444	218
			444	219
			445	220
			445	221
			445	222
			445	223
			446	224
			446	225
			446	226
			446	227
			447	228
			447	229
			447	230
			447	231
			448	232
			448	233
			448	234
			448	235
			449	236
			449	237
			449	238
			449	239
			450	240
			450	241
			450	242
			450	243
			450	244
			451	245
			451	246
			451	247
			451	248
			452	249
			452	250
			452	251
			452	252
			453	253
			453	254
			453	255
			453	256
			453	257
			454	258
			454	259
			454	260
			454	261
			454	262
			455	263
			455	264
			455	265
			455	266
			456	267
			456	268
			456	269
			456	270
			456	271
			457	272
			457	273
			457	274
			457	275
			457	276
			458	277
			458	278
			458	279
			458	280
			458	281
			459	282
			459	283
			459	284
			459	285
			459	286
			460	287
			460	288
			460	289
			460	290
			460	291
			461	292
			461	293
			461	294
			461	295
			462	296
			462	297
			462	298
			462	299
			463	300
			463	301
			463	302
			463	303
			463	304
			464	304
			464	305
			464	306
			464	307
			464	308
			465	309
			465	310
			465	311
			465	312
			465	313
			465	314
			466	315
			466	316
			466	317
			466	318
			466	319
			467	320
			467	321
			467	322
			467	323
			467	324
			467	325
			467	326
			468	327
			468	328
			468	329
			468	330
			468	331
			468	332
			468	333
			468	334
			469	335
			469	336
			469	337
			469	338
			469	339
			469	340
			469	341
			469	342
			469	343
			469	344
			470	345
			470	346
			470	347
			470	348
			470	349
			470	350
			470	351
			470	352
			470	353
			470	354
			470	355
			470	356
			470	357
			470	358
			470	359
			470	360
			471	361
			471	362
			471	363
			471	364
			471	365
			471	366
			471	367
			471	368
			471	369
			471	370
			471	371
			471	372
			471	373
			471	374
			471	375
			471	376
			471	377
			471	378
			471	379
			471	380
			471	381
			471	382
			471	383
		</glabela>
		<suture type=matrix rownames=FALSE colnames=FALSE nrow=480 ncol=2 as.numeric=TRUE >
			357	27
			358	27
			359	27
			360	27
			361	27
			362	27
			363	27
			364	27
			365	27
			366	27
			367	27
			368	27
			369	27
			370	27
			371	27
			372	27
			373	27
			374	27
			375	27
			376	27
			377	27
			378	27
			379	28
			380	28
			381	28
			382	28
			383	28
			384	28
			385	28
			386	28
			387	28
			388	29
			389	29
			390	29
			391	29
			392	29
			393	29
			394	29
			395	30
			396	30
			397	30
			398	30
			399	30
			400	31
			401	31
			402	31
			403	31
			404	32
			405	32
			406	32
			407	33
			408	33
			409	33
			410	34
			411	34
			412	34
			413	35
			414	35
			415	36
			416	36
			417	36
			418	37
			419	37
			420	38
			421	39
			422	39
			423	40
			424	40
			425	41
			426	41
			427	42
			428	43
			429	44
			430	45
			431	45
			432	46
			432	47
			433	47
			434	48
			435	48
			436	49
			436	50
			437	50
			438	51
			439	52
			440	52
			440	53
			441	53
			442	54
			443	55
			444	56
			445	57
			446	58
			447	58
			448	59
			449	60
			450	61
			451	62
			452	63
			453	64
			454	64
			455	65
			456	66
			457	67
			458	68
			459	69
			460	70
			461	71
			462	72
			463	73
			464	74
			465	75
			466	76
			467	77
			468	78
			469	79
			469	80
			470	81
			471	82
			472	83
			473	84
			473	85
			474	86
			475	87
			475	88
			475	89
			476	90
			476	91
			476	92
			476	93
			476	94
			476	95
			477	96
			477	97
			477	98
			477	99
			477	100
			477	101
			477	102
			477	103
			476	104
			476	105
			476	106
			476	107
			476	108
			476	109
			475	110
			475	111
			475	112
			475	113
			474	114
			474	115
			474	116
			473	117
			473	118
			472	119
			472	120
			471	121
			471	122
			470	123
			470	124
			469	125
			469	126
			468	127
			467	128
			467	129
			466	130
			465	131
			465	132
			464	133
			464	134
			463	135
			463	136
			462	137
			462	138
			461	139
			460	140
			460	141
			460	142
			459	143
			459	144
			458	145
			458	146
			457	147
			457	148
			456	149
			456	150
			456	151
			455	152
			455	153
			455	154
			454	155
			454	156
			453	157
			453	158
			453	159
			452	160
			452	161
			452	162
			452	163
			451	164
			451	165
			451	166
			450	167
			450	168
			450	169
			450	170
			449	171
			449	172
			449	173
			449	174
			448	175
			448	176
			448	177
			448	178
			448	179
			448	180
			449	181
			449	182
			449	183
			450	184
			450	185
			451	186
			451	187
			451	188
			452	189
			452	190
			453	191
			453	192
			454	192
			455	193
			455	194
			456	195
			456	196
			457	197
			458	198
			459	199
			459	200
			460	201
			461	202
			462	203
			463	204
			464	205
			465	206
			466	207
			467	208
			468	209
			469	210
			470	211
			471	212
			472	213
			473	214
			474	215
			475	216
			475	217
			476	218
			476	219
			477	220
			477	221
			477	222
			478	223
			478	224
			478	225
			479	226
			479	227
			479	228
			480	229
			480	230
			480	231
			480	232
			481	233
			481	234
			481	235
			481	236
			482	237
			482	238
			482	239
			482	240
			482	241
			482	242
			483	243
			483	244
			483	245
			483	246
			483	247
			483	248
			483	249
			483	250
			483	251
			483	252
			483	253
			483	254
			483	255
			483	256
			483	257
			482	258
			482	259
			482	260
			482	261
			482	262
			481	263
			481	264
			481	265
			480	266
			480	267
			480	268
			480	269
			480	270
			479	271
			479	272
			479	273
			479	274
			479	275
			479	276
			479	277
			478	278
			478	279
			478	280
			478	281
			478	282
			478	283
			478	284
			478	285
			478	286
			478	287
			478	288
			478	289
			478	290
			478	291
			478	292
			478	293
			478	294
			478	295
			478	296
			478	297
			479	298
			479	299
			479	300
			479	301
			479	302
			479	303
			479	304
			480	305
			480	306
			480	307
			480	308
			480	309
			481	309
			481	310
			481	311
			481	312
			481	313
			482	314
			482	315
			482	316
			483	317
			483	318
			483	319
			484	320
			484	321
			484	322
			485	323
			485	324
			486	325
			486	326
			486	327
			486	328
			487	329
			487	330
			487	331
			488	332
			488	333
			489	334
			489	335
			490	336
			491	336
			491	337
			492	338
			493	339
			494	340
			495	341
			496	341
			497	342
			498	343
			499	344
			500	345
			501	345
			502	346
			503	346
			504	347
			505	347
			505	348
			506	348
			507	349
			508	349
			509	349
			510	350
			511	350
			512	351
			513	351
			514	352
			515	352
			516	352
			517	353
			518	353
			519	354
			520	354
			521	354
			522	355
			523	355
			524	356
			525	356
			526	356
			527	356
			528	357
			529	357
			530	357
			531	357
			532	358
			533	358
			534	358
			535	358
			535	359
			536	359
			537	359
			538	360
			539	360
			540	360
			541	360
			542	361
			543	361
			544	361
			545	361
			546	361
			547	362
			548	362
			549	362
			550	362
			550	363
			551	363
			552	363
			552	364
			553	364
			554	365
			555	365
			556	365
			557	366
			558	366
			559	367
			560	367
			560	368
			561	368
			562	369
			563	369
			564	370
			565	370
			565	371
			566	371
			567	372
			568	373
			569	374
			570	374
			571	375
			572	376
			573	376
			574	377
			574	378
			575	378
			576	379
			577	380
			578	380
			578	381
			579	382
			580	383
			581	383
			581	384
			582	385
			583	386
			584	386
			584	387
		</suture>
		<anterior type=matrix rownames=FALSE colnames=FALSE nrow=496 ncol=2 as.numeric=TRUE >
			357	27
			358	27
			359	27
			360	27
			361	27
			362	27
			363	27
			364	27
			365	27
			366	27
			367	27
			368	27
			369	27
			370	27
			371	27
			372	27
			373	27
			374	28
			375	28
			376	28
			377	28
			378	28
			379	28
			380	28
			381	28
			382	28
			383	28
			384	29
			385	29
			386	29
			387	29
			388	29
			389	29
			390	29
			390	30
			391	30
			392	30
			393	30
			394	30
			395	30
			396	31
			397	31
			398	31
			399	31
			400	31
			401	32
			402	32
			403	32
			404	32
			405	32
			406	33
			407	33
			408	33
			409	33
			410	34
			411	34
			412	34
			413	34
			414	35
			415	35
			416	35
			417	36
			418	36
			419	36
			420	36
			421	37
			422	37
			423	37
			424	38
			425	38
			426	38
			427	39
			428	39
			429	39
			430	40
			431	40
			432	40
			433	41
			434	41
			435	41
			436	42
			437	42
			438	42
			439	43
			440	43
			441	43
			442	44
			443	44
			444	45
			445	45
			446	45
			447	46
			448	46
			449	46
			449	47
			450	47
			451	47
			452	48
			453	48
			454	49
			455	49
			456	49
			457	50
			458	50
			459	51
			460	51
			461	51
			462	52
			463	52
			464	53
			465	53
			466	54
			467	54
			468	55
			469	55
			470	56
			471	56
			472	57
			473	57
			474	57
			475	58
			476	59
			477	59
			478	60
			479	60
			480	61
			481	62
			482	62
			483	63
			484	63
			485	64
			486	64
			487	65
			488	66
			489	66
			490	67
			491	67
			492	68
			493	69
			494	70
			495	70
			496	71
			497	71
			498	72
			499	73
			500	73
			501	74
			502	74
			502	75
			503	75
			504	76
			505	77
			506	77
			506	78
			507	78
			508	79
			509	79
			510	80
			511	81
			512	82
			513	82
			514	83
			515	84
			516	84
			517	85
			518	86
			519	86
			520	87
			521	88
			522	88
			522	89
			523	90
			524	91
			525	91
			526	92
			527	93
			528	93
			529	94
			530	95
			531	96
			532	96
			533	97
			534	98
			535	99
			536	100
			537	101
			538	102
			539	102
			539	103
			540	103
			541	104
			542	105
			543	106
			544	107
			545	107
			546	108
			546	109
			547	109
			548	110
			549	111
			550	112
			551	113
			552	114
			553	114
			554	115
			555	116
			556	117
			557	118
			557	119
			558	119
			559	120
			560	121
			561	122
			562	123
			563	124
			564	124
			565	125
			565	126
			566	127
			567	128
			568	129
			569	130
			570	131
			571	131
			572	132
			573	133
			573	134
			574	135
			575	136
			576	137
			577	138
			578	139
			579	139
			579	140
			580	141
			581	142
			582	143
			583	144
			584	145
			585	146
			585	147
			586	148
			587	149
			588	150
			589	151
			590	152
			590	153
			591	154
			592	155
			593	156
			594	157
			594	158
			595	159
			596	160
			596	161
			597	162
			597	163
			598	164
			599	165
			599	166
			600	166
			600	167
			601	168
			602	169
			602	170
			603	171
			603	172
			604	173
			604	174
			605	174
			606	175
			606	176
			607	177
			607	178
			608	179
			608	180
			609	181
			609	182
			610	182
			611	183
			611	184
			612	185
			612	186
			613	187
			613	188
			614	189
			615	190
			615	191
			616	192
			616	193
			617	194
			618	195
			618	196
			619	197
			619	198
			620	199
			620	200
			621	200
			621	201
			622	202
			622	203
			623	204
			623	205
			624	206
			624	207
			625	208
			625	209
			626	209
			626	210
			627	211
			627	212
			628	213
			628	214
			629	215
			629	216
			630	217
			630	218
			631	218
			631	219
			632	220
			632	221
			633	222
			633	223
			633	224
			634	225
			634	226
			635	226
			635	227
			636	228
			636	229
			637	230
			637	231
			637	232
			638	233
			639	234
			639	235
			640	236
			640	237
			641	238
			641	239
			641	240
			642	241
			642	242
			643	243
			643	244
			644	245
			644	246
			645	247
			645	248
			645	249
			646	250
			647	251
			647	252
			648	253
			648	254
			648	255
			649	256
			649	257
			649	258
			650	259
			650	260
			651	261
			651	262
			652	263
			652	264
			652	265
			653	266
			653	267
			653	268
			654	269
			654	270
			655	271
			655	272
			655	273
			656	273
			656	274
			656	275
			657	276
			657	277
			657	278
			658	279
			658	280
			658	281
			659	282
			659	283
			659	284
			660	285
			660	286
			660	287
			661	288
			661	289
			661	290
			662	291
			662	292
			662	293
			663	294
			663	295
			663	296
			663	297
			664	298
			664	299
			664	300
			664	301
			665	302
			665	303
			665	304
			665	305
			666	306
			666	307
			666	308
			666	309
			666	310
			667	311
			667	312
			667	313
			667	314
			667	315
			668	316
			668	317
			668	318
			668	319
			668	320
			669	321
			669	322
			669	323
			669	324
			669	325
			670	326
			670	327
			670	328
			670	329
			670	330
			670	331
			671	332
			671	333
			671	334
			671	335
			671	336
			671	337
			672	338
			672	339
			672	340
			672	341
			672	342
			672	343
			673	344
			673	345
			673	346
			673	347
			673	348
			673	349
			673	350
			673	351
			674	352
			674	353
			674	354
			674	355
			674	356
			674	357
			674	358
			675	359
			675	360
			675	361
			675	362
			675	363
			675	364
			675	365
			675	366
			675	367
			675	368
			676	369
			676	370
			676	371
			676	372
			676	373
			676	374
			676	375
			676	376
			676	377
			676	378
			676	379
			676	380
			676	381
			677	382
			677	383
			677	384
			677	385
			677	386
			677	387
			677	388
			677	389
			677	390
			677	391
			677	392
			677	393
			677	394
		</anterior>
		<spine type=matrix rownames=FALSE colnames=FALSE nrow=456 ncol=2 as.numeric=TRUE >
			357	394
			358	394
			359	394
			360	394
			361	394
			362	394
			363	394
			364	394
			365	394
			366	394
			367	395
			368	395
			369	395
			370	395
			371	395
			372	395
			373	395
			374	395
			375	395
			376	395
			377	395
			378	395
			379	395
			380	395
			381	395
			382	395
			383	395
			384	395
			385	395
			386	395
			387	395
			388	395
			389	395
			390	395
			391	395
			392	395
			393	395
			394	395
			395	395
			396	395
			397	395
			398	395
			399	395
			400	395
			401	395
			402	395
			403	395
			404	395
			405	395
			406	395
			407	395
			408	395
			409	395
			410	395
			411	395
			412	395
			413	395
			414	395
			415	395
			416	395
			417	395
			418	395
			419	395
			420	395
			421	395
			422	395
			423	395
			424	394
			425	394
			426	394
			427	394
			428	394
			429	394
			430	394
			431	394
			432	394
			433	394
			434	394
			435	394
			436	394
			437	394
			438	394
			439	394
			440	394
			441	394
			442	394
			443	393
			444	393
			445	393
			446	393
			447	393
			448	393
			449	393
			450	393
			451	393
			452	393
			453	393
			454	393
			455	393
			456	393
			457	392
			458	392
			459	392
			460	392
			461	392
			462	392
			463	392
			464	391
			464	390
			465	390
			466	389
			467	388
			468	388
			469	387
			470	387
			471	387
			472	387
			473	386
			474	386
			475	386
			476	386
			477	386
			478	386
			479	386
			480	386
			481	387
			482	387
			483	387
			484	387
			485	387
			486	388
			487	388
			488	388
			489	388
			490	389
			491	389
			492	389
			493	389
			494	389
			495	389
			496	388
			497	388
			498	388
			499	388
			500	388
			501	388
			502	388
			503	388
			504	388
			505	388
			506	387
			507	387
			508	387
			509	387
			510	387
			511	387
			512	387
			513	387
			514	387
			515	387
			516	387
			517	387
			518	387
			519	387
			520	387
			521	387
			522	387
			523	386
			524	386
			525	386
			526	386
			527	386
			528	386
			529	386
			530	386
			531	386
			532	386
			533	386
			534	386
			535	386
			536	386
			537	386
			538	386
			539	386
			540	386
			541	386
			542	386
			543	386
			544	386
			545	386
			546	386
			547	386
			548	386
			549	386
			550	386
			551	386
			552	386
			553	386
			554	386
			555	386
			556	387
			557	387
			558	387
			559	387
			560	387
			561	387
			562	387
			563	387
			564	387
			565	387
			566	387
			567	387
			568	387
			569	387
			570	387
			571	387
			572	387
			573	387
			574	387
			575	387
			576	387
			577	388
			578	388
			579	388
			580	388
			581	388
			582	388
			583	388
			584	388
			585	388
			586	388
			587	388
			588	388
			589	388
			590	388
			591	388
			592	388
			593	388
			594	388
			595	388
			596	388
			597	388
			598	388
			599	388
			600	388
			601	388
			602	388
			603	388
			604	388
			605	388
			606	388
			607	388
			608	388
			609	389
			610	389
			611	389
			612	389
			613	389
			614	389
			615	389
			616	390
			617	390
			618	390
			619	390
			620	390
			621	391
			622	391
			623	391
			624	391
			624	392
			625	392
			626	392
			627	392
			628	393
			629	393
			630	394
			631	394
			632	394
			633	395
			634	395
			635	396
			636	396
			636	397
			637	397
			638	398
			639	398
			639	399
			640	399
			641	400
			642	400
			642	401
			643	401
			644	402
			644	403
			645	403
			646	404
			646	405
			647	405
			647	406
			648	407
			649	408
			650	409
			650	410
			651	411
			652	412
			652	413
			652	414
			653	415
			653	416
			653	417
			653	418
			654	419
			654	420
			654	421
			655	422
			655	423
			655	424
			655	425
			656	426
			656	427
			656	428
			657	429
			657	430
			657	431
			657	432
			658	433
			658	434
			658	435
			659	435
			659	436
			659	437
			660	438
			660	439
			660	440
			661	441
			661	442
			661	443
			662	444
			662	445
			663	446
			663	447
			663	448
			664	449
			664	450
			665	451
			665	452
			665	453
			666	454
			666	455
			667	456
			667	457
			668	458
			668	459
			669	460
			669	461
			669	462
			670	463
			670	464
			671	465
			672	466
			672	467
			672	468
			673	468
			673	469
			673	470
			674	470
			674	471
			674	472
			675	472
			675	473
			675	474
			676	474
			676	475
			676	474
			677	474
			677	473
			677	472
			677	471
			678	470
			678	469
			678	468
			678	467
			678	466
			679	465
			679	464
			679	463
			679	462
			679	461
			679	460
			679	459
			679	458
			679	457
			679	456
			680	455
			680	454
			680	453
			680	452
			680	451
			680	450
			680	449
			680	448
			680	447
			680	446
			680	445
			680	444
			680	443
			680	442
			680	441
			680	440
			680	439
			680	438
			680	437
			680	436
			680	435
			680	434
			680	433
			680	432
			679	431
			679	430
			679	429
			679	428
			679	427
			679	426
			679	425
			679	424
			679	423
			679	422
			679	421
			679	420
			679	419
			679	418
			679	417
			679	416
			679	415
			679	414
			679	413
			678	412
			678	411
			678	410
			678	409
			678	408
			678	407
			678	406
			678	405
			678	404
			678	403
			678	402
			678	401
			678	400
			677	400
			677	399
			677	398
			677	397
			677	396
			677	395
			677	394
		</spine>
	</curves.pixel>
</shapes>

