<shapes type=list>
	<ruler.pixel type=vector names=FALSE length=1 as.numeric=TRUE >354</ruler.pixel>
	<ruler.interval type=vector names=FALSE length=1 as.numeric=TRUE >7.4</ruler.interval>
	<scaling.units type=vector names=FALSE length=1 as.numeric=FALSE >mm</scaling.units>
	<scaling type=vector names=FALSE length=1 as.numeric=TRUE >0.0209039548022599</scaling>
	<landmarks.pixel type=matrix rownames=TRUE colnames=FALSE nrow=16 ncol=2 as.numeric=TRUE >
		LM1	281	56
		LM2	280	81
		LM3	278	286
		LM4	278	333
		LM5	400	135
		LM6	346	301
		LM7	348	322
		LM8	377	191
		LM9	382	291
		LM10	280	81
		LM11	501	271
		LM12	521	282
		LM13	281	56
		LM14	457	236
		LM15	521	333
		LM16	521	355
	</landmarks.pixel>
	<landmarks.scaled type=matrix rownames=TRUE colnames=FALSE nrow=16 ncol=2 as.numeric=TRUE >
		LM1	5.87401129943503	-1.17062146892655
		LM2	5.85310734463277	-1.69322033898305
		LM3	5.81129943502825	-5.97853107344633
		LM4	5.81129943502825	-6.96101694915254
		LM5	8.36158192090396	-2.82203389830509
		LM6	7.23276836158192	-6.29209039548023
		LM7	7.27457627118644	-6.73107344632768
		LM8	7.88079096045198	-3.99265536723164
		LM9	7.98531073446328	-6.08305084745763
		LM10	5.85310734463277	-1.69322033898305
		LM11	10.4728813559322	-5.66497175141243
		LM12	10.8909604519774	-5.89491525423729
		LM13	5.87401129943503	-1.17062146892655
		LM14	9.55310734463277	-4.93333333333333
		LM15	10.8909604519774	-6.96101694915254
		LM16	10.8909604519774	-7.42090395480226
	</landmarks.scaled>
	<curves.control type=list>
		<glabella type=matrix rownames=FALSE colnames=FALSE nrow=11 ncol=2 as.numeric=TRUE >
			280	81
			349	74
			393	116
			415	141
			372	173
			381	223
			359	272
			345	292
			349	309
			349	318
			348	322
		</glabella>
		<suture type=matrix rownames=FALSE colnames=FALSE nrow=21 ncol=2 as.numeric=TRUE >
			280	81
			377	78
			397	127
			400	155
			378	175
			392	189
			419	199
			437	214
			439	240
			436	262
			422	278
			393	286
			384	289
			370	308
			415	303
			437	288
			455	277
			466	265
			479	262
			509	268
			521	282
		</suture>
		<anterior type=matrix rownames=FALSE colnames=FALSE nrow=5 ncol=2 as.numeric=TRUE >
			281	56
			372	66
			414	102
			526	161
			521	333
		</anterior>
		<posterior type=matrix rownames=FALSE colnames=FALSE nrow=11 ncol=2 as.numeric=TRUE >
			278	333
			301	334
			346	325
			360	317
			411	327
			446	346
			480	346
			489	345
			522	355
			524	346
			521	333
		</posterior>
	</curves.control>
	<curves.pixel type=list>
		<glabella type=matrix rownames=FALSE colnames=FALSE nrow=328 ncol=2 as.numeric=TRUE >
			280	81
			281	81
			282	81
			283	81
			284	81
			285	81
			286	80
			287	80
			288	80
			289	80
			290	80
			291	80
			292	80
			293	80
			294	80
			295	80
			296	80
			297	80
			298	80
			299	80
			300	80
			301	80
			302	80
			303	80
			304	80
			305	80
			306	80
			307	80
			308	80
			309	80
			310	80
			311	80
			312	80
			313	81
			314	81
			315	81
			316	81
			317	81
			318	81
			319	81
			320	81
			321	81
			322	82
			323	82
			324	82
			325	82
			326	82
			327	82
			328	83
			329	83
			330	83
			331	83
			332	83
			332	84
			333	84
			334	84
			335	84
			336	84
			337	85
			338	85
			339	85
			340	85
			341	86
			342	86
			343	86
			344	87
			345	87
			346	87
			347	88
			348	88
			349	88
			350	89
			351	89
			352	89
			353	90
			354	90
			355	91
			356	91
			357	91
			358	92
			359	93
			360	93
			361	94
			362	94
			363	95
			364	95
			365	96
			366	96
			367	97
			368	97
			369	98
			370	98
			371	99
			372	100
			373	100
			374	101
			375	102
			376	102
			377	103
			378	103
			379	104
			380	105
			381	105
			381	106
			382	107
			383	108
			384	108
			385	109
			386	110
			387	110
			388	111
			389	112
			389	113
			390	113
			391	114
			392	115
			393	116
			394	117
			395	118
			395	119
			396	120
			397	121
			397	122
			398	123
			398	124
			399	125
			399	126
			399	127
			400	128
			400	129
			400	130
			400	131
			400	132
			400	133
			400	134
			400	135
			400	136
			400	137
			400	138
			400	139
			400	140
			399	141
			399	142
			399	143
			398	144
			398	145
			398	146
			397	146
			397	147
			396	148
			396	149
			395	150
			394	151
			394	152
			393	153
			392	154
			391	155
			390	156
			390	157
			389	158
			388	159
			387	160
			386	161
			385	162
			384	163
			383	164
			382	165
			381	166
			380	166
			380	167
			379	168
			378	168
			377	169
			376	170
			375	171
			374	172
			373	172
			372	173
			372	174
			372	175
			372	176
			373	177
			373	178
			373	179
			373	180
			373	181
			373	182
			373	183
			374	184
			374	185
			374	186
			374	187
			374	188
			374	189
			374	190
			374	191
			374	192
			374	193
			374	194
			374	195
			375	196
			375	197
			375	198
			375	199
			375	200
			375	201
			375	202
			375	203
			375	204
			375	205
			375	206
			375	207
			374	208
			374	209
			374	210
			374	211
			374	212
			374	213
			374	214
			374	215
			374	216
			374	217
			374	218
			374	219
			374	220
			373	221
			373	222
			373	223
			373	224
			373	225
			373	226
			373	227
			372	228
			372	229
			372	230
			372	231
			372	232
			372	233
			371	234
			371	235
			371	236
			371	237
			370	238
			370	239
			370	240
			370	241
			370	242
			369	243
			369	244
			369	245
			369	246
			368	247
			368	248
			368	249
			367	250
			367	251
			367	252
			366	253
			366	254
			366	255
			365	256
			365	257
			365	258
			364	259
			364	260
			363	261
			363	262
			363	263
			362	264
			362	265
			362	266
			361	267
			361	268
			360	269
			360	270
			359	271
			359	272
			358	273
			358	274
			357	274
			357	275
			356	276
			356	277
			355	278
			355	279
			354	280
			354	281
			353	282
			353	283
			352	284
			352	285
			351	286
			351	287
			350	288
			350	289
			350	290
			350	291
			349	292
			349	293
			349	294
			349	295
			348	296
			348	297
			348	298
			348	299
			348	300
			348	301
			348	302
			348	303
			348	304
			348	305
			349	306
			349	307
			349	308
			349	309
			349	310
			349	311
			349	312
			349	313
			349	314
			349	315
			349	316
			349	317
			349	318
			349	319
			348	320
			348	321
			348	322
		</glabella>
		<suture type=matrix rownames=FALSE colnames=FALSE nrow=502 ncol=2 as.numeric=TRUE >
			280	81
			281	81
			282	81
			283	81
			284	81
			285	81
			286	81
			287	81
			288	81
			289	81
			290	81
			291	81
			292	81
			293	81
			294	81
			295	81
			296	81
			297	81
			298	81
			299	81
			300	81
			301	81
			302	81
			303	81
			304	81
			305	81
			306	81
			307	81
			308	81
			309	81
			310	81
			311	82
			312	82
			313	82
			314	82
			315	82
			316	82
			317	82
			318	82
			319	82
			320	82
			321	82
			322	83
			323	83
			324	83
			325	83
			326	83
			327	83
			328	83
			329	83
			330	84
			331	84
			332	84
			333	84
			334	84
			335	85
			336	85
			337	85
			338	85
			339	85
			340	86
			341	86
			342	86
			343	86
			344	87
			345	87
			346	87
			347	87
			348	88
			349	88
			350	88
			351	89
			352	89
			353	89
			354	90
			355	90
			356	90
			357	91
			358	91
			359	92
			360	92
			361	93
			362	93
			363	93
			364	94
			365	94
			366	95
			367	95
			368	96
			369	96
			370	97
			371	97
			372	98
			373	98
			373	99
			374	100
			375	100
			376	101
			377	101
			378	102
			379	103
			380	104
			381	105
			382	105
			383	106
			383	107
			384	108
			385	109
			386	109
			387	110
			387	111
			388	112
			389	113
			389	114
			390	115
			391	116
			392	117
			392	118
			393	119
			394	120
			394	121
			395	122
			395	123
			395	124
			396	125
			397	126
			397	127
			397	128
			397	129
			397	130
			397	131
			397	132
			397	133
			397	134
			397	135
			397	136
			397	137
			397	138
			397	139
			397	140
			397	141
			397	142
			397	143
			396	144
			396	145
			396	146
			396	147
			395	148
			395	149
			395	150
			395	151
			394	152
			394	153
			393	154
			393	155
			393	156
			392	157
			391	158
			391	159
			390	160
			390	161
			389	162
			388	163
			388	164
			387	165
			386	166
			386	167
			385	168
			384	168
			384	169
			383	170
			382	171
			381	172
			380	173
			379	174
			378	175
			379	176
			380	177
			381	178
			382	179
			383	180
			384	180
			385	181
			386	182
			387	183
			388	183
			389	184
			390	185
			391	186
			392	186
			393	186
			393	187
			394	187
			395	188
			396	188
			396	189
			397	189
			398	189
			398	190
			399	190
			400	191
			401	191
			402	191
			402	192
			403	192
			404	193
			405	193
			406	193
			406	194
			407	194
			408	195
			409	195
			410	195
			411	196
			412	196
			413	197
			414	197
			415	198
			416	198
			417	198
			418	199
			419	199
			420	200
			421	201
			422	202
			423	203
			424	203
			424	204
			425	205
			426	206
			427	207
			427	208
			428	209
			429	209
			429	210
			430	211
			431	212
			431	213
			432	214
			432	215
			433	216
			433	217
			434	218
			434	219
			435	220
			435	221
			435	222
			436	223
			436	224
			436	225
			437	226
			437	227
			437	228
			437	229
			438	230
			438	231
			438	232
			438	233
			438	234
			438	235
			439	236
			439	237
			439	238
			439	239
			439	240
			439	241
			439	242
			438	243
			438	244
			438	245
			438	246
			438	247
			437	248
			437	249
			437	250
			437	251
			436	252
			436	253
			436	254
			436	255
			435	255
			435	256
			435	257
			434	258
			434	259
			434	260
			433	261
			432	262
			432	263
			431	264
			431	265
			430	266
			430	267
			429	268
			429	269
			428	270
			427	271
			427	272
			426	273
			425	274
			425	275
			424	276
			423	276
			423	277
			422	278
			421	278
			420	279
			419	279
			418	279
			417	279
			416	280
			415	280
			414	280
			413	281
			412	281
			411	281
			410	281
			409	282
			408	282
			407	282
			406	282
			405	283
			404	283
			403	283
			402	284
			401	284
			400	284
			399	284
			398	285
			397	285
			396	285
			395	285
			395	286
			394	286
			393	286
			392	286
			392	287
			391	287
			390	287
			389	287
			388	288
			387	288
			386	288
			385	289
			384	289
			383	290
			382	291
			382	292
			381	293
			381	294
			381	295
			381	296
			381	297
			381	298
			381	299
			382	300
			383	301
			384	302
			385	302
			386	303
			387	303
			388	303
			389	303
			390	304
			391	304
			392	304
			393	304
			394	304
			395	304
			396	304
			397	304
			398	304
			399	304
			400	304
			401	304
			402	304
			403	304
			404	304
			405	304
			406	304
			407	304
			408	304
			409	304
			410	304
			411	303
			412	303
			413	303
			414	303
			415	303
			416	303
			416	302
			417	302
			417	301
			418	301
			419	300
			420	300
			421	299
			422	298
			423	297
			424	297
			425	296
			426	295
			427	295
			428	294
			429	293
			430	293
			431	292
			432	291
			433	291
			434	290
			435	290
			436	289
			437	288
			438	288
			439	287
			440	286
			441	286
			442	285
			443	285
			444	284
			445	283
			446	283
			447	282
			448	281
			449	281
			450	280
			451	279
			452	279
			453	278
			454	278
			455	277
			456	276
			457	275
			458	274
			459	273
			460	272
			461	271
			462	271
			462	270
			463	270
			464	269
			465	269
			465	268
			466	268
			467	267
			468	267
			468	266
			469	266
			470	265
			471	265
			472	264
			473	264
			474	264
			475	263
			476	263
			477	263
			478	262
			479	262
			480	262
			481	262
			482	263
			483	263
			484	263
			485	263
			486	264
			487	264
			488	264
			489	264
			490	265
			491	265
			492	265
			493	266
			494	266
			495	266
			496	267
			497	267
			498	267
			499	268
			500	268
			501	268
			502	269
			503	269
			504	270
			505	270
			506	271
			507	271
			508	272
			509	272
			510	273
			511	273
			511	274
			512	274
			513	275
			514	275
			515	276
			515	277
			516	277
			517	278
			518	279
			519	280
			520	281
			521	282
		</suture>
		<anterior type=matrix rownames=FALSE colnames=FALSE nrow=383 ncol=2 as.numeric=TRUE >
			281	56
			282	56
			283	56
			284	56
			285	56
			285	57
			286	57
			287	57
			288	57
			289	57
			290	57
			291	57
			292	57
			293	58
			294	58
			295	58
			296	58
			297	58
			298	58
			299	58
			300	59
			301	59
			302	59
			303	59
			304	59
			305	59
			306	59
			307	60
			308	60
			309	60
			310	60
			311	60
			312	60
			313	61
			314	61
			315	61
			316	61
			317	61
			318	61
			319	62
			320	62
			321	62
			322	62
			323	63
			324	63
			325	63
			326	63
			327	63
			328	64
			329	64
			330	64
			331	64
			332	65
			333	65
			334	65
			335	65
			336	65
			337	66
			338	66
			339	66
			340	67
			341	67
			342	67
			343	67
			344	68
			345	68
			346	68
			347	69
			348	69
			349	69
			350	69
			351	70
			352	70
			353	70
			354	71
			355	71
			356	71
			357	72
			358	72
			359	72
			360	73
			361	73
			362	73
			363	74
			364	74
			365	74
			366	75
			367	75
			368	76
			369	76
			370	76
			371	77
			372	77
			373	77
			374	78
			375	78
			376	79
			377	79
			378	80
			379	80
			380	81
			381	81
			382	82
			383	82
			384	83
			385	83
			386	84
			387	84
			388	85
			389	85
			390	86
			391	86
			392	87
			393	88
			394	88
			395	89
			396	89
			397	90
			398	90
			399	91
			400	92
			401	92
			402	93
			403	93
			404	94
			405	95
			406	96
			407	97
			408	97
			409	98
			410	99
			411	100
			412	101
			413	101
			414	102
			415	103
			416	103
			417	104
			418	104
			419	105
			420	105
			421	106
			422	106
			422	107
			423	107
			424	108
			425	108
			426	109
			427	109
			428	110
			429	111
			430	112
			431	112
			432	113
			433	114
			434	114
			435	115
			436	116
			437	116
			438	117
			439	118
			440	118
			441	119
			442	120
			443	121
			444	121
			445	122
			446	123
			447	124
			448	125
			449	126
			450	127
			451	127
			451	128
			452	128
			453	129
			454	130
			455	131
			456	132
			457	133
			458	134
			459	134
			459	135
			460	136
			461	136
			461	137
			462	138
			463	139
			464	140
			465	141
			466	142
			467	143
			467	144
			468	145
			469	146
			470	146
			471	147
			471	148
			472	149
			473	150
			474	151
			474	152
			475	153
			476	154
			477	155
			477	156
			478	157
			479	158
			479	159
			480	160
			481	161
			481	162
			482	163
			483	164
			483	165
			484	166
			485	167
			485	168
			486	169
			487	170
			487	171
			488	172
			488	173
			489	174
			489	175
			490	176
			491	177
			491	178
			492	179
			492	180
			493	181
			493	182
			494	183
			494	184
			495	185
			495	186
			496	187
			496	188
			497	189
			497	190
			498	191
			498	192
			498	193
			499	194
			499	195
			500	196
			500	197
			501	198
			501	199
			501	200
			502	201
			502	202
			503	203
			503	204
			503	205
			504	206
			504	207
			504	208
			505	209
			505	210
			506	211
			506	212
			506	213
			506	214
			507	215
			507	216
			507	217
			508	218
			508	219
			508	220
			509	221
			509	222
			509	223
			509	224
			510	225
			510	226
			510	227
			510	228
			511	229
			511	230
			511	231
			512	232
			512	233
			512	234
			512	235
			513	236
			513	237
			513	238
			513	239
			513	240
			514	241
			514	242
			514	243
			514	244
			515	245
			515	246
			515	247
			515	248
			515	249
			516	250
			516	251
			516	252
			516	253
			516	254
			516	255
			517	256
			517	257
			517	258
			517	259
			517	260
			517	261
			517	262
			518	263
			518	264
			518	265
			518	266
			518	267
			518	268
			518	269
			518	270
			519	271
			519	272
			519	273
			519	274
			519	275
			519	276
			519	277
			519	278
			519	279
			519	280
			520	281
			520	282
			520	283
			520	284
			520	285
			520	286
			520	287
			520	288
			520	289
			520	290
			520	291
			520	292
			520	293
			521	294
			521	295
			521	296
			521	297
			521	298
			521	299
			521	300
			521	301
			521	302
			521	303
			521	304
			521	305
			521	306
			521	307
			521	308
			521	309
			521	310
			521	311
			521	312
			521	313
			521	314
			521	315
			521	316
			521	317
			521	318
			521	319
			521	320
			521	321
			521	322
			521	323
			521	324
			521	325
			521	326
			521	327
			521	328
			521	329
			521	330
			521	331
			521	332
			521	333
		</anterior>
		<posterior type=matrix rownames=FALSE colnames=FALSE nrow=268 ncol=2 as.numeric=TRUE >
			278	333
			279	333
			280	333
			281	333
			282	333
			283	333
			284	333
			285	333
			286	333
			287	333
			288	333
			289	333
			290	333
			291	333
			292	333
			293	333
			294	333
			295	333
			296	333
			297	332
			298	332
			299	332
			300	332
			301	332
			302	332
			303	332
			304	332
			305	332
			306	332
			307	331
			308	331
			309	331
			310	331
			311	331
			312	331
			313	331
			314	330
			315	330
			316	330
			317	330
			318	330
			319	330
			320	330
			321	329
			322	329
			323	329
			324	329
			325	329
			326	329
			327	328
			328	328
			329	328
			330	328
			331	328
			332	328
			333	327
			334	327
			335	327
			336	327
			337	327
			338	326
			339	326
			340	326
			341	326
			342	326
			343	326
			344	325
			345	325
			346	325
			347	325
			347	324
			348	324
			349	324
			350	323
			351	323
			352	323
			353	323
			354	322
			355	322
			356	322
			357	322
			358	322
			359	322
			360	322
			361	322
			362	322
			363	321
			364	321
			365	321
			366	321
			367	321
			368	321
			369	322
			370	322
			371	322
			372	322
			373	322
			374	322
			375	322
			376	322
			377	322
			378	322
			379	322
			380	322
			381	322
			382	322
			383	322
			384	323
			385	323
			386	323
			387	323
			388	323
			389	323
			390	323
			391	324
			392	324
			393	324
			394	324
			395	324
			396	324
			397	324
			398	325
			399	325
			400	325
			401	325
			402	325
			403	326
			404	326
			405	326
			406	326
			407	326
			408	326
			409	327
			410	327
			411	327
			412	327
			413	328
			414	329
			415	329
			416	330
			417	330
			418	331
			419	331
			420	332
			421	332
			422	333
			423	333
			424	334
			425	334
			426	334
			427	335
			428	335
			429	336
			430	336
			431	336
			432	337
			433	337
			434	337
			435	338
			436	338
			437	339
			438	339
			439	339
			440	340
			441	340
			442	340
			443	340
			444	341
			445	341
			446	341
			447	342
			448	342
			449	342
			450	342
			451	343
			452	343
			453	343
			454	343
			455	343
			456	344
			457	344
			458	344
			459	344
			460	344
			461	345
			462	345
			463	345
			464	345
			465	345
			466	345
			467	345
			468	345
			469	345
			470	346
			471	346
			472	346
			473	346
			474	346
			475	346
			476	346
			477	346
			478	346
			479	346
			480	346
			481	346
			482	346
			483	346
			484	346
			485	346
			486	346
			487	346
			488	347
			489	347
			490	347
			491	347
			492	347
			493	347
			494	348
			495	348
			496	348
			497	348
			498	348
			499	349
			500	349
			501	349
			502	350
			503	350
			504	350
			505	350
			506	350
			507	351
			508	351
			509	351
			510	352
			511	352
			512	352
			513	352
			514	353
			515	353
			516	353
			517	354
			518	354
			519	354
			520	354
			521	355
			522	355
			522	354
			522	353
			522	352
			523	351
			523	350
			523	349
			523	348
			523	347
			523	346
			523	345
			523	344
			523	343
			523	342
			522	341
			522	340
			522	339
			522	338
			522	337
			522	336
			521	335
			521	334
			521	333
		</posterior>
	</curves.pixel>
	<curves.scaled type=list>
		<glabella type=matrix rownames=FALSE colnames=FALSE nrow=328 ncol=2 as.numeric=TRUE >
			5.85310734463277	-1.69322033898305
			5.87401129943503	-1.69322033898305
			5.89491525423729	-1.69322033898305
			5.91581920903955	-1.69322033898305
			5.93672316384181	-1.69322033898305
			5.95762711864407	-1.69322033898305
			5.97853107344633	-1.67231638418079
			5.99943502824859	-1.67231638418079
			6.02033898305085	-1.67231638418079
			6.04124293785311	-1.67231638418079
			6.06214689265537	-1.67231638418079
			6.08305084745763	-1.67231638418079
			6.10395480225989	-1.67231638418079
			6.12485875706215	-1.67231638418079
			6.14576271186441	-1.67231638418079
			6.16666666666667	-1.67231638418079
			6.18757062146893	-1.67231638418079
			6.20847457627119	-1.67231638418079
			6.22937853107345	-1.67231638418079
			6.25028248587571	-1.67231638418079
			6.27118644067797	-1.67231638418079
			6.29209039548023	-1.67231638418079
			6.31299435028249	-1.67231638418079
			6.33389830508475	-1.67231638418079
			6.35480225988701	-1.67231638418079
			6.37570621468927	-1.67231638418079
			6.39661016949153	-1.67231638418079
			6.41751412429379	-1.67231638418079
			6.43841807909605	-1.67231638418079
			6.45932203389831	-1.67231638418079
			6.48022598870057	-1.67231638418079
			6.50112994350283	-1.67231638418079
			6.52203389830509	-1.67231638418079
			6.54293785310734	-1.69322033898305
			6.56384180790961	-1.69322033898305
			6.58474576271187	-1.69322033898305
			6.60564971751413	-1.69322033898305
			6.62655367231639	-1.69322033898305
			6.64745762711865	-1.69322033898305
			6.6683615819209	-1.69322033898305
			6.68926553672316	-1.69322033898305
			6.71016949152542	-1.69322033898305
			6.73107344632768	-1.71412429378531
			6.75197740112994	-1.71412429378531
			6.7728813559322	-1.71412429378531
			6.79378531073446	-1.71412429378531
			6.81468926553672	-1.71412429378531
			6.83559322033898	-1.71412429378531
			6.85649717514124	-1.73502824858757
			6.8774011299435	-1.73502824858757
			6.89830508474576	-1.73502824858757
			6.91920903954802	-1.73502824858757
			6.94011299435028	-1.73502824858757
			6.94011299435028	-1.75593220338983
			6.96101694915254	-1.75593220338983
			6.9819209039548	-1.75593220338983
			7.00282485875706	-1.75593220338983
			7.02372881355932	-1.75593220338983
			7.04463276836158	-1.77683615819209
			7.06553672316384	-1.77683615819209
			7.0864406779661	-1.77683615819209
			7.10734463276836	-1.77683615819209
			7.12824858757062	-1.79774011299435
			7.14915254237288	-1.79774011299435
			7.17005649717514	-1.79774011299435
			7.1909604519774	-1.81864406779661
			7.21186440677966	-1.81864406779661
			7.23276836158192	-1.81864406779661
			7.25367231638418	-1.83954802259887
			7.27457627118644	-1.83954802259887
			7.2954802259887	-1.83954802259887
			7.31638418079096	-1.86045197740113
			7.33728813559322	-1.86045197740113
			7.35819209039548	-1.86045197740113
			7.37909604519774	-1.88135593220339
			7.4	-1.88135593220339
			7.42090395480226	-1.90225988700565
			7.44180790960452	-1.90225988700565
			7.46271186440678	-1.90225988700565
			7.48361581920904	-1.92316384180791
			7.5045197740113	-1.94406779661017
			7.52542372881356	-1.94406779661017
			7.54632768361582	-1.96497175141243
			7.56723163841808	-1.96497175141243
			7.58813559322034	-1.98587570621469
			7.6090395480226	-1.98587570621469
			7.62994350282486	-2.00677966101695
			7.65084745762712	-2.00677966101695
			7.67175141242938	-2.02768361581921
			7.69265536723164	-2.02768361581921
			7.7135593220339	-2.04858757062147
			7.73446327683616	-2.04858757062147
			7.75536723163842	-2.06949152542373
			7.77627118644068	-2.09039548022599
			7.79717514124294	-2.09039548022599
			7.8180790960452	-2.11129943502825
			7.83898305084746	-2.13220338983051
			7.85988700564972	-2.13220338983051
			7.88079096045198	-2.15310734463277
			7.90169491525424	-2.15310734463277
			7.9225988700565	-2.17401129943503
			7.94350282485876	-2.19491525423729
			7.96440677966102	-2.19491525423729
			7.96440677966102	-2.21581920903955
			7.98531073446328	-2.23672316384181
			8.00621468926554	-2.25762711864407
			8.0271186440678	-2.25762711864407
			8.04802259887006	-2.27853107344633
			8.06892655367232	-2.29943502824859
			8.08983050847458	-2.29943502824859
			8.11073446327684	-2.32033898305085
			8.1316384180791	-2.34124293785311
			8.1316384180791	-2.36214689265537
			8.15254237288136	-2.36214689265537
			8.17344632768362	-2.38305084745763
			8.19435028248588	-2.40395480225989
			8.21525423728814	-2.42485875706215
			8.2361581920904	-2.44576271186441
			8.25706214689266	-2.46666666666667
			8.25706214689266	-2.48757062146893
			8.27796610169492	-2.50847457627119
			8.29887005649718	-2.52937853107345
			8.29887005649718	-2.55028248587571
			8.31977401129944	-2.57118644067797
			8.31977401129944	-2.59209039548023
			8.3406779661017	-2.61299435028249
			8.3406779661017	-2.63389830508475
			8.3406779661017	-2.65480225988701
			8.36158192090396	-2.67570621468927
			8.36158192090396	-2.69661016949153
			8.36158192090396	-2.71751412429379
			8.36158192090396	-2.73841807909605
			8.36158192090396	-2.75932203389831
			8.36158192090396	-2.78022598870057
			8.36158192090396	-2.80112994350283
			8.36158192090396	-2.82203389830509
			8.36158192090396	-2.84293785310734
			8.36158192090396	-2.8638418079096
			8.36158192090396	-2.88474576271186
			8.36158192090396	-2.90564971751412
			8.36158192090396	-2.92655367231638
			8.3406779661017	-2.94745762711864
			8.3406779661017	-2.9683615819209
			8.3406779661017	-2.98926553672316
			8.31977401129944	-3.01016949152542
			8.31977401129944	-3.03107344632768
			8.31977401129944	-3.05197740112994
			8.29887005649718	-3.05197740112994
			8.29887005649718	-3.0728813559322
			8.27796610169492	-3.09378531073446
			8.27796610169492	-3.11468926553672
			8.25706214689266	-3.13559322033898
			8.2361581920904	-3.15649717514124
			8.2361581920904	-3.1774011299435
			8.21525423728814	-3.19830508474576
			8.19435028248588	-3.21920903954802
			8.17344632768362	-3.24011299435028
			8.15254237288136	-3.26101694915254
			8.15254237288136	-3.2819209039548
			8.1316384180791	-3.30282485875706
			8.11073446327684	-3.32372881355932
			8.08983050847458	-3.34463276836158
			8.06892655367232	-3.36553672316384
			8.04802259887006	-3.3864406779661
			8.0271186440678	-3.40734463276836
			8.00621468926554	-3.42824858757062
			7.98531073446328	-3.44915254237288
			7.96440677966102	-3.47005649717514
			7.94350282485876	-3.47005649717514
			7.94350282485876	-3.4909604519774
			7.9225988700565	-3.51186440677966
			7.90169491525424	-3.51186440677966
			7.88079096045198	-3.53276836158192
			7.85988700564972	-3.55367231638418
			7.83898305084746	-3.57457627118644
			7.8180790960452	-3.5954802259887
			7.79717514124294	-3.5954802259887
			7.77627118644068	-3.61638418079096
			7.77627118644068	-3.63728813559322
			7.77627118644068	-3.65819209039548
			7.77627118644068	-3.67909604519774
			7.79717514124294	-3.7
			7.79717514124294	-3.72090395480226
			7.79717514124294	-3.74180790960452
			7.79717514124294	-3.76271186440678
			7.79717514124294	-3.78361581920904
			7.79717514124294	-3.8045197740113
			7.79717514124294	-3.82542372881356
			7.8180790960452	-3.84632768361582
			7.8180790960452	-3.86723163841808
			7.8180790960452	-3.88813559322034
			7.8180790960452	-3.9090395480226
			7.8180790960452	-3.92994350282486
			7.8180790960452	-3.95084745762712
			7.8180790960452	-3.97175141242938
			7.8180790960452	-3.99265536723164
			7.8180790960452	-4.0135593220339
			7.8180790960452	-4.03446327683616
			7.8180790960452	-4.05536723163842
			7.8180790960452	-4.07627118644068
			7.83898305084746	-4.09717514124294
			7.83898305084746	-4.1180790960452
			7.83898305084746	-4.13898305084746
			7.83898305084746	-4.15988700564972
			7.83898305084746	-4.18079096045198
			7.83898305084746	-4.20169491525424
			7.83898305084746	-4.2225988700565
			7.83898305084746	-4.24350282485876
			7.83898305084746	-4.26440677966102
			7.83898305084746	-4.28531073446328
			7.83898305084746	-4.30621468926554
			7.83898305084746	-4.3271186440678
			7.8180790960452	-4.34802259887006
			7.8180790960452	-4.36892655367232
			7.8180790960452	-4.38983050847458
			7.8180790960452	-4.41073446327684
			7.8180790960452	-4.4316384180791
			7.8180790960452	-4.45254237288136
			7.8180790960452	-4.47344632768362
			7.8180790960452	-4.49435028248588
			7.8180790960452	-4.51525423728814
			7.8180790960452	-4.5361581920904
			7.8180790960452	-4.55706214689266
			7.8180790960452	-4.57796610169492
			7.8180790960452	-4.59887005649718
			7.79717514124294	-4.61977401129944
			7.79717514124294	-4.6406779661017
			7.79717514124294	-4.66158192090396
			7.79717514124294	-4.68248587570621
			7.79717514124294	-4.70338983050847
			7.79717514124294	-4.72429378531073
			7.79717514124294	-4.74519774011299
			7.77627118644068	-4.76610169491526
			7.77627118644068	-4.78700564971752
			7.77627118644068	-4.80790960451977
			7.77627118644068	-4.82881355932203
			7.77627118644068	-4.84971751412429
			7.77627118644068	-4.87062146892655
			7.75536723163842	-4.89152542372881
			7.75536723163842	-4.91242937853107
			7.75536723163842	-4.93333333333333
			7.75536723163842	-4.95423728813559
			7.73446327683616	-4.97514124293785
			7.73446327683616	-4.99604519774011
			7.73446327683616	-5.01694915254237
			7.73446327683616	-5.03785310734463
			7.73446327683616	-5.05875706214689
			7.7135593220339	-5.07966101694915
			7.7135593220339	-5.10056497175141
			7.7135593220339	-5.12146892655367
			7.7135593220339	-5.14237288135593
			7.69265536723164	-5.16327683615819
			7.69265536723164	-5.18418079096045
			7.69265536723164	-5.20508474576271
			7.67175141242938	-5.22598870056497
			7.67175141242938	-5.24689265536723
			7.67175141242938	-5.26779661016949
			7.65084745762712	-5.28870056497175
			7.65084745762712	-5.30960451977401
			7.65084745762712	-5.33050847457627
			7.62994350282486	-5.35141242937853
			7.62994350282486	-5.37231638418079
			7.62994350282486	-5.39322033898305
			7.6090395480226	-5.41412429378531
			7.6090395480226	-5.43502824858757
			7.58813559322034	-5.45593220338983
			7.58813559322034	-5.47683615819209
			7.58813559322034	-5.49774011299435
			7.56723163841808	-5.51864406779661
			7.56723163841808	-5.53954802259887
			7.56723163841808	-5.56045197740113
			7.54632768361582	-5.58135593220339
			7.54632768361582	-5.60225988700565
			7.52542372881356	-5.62316384180791
			7.52542372881356	-5.64406779661017
			7.5045197740113	-5.66497175141243
			7.5045197740113	-5.68587570621469
			7.48361581920904	-5.70677966101695
			7.48361581920904	-5.72768361581921
			7.46271186440678	-5.72768361581921
			7.46271186440678	-5.74858757062147
			7.44180790960452	-5.76949152542373
			7.44180790960452	-5.79039548022599
			7.42090395480226	-5.81129943502825
			7.42090395480226	-5.83220338983051
			7.4	-5.85310734463277
			7.4	-5.87401129943503
			7.37909604519774	-5.89491525423729
			7.37909604519774	-5.91581920903955
			7.35819209039548	-5.93672316384181
			7.35819209039548	-5.95762711864407
			7.33728813559322	-5.97853107344633
			7.33728813559322	-5.99943502824859
			7.31638418079096	-6.02033898305085
			7.31638418079096	-6.04124293785311
			7.31638418079096	-6.06214689265537
			7.31638418079096	-6.08305084745763
			7.2954802259887	-6.10395480225989
			7.2954802259887	-6.12485875706215
			7.2954802259887	-6.14576271186441
			7.2954802259887	-6.16666666666667
			7.27457627118644	-6.18757062146893
			7.27457627118644	-6.20847457627119
			7.27457627118644	-6.22937853107345
			7.27457627118644	-6.25028248587571
			7.27457627118644	-6.27118644067797
			7.27457627118644	-6.29209039548023
			7.27457627118644	-6.31299435028249
			7.27457627118644	-6.33389830508475
			7.27457627118644	-6.35480225988701
			7.27457627118644	-6.37570621468927
			7.2954802259887	-6.39661016949153
			7.2954802259887	-6.41751412429379
			7.2954802259887	-6.43841807909605
			7.2954802259887	-6.45932203389831
			7.2954802259887	-6.48022598870057
			7.2954802259887	-6.50112994350283
			7.2954802259887	-6.52203389830509
			7.2954802259887	-6.54293785310734
			7.2954802259887	-6.56384180790961
			7.2954802259887	-6.58474576271187
			7.2954802259887	-6.60564971751413
			7.2954802259887	-6.62655367231639
			7.2954802259887	-6.64745762711865
			7.2954802259887	-6.6683615819209
			7.27457627118644	-6.68926553672316
			7.27457627118644	-6.71016949152542
			7.27457627118644	-6.73107344632768
		</glabella>
		<suture type=matrix rownames=FALSE colnames=FALSE nrow=502 ncol=2 as.numeric=TRUE >
			5.85310734463277	-1.69322033898305
			5.87401129943503	-1.69322033898305
			5.89491525423729	-1.69322033898305
			5.91581920903955	-1.69322033898305
			5.93672316384181	-1.69322033898305
			5.95762711864407	-1.69322033898305
			5.97853107344633	-1.69322033898305
			5.99943502824859	-1.69322033898305
			6.02033898305085	-1.69322033898305
			6.04124293785311	-1.69322033898305
			6.06214689265537	-1.69322033898305
			6.08305084745763	-1.69322033898305
			6.10395480225989	-1.69322033898305
			6.12485875706215	-1.69322033898305
			6.14576271186441	-1.69322033898305
			6.16666666666667	-1.69322033898305
			6.18757062146893	-1.69322033898305
			6.20847457627119	-1.69322033898305
			6.22937853107345	-1.69322033898305
			6.25028248587571	-1.69322033898305
			6.27118644067797	-1.69322033898305
			6.29209039548023	-1.69322033898305
			6.31299435028249	-1.69322033898305
			6.33389830508475	-1.69322033898305
			6.35480225988701	-1.69322033898305
			6.37570621468927	-1.69322033898305
			6.39661016949153	-1.69322033898305
			6.41751412429379	-1.69322033898305
			6.43841807909605	-1.69322033898305
			6.45932203389831	-1.69322033898305
			6.48022598870057	-1.69322033898305
			6.50112994350283	-1.71412429378531
			6.52203389830509	-1.71412429378531
			6.54293785310734	-1.71412429378531
			6.56384180790961	-1.71412429378531
			6.58474576271187	-1.71412429378531
			6.60564971751413	-1.71412429378531
			6.62655367231639	-1.71412429378531
			6.64745762711865	-1.71412429378531
			6.6683615819209	-1.71412429378531
			6.68926553672316	-1.71412429378531
			6.71016949152542	-1.71412429378531
			6.73107344632768	-1.73502824858757
			6.75197740112994	-1.73502824858757
			6.7728813559322	-1.73502824858757
			6.79378531073446	-1.73502824858757
			6.81468926553672	-1.73502824858757
			6.83559322033898	-1.73502824858757
			6.85649717514124	-1.73502824858757
			6.8774011299435	-1.73502824858757
			6.89830508474576	-1.75593220338983
			6.91920903954802	-1.75593220338983
			6.94011299435028	-1.75593220338983
			6.96101694915254	-1.75593220338983
			6.9819209039548	-1.75593220338983
			7.00282485875706	-1.77683615819209
			7.02372881355932	-1.77683615819209
			7.04463276836158	-1.77683615819209
			7.06553672316384	-1.77683615819209
			7.0864406779661	-1.77683615819209
			7.10734463276836	-1.79774011299435
			7.12824858757062	-1.79774011299435
			7.14915254237288	-1.79774011299435
			7.17005649717514	-1.79774011299435
			7.1909604519774	-1.81864406779661
			7.21186440677966	-1.81864406779661
			7.23276836158192	-1.81864406779661
			7.25367231638418	-1.81864406779661
			7.27457627118644	-1.83954802259887
			7.2954802259887	-1.83954802259887
			7.31638418079096	-1.83954802259887
			7.33728813559322	-1.86045197740113
			7.35819209039548	-1.86045197740113
			7.37909604519774	-1.86045197740113
			7.4	-1.88135593220339
			7.42090395480226	-1.88135593220339
			7.44180790960452	-1.88135593220339
			7.46271186440678	-1.90225988700565
			7.48361581920904	-1.90225988700565
			7.5045197740113	-1.92316384180791
			7.52542372881356	-1.92316384180791
			7.54632768361582	-1.94406779661017
			7.56723163841808	-1.94406779661017
			7.58813559322034	-1.94406779661017
			7.6090395480226	-1.96497175141243
			7.62994350282486	-1.96497175141243
			7.65084745762712	-1.98587570621469
			7.67175141242938	-1.98587570621469
			7.69265536723164	-2.00677966101695
			7.7135593220339	-2.00677966101695
			7.73446327683616	-2.02768361581921
			7.75536723163842	-2.02768361581921
			7.77627118644068	-2.04858757062147
			7.79717514124294	-2.04858757062147
			7.79717514124294	-2.06949152542373
			7.8180790960452	-2.09039548022599
			7.83898305084746	-2.09039548022599
			7.85988700564972	-2.11129943502825
			7.88079096045198	-2.11129943502825
			7.90169491525424	-2.13220338983051
			7.9225988700565	-2.15310734463277
			7.94350282485876	-2.17401129943503
			7.96440677966102	-2.19491525423729
			7.98531073446328	-2.19491525423729
			8.00621468926554	-2.21581920903955
			8.00621468926554	-2.23672316384181
			8.0271186440678	-2.25762711864407
			8.04802259887006	-2.27853107344633
			8.06892655367232	-2.27853107344633
			8.08983050847458	-2.29943502824859
			8.08983050847458	-2.32033898305085
			8.11073446327684	-2.34124293785311
			8.1316384180791	-2.36214689265537
			8.1316384180791	-2.38305084745763
			8.15254237288136	-2.40395480225989
			8.17344632768362	-2.42485875706215
			8.19435028248588	-2.44576271186441
			8.19435028248588	-2.46666666666667
			8.21525423728814	-2.48757062146893
			8.2361581920904	-2.50847457627119
			8.2361581920904	-2.52937853107345
			8.25706214689266	-2.55028248587571
			8.25706214689266	-2.57118644067797
			8.25706214689266	-2.59209039548023
			8.27796610169492	-2.61299435028249
			8.29887005649718	-2.63389830508475
			8.29887005649718	-2.65480225988701
			8.29887005649718	-2.67570621468927
			8.29887005649718	-2.69661016949153
			8.29887005649718	-2.71751412429379
			8.29887005649718	-2.73841807909605
			8.29887005649718	-2.75932203389831
			8.29887005649718	-2.78022598870057
			8.29887005649718	-2.80112994350283
			8.29887005649718	-2.82203389830509
			8.29887005649718	-2.84293785310734
			8.29887005649718	-2.8638418079096
			8.29887005649718	-2.88474576271186
			8.29887005649718	-2.90564971751412
			8.29887005649718	-2.92655367231638
			8.29887005649718	-2.94745762711864
			8.29887005649718	-2.9683615819209
			8.29887005649718	-2.98926553672316
			8.27796610169492	-3.01016949152542
			8.27796610169492	-3.03107344632768
			8.27796610169492	-3.05197740112994
			8.27796610169492	-3.0728813559322
			8.25706214689266	-3.09378531073446
			8.25706214689266	-3.11468926553672
			8.25706214689266	-3.13559322033898
			8.25706214689266	-3.15649717514124
			8.2361581920904	-3.1774011299435
			8.2361581920904	-3.19830508474576
			8.21525423728814	-3.21920903954802
			8.21525423728814	-3.24011299435028
			8.21525423728814	-3.26101694915254
			8.19435028248588	-3.2819209039548
			8.17344632768362	-3.30282485875706
			8.17344632768362	-3.32372881355932
			8.15254237288136	-3.34463276836158
			8.15254237288136	-3.36553672316384
			8.1316384180791	-3.3864406779661
			8.11073446327684	-3.40734463276836
			8.11073446327684	-3.42824858757062
			8.08983050847458	-3.44915254237288
			8.06892655367232	-3.47005649717514
			8.06892655367232	-3.4909604519774
			8.04802259887006	-3.51186440677966
			8.0271186440678	-3.51186440677966
			8.0271186440678	-3.53276836158192
			8.00621468926554	-3.55367231638418
			7.98531073446328	-3.57457627118644
			7.96440677966102	-3.5954802259887
			7.94350282485876	-3.61638418079096
			7.9225988700565	-3.63728813559322
			7.90169491525424	-3.65819209039548
			7.9225988700565	-3.67909604519774
			7.94350282485876	-3.7
			7.96440677966102	-3.72090395480226
			7.98531073446328	-3.74180790960452
			8.00621468926554	-3.76271186440678
			8.0271186440678	-3.76271186440678
			8.04802259887006	-3.78361581920904
			8.06892655367232	-3.8045197740113
			8.08983050847458	-3.82542372881356
			8.11073446327684	-3.82542372881356
			8.1316384180791	-3.84632768361582
			8.15254237288136	-3.86723163841808
			8.17344632768362	-3.88813559322034
			8.19435028248588	-3.88813559322034
			8.21525423728814	-3.88813559322034
			8.21525423728814	-3.9090395480226
			8.2361581920904	-3.9090395480226
			8.25706214689266	-3.92994350282486
			8.27796610169492	-3.92994350282486
			8.27796610169492	-3.95084745762712
			8.29887005649718	-3.95084745762712
			8.31977401129944	-3.95084745762712
			8.31977401129944	-3.97175141242938
			8.3406779661017	-3.97175141242938
			8.36158192090396	-3.99265536723164
			8.38248587570622	-3.99265536723164
			8.40338983050848	-3.99265536723164
			8.40338983050848	-4.0135593220339
			8.42429378531074	-4.0135593220339
			8.445197740113	-4.03446327683616
			8.46610169491525	-4.03446327683616
			8.48700564971752	-4.03446327683616
			8.48700564971752	-4.05536723163842
			8.50790960451977	-4.05536723163842
			8.52881355932204	-4.07627118644068
			8.54971751412429	-4.07627118644068
			8.57062146892656	-4.07627118644068
			8.59152542372881	-4.09717514124294
			8.61242937853107	-4.09717514124294
			8.63333333333333	-4.1180790960452
			8.65423728813559	-4.1180790960452
			8.67514124293785	-4.13898305084746
			8.69604519774011	-4.13898305084746
			8.71694915254237	-4.13898305084746
			8.73785310734463	-4.15988700564972
			8.75875706214689	-4.15988700564972
			8.77966101694915	-4.18079096045198
			8.80056497175141	-4.20169491525424
			8.82146892655367	-4.2225988700565
			8.84237288135593	-4.24350282485876
			8.86327683615819	-4.24350282485876
			8.86327683615819	-4.26440677966102
			8.88418079096045	-4.28531073446328
			8.90508474576271	-4.30621468926554
			8.92598870056497	-4.3271186440678
			8.92598870056497	-4.34802259887006
			8.94689265536723	-4.36892655367232
			8.96779661016949	-4.36892655367232
			8.96779661016949	-4.38983050847458
			8.98870056497175	-4.41073446327684
			9.00960451977401	-4.4316384180791
			9.00960451977401	-4.45254237288136
			9.03050847457627	-4.47344632768362
			9.03050847457627	-4.49435028248588
			9.05141242937853	-4.51525423728814
			9.05141242937853	-4.5361581920904
			9.07231638418079	-4.55706214689266
			9.07231638418079	-4.57796610169492
			9.09322033898305	-4.59887005649718
			9.09322033898305	-4.61977401129944
			9.09322033898305	-4.6406779661017
			9.11412429378531	-4.66158192090396
			9.11412429378531	-4.68248587570621
			9.11412429378531	-4.70338983050847
			9.13502824858757	-4.72429378531073
			9.13502824858757	-4.74519774011299
			9.13502824858757	-4.76610169491526
			9.13502824858757	-4.78700564971752
			9.15593220338983	-4.80790960451977
			9.15593220338983	-4.82881355932203
			9.15593220338983	-4.84971751412429
			9.15593220338983	-4.87062146892655
			9.15593220338983	-4.89152542372881
			9.15593220338983	-4.91242937853107
			9.17683615819209	-4.93333333333333
			9.17683615819209	-4.95423728813559
			9.17683615819209	-4.97514124293785
			9.17683615819209	-4.99604519774011
			9.17683615819209	-5.01694915254237
			9.17683615819209	-5.03785310734463
			9.17683615819209	-5.05875706214689
			9.15593220338983	-5.07966101694915
			9.15593220338983	-5.10056497175141
			9.15593220338983	-5.12146892655367
			9.15593220338983	-5.14237288135593
			9.15593220338983	-5.16327683615819
			9.13502824858757	-5.18418079096045
			9.13502824858757	-5.20508474576271
			9.13502824858757	-5.22598870056497
			9.13502824858757	-5.24689265536723
			9.11412429378531	-5.26779661016949
			9.11412429378531	-5.28870056497175
			9.11412429378531	-5.30960451977401
			9.11412429378531	-5.33050847457627
			9.09322033898305	-5.33050847457627
			9.09322033898305	-5.35141242937853
			9.09322033898305	-5.37231638418079
			9.07231638418079	-5.39322033898305
			9.07231638418079	-5.41412429378531
			9.07231638418079	-5.43502824858757
			9.05141242937853	-5.45593220338983
			9.03050847457627	-5.47683615819209
			9.03050847457627	-5.49774011299435
			9.00960451977401	-5.51864406779661
			9.00960451977401	-5.53954802259887
			8.98870056497175	-5.56045197740113
			8.98870056497175	-5.58135593220339
			8.96779661016949	-5.60225988700565
			8.96779661016949	-5.62316384180791
			8.94689265536723	-5.64406779661017
			8.92598870056497	-5.66497175141243
			8.92598870056497	-5.68587570621469
			8.90508474576271	-5.70677966101695
			8.88418079096045	-5.72768361581921
			8.88418079096045	-5.74858757062147
			8.86327683615819	-5.76949152542373
			8.84237288135593	-5.76949152542373
			8.84237288135593	-5.79039548022599
			8.82146892655367	-5.81129943502825
			8.80056497175141	-5.81129943502825
			8.77966101694915	-5.83220338983051
			8.75875706214689	-5.83220338983051
			8.73785310734463	-5.83220338983051
			8.71694915254237	-5.83220338983051
			8.69604519774011	-5.85310734463277
			8.67514124293785	-5.85310734463277
			8.65423728813559	-5.85310734463277
			8.63333333333333	-5.87401129943503
			8.61242937853107	-5.87401129943503
			8.59152542372881	-5.87401129943503
			8.57062146892656	-5.87401129943503
			8.54971751412429	-5.89491525423729
			8.52881355932204	-5.89491525423729
			8.50790960451977	-5.89491525423729
			8.48700564971752	-5.89491525423729
			8.46610169491525	-5.91581920903955
			8.445197740113	-5.91581920903955
			8.42429378531074	-5.91581920903955
			8.40338983050848	-5.93672316384181
			8.38248587570622	-5.93672316384181
			8.36158192090396	-5.93672316384181
			8.3406779661017	-5.93672316384181
			8.31977401129944	-5.95762711864407
			8.29887005649718	-5.95762711864407
			8.27796610169492	-5.95762711864407
			8.25706214689266	-5.95762711864407
			8.25706214689266	-5.97853107344633
			8.2361581920904	-5.97853107344633
			8.21525423728814	-5.97853107344633
			8.19435028248588	-5.97853107344633
			8.19435028248588	-5.99943502824859
			8.17344632768362	-5.99943502824859
			8.15254237288136	-5.99943502824859
			8.1316384180791	-5.99943502824859
			8.11073446327684	-6.02033898305085
			8.08983050847458	-6.02033898305085
			8.06892655367232	-6.02033898305085
			8.04802259887006	-6.04124293785311
			8.0271186440678	-6.04124293785311
			8.00621468926554	-6.06214689265537
			7.98531073446328	-6.08305084745763
			7.98531073446328	-6.10395480225989
			7.96440677966102	-6.12485875706215
			7.96440677966102	-6.14576271186441
			7.96440677966102	-6.16666666666667
			7.96440677966102	-6.18757062146893
			7.96440677966102	-6.20847457627119
			7.96440677966102	-6.22937853107345
			7.96440677966102	-6.25028248587571
			7.98531073446328	-6.27118644067797
			8.00621468926554	-6.29209039548023
			8.0271186440678	-6.31299435028249
			8.04802259887006	-6.31299435028249
			8.06892655367232	-6.33389830508475
			8.08983050847458	-6.33389830508475
			8.11073446327684	-6.33389830508475
			8.1316384180791	-6.33389830508475
			8.15254237288136	-6.35480225988701
			8.17344632768362	-6.35480225988701
			8.19435028248588	-6.35480225988701
			8.21525423728814	-6.35480225988701
			8.2361581920904	-6.35480225988701
			8.25706214689266	-6.35480225988701
			8.27796610169492	-6.35480225988701
			8.29887005649718	-6.35480225988701
			8.31977401129944	-6.35480225988701
			8.3406779661017	-6.35480225988701
			8.36158192090396	-6.35480225988701
			8.38248587570622	-6.35480225988701
			8.40338983050848	-6.35480225988701
			8.42429378531074	-6.35480225988701
			8.445197740113	-6.35480225988701
			8.46610169491525	-6.35480225988701
			8.48700564971752	-6.35480225988701
			8.50790960451977	-6.35480225988701
			8.52881355932204	-6.35480225988701
			8.54971751412429	-6.35480225988701
			8.57062146892656	-6.35480225988701
			8.59152542372881	-6.33389830508475
			8.61242937853107	-6.33389830508475
			8.63333333333333	-6.33389830508475
			8.65423728813559	-6.33389830508475
			8.67514124293785	-6.33389830508475
			8.69604519774011	-6.33389830508475
			8.69604519774011	-6.31299435028249
			8.71694915254237	-6.31299435028249
			8.71694915254237	-6.29209039548023
			8.73785310734463	-6.29209039548023
			8.75875706214689	-6.27118644067797
			8.77966101694915	-6.27118644067797
			8.80056497175141	-6.25028248587571
			8.82146892655367	-6.22937853107345
			8.84237288135593	-6.20847457627119
			8.86327683615819	-6.20847457627119
			8.88418079096045	-6.18757062146893
			8.90508474576271	-6.16666666666667
			8.92598870056497	-6.16666666666667
			8.94689265536723	-6.14576271186441
			8.96779661016949	-6.12485875706215
			8.98870056497175	-6.12485875706215
			9.00960451977401	-6.10395480225989
			9.03050847457627	-6.08305084745763
			9.05141242937853	-6.08305084745763
			9.07231638418079	-6.06214689265537
			9.09322033898305	-6.06214689265537
			9.11412429378531	-6.04124293785311
			9.13502824858757	-6.02033898305085
			9.15593220338983	-6.02033898305085
			9.17683615819209	-5.99943502824859
			9.19774011299435	-5.97853107344633
			9.21864406779661	-5.97853107344633
			9.23954802259887	-5.95762711864407
			9.26045197740113	-5.95762711864407
			9.28135593220339	-5.93672316384181
			9.30225988700565	-5.91581920903955
			9.32316384180791	-5.91581920903955
			9.34406779661017	-5.89491525423729
			9.36497175141243	-5.87401129943503
			9.38587570621469	-5.87401129943503
			9.40677966101695	-5.85310734463277
			9.42768361581921	-5.83220338983051
			9.44858757062147	-5.83220338983051
			9.46949152542373	-5.81129943502825
			9.49039548022599	-5.81129943502825
			9.51129943502825	-5.79039548022599
			9.53220338983051	-5.76949152542373
			9.55310734463277	-5.74858757062147
			9.57401129943503	-5.72768361581921
			9.59491525423729	-5.70677966101695
			9.61581920903955	-5.68587570621469
			9.63672316384181	-5.66497175141243
			9.65762711864407	-5.66497175141243
			9.65762711864407	-5.64406779661017
			9.67853107344633	-5.64406779661017
			9.69943502824859	-5.62316384180791
			9.72033898305085	-5.62316384180791
			9.72033898305085	-5.60225988700565
			9.74124293785311	-5.60225988700565
			9.76214689265537	-5.58135593220339
			9.78305084745763	-5.58135593220339
			9.78305084745763	-5.56045197740113
			9.80395480225989	-5.56045197740113
			9.82485875706215	-5.53954802259887
			9.84576271186441	-5.53954802259887
			9.86666666666667	-5.51864406779661
			9.88757062146893	-5.51864406779661
			9.90847457627119	-5.51864406779661
			9.92937853107345	-5.49774011299435
			9.95028248587571	-5.49774011299435
			9.97118644067797	-5.49774011299435
			9.99209039548023	-5.47683615819209
			10.0129943502825	-5.47683615819209
			10.0338983050847	-5.47683615819209
			10.054802259887	-5.47683615819209
			10.0757062146893	-5.49774011299435
			10.0966101694915	-5.49774011299435
			10.1175141242938	-5.49774011299435
			10.138418079096	-5.49774011299435
			10.1593220338983	-5.51864406779661
			10.1802259887006	-5.51864406779661
			10.2011299435028	-5.51864406779661
			10.2220338983051	-5.51864406779661
			10.2429378531073	-5.53954802259887
			10.2638418079096	-5.53954802259887
			10.2847457627119	-5.53954802259887
			10.3056497175141	-5.56045197740113
			10.3265536723164	-5.56045197740113
			10.3474576271186	-5.56045197740113
			10.3683615819209	-5.58135593220339
			10.3892655367232	-5.58135593220339
			10.4101694915254	-5.58135593220339
			10.4310734463277	-5.60225988700565
			10.4519774011299	-5.60225988700565
			10.4728813559322	-5.60225988700565
			10.4937853107345	-5.62316384180791
			10.5146892655367	-5.62316384180791
			10.535593220339	-5.64406779661017
			10.5564971751412	-5.64406779661017
			10.5774011299435	-5.66497175141243
			10.5983050847458	-5.66497175141243
			10.619209039548	-5.68587570621469
			10.6401129943503	-5.68587570621469
			10.6610169491525	-5.70677966101695
			10.6819209039548	-5.70677966101695
			10.6819209039548	-5.72768361581921
			10.7028248587571	-5.72768361581921
			10.7237288135593	-5.74858757062147
			10.7446327683616	-5.74858757062147
			10.7655367231638	-5.76949152542373
			10.7655367231638	-5.79039548022599
			10.7864406779661	-5.79039548022599
			10.8073446327684	-5.81129943502825
			10.8282485875706	-5.83220338983051
			10.8491525423729	-5.85310734463277
			10.8700564971751	-5.87401129943503
			10.8909604519774	-5.89491525423729
		</suture>
		<anterior type=matrix rownames=FALSE colnames=FALSE nrow=383 ncol=2 as.numeric=TRUE >
			5.87401129943503	-1.17062146892655
			5.89491525423729	-1.17062146892655
			5.91581920903955	-1.17062146892655
			5.93672316384181	-1.17062146892655
			5.95762711864407	-1.17062146892655
			5.95762711864407	-1.19152542372881
			5.97853107344633	-1.19152542372881
			5.99943502824859	-1.19152542372881
			6.02033898305085	-1.19152542372881
			6.04124293785311	-1.19152542372881
			6.06214689265537	-1.19152542372881
			6.08305084745763	-1.19152542372881
			6.10395480225989	-1.19152542372881
			6.12485875706215	-1.21242937853107
			6.14576271186441	-1.21242937853107
			6.16666666666667	-1.21242937853107
			6.18757062146893	-1.21242937853107
			6.20847457627119	-1.21242937853107
			6.22937853107345	-1.21242937853107
			6.25028248587571	-1.21242937853107
			6.27118644067797	-1.23333333333333
			6.29209039548023	-1.23333333333333
			6.31299435028249	-1.23333333333333
			6.33389830508475	-1.23333333333333
			6.35480225988701	-1.23333333333333
			6.37570621468927	-1.23333333333333
			6.39661016949153	-1.23333333333333
			6.41751412429379	-1.25423728813559
			6.43841807909605	-1.25423728813559
			6.45932203389831	-1.25423728813559
			6.48022598870057	-1.25423728813559
			6.50112994350283	-1.25423728813559
			6.52203389830509	-1.25423728813559
			6.54293785310734	-1.27514124293785
			6.56384180790961	-1.27514124293785
			6.58474576271187	-1.27514124293785
			6.60564971751413	-1.27514124293785
			6.62655367231639	-1.27514124293785
			6.64745762711865	-1.27514124293785
			6.6683615819209	-1.29604519774011
			6.68926553672316	-1.29604519774011
			6.71016949152542	-1.29604519774011
			6.73107344632768	-1.29604519774011
			6.75197740112994	-1.31694915254237
			6.7728813559322	-1.31694915254237
			6.79378531073446	-1.31694915254237
			6.81468926553672	-1.31694915254237
			6.83559322033898	-1.31694915254237
			6.85649717514124	-1.33785310734463
			6.8774011299435	-1.33785310734463
			6.89830508474576	-1.33785310734463
			6.91920903954802	-1.33785310734463
			6.94011299435028	-1.35875706214689
			6.96101694915254	-1.35875706214689
			6.9819209039548	-1.35875706214689
			7.00282485875706	-1.35875706214689
			7.02372881355932	-1.35875706214689
			7.04463276836158	-1.37966101694915
			7.06553672316384	-1.37966101694915
			7.0864406779661	-1.37966101694915
			7.10734463276836	-1.40056497175141
			7.12824858757062	-1.40056497175141
			7.14915254237288	-1.40056497175141
			7.17005649717514	-1.40056497175141
			7.1909604519774	-1.42146892655367
			7.21186440677966	-1.42146892655367
			7.23276836158192	-1.42146892655367
			7.25367231638418	-1.44237288135593
			7.27457627118644	-1.44237288135593
			7.2954802259887	-1.44237288135593
			7.31638418079096	-1.44237288135593
			7.33728813559322	-1.46327683615819
			7.35819209039548	-1.46327683615819
			7.37909604519774	-1.46327683615819
			7.4	-1.48418079096045
			7.42090395480226	-1.48418079096045
			7.44180790960452	-1.48418079096045
			7.46271186440678	-1.50508474576271
			7.48361581920904	-1.50508474576271
			7.5045197740113	-1.50508474576271
			7.52542372881356	-1.52598870056497
			7.54632768361582	-1.52598870056497
			7.56723163841808	-1.52598870056497
			7.58813559322034	-1.54689265536723
			7.6090395480226	-1.54689265536723
			7.62994350282486	-1.54689265536723
			7.65084745762712	-1.56779661016949
			7.67175141242938	-1.56779661016949
			7.69265536723164	-1.58870056497175
			7.7135593220339	-1.58870056497175
			7.73446327683616	-1.58870056497175
			7.75536723163842	-1.60960451977401
			7.77627118644068	-1.60960451977401
			7.79717514124294	-1.60960451977401
			7.8180790960452	-1.63050847457627
			7.83898305084746	-1.63050847457627
			7.85988700564972	-1.65141242937853
			7.88079096045198	-1.65141242937853
			7.90169491525424	-1.67231638418079
			7.9225988700565	-1.67231638418079
			7.94350282485876	-1.69322033898305
			7.96440677966102	-1.69322033898305
			7.98531073446328	-1.71412429378531
			8.00621468926554	-1.71412429378531
			8.0271186440678	-1.73502824858757
			8.04802259887006	-1.73502824858757
			8.06892655367232	-1.75593220338983
			8.08983050847458	-1.75593220338983
			8.11073446327684	-1.77683615819209
			8.1316384180791	-1.77683615819209
			8.15254237288136	-1.79774011299435
			8.17344632768362	-1.79774011299435
			8.19435028248588	-1.81864406779661
			8.21525423728814	-1.83954802259887
			8.2361581920904	-1.83954802259887
			8.25706214689266	-1.86045197740113
			8.27796610169492	-1.86045197740113
			8.29887005649718	-1.88135593220339
			8.31977401129944	-1.88135593220339
			8.3406779661017	-1.90225988700565
			8.36158192090396	-1.92316384180791
			8.38248587570622	-1.92316384180791
			8.40338983050848	-1.94406779661017
			8.42429378531074	-1.94406779661017
			8.445197740113	-1.96497175141243
			8.46610169491525	-1.98587570621469
			8.48700564971752	-2.00677966101695
			8.50790960451977	-2.02768361581921
			8.52881355932204	-2.02768361581921
			8.54971751412429	-2.04858757062147
			8.57062146892656	-2.06949152542373
			8.59152542372881	-2.09039548022599
			8.61242937853107	-2.11129943502825
			8.63333333333333	-2.11129943502825
			8.65423728813559	-2.13220338983051
			8.67514124293785	-2.15310734463277
			8.69604519774011	-2.15310734463277
			8.71694915254237	-2.17401129943503
			8.73785310734463	-2.17401129943503
			8.75875706214689	-2.19491525423729
			8.77966101694915	-2.19491525423729
			8.80056497175141	-2.21581920903955
			8.82146892655367	-2.21581920903955
			8.82146892655367	-2.23672316384181
			8.84237288135593	-2.23672316384181
			8.86327683615819	-2.25762711864407
			8.88418079096045	-2.25762711864407
			8.90508474576271	-2.27853107344633
			8.92598870056497	-2.27853107344633
			8.94689265536723	-2.29943502824859
			8.96779661016949	-2.32033898305085
			8.98870056497175	-2.34124293785311
			9.00960451977401	-2.34124293785311
			9.03050847457627	-2.36214689265537
			9.05141242937853	-2.38305084745763
			9.07231638418079	-2.38305084745763
			9.09322033898305	-2.40395480225989
			9.11412429378531	-2.42485875706215
			9.13502824858757	-2.42485875706215
			9.15593220338983	-2.44576271186441
			9.17683615819209	-2.46666666666667
			9.19774011299435	-2.46666666666667
			9.21864406779661	-2.48757062146893
			9.23954802259887	-2.50847457627119
			9.26045197740113	-2.52937853107345
			9.28135593220339	-2.52937853107345
			9.30225988700565	-2.55028248587571
			9.32316384180791	-2.57118644067797
			9.34406779661017	-2.59209039548023
			9.36497175141243	-2.61299435028249
			9.38587570621469	-2.63389830508475
			9.40677966101695	-2.65480225988701
			9.42768361581921	-2.65480225988701
			9.42768361581921	-2.67570621468927
			9.44858757062147	-2.67570621468927
			9.46949152542373	-2.69661016949153
			9.49039548022599	-2.71751412429379
			9.51129943502825	-2.73841807909605
			9.53220338983051	-2.75932203389831
			9.55310734463277	-2.78022598870057
			9.57401129943503	-2.80112994350283
			9.59491525423729	-2.80112994350283
			9.59491525423729	-2.82203389830509
			9.61581920903955	-2.84293785310734
			9.63672316384181	-2.84293785310734
			9.63672316384181	-2.8638418079096
			9.65762711864407	-2.88474576271186
			9.67853107344633	-2.90564971751412
			9.69943502824859	-2.92655367231638
			9.72033898305085	-2.94745762711864
			9.74124293785311	-2.9683615819209
			9.76214689265537	-2.98926553672316
			9.76214689265537	-3.01016949152542
			9.78305084745763	-3.03107344632768
			9.80395480225989	-3.05197740112994
			9.82485875706215	-3.05197740112994
			9.84576271186441	-3.0728813559322
			9.84576271186441	-3.09378531073446
			9.86666666666667	-3.11468926553672
			9.88757062146893	-3.13559322033898
			9.90847457627119	-3.15649717514124
			9.90847457627119	-3.1774011299435
			9.92937853107345	-3.19830508474576
			9.95028248587571	-3.21920903954802
			9.97118644067797	-3.24011299435028
			9.97118644067797	-3.26101694915254
			9.99209039548023	-3.2819209039548
			10.0129943502825	-3.30282485875706
			10.0129943502825	-3.32372881355932
			10.0338983050847	-3.34463276836158
			10.054802259887	-3.36553672316384
			10.054802259887	-3.3864406779661
			10.0757062146893	-3.40734463276836
			10.0966101694915	-3.42824858757062
			10.0966101694915	-3.44915254237288
			10.1175141242938	-3.47005649717514
			10.138418079096	-3.4909604519774
			10.138418079096	-3.51186440677966
			10.1593220338983	-3.53276836158192
			10.1802259887006	-3.55367231638418
			10.1802259887006	-3.57457627118644
			10.2011299435028	-3.5954802259887
			10.2011299435028	-3.61638418079096
			10.2220338983051	-3.63728813559322
			10.2220338983051	-3.65819209039548
			10.2429378531073	-3.67909604519774
			10.2638418079096	-3.7
			10.2638418079096	-3.72090395480226
			10.2847457627119	-3.74180790960452
			10.2847457627119	-3.76271186440678
			10.3056497175141	-3.78361581920904
			10.3056497175141	-3.8045197740113
			10.3265536723164	-3.82542372881356
			10.3265536723164	-3.84632768361582
			10.3474576271186	-3.86723163841808
			10.3474576271186	-3.88813559322034
			10.3683615819209	-3.9090395480226
			10.3683615819209	-3.92994350282486
			10.3892655367232	-3.95084745762712
			10.3892655367232	-3.97175141242938
			10.4101694915254	-3.99265536723164
			10.4101694915254	-4.0135593220339
			10.4101694915254	-4.03446327683616
			10.4310734463277	-4.05536723163842
			10.4310734463277	-4.07627118644068
			10.4519774011299	-4.09717514124294
			10.4519774011299	-4.1180790960452
			10.4728813559322	-4.13898305084746
			10.4728813559322	-4.15988700564972
			10.4728813559322	-4.18079096045198
			10.4937853107345	-4.20169491525424
			10.4937853107345	-4.2225988700565
			10.5146892655367	-4.24350282485876
			10.5146892655367	-4.26440677966102
			10.5146892655367	-4.28531073446328
			10.535593220339	-4.30621468926554
			10.535593220339	-4.3271186440678
			10.535593220339	-4.34802259887006
			10.5564971751412	-4.36892655367232
			10.5564971751412	-4.38983050847458
			10.5774011299435	-4.41073446327684
			10.5774011299435	-4.4316384180791
			10.5774011299435	-4.45254237288136
			10.5774011299435	-4.47344632768362
			10.5983050847458	-4.49435028248588
			10.5983050847458	-4.51525423728814
			10.5983050847458	-4.5361581920904
			10.619209039548	-4.55706214689266
			10.619209039548	-4.57796610169492
			10.619209039548	-4.59887005649718
			10.6401129943503	-4.61977401129944
			10.6401129943503	-4.6406779661017
			10.6401129943503	-4.66158192090396
			10.6401129943503	-4.68248587570621
			10.6610169491525	-4.70338983050847
			10.6610169491525	-4.72429378531073
			10.6610169491525	-4.74519774011299
			10.6610169491525	-4.76610169491526
			10.6819209039548	-4.78700564971752
			10.6819209039548	-4.80790960451977
			10.6819209039548	-4.82881355932203
			10.7028248587571	-4.84971751412429
			10.7028248587571	-4.87062146892655
			10.7028248587571	-4.89152542372881
			10.7028248587571	-4.91242937853107
			10.7237288135593	-4.93333333333333
			10.7237288135593	-4.95423728813559
			10.7237288135593	-4.97514124293785
			10.7237288135593	-4.99604519774011
			10.7237288135593	-5.01694915254237
			10.7446327683616	-5.03785310734463
			10.7446327683616	-5.05875706214689
			10.7446327683616	-5.07966101694915
			10.7446327683616	-5.10056497175141
			10.7655367231638	-5.12146892655367
			10.7655367231638	-5.14237288135593
			10.7655367231638	-5.16327683615819
			10.7655367231638	-5.18418079096045
			10.7655367231638	-5.20508474576271
			10.7864406779661	-5.22598870056497
			10.7864406779661	-5.24689265536723
			10.7864406779661	-5.26779661016949
			10.7864406779661	-5.28870056497175
			10.7864406779661	-5.30960451977401
			10.7864406779661	-5.33050847457627
			10.8073446327684	-5.35141242937853
			10.8073446327684	-5.37231638418079
			10.8073446327684	-5.39322033898305
			10.8073446327684	-5.41412429378531
			10.8073446327684	-5.43502824858757
			10.8073446327684	-5.45593220338983
			10.8073446327684	-5.47683615819209
			10.8282485875706	-5.49774011299435
			10.8282485875706	-5.51864406779661
			10.8282485875706	-5.53954802259887
			10.8282485875706	-5.56045197740113
			10.8282485875706	-5.58135593220339
			10.8282485875706	-5.60225988700565
			10.8282485875706	-5.62316384180791
			10.8282485875706	-5.64406779661017
			10.8491525423729	-5.66497175141243
			10.8491525423729	-5.68587570621469
			10.8491525423729	-5.70677966101695
			10.8491525423729	-5.72768361581921
			10.8491525423729	-5.74858757062147
			10.8491525423729	-5.76949152542373
			10.8491525423729	-5.79039548022599
			10.8491525423729	-5.81129943502825
			10.8491525423729	-5.83220338983051
			10.8491525423729	-5.85310734463277
			10.8700564971751	-5.87401129943503
			10.8700564971751	-5.89491525423729
			10.8700564971751	-5.91581920903955
			10.8700564971751	-5.93672316384181
			10.8700564971751	-5.95762711864407
			10.8700564971751	-5.97853107344633
			10.8700564971751	-5.99943502824859
			10.8700564971751	-6.02033898305085
			10.8700564971751	-6.04124293785311
			10.8700564971751	-6.06214689265537
			10.8700564971751	-6.08305084745763
			10.8700564971751	-6.10395480225989
			10.8700564971751	-6.12485875706215
			10.8909604519774	-6.14576271186441
			10.8909604519774	-6.16666666666667
			10.8909604519774	-6.18757062146893
			10.8909604519774	-6.20847457627119
			10.8909604519774	-6.22937853107345
			10.8909604519774	-6.25028248587571
			10.8909604519774	-6.27118644067797
			10.8909604519774	-6.29209039548023
			10.8909604519774	-6.31299435028249
			10.8909604519774	-6.33389830508475
			10.8909604519774	-6.35480225988701
			10.8909604519774	-6.37570621468927
			10.8909604519774	-6.39661016949153
			10.8909604519774	-6.41751412429379
			10.8909604519774	-6.43841807909605
			10.8909604519774	-6.45932203389831
			10.8909604519774	-6.48022598870057
			10.8909604519774	-6.50112994350283
			10.8909604519774	-6.52203389830509
			10.8909604519774	-6.54293785310734
			10.8909604519774	-6.56384180790961
			10.8909604519774	-6.58474576271187
			10.8909604519774	-6.60564971751413
			10.8909604519774	-6.62655367231639
			10.8909604519774	-6.64745762711865
			10.8909604519774	-6.6683615819209
			10.8909604519774	-6.68926553672316
			10.8909604519774	-6.71016949152542
			10.8909604519774	-6.73107344632768
			10.8909604519774	-6.75197740112994
			10.8909604519774	-6.7728813559322
			10.8909604519774	-6.79378531073446
			10.8909604519774	-6.81468926553672
			10.8909604519774	-6.83559322033898
			10.8909604519774	-6.85649717514124
			10.8909604519774	-6.8774011299435
			10.8909604519774	-6.89830508474576
			10.8909604519774	-6.91920903954802
			10.8909604519774	-6.94011299435028
			10.8909604519774	-6.96101694915254
		</anterior>
		<posterior type=matrix rownames=FALSE colnames=FALSE nrow=268 ncol=2 as.numeric=TRUE >
			5.81129943502825	-6.96101694915254
			5.83220338983051	-6.96101694915254
			5.85310734463277	-6.96101694915254
			5.87401129943503	-6.96101694915254
			5.89491525423729	-6.96101694915254
			5.91581920903955	-6.96101694915254
			5.93672316384181	-6.96101694915254
			5.95762711864407	-6.96101694915254
			5.97853107344633	-6.96101694915254
			5.99943502824859	-6.96101694915254
			6.02033898305085	-6.96101694915254
			6.04124293785311	-6.96101694915254
			6.06214689265537	-6.96101694915254
			6.08305084745763	-6.96101694915254
			6.10395480225989	-6.96101694915254
			6.12485875706215	-6.96101694915254
			6.14576271186441	-6.96101694915254
			6.16666666666667	-6.96101694915254
			6.18757062146893	-6.96101694915254
			6.20847457627119	-6.94011299435028
			6.22937853107345	-6.94011299435028
			6.25028248587571	-6.94011299435028
			6.27118644067797	-6.94011299435028
			6.29209039548023	-6.94011299435028
			6.31299435028249	-6.94011299435028
			6.33389830508475	-6.94011299435028
			6.35480225988701	-6.94011299435028
			6.37570621468927	-6.94011299435028
			6.39661016949153	-6.94011299435028
			6.41751412429379	-6.91920903954802
			6.43841807909605	-6.91920903954802
			6.45932203389831	-6.91920903954802
			6.48022598870057	-6.91920903954802
			6.50112994350283	-6.91920903954802
			6.52203389830509	-6.91920903954802
			6.54293785310734	-6.91920903954802
			6.56384180790961	-6.89830508474576
			6.58474576271187	-6.89830508474576
			6.60564971751413	-6.89830508474576
			6.62655367231639	-6.89830508474576
			6.64745762711865	-6.89830508474576
			6.6683615819209	-6.89830508474576
			6.68926553672316	-6.89830508474576
			6.71016949152542	-6.8774011299435
			6.73107344632768	-6.8774011299435
			6.75197740112994	-6.8774011299435
			6.7728813559322	-6.8774011299435
			6.79378531073446	-6.8774011299435
			6.81468926553672	-6.8774011299435
			6.83559322033898	-6.85649717514124
			6.85649717514124	-6.85649717514124
			6.8774011299435	-6.85649717514124
			6.89830508474576	-6.85649717514124
			6.91920903954802	-6.85649717514124
			6.94011299435028	-6.85649717514124
			6.96101694915254	-6.83559322033898
			6.9819209039548	-6.83559322033898
			7.00282485875706	-6.83559322033898
			7.02372881355932	-6.83559322033898
			7.04463276836158	-6.83559322033898
			7.06553672316384	-6.81468926553672
			7.0864406779661	-6.81468926553672
			7.10734463276836	-6.81468926553672
			7.12824858757062	-6.81468926553672
			7.14915254237288	-6.81468926553672
			7.17005649717514	-6.81468926553672
			7.1909604519774	-6.79378531073446
			7.21186440677966	-6.79378531073446
			7.23276836158192	-6.79378531073446
			7.25367231638418	-6.79378531073446
			7.25367231638418	-6.7728813559322
			7.27457627118644	-6.7728813559322
			7.2954802259887	-6.7728813559322
			7.31638418079096	-6.75197740112994
			7.33728813559322	-6.75197740112994
			7.35819209039548	-6.75197740112994
			7.37909604519774	-6.75197740112994
			7.4	-6.73107344632768
			7.42090395480226	-6.73107344632768
			7.44180790960452	-6.73107344632768
			7.46271186440678	-6.73107344632768
			7.48361581920904	-6.73107344632768
			7.5045197740113	-6.73107344632768
			7.52542372881356	-6.73107344632768
			7.54632768361582	-6.73107344632768
			7.56723163841808	-6.73107344632768
			7.58813559322034	-6.71016949152542
			7.6090395480226	-6.71016949152542
			7.62994350282486	-6.71016949152542
			7.65084745762712	-6.71016949152542
			7.67175141242938	-6.71016949152542
			7.69265536723164	-6.71016949152542
			7.7135593220339	-6.73107344632768
			7.73446327683616	-6.73107344632768
			7.75536723163842	-6.73107344632768
			7.77627118644068	-6.73107344632768
			7.79717514124294	-6.73107344632768
			7.8180790960452	-6.73107344632768
			7.83898305084746	-6.73107344632768
			7.85988700564972	-6.73107344632768
			7.88079096045198	-6.73107344632768
			7.90169491525424	-6.73107344632768
			7.9225988700565	-6.73107344632768
			7.94350282485876	-6.73107344632768
			7.96440677966102	-6.73107344632768
			7.98531073446328	-6.73107344632768
			8.00621468926554	-6.73107344632768
			8.0271186440678	-6.75197740112994
			8.04802259887006	-6.75197740112994
			8.06892655367232	-6.75197740112994
			8.08983050847458	-6.75197740112994
			8.11073446327684	-6.75197740112994
			8.1316384180791	-6.75197740112994
			8.15254237288136	-6.75197740112994
			8.17344632768362	-6.7728813559322
			8.19435028248588	-6.7728813559322
			8.21525423728814	-6.7728813559322
			8.2361581920904	-6.7728813559322
			8.25706214689266	-6.7728813559322
			8.27796610169492	-6.7728813559322
			8.29887005649718	-6.7728813559322
			8.31977401129944	-6.79378531073446
			8.3406779661017	-6.79378531073446
			8.36158192090396	-6.79378531073446
			8.38248587570622	-6.79378531073446
			8.40338983050848	-6.79378531073446
			8.42429378531074	-6.81468926553672
			8.445197740113	-6.81468926553672
			8.46610169491525	-6.81468926553672
			8.48700564971752	-6.81468926553672
			8.50790960451977	-6.81468926553672
			8.52881355932204	-6.81468926553672
			8.54971751412429	-6.83559322033898
			8.57062146892656	-6.83559322033898
			8.59152542372881	-6.83559322033898
			8.61242937853107	-6.83559322033898
			8.63333333333333	-6.85649717514124
			8.65423728813559	-6.8774011299435
			8.67514124293785	-6.8774011299435
			8.69604519774011	-6.89830508474576
			8.71694915254237	-6.89830508474576
			8.73785310734463	-6.91920903954802
			8.75875706214689	-6.91920903954802
			8.77966101694915	-6.94011299435028
			8.80056497175141	-6.94011299435028
			8.82146892655367	-6.96101694915254
			8.84237288135593	-6.96101694915254
			8.86327683615819	-6.9819209039548
			8.88418079096045	-6.9819209039548
			8.90508474576271	-6.9819209039548
			8.92598870056497	-7.00282485875706
			8.94689265536723	-7.00282485875706
			8.96779661016949	-7.02372881355932
			8.98870056497175	-7.02372881355932
			9.00960451977401	-7.02372881355932
			9.03050847457627	-7.04463276836158
			9.05141242937853	-7.04463276836158
			9.07231638418079	-7.04463276836158
			9.09322033898305	-7.06553672316384
			9.11412429378531	-7.06553672316384
			9.13502824858757	-7.0864406779661
			9.15593220338983	-7.0864406779661
			9.17683615819209	-7.0864406779661
			9.19774011299435	-7.10734463276836
			9.21864406779661	-7.10734463276836
			9.23954802259887	-7.10734463276836
			9.26045197740113	-7.10734463276836
			9.28135593220339	-7.12824858757062
			9.30225988700565	-7.12824858757062
			9.32316384180791	-7.12824858757062
			9.34406779661017	-7.14915254237288
			9.36497175141243	-7.14915254237288
			9.38587570621469	-7.14915254237288
			9.40677966101695	-7.14915254237288
			9.42768361581921	-7.17005649717514
			9.44858757062147	-7.17005649717514
			9.46949152542373	-7.17005649717514
			9.49039548022599	-7.17005649717514
			9.51129943502825	-7.17005649717514
			9.53220338983051	-7.1909604519774
			9.55310734463277	-7.1909604519774
			9.57401129943503	-7.1909604519774
			9.59491525423729	-7.1909604519774
			9.61581920903955	-7.1909604519774
			9.63672316384181	-7.21186440677966
			9.65762711864407	-7.21186440677966
			9.67853107344633	-7.21186440677966
			9.69943502824859	-7.21186440677966
			9.72033898305085	-7.21186440677966
			9.74124293785311	-7.21186440677966
			9.76214689265537	-7.21186440677966
			9.78305084745763	-7.21186440677966
			9.80395480225989	-7.21186440677966
			9.82485875706215	-7.23276836158192
			9.84576271186441	-7.23276836158192
			9.86666666666667	-7.23276836158192
			9.88757062146893	-7.23276836158192
			9.90847457627119	-7.23276836158192
			9.92937853107345	-7.23276836158192
			9.95028248587571	-7.23276836158192
			9.97118644067797	-7.23276836158192
			9.99209039548023	-7.23276836158192
			10.0129943502825	-7.23276836158192
			10.0338983050847	-7.23276836158192
			10.054802259887	-7.23276836158192
			10.0757062146893	-7.23276836158192
			10.0966101694915	-7.23276836158192
			10.1175141242938	-7.23276836158192
			10.138418079096	-7.23276836158192
			10.1593220338983	-7.23276836158192
			10.1802259887006	-7.23276836158192
			10.2011299435028	-7.25367231638418
			10.2220338983051	-7.25367231638418
			10.2429378531073	-7.25367231638418
			10.2638418079096	-7.25367231638418
			10.2847457627119	-7.25367231638418
			10.3056497175141	-7.25367231638418
			10.3265536723164	-7.27457627118644
			10.3474576271186	-7.27457627118644
			10.3683615819209	-7.27457627118644
			10.3892655367232	-7.27457627118644
			10.4101694915254	-7.27457627118644
			10.4310734463277	-7.2954802259887
			10.4519774011299	-7.2954802259887
			10.4728813559322	-7.2954802259887
			10.4937853107345	-7.31638418079096
			10.5146892655367	-7.31638418079096
			10.535593220339	-7.31638418079096
			10.5564971751412	-7.31638418079096
			10.5774011299435	-7.31638418079096
			10.5983050847458	-7.33728813559322
			10.619209039548	-7.33728813559322
			10.6401129943503	-7.33728813559322
			10.6610169491525	-7.35819209039548
			10.6819209039548	-7.35819209039548
			10.7028248587571	-7.35819209039548
			10.7237288135593	-7.35819209039548
			10.7446327683616	-7.37909604519774
			10.7655367231638	-7.37909604519774
			10.7864406779661	-7.37909604519774
			10.8073446327684	-7.4
			10.8282485875706	-7.4
			10.8491525423729	-7.4
			10.8700564971751	-7.4
			10.8909604519774	-7.42090395480226
			10.9118644067797	-7.42090395480226
			10.9118644067797	-7.4
			10.9118644067797	-7.37909604519774
			10.9118644067797	-7.35819209039548
			10.9327683615819	-7.33728813559322
			10.9327683615819	-7.31638418079096
			10.9327683615819	-7.2954802259887
			10.9327683615819	-7.27457627118644
			10.9327683615819	-7.25367231638418
			10.9327683615819	-7.23276836158192
			10.9327683615819	-7.21186440677966
			10.9327683615819	-7.1909604519774
			10.9327683615819	-7.17005649717514
			10.9327683615819	-7.14915254237288
			10.9118644067797	-7.12824858757062
			10.9118644067797	-7.10734463276836
			10.9118644067797	-7.0864406779661
			10.9118644067797	-7.06553672316384
			10.9118644067797	-7.04463276836158
			10.9118644067797	-7.02372881355932
			10.8909604519774	-7.00282485875706
			10.8909604519774	-6.9819209039548
			10.8909604519774	-6.96101694915254
		</posterior>
	</curves.scaled>
	<ruler.points type=matrix rownames=TRUE colnames=FALSE nrow=2 ncol=2 as.numeric=TRUE >
		Ruler point 1	554	19
		Ruler point 2	554	373
	</ruler.points>
</shapes>

