<shapes type=list>
	<ruler.pixel type=vector names=FALSE length=1 as.numeric=TRUE >550</ruler.pixel>
	<ruler.interval type=vector names=FALSE length=1 as.numeric=TRUE >6.9</ruler.interval>
	<scaling.units type=vector names=FALSE length=1 as.numeric=FALSE >mm</scaling.units>
	<scaling type=vector names=FALSE length=1 as.numeric=TRUE >0.0125454545454545</scaling>
	<landmarks.pixel type=matrix rownames=TRUE colnames=FALSE nrow=16 ncol=2 as.numeric=TRUE >
		LM1	710	57
		LM2	710	98
		LM3	710	418
		LM4	710	493
		LM5	822	401
		LM6	819	444
		LM7	819	464
		LM8	NaN	NaN
		LM9	NaN	NaN
		LM10	710	57
		LM11	887	423
		LM12	932	448
		LM13	710	57
		LM14	NaN	NaN
		LM15	997	460
		LM16	997	460
	</landmarks.pixel>
	<landmarks.scaled type=matrix rownames=TRUE colnames=FALSE nrow=16 ncol=2 as.numeric=TRUE >
		LM1	8.90727272727273	-0.715090909090909
		LM2	8.90727272727273	-1.22945454545455
		LM3	8.90727272727273	-5.244
		LM4	8.90727272727273	-6.18490909090909
		LM5	10.3123636363636	-5.03072727272727
		LM6	10.2747272727273	-5.57018181818182
		LM7	10.2747272727273	-5.82109090909091
		LM8	NaN	NaN
		LM9	NaN	NaN
		LM10	8.90727272727273	-0.715090909090909
		LM11	11.1278181818182	-5.30672727272727
		LM12	11.6923636363636	-5.62036363636364
		LM13	8.90727272727273	-0.715090909090909
		LM14	NaN	NaN
		LM15	12.5078181818182	-5.77090909090909
		LM16	12.5078181818182	-5.77090909090909
	</landmarks.scaled>
	<curves.control type=list>
		<glabella type=matrix rownames=FALSE colnames=FALSE nrow=9 ncol=2 as.numeric=TRUE >
			710	98
			744	103
			762	119
			781	138
			775	211
			782	257
			796	297
			833	404
			819	464
		</glabella>
		<suture type=matrix rownames=FALSE colnames=FALSE nrow=11 ncol=2 as.numeric=TRUE >
			710	57
			813	50
			896	160
			897	198
			878	255
			844	301
			856	346
			865	399
			890	424
			913	422
			932	448
		</suture>
		<anterior type=matrix rownames=FALSE colnames=FALSE nrow=7 ncol=2 as.numeric=TRUE >
			710	57
			804	39
			920	186
			974	265
			990	424
			992	443
			997	460
		</anterior>
		<posterior type=matrix rownames=FALSE colnames=FALSE nrow=7 ncol=2 as.numeric=TRUE >
			710	493
			732	498
			819	463
			865	473
			954	449
			981	438
			997	460
		</posterior>
	</curves.control>
	<curves.pixel type=list>
		<glabella type=matrix rownames=FALSE colnames=FALSE nrow=408 ncol=2 as.numeric=TRUE >
			710	98
			711	98
			712	98
			713	99
			714	99
			715	99
			716	99
			717	99
			718	99
			719	100
			720	100
			721	100
			722	100
			723	101
			724	101
			725	101
			726	101
			727	102
			728	102
			729	102
			730	102
			731	103
			732	103
			733	103
			734	104
			735	104
			736	104
			737	105
			738	105
			739	105
			740	106
			741	106
			742	107
			743	107
			744	108
			745	108
			746	109
			747	109
			748	110
			749	110
			750	111
			751	111
			752	112
			753	112
			754	113
			755	114
			756	114
			757	115
			758	116
			759	117
			760	117
			761	118
			762	119
			763	120
			764	121
			765	122
			765	123
			766	124
			767	125
			767	126
			768	127
			768	128
			769	129
			769	130
			769	131
			770	131
			770	132
			770	133
			771	134
			771	135
			772	136
			772	137
			772	138
			772	139
			773	140
			773	141
			773	142
			773	143
			773	144
			774	145
			774	146
			774	147
			774	148
			774	149
			775	150
			775	151
			775	152
			775	153
			775	154
			775	155
			775	156
			775	157
			776	158
			776	159
			776	160
			776	161
			776	162
			776	163
			776	164
			776	165
			776	166
			776	167
			776	168
			776	169
			776	170
			776	171
			776	172
			776	173
			776	174
			776	175
			776	176
			776	177
			776	178
			776	179
			776	180
			776	181
			776	182
			776	183
			776	184
			776	185
			776	186
			776	187
			776	188
			776	189
			776	190
			776	191
			776	192
			776	193
			776	194
			776	195
			776	196
			776	197
			776	198
			776	199
			776	200
			776	201
			776	202
			776	203
			776	204
			775	205
			775	206
			775	207
			775	208
			775	209
			775	210
			775	211
			775	212
			775	213
			776	214
			776	215
			776	216
			776	217
			776	218
			776	219
			776	220
			777	221
			777	222
			777	223
			777	224
			777	225
			778	226
			778	227
			778	228
			778	229
			778	230
			778	231
			779	232
			779	233
			779	234
			779	235
			779	236
			780	237
			780	238
			780	239
			780	240
			780	241
			781	242
			781	243
			781	244
			781	245
			782	246
			782	247
			782	248
			782	249
			782	250
			783	251
			783	252
			783	253
			783	254
			784	255
			784	256
			784	257
			784	258
			785	259
			785	260
			785	261
			785	262
			786	263
			786	264
			786	265
			786	266
			787	266
			787	267
			787	268
			787	269
			788	270
			788	271
			788	272
			788	273
			789	273
			789	274
			789	275
			789	276
			789	277
			790	277
			790	278
			790	279
			790	280
			791	280
			791	281
			791	282
			791	283
			792	284
			792	285
			792	286
			793	287
			793	288
			793	289
			794	290
			794	291
			794	292
			795	293
			795	294
			795	295
			796	296
			796	297
			796	298
			797	299
			797	300
			797	301
			798	302
			798	303
			798	304
			799	305
			799	306
			799	307
			800	308
			800	309
			800	310
			801	311
			801	312
			801	313
			802	314
			802	315
			802	316
			803	317
			803	318
			803	319
			803	320
			804	320
			804	321
			804	322
			804	323
			805	324
			805	325
			805	326
			806	327
			806	328
			806	329
			807	330
			807	331
			807	332
			807	333
			808	334
			808	335
			808	336
			808	337
			809	337
			809	338
			809	339
			809	340
			810	341
			810	342
			810	343
			810	344
			811	345
			811	346
			811	347
			811	348
			812	349
			812	350
			812	351
			812	352
			813	353
			813	354
			813	355
			813	356
			814	357
			814	358
			814	359
			814	360
			814	361
			815	362
			815	363
			815	364
			815	365
			816	366
			816	367
			816	368
			816	369
			816	370
			817	370
			817	371
			817	372
			817	373
			817	374
			817	375
			818	376
			818	377
			818	378
			818	379
			818	380
			819	381
			819	382
			819	383
			819	384
			819	385
			819	386
			819	387
			820	388
			820	389
			820	390
			820	391
			820	392
			820	393
			821	394
			821	395
			821	396
			821	397
			821	398
			821	399
			821	400
			821	401
			821	402
			822	403
			822	404
			822	405
			822	406
			822	407
			822	408
			822	409
			822	410
			822	411
			822	412
			822	413
			822	414
			822	415
			823	415
			823	416
			823	417
			823	418
			823	419
			823	420
			823	421
			823	422
			823	423
			823	424
			823	425
			823	426
			823	427
			823	428
			823	429
			823	430
			823	431
			823	432
			823	433
			823	434
			823	435
			823	436
			823	437
			823	438
			822	439
			822	440
			822	441
			822	442
			822	443
			822	444
			822	445
			822	446
			822	447
			822	448
			822	449
			822	450
			821	450
			821	451
			821	452
			821	453
			821	454
			821	455
			821	456
			820	457
			820	458
			820	459
			820	460
			820	461
			819	462
			819	463
			819	464
		</glabella>
		<suture type=matrix rownames=FALSE colnames=FALSE nrow=520 ncol=2 as.numeric=TRUE >
			710	57
			711	57
			712	57
			713	57
			714	57
			715	57
			716	57
			717	57
			718	57
			719	57
			720	57
			721	57
			722	57
			723	57
			724	57
			725	57
			726	57
			727	57
			728	57
			729	57
			730	57
			731	57
			732	57
			733	57
			734	57
			735	57
			736	57
			737	57
			738	57
			739	57
			740	57
			741	58
			742	58
			743	58
			744	58
			745	58
			746	58
			747	58
			748	59
			749	59
			750	59
			751	59
			752	59
			753	59
			754	60
			755	60
			756	60
			757	60
			758	60
			759	60
			760	61
			761	61
			762	61
			763	61
			764	62
			765	62
			766	62
			767	62
			767	63
			768	63
			769	63
			770	63
			771	64
			772	64
			773	64
			774	64
			775	65
			776	65
			777	66
			778	66
			779	66
			780	67
			781	67
			782	67
			783	68
			784	68
			785	68
			786	69
			787	69
			788	70
			789	70
			790	70
			791	71
			792	71
			793	72
			794	72
			795	72
			795	73
			796	73
			797	74
			798	74
			799	75
			800	75
			801	76
			802	76
			803	77
			804	77
			805	78
			806	78
			807	79
			808	79
			809	80
			810	80
			811	81
			812	82
			813	82
			814	83
			815	83
			816	84
			817	85
			818	85
			819	86
			820	86
			820	87
			821	87
			822	88
			823	88
			824	89
			825	90
			826	91
			827	91
			828	92
			829	93
			830	93
			831	94
			832	95
			833	95
			834	96
			835	97
			836	97
			837	98
			837	99
			838	100
			839	100
			840	101
			841	102
			842	103
			843	103
			844	104
			845	105
			846	106
			847	107
			848	107
			849	108
			850	109
			850	110
			851	111
			852	111
			853	112
			854	113
			855	114
			856	115
			857	116
			858	117
			859	117
			860	118
			861	119
			861	120
			862	121
			863	122
			864	123
			865	124
			866	125
			867	126
			868	127
			869	128
			870	128
			870	129
			871	130
			872	131
			873	132
			874	133
			875	134
			876	135
			877	136
			878	137
			879	138
			879	139
			880	140
			881	141
			882	142
			882	143
			883	143
			883	144
			884	145
			885	146
			886	147
			887	148
			888	149
			888	150
			889	151
			890	152
			891	153
			892	154
			892	155
			893	156
			894	157
			895	158
			895	159
			896	160
			896	161
			896	162
			896	163
			896	164
			896	165
			896	166
			896	167
			896	168
			896	169
			896	170
			896	171
			896	172
			896	173
			896	174
			896	175
			896	176
			896	177
			895	178
			895	179
			895	180
			895	181
			895	182
			895	183
			895	184
			895	185
			895	186
			895	187
			894	188
			894	189
			894	190
			894	191
			894	192
			894	193
			894	194
			893	195
			893	196
			893	197
			893	198
			893	199
			892	200
			892	201
			892	202
			892	203
			892	204
			892	205
			891	205
			891	206
			891	207
			891	208
			891	209
			891	210
			890	211
			890	212
			890	213
			890	214
			889	215
			889	216
			889	217
			889	218
			888	219
			888	220
			888	221
			888	222
			887	223
			887	224
			887	225
			887	226
			886	227
			886	228
			886	229
			886	230
			885	231
			885	232
			885	233
			884	234
			884	235
			884	236
			884	237
			883	238
			883	239
			883	240
			883	241
			882	241
			882	242
			882	243
			882	244
			881	245
			881	246
			881	247
			880	248
			880	249
			880	250
			879	251
			879	252
			879	253
			878	254
			878	255
			878	256
			877	256
			876	257
			876	258
			875	259
			874	260
			874	261
			873	262
			872	263
			872	264
			871	265
			871	266
			870	267
			870	268
			869	269
			868	269
			868	270
			867	271
			867	272
			866	273
			866	274
			865	275
			865	276
			864	277
			864	278
			864	279
			863	280
			862	281
			862	282
			862	283
			861	283
			861	284
			861	285
			860	286
			860	287
			859	288
			859	289
			859	290
			859	291
			858	291
			858	292
			858	293
			857	294
			857	295
			857	296
			856	297
			856	298
			856	299
			856	300
			855	301
			855	302
			855	303
			855	304
			855	305
			854	306
			854	307
			854	308
			854	309
			854	310
			854	311
			853	312
			853	313
			853	314
			853	315
			853	316
			853	317
			853	318
			853	319
			853	320
			853	321
			853	322
			853	323
			853	324
			853	325
			853	326
			853	327
			853	328
			853	329
			853	330
			853	331
			853	332
			853	333
			854	334
			854	335
			854	336
			854	337
			854	338
			854	339
			855	340
			855	341
			855	342
			855	343
			855	344
			856	345
			856	346
			856	347
			856	348
			857	349
			857	350
			857	351
			857	352
			857	353
			858	354
			858	355
			858	356
			858	357
			858	358
			859	359
			859	360
			859	361
			859	362
			859	363
			860	364
			860	365
			860	366
			860	367
			861	368
			861	369
			861	370
			862	371
			862	372
			862	373
			863	374
			863	375
			863	376
			864	377
			864	378
			864	379
			864	380
			865	381
			865	382
			865	383
			866	384
			866	385
			867	386
			867	387
			867	388
			868	389
			868	390
			869	391
			869	392
			870	393
			870	394
			870	395
			871	396
			871	397
			872	398
			872	399
			873	400
			873	401
			874	402
			874	403
			875	403
			875	404
			875	405
			876	405
			876	406
			877	407
			878	408
			878	409
			879	410
			879	411
			880	411
			880	412
			881	413
			881	414
			882	414
			882	415
			883	416
			884	417
			885	418
			885	419
			886	420
			887	421
			888	422
			889	423
			890	424
			891	424
			892	424
			893	424
			894	424
			895	424
			896	424
			897	424
			898	424
			899	424
			900	425
			901	425
			902	425
			903	425
			904	425
			904	426
			905	426
			906	426
			907	427
			908	427
			909	428
			910	428
			911	428
			912	429
			913	430
			914	431
			915	431
			916	432
			917	432
			918	433
			919	434
			920	434
			920	435
			921	436
			922	437
			923	437
			924	438
			925	439
			925	440
			926	441
			927	442
			928	443
			929	444
			929	445
			930	446
			931	447
			932	448
		</suture>
		<anterior type=matrix rownames=FALSE colnames=FALSE nrow=505 ncol=2 as.numeric=TRUE >
			710	57
			711	57
			712	57
			713	56
			714	56
			715	56
			716	56
			717	56
			718	56
			719	56
			720	56
			721	55
			722	55
			723	55
			724	55
			725	55
			726	55
			727	55
			728	55
			729	55
			730	55
			731	55
			732	55
			733	55
			734	55
			735	55
			736	55
			737	55
			738	55
			739	55
			740	55
			741	56
			742	56
			743	56
			744	56
			745	56
			746	56
			747	56
			748	56
			749	56
			750	57
			751	57
			752	57
			753	57
			754	57
			755	58
			756	58
			757	58
			758	58
			759	58
			760	59
			761	59
			762	59
			763	59
			764	60
			765	60
			766	60
			767	61
			768	61
			769	61
			770	61
			771	62
			772	62
			773	62
			774	63
			775	63
			776	64
			777	64
			778	64
			779	65
			780	65
			781	65
			782	66
			783	66
			784	67
			785	67
			786	68
			787	68
			788	69
			789	69
			790	69
			791	70
			792	70
			793	71
			794	71
			795	72
			796	73
			797	73
			798	74
			799	74
			800	75
			801	75
			802	76
			803	76
			804	77
			805	78
			806	78
			807	79
			808	79
			809	80
			810	81
			811	81
			812	82
			813	83
			814	83
			815	84
			816	85
			817	85
			818	86
			819	86
			820	87
			821	88
			822	89
			823	89
			824	90
			825	91
			826	91
			827	92
			828	93
			829	93
			830	94
			831	95
			832	95
			833	96
			833	97
			834	98
			835	98
			836	99
			837	100
			838	100
			839	101
			840	102
			841	103
			842	103
			843	104
			844	105
			844	106
			845	107
			846	107
			847	108
			848	109
			849	110
			850	111
			851	111
			852	112
			853	113
			854	114
			855	115
			856	116
			857	116
			858	117
			858	118
			859	119
			860	120
			861	121
			862	122
			863	123
			864	123
			865	124
			866	125
			867	126
			868	127
			869	128
			870	129
			871	130
			872	131
			873	132
			874	133
			874	134
			875	135
			876	136
			877	137
			878	138
			879	139
			880	140
			881	141
			882	142
			883	143
			884	144
			885	145
			886	146
			887	147
			888	148
			889	149
			890	150
			891	151
			892	152
			893	153
			894	154
			894	155
			895	156
			896	157
			897	158
			898	159
			899	160
			899	161
			900	162
			901	162
			901	163
			902	164
			903	165
			903	166
			904	167
			905	167
			906	168
			906	169
			907	170
			908	171
			908	172
			909	172
			910	173
			910	174
			911	175
			912	176
			913	177
			913	178
			914	178
			915	179
			915	180
			916	181
			917	182
			918	183
			918	184
			919	185
			920	186
			921	187
			921	188
			922	189
			922	190
			923	191
			924	192
			924	193
			925	194
			926	195
			926	196
			927	197
			928	198
			928	199
			929	200
			929	201
			930	202
			931	203
			931	204
			932	205
			933	206
			933	207
			934	208
			934	209
			934	210
			935	210
			935	211
			936	212
			936	213
			937	214
			937	215
			937	216
			938	216
			938	217
			939	218
			939	219
			940	220
			940	221
			941	222
			941	223
			942	224
			942	225
			943	226
			943	227
			944	228
			944	229
			944	230
			945	231
			945	232
			946	233
			946	234
			947	235
			947	236
			948	237
			948	238
			948	239
			949	240
			949	241
			949	242
			950	243
			950	244
			951	245
			951	246
			951	247
			952	248
			953	249
			953	250
			953	251
			953	252
			954	252
			954	253
			954	254
			955	255
			955	256
			955	257
			956	258
			956	259
			957	260
			957	261
			957	262
			958	263
			958	264
			958	265
			959	266
			959	267
			959	268
			959	269
			960	270
			960	271
			961	272
			961	273
			961	274
			961	275
			962	276
			962	277
			962	278
			963	279
			963	280
			963	281
			964	282
			964	283
			964	284
			964	285
			965	286
			965	287
			965	288
			966	288
			966	289
			966	290
			966	291
			967	292
			967	293
			967	294
			967	295
			968	296
			968	297
			968	298
			969	299
			969	300
			969	301
			969	302
			970	303
			970	304
			970	305
			970	306
			970	307
			971	307
			971	308
			971	309
			971	310
			971	311
			972	312
			972	313
			972	314
			972	315
			973	316
			973	317
			973	318
			973	319
			974	320
			974	321
			974	322
			974	323
			974	324
			975	325
			975	326
			975	327
			975	328
			976	329
			976	330
			976	331
			976	332
			976	333
			977	334
			977	335
			977	336
			977	337
			977	338
			978	339
			978	340
			978	341
			978	342
			978	343
			979	344
			979	345
			979	346
			979	347
			979	348
			980	349
			980	350
			980	351
			980	352
			980	353
			980	354
			981	355
			981	356
			981	357
			981	358
			981	359
			982	360
			982	361
			982	362
			982	363
			982	364
			982	365
			982	366
			983	367
			983	368
			983	369
			983	370
			983	371
			983	372
			984	373
			984	374
			984	375
			984	376
			984	377
			984	378
			984	379
			985	379
			985	380
			985	381
			985	382
			985	383
			985	384
			985	385
			985	386
			986	387
			986	388
			986	389
			986	390
			986	391
			986	392
			986	393
			987	394
			987	395
			987	396
			987	397
			987	398
			987	399
			987	400
			987	401
			988	402
			988	403
			988	404
			988	405
			988	406
			988	407
			988	408
			988	409
			989	410
			989	411
			989	412
			989	413
			989	414
			989	415
			989	416
			989	417
			989	418
			990	419
			990	420
			990	421
			990	422
			990	423
			990	424
			990	425
			990	426
			990	427
			990	428
			991	429
			991	430
			991	431
			991	432
			991	433
			991	434
			991	435
			992	436
			992	437
			992	438
			992	439
			992	440
			993	441
			993	442
			993	443
			993	444
			993	445
			994	446
			994	447
			994	448
			994	449
			994	450
			995	451
			995	452
			995	453
			995	454
			996	455
			996	456
			996	457
			996	458
			997	459
			997	460
		</anterior>
		<posterior type=matrix rownames=FALSE colnames=FALSE nrow=295 ncol=2 as.numeric=TRUE >
			710	493
			711	493
			712	493
			713	493
			714	494
			715	494
			716	494
			717	494
			718	494
			719	494
			720	494
			721	493
			722	493
			723	493
			724	493
			725	493
			726	493
			727	493
			728	492
			729	492
			730	492
			731	492
			732	492
			733	492
			734	491
			735	491
			736	491
			737	491
			738	491
			739	490
			740	490
			741	490
			742	490
			743	489
			744	489
			745	489
			746	489
			747	488
			748	488
			749	488
			750	488
			750	487
			751	487
			752	487
			753	487
			754	486
			755	486
			756	486
			757	485
			758	485
			759	485
			760	485
			761	484
			762	484
			763	484
			764	483
			765	483
			766	483
			766	482
			767	482
			768	482
			769	481
			770	481
			771	481
			772	480
			773	480
			774	480
			775	479
			776	479
			777	479
			778	479
			778	478
			779	478
			780	478
			781	478
			782	477
			783	477
			784	476
			785	476
			786	476
			787	475
			788	475
			789	475
			790	474
			791	474
			792	473
			793	473
			794	473
			795	472
			796	472
			797	472
			798	471
			799	471
			800	470
			801	470
			802	470
			803	469
			804	469
			805	468
			806	468
			807	468
			808	467
			809	467
			810	466
			811	466
			812	466
			813	466
			813	465
			814	465
			815	465
			816	464
			817	464
			818	463
			819	463
			820	463
			821	463
			822	464
			823	464
			824	464
			825	464
			826	464
			827	464
			828	465
			829	465
			830	465
			831	465
			832	465
			833	465
			834	465
			835	465
			836	465
			837	466
			838	466
			839	466
			840	466
			841	466
			842	466
			843	466
			844	466
			845	466
			846	466
			847	466
			848	466
			849	466
			850	466
			851	466
			852	466
			853	466
			854	466
			855	466
			856	466
			857	466
			858	466
			859	466
			860	466
			861	466
			862	466
			863	466
			864	465
			865	465
			866	465
			867	465
			868	465
			869	465
			870	465
			871	465
			872	465
			873	465
			874	465
			875	465
			876	464
			877	464
			878	464
			879	464
			880	464
			881	464
			882	464
			883	464
			884	464
			885	463
			886	463
			887	463
			888	463
			889	463
			890	463
			891	463
			892	462
			893	462
			894	462
			895	462
			896	462
			897	462
			898	461
			899	461
			900	461
			901	461
			902	461
			903	461
			904	460
			905	460
			906	460
			907	460
			908	460
			909	459
			910	459
			911	459
			912	459
			913	459
			914	459
			915	458
			916	458
			917	458
			918	458
			919	457
			920	457
			921	457
			922	457
			923	457
			924	456
			925	456
			926	456
			927	456
			928	455
			929	455
			930	455
			931	455
			932	455
			933	454
			934	454
			935	454
			936	454
			937	453
			938	453
			939	453
			940	453
			941	452
			942	452
			943	452
			944	452
			945	451
			946	451
			947	451
			948	451
			949	450
			950	450
			951	450
			952	450
			953	449
			954	449
			955	449
			956	448
			957	448
			958	448
			959	447
			960	447
			961	447
			962	446
			963	446
			964	446
			965	446
			966	446
			967	446
			968	445
			969	445
			970	445
			971	445
			972	445
			973	445
			974	445
			975	446
			976	446
			977	446
			978	446
			979	447
			980	447
			981	447
			982	447
			983	448
			984	448
			985	449
			986	449
			986	450
			987	450
			988	451
			989	452
			990	452
			991	453
			991	454
			992	454
			993	455
			994	456
			994	457
			995	458
			996	459
			997	460
		</posterior>
	</curves.pixel>
	<curves.scaled type=list>
		<glabella type=matrix rownames=FALSE colnames=FALSE nrow=408 ncol=2 as.numeric=TRUE >
			8.90727272727273	-1.22945454545455
			8.91981818181818	-1.22945454545455
			8.93236363636364	-1.22945454545455
			8.94490909090909	-1.242
			8.95745454545455	-1.242
			8.97	-1.242
			8.98254545454545	-1.242
			8.99509090909091	-1.242
			9.00763636363636	-1.242
			9.02018181818182	-1.25454545454545
			9.03272727272727	-1.25454545454545
			9.04527272727273	-1.25454545454545
			9.05781818181818	-1.25454545454545
			9.07036363636364	-1.26709090909091
			9.08290909090909	-1.26709090909091
			9.09545454545455	-1.26709090909091
			9.108	-1.26709090909091
			9.12054545454545	-1.27963636363636
			9.13309090909091	-1.27963636363636
			9.14563636363636	-1.27963636363636
			9.15818181818182	-1.27963636363636
			9.17072727272727	-1.29218181818182
			9.18327272727273	-1.29218181818182
			9.19581818181818	-1.29218181818182
			9.20836363636364	-1.30472727272727
			9.22090909090909	-1.30472727272727
			9.23345454545455	-1.30472727272727
			9.246	-1.31727272727273
			9.25854545454546	-1.31727272727273
			9.27109090909091	-1.31727272727273
			9.28363636363636	-1.32981818181818
			9.29618181818182	-1.32981818181818
			9.30872727272727	-1.34236363636364
			9.32127272727273	-1.34236363636364
			9.33381818181818	-1.35490909090909
			9.34636363636364	-1.35490909090909
			9.35890909090909	-1.36745454545455
			9.37145454545455	-1.36745454545455
			9.384	-1.38
			9.39654545454546	-1.38
			9.40909090909091	-1.39254545454545
			9.42163636363636	-1.39254545454545
			9.43418181818182	-1.40509090909091
			9.44672727272727	-1.40509090909091
			9.45927272727273	-1.41763636363636
			9.47181818181818	-1.43018181818182
			9.48436363636364	-1.43018181818182
			9.49690909090909	-1.44272727272727
			9.50945454545455	-1.45527272727273
			9.522	-1.46781818181818
			9.53454545454546	-1.46781818181818
			9.54709090909091	-1.48036363636364
			9.55963636363636	-1.49290909090909
			9.57218181818182	-1.50545454545455
			9.58472727272727	-1.518
			9.59727272727273	-1.53054545454545
			9.59727272727273	-1.54309090909091
			9.60981818181818	-1.55563636363636
			9.62236363636364	-1.56818181818182
			9.62236363636364	-1.58072727272727
			9.63490909090909	-1.59327272727273
			9.63490909090909	-1.60581818181818
			9.64745454545455	-1.61836363636364
			9.64745454545455	-1.63090909090909
			9.64745454545455	-1.64345454545455
			9.66	-1.64345454545455
			9.66	-1.656
			9.66	-1.66854545454545
			9.67254545454546	-1.68109090909091
			9.67254545454546	-1.69363636363636
			9.68509090909091	-1.70618181818182
			9.68509090909091	-1.71872727272727
			9.68509090909091	-1.73127272727273
			9.68509090909091	-1.74381818181818
			9.69763636363636	-1.75636363636364
			9.69763636363636	-1.76890909090909
			9.69763636363636	-1.78145454545455
			9.69763636363636	-1.794
			9.69763636363636	-1.80654545454545
			9.71018181818182	-1.81909090909091
			9.71018181818182	-1.83163636363636
			9.71018181818182	-1.84418181818182
			9.71018181818182	-1.85672727272727
			9.71018181818182	-1.86927272727273
			9.72272727272727	-1.88181818181818
			9.72272727272727	-1.89436363636364
			9.72272727272727	-1.90690909090909
			9.72272727272727	-1.91945454545455
			9.72272727272727	-1.932
			9.72272727272727	-1.94454545454545
			9.72272727272727	-1.95709090909091
			9.72272727272727	-1.96963636363636
			9.73527272727273	-1.98218181818182
			9.73527272727273	-1.99472727272727
			9.73527272727273	-2.00727272727273
			9.73527272727273	-2.01981818181818
			9.73527272727273	-2.03236363636364
			9.73527272727273	-2.04490909090909
			9.73527272727273	-2.05745454545455
			9.73527272727273	-2.07
			9.73527272727273	-2.08254545454545
			9.73527272727273	-2.09509090909091
			9.73527272727273	-2.10763636363636
			9.73527272727273	-2.12018181818182
			9.73527272727273	-2.13272727272727
			9.73527272727273	-2.14527272727273
			9.73527272727273	-2.15781818181818
			9.73527272727273	-2.17036363636364
			9.73527272727273	-2.18290909090909
			9.73527272727273	-2.19545454545455
			9.73527272727273	-2.208
			9.73527272727273	-2.22054545454545
			9.73527272727273	-2.23309090909091
			9.73527272727273	-2.24563636363636
			9.73527272727273	-2.25818181818182
			9.73527272727273	-2.27072727272727
			9.73527272727273	-2.28327272727273
			9.73527272727273	-2.29581818181818
			9.73527272727273	-2.30836363636364
			9.73527272727273	-2.32090909090909
			9.73527272727273	-2.33345454545455
			9.73527272727273	-2.346
			9.73527272727273	-2.35854545454545
			9.73527272727273	-2.37109090909091
			9.73527272727273	-2.38363636363636
			9.73527272727273	-2.39618181818182
			9.73527272727273	-2.40872727272727
			9.73527272727273	-2.42127272727273
			9.73527272727273	-2.43381818181818
			9.73527272727273	-2.44636363636364
			9.73527272727273	-2.45890909090909
			9.73527272727273	-2.47145454545455
			9.73527272727273	-2.484
			9.73527272727273	-2.49654545454545
			9.73527272727273	-2.50909090909091
			9.73527272727273	-2.52163636363636
			9.73527272727273	-2.53418181818182
			9.73527272727273	-2.54672727272727
			9.73527272727273	-2.55927272727273
			9.72272727272727	-2.57181818181818
			9.72272727272727	-2.58436363636364
			9.72272727272727	-2.59690909090909
			9.72272727272727	-2.60945454545455
			9.72272727272727	-2.622
			9.72272727272727	-2.63454545454545
			9.72272727272727	-2.64709090909091
			9.72272727272727	-2.65963636363636
			9.72272727272727	-2.67218181818182
			9.73527272727273	-2.68472727272727
			9.73527272727273	-2.69727272727273
			9.73527272727273	-2.70981818181818
			9.73527272727273	-2.72236363636364
			9.73527272727273	-2.73490909090909
			9.73527272727273	-2.74745454545455
			9.73527272727273	-2.76
			9.74781818181818	-2.77254545454545
			9.74781818181818	-2.78509090909091
			9.74781818181818	-2.79763636363636
			9.74781818181818	-2.81018181818182
			9.74781818181818	-2.82272727272727
			9.76036363636364	-2.83527272727273
			9.76036363636364	-2.84781818181818
			9.76036363636364	-2.86036363636364
			9.76036363636364	-2.87290909090909
			9.76036363636364	-2.88545454545455
			9.76036363636364	-2.898
			9.77290909090909	-2.91054545454545
			9.77290909090909	-2.92309090909091
			9.77290909090909	-2.93563636363636
			9.77290909090909	-2.94818181818182
			9.77290909090909	-2.96072727272727
			9.78545454545455	-2.97327272727273
			9.78545454545455	-2.98581818181818
			9.78545454545455	-2.99836363636364
			9.78545454545455	-3.01090909090909
			9.78545454545455	-3.02345454545455
			9.798	-3.036
			9.798	-3.04854545454545
			9.798	-3.06109090909091
			9.798	-3.07363636363636
			9.81054545454545	-3.08618181818182
			9.81054545454545	-3.09872727272727
			9.81054545454545	-3.11127272727273
			9.81054545454545	-3.12381818181818
			9.81054545454545	-3.13636363636364
			9.82309090909091	-3.14890909090909
			9.82309090909091	-3.16145454545455
			9.82309090909091	-3.174
			9.82309090909091	-3.18654545454545
			9.83563636363636	-3.19909090909091
			9.83563636363636	-3.21163636363636
			9.83563636363636	-3.22418181818182
			9.83563636363636	-3.23672727272727
			9.84818181818182	-3.24927272727273
			9.84818181818182	-3.26181818181818
			9.84818181818182	-3.27436363636364
			9.84818181818182	-3.28690909090909
			9.86072727272727	-3.29945454545455
			9.86072727272727	-3.312
			9.86072727272727	-3.32454545454545
			9.86072727272727	-3.33709090909091
			9.87327272727273	-3.33709090909091
			9.87327272727273	-3.34963636363636
			9.87327272727273	-3.36218181818182
			9.87327272727273	-3.37472727272727
			9.88581818181818	-3.38727272727273
			9.88581818181818	-3.39981818181818
			9.88581818181818	-3.41236363636364
			9.88581818181818	-3.42490909090909
			9.89836363636364	-3.42490909090909
			9.89836363636364	-3.43745454545455
			9.89836363636364	-3.45
			9.89836363636364	-3.46254545454545
			9.89836363636364	-3.47509090909091
			9.91090909090909	-3.47509090909091
			9.91090909090909	-3.48763636363636
			9.91090909090909	-3.50018181818182
			9.91090909090909	-3.51272727272727
			9.92345454545455	-3.51272727272727
			9.92345454545455	-3.52527272727273
			9.92345454545455	-3.53781818181818
			9.92345454545455	-3.55036363636364
			9.936	-3.56290909090909
			9.936	-3.57545454545455
			9.936	-3.588
			9.94854545454545	-3.60054545454545
			9.94854545454545	-3.61309090909091
			9.94854545454545	-3.62563636363636
			9.96109090909091	-3.63818181818182
			9.96109090909091	-3.65072727272727
			9.96109090909091	-3.66327272727273
			9.97363636363636	-3.67581818181818
			9.97363636363636	-3.68836363636364
			9.97363636363636	-3.70090909090909
			9.98618181818182	-3.71345454545455
			9.98618181818182	-3.726
			9.98618181818182	-3.73854545454545
			9.99872727272727	-3.75109090909091
			9.99872727272727	-3.76363636363636
			9.99872727272727	-3.77618181818182
			10.0112727272727	-3.78872727272727
			10.0112727272727	-3.80127272727273
			10.0112727272727	-3.81381818181818
			10.0238181818182	-3.82636363636364
			10.0238181818182	-3.83890909090909
			10.0238181818182	-3.85145454545455
			10.0363636363636	-3.864
			10.0363636363636	-3.87654545454545
			10.0363636363636	-3.88909090909091
			10.0489090909091	-3.90163636363636
			10.0489090909091	-3.91418181818182
			10.0489090909091	-3.92672727272727
			10.0614545454545	-3.93927272727273
			10.0614545454545	-3.95181818181818
			10.0614545454545	-3.96436363636364
			10.074	-3.97690909090909
			10.074	-3.98945454545455
			10.074	-4.002
			10.074	-4.01454545454545
			10.0865454545455	-4.01454545454545
			10.0865454545455	-4.02709090909091
			10.0865454545455	-4.03963636363636
			10.0865454545455	-4.05218181818182
			10.0990909090909	-4.06472727272727
			10.0990909090909	-4.07727272727273
			10.0990909090909	-4.08981818181818
			10.1116363636364	-4.10236363636364
			10.1116363636364	-4.11490909090909
			10.1116363636364	-4.12745454545455
			10.1241818181818	-4.14
			10.1241818181818	-4.15254545454545
			10.1241818181818	-4.16509090909091
			10.1241818181818	-4.17763636363636
			10.1367272727273	-4.19018181818182
			10.1367272727273	-4.20272727272727
			10.1367272727273	-4.21527272727273
			10.1367272727273	-4.22781818181818
			10.1492727272727	-4.22781818181818
			10.1492727272727	-4.24036363636364
			10.1492727272727	-4.25290909090909
			10.1492727272727	-4.26545454545455
			10.1618181818182	-4.278
			10.1618181818182	-4.29054545454545
			10.1618181818182	-4.30309090909091
			10.1618181818182	-4.31563636363636
			10.1743636363636	-4.32818181818182
			10.1743636363636	-4.34072727272727
			10.1743636363636	-4.35327272727273
			10.1743636363636	-4.36581818181818
			10.1869090909091	-4.37836363636364
			10.1869090909091	-4.39090909090909
			10.1869090909091	-4.40345454545455
			10.1869090909091	-4.416
			10.1994545454545	-4.42854545454545
			10.1994545454545	-4.44109090909091
			10.1994545454545	-4.45363636363636
			10.1994545454545	-4.46618181818182
			10.212	-4.47872727272727
			10.212	-4.49127272727273
			10.212	-4.50381818181818
			10.212	-4.51636363636364
			10.212	-4.52890909090909
			10.2245454545455	-4.54145454545455
			10.2245454545455	-4.554
			10.2245454545455	-4.56654545454545
			10.2245454545455	-4.57909090909091
			10.2370909090909	-4.59163636363636
			10.2370909090909	-4.60418181818182
			10.2370909090909	-4.61672727272727
			10.2370909090909	-4.62927272727273
			10.2370909090909	-4.64181818181818
			10.2496363636364	-4.64181818181818
			10.2496363636364	-4.65436363636364
			10.2496363636364	-4.66690909090909
			10.2496363636364	-4.67945454545455
			10.2496363636364	-4.692
			10.2496363636364	-4.70454545454545
			10.2621818181818	-4.71709090909091
			10.2621818181818	-4.72963636363636
			10.2621818181818	-4.74218181818182
			10.2621818181818	-4.75472727272727
			10.2621818181818	-4.76727272727273
			10.2747272727273	-4.77981818181818
			10.2747272727273	-4.79236363636364
			10.2747272727273	-4.80490909090909
			10.2747272727273	-4.81745454545455
			10.2747272727273	-4.83
			10.2747272727273	-4.84254545454545
			10.2747272727273	-4.85509090909091
			10.2872727272727	-4.86763636363636
			10.2872727272727	-4.88018181818182
			10.2872727272727	-4.89272727272727
			10.2872727272727	-4.90527272727273
			10.2872727272727	-4.91781818181818
			10.2872727272727	-4.93036363636364
			10.2998181818182	-4.94290909090909
			10.2998181818182	-4.95545454545455
			10.2998181818182	-4.968
			10.2998181818182	-4.98054545454545
			10.2998181818182	-4.99309090909091
			10.2998181818182	-5.00563636363636
			10.2998181818182	-5.01818181818182
			10.2998181818182	-5.03072727272727
			10.2998181818182	-5.04327272727273
			10.3123636363636	-5.05581818181818
			10.3123636363636	-5.06836363636364
			10.3123636363636	-5.08090909090909
			10.3123636363636	-5.09345454545455
			10.3123636363636	-5.106
			10.3123636363636	-5.11854545454545
			10.3123636363636	-5.13109090909091
			10.3123636363636	-5.14363636363636
			10.3123636363636	-5.15618181818182
			10.3123636363636	-5.16872727272727
			10.3123636363636	-5.18127272727273
			10.3123636363636	-5.19381818181818
			10.3123636363636	-5.20636363636364
			10.3249090909091	-5.20636363636364
			10.3249090909091	-5.21890909090909
			10.3249090909091	-5.23145454545455
			10.3249090909091	-5.244
			10.3249090909091	-5.25654545454545
			10.3249090909091	-5.26909090909091
			10.3249090909091	-5.28163636363636
			10.3249090909091	-5.29418181818182
			10.3249090909091	-5.30672727272727
			10.3249090909091	-5.31927272727273
			10.3249090909091	-5.33181818181818
			10.3249090909091	-5.34436363636364
			10.3249090909091	-5.35690909090909
			10.3249090909091	-5.36945454545455
			10.3249090909091	-5.382
			10.3249090909091	-5.39454545454545
			10.3249090909091	-5.40709090909091
			10.3249090909091	-5.41963636363636
			10.3249090909091	-5.43218181818182
			10.3249090909091	-5.44472727272727
			10.3249090909091	-5.45727272727273
			10.3249090909091	-5.46981818181818
			10.3249090909091	-5.48236363636364
			10.3249090909091	-5.49490909090909
			10.3123636363636	-5.50745454545455
			10.3123636363636	-5.52
			10.3123636363636	-5.53254545454545
			10.3123636363636	-5.54509090909091
			10.3123636363636	-5.55763636363636
			10.3123636363636	-5.57018181818182
			10.3123636363636	-5.58272727272727
			10.3123636363636	-5.59527272727273
			10.3123636363636	-5.60781818181818
			10.3123636363636	-5.62036363636364
			10.3123636363636	-5.63290909090909
			10.3123636363636	-5.64545454545455
			10.2998181818182	-5.64545454545455
			10.2998181818182	-5.658
			10.2998181818182	-5.67054545454545
			10.2998181818182	-5.68309090909091
			10.2998181818182	-5.69563636363636
			10.2998181818182	-5.70818181818182
			10.2998181818182	-5.72072727272727
			10.2872727272727	-5.73327272727273
			10.2872727272727	-5.74581818181818
			10.2872727272727	-5.75836363636364
			10.2872727272727	-5.77090909090909
			10.2872727272727	-5.78345454545455
			10.2747272727273	-5.796
			10.2747272727273	-5.80854545454545
			10.2747272727273	-5.82109090909091
		</glabella>
		<suture type=matrix rownames=FALSE colnames=FALSE nrow=520 ncol=2 as.numeric=TRUE >
			8.90727272727273	-0.715090909090909
			8.91981818181818	-0.715090909090909
			8.93236363636364	-0.715090909090909
			8.94490909090909	-0.715090909090909
			8.95745454545455	-0.715090909090909
			8.97	-0.715090909090909
			8.98254545454545	-0.715090909090909
			8.99509090909091	-0.715090909090909
			9.00763636363636	-0.715090909090909
			9.02018181818182	-0.715090909090909
			9.03272727272727	-0.715090909090909
			9.04527272727273	-0.715090909090909
			9.05781818181818	-0.715090909090909
			9.07036363636364	-0.715090909090909
			9.08290909090909	-0.715090909090909
			9.09545454545455	-0.715090909090909
			9.108	-0.715090909090909
			9.12054545454545	-0.715090909090909
			9.13309090909091	-0.715090909090909
			9.14563636363636	-0.715090909090909
			9.15818181818182	-0.715090909090909
			9.17072727272727	-0.715090909090909
			9.18327272727273	-0.715090909090909
			9.19581818181818	-0.715090909090909
			9.20836363636364	-0.715090909090909
			9.22090909090909	-0.715090909090909
			9.23345454545455	-0.715090909090909
			9.246	-0.715090909090909
			9.25854545454546	-0.715090909090909
			9.27109090909091	-0.715090909090909
			9.28363636363636	-0.715090909090909
			9.29618181818182	-0.727636363636364
			9.30872727272727	-0.727636363636364
			9.32127272727273	-0.727636363636364
			9.33381818181818	-0.727636363636364
			9.34636363636364	-0.727636363636364
			9.35890909090909	-0.727636363636364
			9.37145454545455	-0.727636363636364
			9.384	-0.740181818181818
			9.39654545454546	-0.740181818181818
			9.40909090909091	-0.740181818181818
			9.42163636363636	-0.740181818181818
			9.43418181818182	-0.740181818181818
			9.44672727272727	-0.740181818181818
			9.45927272727273	-0.752727272727273
			9.47181818181818	-0.752727272727273
			9.48436363636364	-0.752727272727273
			9.49690909090909	-0.752727272727273
			9.50945454545455	-0.752727272727273
			9.522	-0.752727272727273
			9.53454545454546	-0.765272727272727
			9.54709090909091	-0.765272727272727
			9.55963636363636	-0.765272727272727
			9.57218181818182	-0.765272727272727
			9.58472727272727	-0.777818181818182
			9.59727272727273	-0.777818181818182
			9.60981818181818	-0.777818181818182
			9.62236363636364	-0.777818181818182
			9.62236363636364	-0.790363636363636
			9.63490909090909	-0.790363636363636
			9.64745454545455	-0.790363636363636
			9.66	-0.790363636363636
			9.67254545454546	-0.802909090909091
			9.68509090909091	-0.802909090909091
			9.69763636363636	-0.802909090909091
			9.71018181818182	-0.802909090909091
			9.72272727272727	-0.815454545454545
			9.73527272727273	-0.815454545454545
			9.74781818181818	-0.828
			9.76036363636364	-0.828
			9.77290909090909	-0.828
			9.78545454545455	-0.840545454545455
			9.798	-0.840545454545455
			9.81054545454545	-0.840545454545455
			9.82309090909091	-0.853090909090909
			9.83563636363636	-0.853090909090909
			9.84818181818182	-0.853090909090909
			9.86072727272727	-0.865636363636364
			9.87327272727273	-0.865636363636364
			9.88581818181818	-0.878181818181818
			9.89836363636364	-0.878181818181818
			9.91090909090909	-0.878181818181818
			9.92345454545455	-0.890727272727273
			9.936	-0.890727272727273
			9.94854545454545	-0.903272727272727
			9.96109090909091	-0.903272727272727
			9.97363636363636	-0.903272727272727
			9.97363636363636	-0.915818181818182
			9.98618181818182	-0.915818181818182
			9.99872727272727	-0.928363636363636
			10.0112727272727	-0.928363636363636
			10.0238181818182	-0.940909090909091
			10.0363636363636	-0.940909090909091
			10.0489090909091	-0.953454545454545
			10.0614545454545	-0.953454545454545
			10.074	-0.966
			10.0865454545455	-0.966
			10.0990909090909	-0.978545454545454
			10.1116363636364	-0.978545454545454
			10.1241818181818	-0.991090909090909
			10.1367272727273	-0.991090909090909
			10.1492727272727	-1.00363636363636
			10.1618181818182	-1.00363636363636
			10.1743636363636	-1.01618181818182
			10.1869090909091	-1.02872727272727
			10.1994545454545	-1.02872727272727
			10.212	-1.04127272727273
			10.2245454545455	-1.04127272727273
			10.2370909090909	-1.05381818181818
			10.2496363636364	-1.06636363636364
			10.2621818181818	-1.06636363636364
			10.2747272727273	-1.07890909090909
			10.2872727272727	-1.07890909090909
			10.2872727272727	-1.09145454545455
			10.2998181818182	-1.09145454545455
			10.3123636363636	-1.104
			10.3249090909091	-1.104
			10.3374545454545	-1.11654545454545
			10.35	-1.12909090909091
			10.3625454545455	-1.14163636363636
			10.3750909090909	-1.14163636363636
			10.3876363636364	-1.15418181818182
			10.4001818181818	-1.16672727272727
			10.4127272727273	-1.16672727272727
			10.4252727272727	-1.17927272727273
			10.4378181818182	-1.19181818181818
			10.4503636363636	-1.19181818181818
			10.4629090909091	-1.20436363636364
			10.4754545454545	-1.21690909090909
			10.488	-1.21690909090909
			10.5005454545455	-1.22945454545455
			10.5005454545455	-1.242
			10.5130909090909	-1.25454545454545
			10.5256363636364	-1.25454545454545
			10.5381818181818	-1.26709090909091
			10.5507272727273	-1.27963636363636
			10.5632727272727	-1.29218181818182
			10.5758181818182	-1.29218181818182
			10.5883636363636	-1.30472727272727
			10.6009090909091	-1.31727272727273
			10.6134545454545	-1.32981818181818
			10.626	-1.34236363636364
			10.6385454545455	-1.34236363636364
			10.6510909090909	-1.35490909090909
			10.6636363636364	-1.36745454545455
			10.6636363636364	-1.38
			10.6761818181818	-1.39254545454545
			10.6887272727273	-1.39254545454545
			10.7012727272727	-1.40509090909091
			10.7138181818182	-1.41763636363636
			10.7263636363636	-1.43018181818182
			10.7389090909091	-1.44272727272727
			10.7514545454545	-1.45527272727273
			10.764	-1.46781818181818
			10.7765454545455	-1.46781818181818
			10.7890909090909	-1.48036363636364
			10.8016363636364	-1.49290909090909
			10.8016363636364	-1.50545454545455
			10.8141818181818	-1.518
			10.8267272727273	-1.53054545454545
			10.8392727272727	-1.54309090909091
			10.8518181818182	-1.55563636363636
			10.8643636363636	-1.56818181818182
			10.8769090909091	-1.58072727272727
			10.8894545454545	-1.59327272727273
			10.902	-1.60581818181818
			10.9145454545455	-1.60581818181818
			10.9145454545455	-1.61836363636364
			10.9270909090909	-1.63090909090909
			10.9396363636364	-1.64345454545455
			10.9521818181818	-1.656
			10.9647272727273	-1.66854545454545
			10.9772727272727	-1.68109090909091
			10.9898181818182	-1.69363636363636
			11.0023636363636	-1.70618181818182
			11.0149090909091	-1.71872727272727
			11.0274545454545	-1.73127272727273
			11.0274545454545	-1.74381818181818
			11.04	-1.75636363636364
			11.0525454545455	-1.76890909090909
			11.0650909090909	-1.78145454545455
			11.0650909090909	-1.794
			11.0776363636364	-1.794
			11.0776363636364	-1.80654545454545
			11.0901818181818	-1.81909090909091
			11.1027272727273	-1.83163636363636
			11.1152727272727	-1.84418181818182
			11.1278181818182	-1.85672727272727
			11.1403636363636	-1.86927272727273
			11.1403636363636	-1.88181818181818
			11.1529090909091	-1.89436363636364
			11.1654545454545	-1.90690909090909
			11.178	-1.91945454545455
			11.1905454545455	-1.932
			11.1905454545455	-1.94454545454545
			11.2030909090909	-1.95709090909091
			11.2156363636364	-1.96963636363636
			11.2281818181818	-1.98218181818182
			11.2281818181818	-1.99472727272727
			11.2407272727273	-2.00727272727273
			11.2407272727273	-2.01981818181818
			11.2407272727273	-2.03236363636364
			11.2407272727273	-2.04490909090909
			11.2407272727273	-2.05745454545455
			11.2407272727273	-2.07
			11.2407272727273	-2.08254545454545
			11.2407272727273	-2.09509090909091
			11.2407272727273	-2.10763636363636
			11.2407272727273	-2.12018181818182
			11.2407272727273	-2.13272727272727
			11.2407272727273	-2.14527272727273
			11.2407272727273	-2.15781818181818
			11.2407272727273	-2.17036363636364
			11.2407272727273	-2.18290909090909
			11.2407272727273	-2.19545454545455
			11.2407272727273	-2.208
			11.2407272727273	-2.22054545454545
			11.2281818181818	-2.23309090909091
			11.2281818181818	-2.24563636363636
			11.2281818181818	-2.25818181818182
			11.2281818181818	-2.27072727272727
			11.2281818181818	-2.28327272727273
			11.2281818181818	-2.29581818181818
			11.2281818181818	-2.30836363636364
			11.2281818181818	-2.32090909090909
			11.2281818181818	-2.33345454545455
			11.2281818181818	-2.346
			11.2156363636364	-2.35854545454545
			11.2156363636364	-2.37109090909091
			11.2156363636364	-2.38363636363636
			11.2156363636364	-2.39618181818182
			11.2156363636364	-2.40872727272727
			11.2156363636364	-2.42127272727273
			11.2156363636364	-2.43381818181818
			11.2030909090909	-2.44636363636364
			11.2030909090909	-2.45890909090909
			11.2030909090909	-2.47145454545455
			11.2030909090909	-2.484
			11.2030909090909	-2.49654545454545
			11.1905454545455	-2.50909090909091
			11.1905454545455	-2.52163636363636
			11.1905454545455	-2.53418181818182
			11.1905454545455	-2.54672727272727
			11.1905454545455	-2.55927272727273
			11.1905454545455	-2.57181818181818
			11.178	-2.57181818181818
			11.178	-2.58436363636364
			11.178	-2.59690909090909
			11.178	-2.60945454545455
			11.178	-2.622
			11.178	-2.63454545454545
			11.1654545454545	-2.64709090909091
			11.1654545454545	-2.65963636363636
			11.1654545454545	-2.67218181818182
			11.1654545454545	-2.68472727272727
			11.1529090909091	-2.69727272727273
			11.1529090909091	-2.70981818181818
			11.1529090909091	-2.72236363636364
			11.1529090909091	-2.73490909090909
			11.1403636363636	-2.74745454545455
			11.1403636363636	-2.76
			11.1403636363636	-2.77254545454545
			11.1403636363636	-2.78509090909091
			11.1278181818182	-2.79763636363636
			11.1278181818182	-2.81018181818182
			11.1278181818182	-2.82272727272727
			11.1278181818182	-2.83527272727273
			11.1152727272727	-2.84781818181818
			11.1152727272727	-2.86036363636364
			11.1152727272727	-2.87290909090909
			11.1152727272727	-2.88545454545455
			11.1027272727273	-2.898
			11.1027272727273	-2.91054545454545
			11.1027272727273	-2.92309090909091
			11.0901818181818	-2.93563636363636
			11.0901818181818	-2.94818181818182
			11.0901818181818	-2.96072727272727
			11.0901818181818	-2.97327272727273
			11.0776363636364	-2.98581818181818
			11.0776363636364	-2.99836363636364
			11.0776363636364	-3.01090909090909
			11.0776363636364	-3.02345454545455
			11.0650909090909	-3.02345454545455
			11.0650909090909	-3.036
			11.0650909090909	-3.04854545454545
			11.0650909090909	-3.06109090909091
			11.0525454545455	-3.07363636363636
			11.0525454545455	-3.08618181818182
			11.0525454545455	-3.09872727272727
			11.04	-3.11127272727273
			11.04	-3.12381818181818
			11.04	-3.13636363636364
			11.0274545454545	-3.14890909090909
			11.0274545454545	-3.16145454545455
			11.0274545454545	-3.174
			11.0149090909091	-3.18654545454545
			11.0149090909091	-3.19909090909091
			11.0149090909091	-3.21163636363636
			11.0023636363636	-3.21163636363636
			10.9898181818182	-3.22418181818182
			10.9898181818182	-3.23672727272727
			10.9772727272727	-3.24927272727273
			10.9647272727273	-3.26181818181818
			10.9647272727273	-3.27436363636364
			10.9521818181818	-3.28690909090909
			10.9396363636364	-3.29945454545455
			10.9396363636364	-3.312
			10.9270909090909	-3.32454545454545
			10.9270909090909	-3.33709090909091
			10.9145454545455	-3.34963636363636
			10.9145454545455	-3.36218181818182
			10.902	-3.37472727272727
			10.8894545454545	-3.37472727272727
			10.8894545454545	-3.38727272727273
			10.8769090909091	-3.39981818181818
			10.8769090909091	-3.41236363636364
			10.8643636363636	-3.42490909090909
			10.8643636363636	-3.43745454545455
			10.8518181818182	-3.45
			10.8518181818182	-3.46254545454545
			10.8392727272727	-3.47509090909091
			10.8392727272727	-3.48763636363636
			10.8392727272727	-3.50018181818182
			10.8267272727273	-3.51272727272727
			10.8141818181818	-3.52527272727273
			10.8141818181818	-3.53781818181818
			10.8141818181818	-3.55036363636364
			10.8016363636364	-3.55036363636364
			10.8016363636364	-3.56290909090909
			10.8016363636364	-3.57545454545455
			10.7890909090909	-3.588
			10.7890909090909	-3.60054545454545
			10.7765454545455	-3.61309090909091
			10.7765454545455	-3.62563636363636
			10.7765454545455	-3.63818181818182
			10.7765454545455	-3.65072727272727
			10.764	-3.65072727272727
			10.764	-3.66327272727273
			10.764	-3.67581818181818
			10.7514545454545	-3.68836363636364
			10.7514545454545	-3.70090909090909
			10.7514545454545	-3.71345454545455
			10.7389090909091	-3.726
			10.7389090909091	-3.73854545454545
			10.7389090909091	-3.75109090909091
			10.7389090909091	-3.76363636363636
			10.7263636363636	-3.77618181818182
			10.7263636363636	-3.78872727272727
			10.7263636363636	-3.80127272727273
			10.7263636363636	-3.81381818181818
			10.7263636363636	-3.82636363636364
			10.7138181818182	-3.83890909090909
			10.7138181818182	-3.85145454545455
			10.7138181818182	-3.864
			10.7138181818182	-3.87654545454545
			10.7138181818182	-3.88909090909091
			10.7138181818182	-3.90163636363636
			10.7012727272727	-3.91418181818182
			10.7012727272727	-3.92672727272727
			10.7012727272727	-3.93927272727273
			10.7012727272727	-3.95181818181818
			10.7012727272727	-3.96436363636364
			10.7012727272727	-3.97690909090909
			10.7012727272727	-3.98945454545455
			10.7012727272727	-4.002
			10.7012727272727	-4.01454545454545
			10.7012727272727	-4.02709090909091
			10.7012727272727	-4.03963636363636
			10.7012727272727	-4.05218181818182
			10.7012727272727	-4.06472727272727
			10.7012727272727	-4.07727272727273
			10.7012727272727	-4.08981818181818
			10.7012727272727	-4.10236363636364
			10.7012727272727	-4.11490909090909
			10.7012727272727	-4.12745454545455
			10.7012727272727	-4.14
			10.7012727272727	-4.15254545454545
			10.7012727272727	-4.16509090909091
			10.7012727272727	-4.17763636363636
			10.7138181818182	-4.19018181818182
			10.7138181818182	-4.20272727272727
			10.7138181818182	-4.21527272727273
			10.7138181818182	-4.22781818181818
			10.7138181818182	-4.24036363636364
			10.7138181818182	-4.25290909090909
			10.7263636363636	-4.26545454545455
			10.7263636363636	-4.278
			10.7263636363636	-4.29054545454545
			10.7263636363636	-4.30309090909091
			10.7263636363636	-4.31563636363636
			10.7389090909091	-4.32818181818182
			10.7389090909091	-4.34072727272727
			10.7389090909091	-4.35327272727273
			10.7389090909091	-4.36581818181818
			10.7514545454545	-4.37836363636364
			10.7514545454545	-4.39090909090909
			10.7514545454545	-4.40345454545455
			10.7514545454545	-4.416
			10.7514545454545	-4.42854545454545
			10.764	-4.44109090909091
			10.764	-4.45363636363636
			10.764	-4.46618181818182
			10.764	-4.47872727272727
			10.764	-4.49127272727273
			10.7765454545455	-4.50381818181818
			10.7765454545455	-4.51636363636364
			10.7765454545455	-4.52890909090909
			10.7765454545455	-4.54145454545455
			10.7765454545455	-4.554
			10.7890909090909	-4.56654545454545
			10.7890909090909	-4.57909090909091
			10.7890909090909	-4.59163636363636
			10.7890909090909	-4.60418181818182
			10.8016363636364	-4.61672727272727
			10.8016363636364	-4.62927272727273
			10.8016363636364	-4.64181818181818
			10.8141818181818	-4.65436363636364
			10.8141818181818	-4.66690909090909
			10.8141818181818	-4.67945454545455
			10.8267272727273	-4.692
			10.8267272727273	-4.70454545454545
			10.8267272727273	-4.71709090909091
			10.8392727272727	-4.72963636363636
			10.8392727272727	-4.74218181818182
			10.8392727272727	-4.75472727272727
			10.8392727272727	-4.76727272727273
			10.8518181818182	-4.77981818181818
			10.8518181818182	-4.79236363636364
			10.8518181818182	-4.80490909090909
			10.8643636363636	-4.81745454545455
			10.8643636363636	-4.83
			10.8769090909091	-4.84254545454545
			10.8769090909091	-4.85509090909091
			10.8769090909091	-4.86763636363636
			10.8894545454545	-4.88018181818182
			10.8894545454545	-4.89272727272727
			10.902	-4.90527272727273
			10.902	-4.91781818181818
			10.9145454545455	-4.93036363636364
			10.9145454545455	-4.94290909090909
			10.9145454545455	-4.95545454545455
			10.9270909090909	-4.968
			10.9270909090909	-4.98054545454545
			10.9396363636364	-4.99309090909091
			10.9396363636364	-5.00563636363636
			10.9521818181818	-5.01818181818182
			10.9521818181818	-5.03072727272727
			10.9647272727273	-5.04327272727273
			10.9647272727273	-5.05581818181818
			10.9772727272727	-5.05581818181818
			10.9772727272727	-5.06836363636364
			10.9772727272727	-5.08090909090909
			10.9898181818182	-5.08090909090909
			10.9898181818182	-5.09345454545455
			11.0023636363636	-5.106
			11.0149090909091	-5.11854545454545
			11.0149090909091	-5.13109090909091
			11.0274545454545	-5.14363636363636
			11.0274545454545	-5.15618181818182
			11.04	-5.15618181818182
			11.04	-5.16872727272727
			11.0525454545455	-5.18127272727273
			11.0525454545455	-5.19381818181818
			11.0650909090909	-5.19381818181818
			11.0650909090909	-5.20636363636364
			11.0776363636364	-5.21890909090909
			11.0901818181818	-5.23145454545455
			11.1027272727273	-5.244
			11.1027272727273	-5.25654545454545
			11.1152727272727	-5.26909090909091
			11.1278181818182	-5.28163636363636
			11.1403636363636	-5.29418181818182
			11.1529090909091	-5.30672727272727
			11.1654545454545	-5.31927272727273
			11.178	-5.31927272727273
			11.1905454545455	-5.31927272727273
			11.2030909090909	-5.31927272727273
			11.2156363636364	-5.31927272727273
			11.2281818181818	-5.31927272727273
			11.2407272727273	-5.31927272727273
			11.2532727272727	-5.31927272727273
			11.2658181818182	-5.31927272727273
			11.2783636363636	-5.31927272727273
			11.2909090909091	-5.33181818181818
			11.3034545454545	-5.33181818181818
			11.316	-5.33181818181818
			11.3285454545455	-5.33181818181818
			11.3410909090909	-5.33181818181818
			11.3410909090909	-5.34436363636364
			11.3536363636364	-5.34436363636364
			11.3661818181818	-5.34436363636364
			11.3787272727273	-5.35690909090909
			11.3912727272727	-5.35690909090909
			11.4038181818182	-5.36945454545455
			11.4163636363636	-5.36945454545455
			11.4289090909091	-5.36945454545455
			11.4414545454545	-5.382
			11.454	-5.39454545454545
			11.4665454545455	-5.40709090909091
			11.4790909090909	-5.40709090909091
			11.4916363636364	-5.41963636363636
			11.5041818181818	-5.41963636363636
			11.5167272727273	-5.43218181818182
			11.5292727272727	-5.44472727272727
			11.5418181818182	-5.44472727272727
			11.5418181818182	-5.45727272727273
			11.5543636363636	-5.46981818181818
			11.5669090909091	-5.48236363636364
			11.5794545454545	-5.48236363636364
			11.592	-5.49490909090909
			11.6045454545455	-5.50745454545455
			11.6045454545455	-5.52
			11.6170909090909	-5.53254545454545
			11.6296363636364	-5.54509090909091
			11.6421818181818	-5.55763636363636
			11.6547272727273	-5.57018181818182
			11.6547272727273	-5.58272727272727
			11.6672727272727	-5.59527272727273
			11.6798181818182	-5.60781818181818
			11.6923636363636	-5.62036363636364
		</suture>
		<anterior type=matrix rownames=FALSE colnames=FALSE nrow=505 ncol=2 as.numeric=TRUE >
			8.90727272727273	-0.715090909090909
			8.91981818181818	-0.715090909090909
			8.93236363636364	-0.715090909090909
			8.94490909090909	-0.702545454545455
			8.95745454545455	-0.702545454545455
			8.97	-0.702545454545455
			8.98254545454545	-0.702545454545455
			8.99509090909091	-0.702545454545455
			9.00763636363636	-0.702545454545455
			9.02018181818182	-0.702545454545455
			9.03272727272727	-0.702545454545455
			9.04527272727273	-0.69
			9.05781818181818	-0.69
			9.07036363636364	-0.69
			9.08290909090909	-0.69
			9.09545454545455	-0.69
			9.108	-0.69
			9.12054545454545	-0.69
			9.13309090909091	-0.69
			9.14563636363636	-0.69
			9.15818181818182	-0.69
			9.17072727272727	-0.69
			9.18327272727273	-0.69
			9.19581818181818	-0.69
			9.20836363636364	-0.69
			9.22090909090909	-0.69
			9.23345454545455	-0.69
			9.246	-0.69
			9.25854545454546	-0.69
			9.27109090909091	-0.69
			9.28363636363636	-0.69
			9.29618181818182	-0.702545454545455
			9.30872727272727	-0.702545454545455
			9.32127272727273	-0.702545454545455
			9.33381818181818	-0.702545454545455
			9.34636363636364	-0.702545454545455
			9.35890909090909	-0.702545454545455
			9.37145454545455	-0.702545454545455
			9.384	-0.702545454545455
			9.39654545454546	-0.702545454545455
			9.40909090909091	-0.715090909090909
			9.42163636363636	-0.715090909090909
			9.43418181818182	-0.715090909090909
			9.44672727272727	-0.715090909090909
			9.45927272727273	-0.715090909090909
			9.47181818181818	-0.727636363636364
			9.48436363636364	-0.727636363636364
			9.49690909090909	-0.727636363636364
			9.50945454545455	-0.727636363636364
			9.522	-0.727636363636364
			9.53454545454546	-0.740181818181818
			9.54709090909091	-0.740181818181818
			9.55963636363636	-0.740181818181818
			9.57218181818182	-0.740181818181818
			9.58472727272727	-0.752727272727273
			9.59727272727273	-0.752727272727273
			9.60981818181818	-0.752727272727273
			9.62236363636364	-0.765272727272727
			9.63490909090909	-0.765272727272727
			9.64745454545455	-0.765272727272727
			9.66	-0.765272727272727
			9.67254545454546	-0.777818181818182
			9.68509090909091	-0.777818181818182
			9.69763636363636	-0.777818181818182
			9.71018181818182	-0.790363636363636
			9.72272727272727	-0.790363636363636
			9.73527272727273	-0.802909090909091
			9.74781818181818	-0.802909090909091
			9.76036363636364	-0.802909090909091
			9.77290909090909	-0.815454545454545
			9.78545454545455	-0.815454545454545
			9.798	-0.815454545454545
			9.81054545454545	-0.828
			9.82309090909091	-0.828
			9.83563636363636	-0.840545454545455
			9.84818181818182	-0.840545454545455
			9.86072727272727	-0.853090909090909
			9.87327272727273	-0.853090909090909
			9.88581818181818	-0.865636363636364
			9.89836363636364	-0.865636363636364
			9.91090909090909	-0.865636363636364
			9.92345454545455	-0.878181818181818
			9.936	-0.878181818181818
			9.94854545454545	-0.890727272727273
			9.96109090909091	-0.890727272727273
			9.97363636363636	-0.903272727272727
			9.98618181818182	-0.915818181818182
			9.99872727272727	-0.915818181818182
			10.0112727272727	-0.928363636363636
			10.0238181818182	-0.928363636363636
			10.0363636363636	-0.940909090909091
			10.0489090909091	-0.940909090909091
			10.0614545454545	-0.953454545454545
			10.074	-0.953454545454545
			10.0865454545455	-0.966
			10.0990909090909	-0.978545454545454
			10.1116363636364	-0.978545454545454
			10.1241818181818	-0.991090909090909
			10.1367272727273	-0.991090909090909
			10.1492727272727	-1.00363636363636
			10.1618181818182	-1.01618181818182
			10.1743636363636	-1.01618181818182
			10.1869090909091	-1.02872727272727
			10.1994545454545	-1.04127272727273
			10.212	-1.04127272727273
			10.2245454545455	-1.05381818181818
			10.2370909090909	-1.06636363636364
			10.2496363636364	-1.06636363636364
			10.2621818181818	-1.07890909090909
			10.2747272727273	-1.07890909090909
			10.2872727272727	-1.09145454545455
			10.2998181818182	-1.104
			10.3123636363636	-1.11654545454545
			10.3249090909091	-1.11654545454545
			10.3374545454545	-1.12909090909091
			10.35	-1.14163636363636
			10.3625454545455	-1.14163636363636
			10.3750909090909	-1.15418181818182
			10.3876363636364	-1.16672727272727
			10.4001818181818	-1.16672727272727
			10.4127272727273	-1.17927272727273
			10.4252727272727	-1.19181818181818
			10.4378181818182	-1.19181818181818
			10.4503636363636	-1.20436363636364
			10.4503636363636	-1.21690909090909
			10.4629090909091	-1.22945454545455
			10.4754545454545	-1.22945454545455
			10.488	-1.242
			10.5005454545455	-1.25454545454545
			10.5130909090909	-1.25454545454545
			10.5256363636364	-1.26709090909091
			10.5381818181818	-1.27963636363636
			10.5507272727273	-1.29218181818182
			10.5632727272727	-1.29218181818182
			10.5758181818182	-1.30472727272727
			10.5883636363636	-1.31727272727273
			10.5883636363636	-1.32981818181818
			10.6009090909091	-1.34236363636364
			10.6134545454545	-1.34236363636364
			10.626	-1.35490909090909
			10.6385454545455	-1.36745454545455
			10.6510909090909	-1.38
			10.6636363636364	-1.39254545454545
			10.6761818181818	-1.39254545454545
			10.6887272727273	-1.40509090909091
			10.7012727272727	-1.41763636363636
			10.7138181818182	-1.43018181818182
			10.7263636363636	-1.44272727272727
			10.7389090909091	-1.45527272727273
			10.7514545454545	-1.45527272727273
			10.764	-1.46781818181818
			10.764	-1.48036363636364
			10.7765454545455	-1.49290909090909
			10.7890909090909	-1.50545454545455
			10.8016363636364	-1.518
			10.8141818181818	-1.53054545454545
			10.8267272727273	-1.54309090909091
			10.8392727272727	-1.54309090909091
			10.8518181818182	-1.55563636363636
			10.8643636363636	-1.56818181818182
			10.8769090909091	-1.58072727272727
			10.8894545454545	-1.59327272727273
			10.902	-1.60581818181818
			10.9145454545455	-1.61836363636364
			10.9270909090909	-1.63090909090909
			10.9396363636364	-1.64345454545455
			10.9521818181818	-1.656
			10.9647272727273	-1.66854545454545
			10.9647272727273	-1.68109090909091
			10.9772727272727	-1.69363636363636
			10.9898181818182	-1.70618181818182
			11.0023636363636	-1.71872727272727
			11.0149090909091	-1.73127272727273
			11.0274545454545	-1.74381818181818
			11.04	-1.75636363636364
			11.0525454545455	-1.76890909090909
			11.0650909090909	-1.78145454545455
			11.0776363636364	-1.794
			11.0901818181818	-1.80654545454545
			11.1027272727273	-1.81909090909091
			11.1152727272727	-1.83163636363636
			11.1278181818182	-1.84418181818182
			11.1403636363636	-1.85672727272727
			11.1529090909091	-1.86927272727273
			11.1654545454545	-1.88181818181818
			11.178	-1.89436363636364
			11.1905454545455	-1.90690909090909
			11.2030909090909	-1.91945454545455
			11.2156363636364	-1.932
			11.2156363636364	-1.94454545454545
			11.2281818181818	-1.95709090909091
			11.2407272727273	-1.96963636363636
			11.2532727272727	-1.98218181818182
			11.2658181818182	-1.99472727272727
			11.2783636363636	-2.00727272727273
			11.2783636363636	-2.01981818181818
			11.2909090909091	-2.03236363636364
			11.3034545454545	-2.03236363636364
			11.3034545454545	-2.04490909090909
			11.316	-2.05745454545455
			11.3285454545455	-2.07
			11.3285454545455	-2.08254545454545
			11.3410909090909	-2.09509090909091
			11.3536363636364	-2.09509090909091
			11.3661818181818	-2.10763636363636
			11.3661818181818	-2.12018181818182
			11.3787272727273	-2.13272727272727
			11.3912727272727	-2.14527272727273
			11.3912727272727	-2.15781818181818
			11.4038181818182	-2.15781818181818
			11.4163636363636	-2.17036363636364
			11.4163636363636	-2.18290909090909
			11.4289090909091	-2.19545454545455
			11.4414545454545	-2.208
			11.454	-2.22054545454545
			11.454	-2.23309090909091
			11.4665454545455	-2.23309090909091
			11.4790909090909	-2.24563636363636
			11.4790909090909	-2.25818181818182
			11.4916363636364	-2.27072727272727
			11.5041818181818	-2.28327272727273
			11.5167272727273	-2.29581818181818
			11.5167272727273	-2.30836363636364
			11.5292727272727	-2.32090909090909
			11.5418181818182	-2.33345454545455
			11.5543636363636	-2.346
			11.5543636363636	-2.35854545454545
			11.5669090909091	-2.37109090909091
			11.5669090909091	-2.38363636363636
			11.5794545454545	-2.39618181818182
			11.592	-2.40872727272727
			11.592	-2.42127272727273
			11.6045454545455	-2.43381818181818
			11.6170909090909	-2.44636363636364
			11.6170909090909	-2.45890909090909
			11.6296363636364	-2.47145454545455
			11.6421818181818	-2.484
			11.6421818181818	-2.49654545454545
			11.6547272727273	-2.50909090909091
			11.6547272727273	-2.52163636363636
			11.6672727272727	-2.53418181818182
			11.6798181818182	-2.54672727272727
			11.6798181818182	-2.55927272727273
			11.6923636363636	-2.57181818181818
			11.7049090909091	-2.58436363636364
			11.7049090909091	-2.59690909090909
			11.7174545454545	-2.60945454545455
			11.7174545454545	-2.622
			11.7174545454545	-2.63454545454545
			11.73	-2.63454545454545
			11.73	-2.64709090909091
			11.7425454545455	-2.65963636363636
			11.7425454545455	-2.67218181818182
			11.7550909090909	-2.68472727272727
			11.7550909090909	-2.69727272727273
			11.7550909090909	-2.70981818181818
			11.7676363636364	-2.70981818181818
			11.7676363636364	-2.72236363636364
			11.7801818181818	-2.73490909090909
			11.7801818181818	-2.74745454545455
			11.7927272727273	-2.76
			11.7927272727273	-2.77254545454545
			11.8052727272727	-2.78509090909091
			11.8052727272727	-2.79763636363636
			11.8178181818182	-2.81018181818182
			11.8178181818182	-2.82272727272727
			11.8303636363636	-2.83527272727273
			11.8303636363636	-2.84781818181818
			11.8429090909091	-2.86036363636364
			11.8429090909091	-2.87290909090909
			11.8429090909091	-2.88545454545455
			11.8554545454545	-2.898
			11.8554545454545	-2.91054545454545
			11.868	-2.92309090909091
			11.868	-2.93563636363636
			11.8805454545455	-2.94818181818182
			11.8805454545455	-2.96072727272727
			11.8930909090909	-2.97327272727273
			11.8930909090909	-2.98581818181818
			11.8930909090909	-2.99836363636364
			11.9056363636364	-3.01090909090909
			11.9056363636364	-3.02345454545455
			11.9056363636364	-3.036
			11.9181818181818	-3.04854545454545
			11.9181818181818	-3.06109090909091
			11.9307272727273	-3.07363636363636
			11.9307272727273	-3.08618181818182
			11.9307272727273	-3.09872727272727
			11.9432727272727	-3.11127272727273
			11.9558181818182	-3.12381818181818
			11.9558181818182	-3.13636363636364
			11.9558181818182	-3.14890909090909
			11.9558181818182	-3.16145454545455
			11.9683636363636	-3.16145454545455
			11.9683636363636	-3.174
			11.9683636363636	-3.18654545454545
			11.9809090909091	-3.19909090909091
			11.9809090909091	-3.21163636363636
			11.9809090909091	-3.22418181818182
			11.9934545454545	-3.23672727272727
			11.9934545454545	-3.24927272727273
			12.006	-3.26181818181818
			12.006	-3.27436363636364
			12.006	-3.28690909090909
			12.0185454545455	-3.29945454545455
			12.0185454545455	-3.312
			12.0185454545455	-3.32454545454545
			12.0310909090909	-3.33709090909091
			12.0310909090909	-3.34963636363636
			12.0310909090909	-3.36218181818182
			12.0310909090909	-3.37472727272727
			12.0436363636364	-3.38727272727273
			12.0436363636364	-3.39981818181818
			12.0561818181818	-3.41236363636364
			12.0561818181818	-3.42490909090909
			12.0561818181818	-3.43745454545455
			12.0561818181818	-3.45
			12.0687272727273	-3.46254545454545
			12.0687272727273	-3.47509090909091
			12.0687272727273	-3.48763636363636
			12.0812727272727	-3.50018181818182
			12.0812727272727	-3.51272727272727
			12.0812727272727	-3.52527272727273
			12.0938181818182	-3.53781818181818
			12.0938181818182	-3.55036363636364
			12.0938181818182	-3.56290909090909
			12.0938181818182	-3.57545454545455
			12.1063636363636	-3.588
			12.1063636363636	-3.60054545454545
			12.1063636363636	-3.61309090909091
			12.1189090909091	-3.61309090909091
			12.1189090909091	-3.62563636363636
			12.1189090909091	-3.63818181818182
			12.1189090909091	-3.65072727272727
			12.1314545454545	-3.66327272727273
			12.1314545454545	-3.67581818181818
			12.1314545454545	-3.68836363636364
			12.1314545454545	-3.70090909090909
			12.144	-3.71345454545455
			12.144	-3.726
			12.144	-3.73854545454545
			12.1565454545455	-3.75109090909091
			12.1565454545455	-3.76363636363636
			12.1565454545455	-3.77618181818182
			12.1565454545455	-3.78872727272727
			12.1690909090909	-3.80127272727273
			12.1690909090909	-3.81381818181818
			12.1690909090909	-3.82636363636364
			12.1690909090909	-3.83890909090909
			12.1690909090909	-3.85145454545455
			12.1816363636364	-3.85145454545455
			12.1816363636364	-3.864
			12.1816363636364	-3.87654545454545
			12.1816363636364	-3.88909090909091
			12.1816363636364	-3.90163636363636
			12.1941818181818	-3.91418181818182
			12.1941818181818	-3.92672727272727
			12.1941818181818	-3.93927272727273
			12.1941818181818	-3.95181818181818
			12.2067272727273	-3.96436363636364
			12.2067272727273	-3.97690909090909
			12.2067272727273	-3.98945454545455
			12.2067272727273	-4.002
			12.2192727272727	-4.01454545454545
			12.2192727272727	-4.02709090909091
			12.2192727272727	-4.03963636363636
			12.2192727272727	-4.05218181818182
			12.2192727272727	-4.06472727272727
			12.2318181818182	-4.07727272727273
			12.2318181818182	-4.08981818181818
			12.2318181818182	-4.10236363636364
			12.2318181818182	-4.11490909090909
			12.2443636363636	-4.12745454545455
			12.2443636363636	-4.14
			12.2443636363636	-4.15254545454545
			12.2443636363636	-4.16509090909091
			12.2443636363636	-4.17763636363636
			12.2569090909091	-4.19018181818182
			12.2569090909091	-4.20272727272727
			12.2569090909091	-4.21527272727273
			12.2569090909091	-4.22781818181818
			12.2569090909091	-4.24036363636364
			12.2694545454545	-4.25290909090909
			12.2694545454545	-4.26545454545455
			12.2694545454545	-4.278
			12.2694545454545	-4.29054545454545
			12.2694545454545	-4.30309090909091
			12.282	-4.31563636363636
			12.282	-4.32818181818182
			12.282	-4.34072727272727
			12.282	-4.35327272727273
			12.282	-4.36581818181818
			12.2945454545455	-4.37836363636364
			12.2945454545455	-4.39090909090909
			12.2945454545455	-4.40345454545455
			12.2945454545455	-4.416
			12.2945454545455	-4.42854545454545
			12.2945454545455	-4.44109090909091
			12.3070909090909	-4.45363636363636
			12.3070909090909	-4.46618181818182
			12.3070909090909	-4.47872727272727
			12.3070909090909	-4.49127272727273
			12.3070909090909	-4.50381818181818
			12.3196363636364	-4.51636363636364
			12.3196363636364	-4.52890909090909
			12.3196363636364	-4.54145454545455
			12.3196363636364	-4.554
			12.3196363636364	-4.56654545454545
			12.3196363636364	-4.57909090909091
			12.3196363636364	-4.59163636363636
			12.3321818181818	-4.60418181818182
			12.3321818181818	-4.61672727272727
			12.3321818181818	-4.62927272727273
			12.3321818181818	-4.64181818181818
			12.3321818181818	-4.65436363636364
			12.3321818181818	-4.66690909090909
			12.3447272727273	-4.67945454545455
			12.3447272727273	-4.692
			12.3447272727273	-4.70454545454545
			12.3447272727273	-4.71709090909091
			12.3447272727273	-4.72963636363636
			12.3447272727273	-4.74218181818182
			12.3447272727273	-4.75472727272727
			12.3572727272727	-4.75472727272727
			12.3572727272727	-4.76727272727273
			12.3572727272727	-4.77981818181818
			12.3572727272727	-4.79236363636364
			12.3572727272727	-4.80490909090909
			12.3572727272727	-4.81745454545455
			12.3572727272727	-4.83
			12.3572727272727	-4.84254545454545
			12.3698181818182	-4.85509090909091
			12.3698181818182	-4.86763636363636
			12.3698181818182	-4.88018181818182
			12.3698181818182	-4.89272727272727
			12.3698181818182	-4.90527272727273
			12.3698181818182	-4.91781818181818
			12.3698181818182	-4.93036363636364
			12.3823636363636	-4.94290909090909
			12.3823636363636	-4.95545454545455
			12.3823636363636	-4.968
			12.3823636363636	-4.98054545454545
			12.3823636363636	-4.99309090909091
			12.3823636363636	-5.00563636363636
			12.3823636363636	-5.01818181818182
			12.3823636363636	-5.03072727272727
			12.3949090909091	-5.04327272727273
			12.3949090909091	-5.05581818181818
			12.3949090909091	-5.06836363636364
			12.3949090909091	-5.08090909090909
			12.3949090909091	-5.09345454545455
			12.3949090909091	-5.106
			12.3949090909091	-5.11854545454545
			12.3949090909091	-5.13109090909091
			12.4074545454545	-5.14363636363636
			12.4074545454545	-5.15618181818182
			12.4074545454545	-5.16872727272727
			12.4074545454545	-5.18127272727273
			12.4074545454545	-5.19381818181818
			12.4074545454545	-5.20636363636364
			12.4074545454545	-5.21890909090909
			12.4074545454545	-5.23145454545455
			12.4074545454545	-5.244
			12.42	-5.25654545454545
			12.42	-5.26909090909091
			12.42	-5.28163636363636
			12.42	-5.29418181818182
			12.42	-5.30672727272727
			12.42	-5.31927272727273
			12.42	-5.33181818181818
			12.42	-5.34436363636364
			12.42	-5.35690909090909
			12.42	-5.36945454545455
			12.4325454545455	-5.382
			12.4325454545455	-5.39454545454545
			12.4325454545455	-5.40709090909091
			12.4325454545455	-5.41963636363636
			12.4325454545455	-5.43218181818182
			12.4325454545455	-5.44472727272727
			12.4325454545455	-5.45727272727273
			12.4450909090909	-5.46981818181818
			12.4450909090909	-5.48236363636364
			12.4450909090909	-5.49490909090909
			12.4450909090909	-5.50745454545455
			12.4450909090909	-5.52
			12.4576363636364	-5.53254545454545
			12.4576363636364	-5.54509090909091
			12.4576363636364	-5.55763636363636
			12.4576363636364	-5.57018181818182
			12.4576363636364	-5.58272727272727
			12.4701818181818	-5.59527272727273
			12.4701818181818	-5.60781818181818
			12.4701818181818	-5.62036363636364
			12.4701818181818	-5.63290909090909
			12.4701818181818	-5.64545454545455
			12.4827272727273	-5.658
			12.4827272727273	-5.67054545454545
			12.4827272727273	-5.68309090909091
			12.4827272727273	-5.69563636363636
			12.4952727272727	-5.70818181818182
			12.4952727272727	-5.72072727272727
			12.4952727272727	-5.73327272727273
			12.4952727272727	-5.74581818181818
			12.5078181818182	-5.75836363636364
			12.5078181818182	-5.77090909090909
		</anterior>
		<posterior type=matrix rownames=FALSE colnames=FALSE nrow=295 ncol=2 as.numeric=TRUE >
			8.90727272727273	-6.18490909090909
			8.91981818181818	-6.18490909090909
			8.93236363636364	-6.18490909090909
			8.94490909090909	-6.18490909090909
			8.95745454545455	-6.19745454545455
			8.97	-6.19745454545455
			8.98254545454545	-6.19745454545455
			8.99509090909091	-6.19745454545455
			9.00763636363636	-6.19745454545455
			9.02018181818182	-6.19745454545455
			9.03272727272727	-6.19745454545455
			9.04527272727273	-6.18490909090909
			9.05781818181818	-6.18490909090909
			9.07036363636364	-6.18490909090909
			9.08290909090909	-6.18490909090909
			9.09545454545455	-6.18490909090909
			9.108	-6.18490909090909
			9.12054545454545	-6.18490909090909
			9.13309090909091	-6.17236363636364
			9.14563636363636	-6.17236363636364
			9.15818181818182	-6.17236363636364
			9.17072727272727	-6.17236363636364
			9.18327272727273	-6.17236363636364
			9.19581818181818	-6.17236363636364
			9.20836363636364	-6.15981818181818
			9.22090909090909	-6.15981818181818
			9.23345454545455	-6.15981818181818
			9.246	-6.15981818181818
			9.25854545454546	-6.15981818181818
			9.27109090909091	-6.14727272727273
			9.28363636363636	-6.14727272727273
			9.29618181818182	-6.14727272727273
			9.30872727272727	-6.14727272727273
			9.32127272727273	-6.13472727272727
			9.33381818181818	-6.13472727272727
			9.34636363636364	-6.13472727272727
			9.35890909090909	-6.13472727272727
			9.37145454545455	-6.12218181818182
			9.384	-6.12218181818182
			9.39654545454546	-6.12218181818182
			9.40909090909091	-6.12218181818182
			9.40909090909091	-6.10963636363636
			9.42163636363636	-6.10963636363636
			9.43418181818182	-6.10963636363636
			9.44672727272727	-6.10963636363636
			9.45927272727273	-6.09709090909091
			9.47181818181818	-6.09709090909091
			9.48436363636364	-6.09709090909091
			9.49690909090909	-6.08454545454545
			9.50945454545455	-6.08454545454545
			9.522	-6.08454545454545
			9.53454545454546	-6.08454545454545
			9.54709090909091	-6.072
			9.55963636363636	-6.072
			9.57218181818182	-6.072
			9.58472727272727	-6.05945454545455
			9.59727272727273	-6.05945454545455
			9.60981818181818	-6.05945454545455
			9.60981818181818	-6.04690909090909
			9.62236363636364	-6.04690909090909
			9.63490909090909	-6.04690909090909
			9.64745454545455	-6.03436363636364
			9.66	-6.03436363636364
			9.67254545454546	-6.03436363636364
			9.68509090909091	-6.02181818181818
			9.69763636363636	-6.02181818181818
			9.71018181818182	-6.02181818181818
			9.72272727272727	-6.00927272727273
			9.73527272727273	-6.00927272727273
			9.74781818181818	-6.00927272727273
			9.76036363636364	-6.00927272727273
			9.76036363636364	-5.99672727272727
			9.77290909090909	-5.99672727272727
			9.78545454545455	-5.99672727272727
			9.798	-5.99672727272727
			9.81054545454545	-5.98418181818182
			9.82309090909091	-5.98418181818182
			9.83563636363636	-5.97163636363636
			9.84818181818182	-5.97163636363636
			9.86072727272727	-5.97163636363636
			9.87327272727273	-5.95909090909091
			9.88581818181818	-5.95909090909091
			9.89836363636364	-5.95909090909091
			9.91090909090909	-5.94654545454545
			9.92345454545455	-5.94654545454545
			9.936	-5.934
			9.94854545454545	-5.934
			9.96109090909091	-5.934
			9.97363636363636	-5.92145454545455
			9.98618181818182	-5.92145454545455
			9.99872727272727	-5.92145454545455
			10.0112727272727	-5.90890909090909
			10.0238181818182	-5.90890909090909
			10.0363636363636	-5.89636363636364
			10.0489090909091	-5.89636363636364
			10.0614545454545	-5.89636363636364
			10.074	-5.88381818181818
			10.0865454545455	-5.88381818181818
			10.0990909090909	-5.87127272727273
			10.1116363636364	-5.87127272727273
			10.1241818181818	-5.87127272727273
			10.1367272727273	-5.85872727272727
			10.1492727272727	-5.85872727272727
			10.1618181818182	-5.84618181818182
			10.1743636363636	-5.84618181818182
			10.1869090909091	-5.84618181818182
			10.1994545454545	-5.84618181818182
			10.1994545454545	-5.83363636363636
			10.212	-5.83363636363636
			10.2245454545455	-5.83363636363636
			10.2370909090909	-5.82109090909091
			10.2496363636364	-5.82109090909091
			10.2621818181818	-5.80854545454545
			10.2747272727273	-5.80854545454545
			10.2872727272727	-5.80854545454545
			10.2998181818182	-5.80854545454545
			10.3123636363636	-5.82109090909091
			10.3249090909091	-5.82109090909091
			10.3374545454545	-5.82109090909091
			10.35	-5.82109090909091
			10.3625454545455	-5.82109090909091
			10.3750909090909	-5.82109090909091
			10.3876363636364	-5.83363636363636
			10.4001818181818	-5.83363636363636
			10.4127272727273	-5.83363636363636
			10.4252727272727	-5.83363636363636
			10.4378181818182	-5.83363636363636
			10.4503636363636	-5.83363636363636
			10.4629090909091	-5.83363636363636
			10.4754545454545	-5.83363636363636
			10.488	-5.83363636363636
			10.5005454545455	-5.84618181818182
			10.5130909090909	-5.84618181818182
			10.5256363636364	-5.84618181818182
			10.5381818181818	-5.84618181818182
			10.5507272727273	-5.84618181818182
			10.5632727272727	-5.84618181818182
			10.5758181818182	-5.84618181818182
			10.5883636363636	-5.84618181818182
			10.6009090909091	-5.84618181818182
			10.6134545454545	-5.84618181818182
			10.626	-5.84618181818182
			10.6385454545455	-5.84618181818182
			10.6510909090909	-5.84618181818182
			10.6636363636364	-5.84618181818182
			10.6761818181818	-5.84618181818182
			10.6887272727273	-5.84618181818182
			10.7012727272727	-5.84618181818182
			10.7138181818182	-5.84618181818182
			10.7263636363636	-5.84618181818182
			10.7389090909091	-5.84618181818182
			10.7514545454545	-5.84618181818182
			10.764	-5.84618181818182
			10.7765454545455	-5.84618181818182
			10.7890909090909	-5.84618181818182
			10.8016363636364	-5.84618181818182
			10.8141818181818	-5.84618181818182
			10.8267272727273	-5.84618181818182
			10.8392727272727	-5.83363636363636
			10.8518181818182	-5.83363636363636
			10.8643636363636	-5.83363636363636
			10.8769090909091	-5.83363636363636
			10.8894545454545	-5.83363636363636
			10.902	-5.83363636363636
			10.9145454545455	-5.83363636363636
			10.9270909090909	-5.83363636363636
			10.9396363636364	-5.83363636363636
			10.9521818181818	-5.83363636363636
			10.9647272727273	-5.83363636363636
			10.9772727272727	-5.83363636363636
			10.9898181818182	-5.82109090909091
			11.0023636363636	-5.82109090909091
			11.0149090909091	-5.82109090909091
			11.0274545454545	-5.82109090909091
			11.04	-5.82109090909091
			11.0525454545455	-5.82109090909091
			11.0650909090909	-5.82109090909091
			11.0776363636364	-5.82109090909091
			11.0901818181818	-5.82109090909091
			11.1027272727273	-5.80854545454545
			11.1152727272727	-5.80854545454545
			11.1278181818182	-5.80854545454545
			11.1403636363636	-5.80854545454545
			11.1529090909091	-5.80854545454545
			11.1654545454545	-5.80854545454545
			11.178	-5.80854545454545
			11.1905454545455	-5.796
			11.2030909090909	-5.796
			11.2156363636364	-5.796
			11.2281818181818	-5.796
			11.2407272727273	-5.796
			11.2532727272727	-5.796
			11.2658181818182	-5.78345454545455
			11.2783636363636	-5.78345454545455
			11.2909090909091	-5.78345454545455
			11.3034545454545	-5.78345454545455
			11.316	-5.78345454545455
			11.3285454545455	-5.78345454545455
			11.3410909090909	-5.77090909090909
			11.3536363636364	-5.77090909090909
			11.3661818181818	-5.77090909090909
			11.3787272727273	-5.77090909090909
			11.3912727272727	-5.77090909090909
			11.4038181818182	-5.75836363636364
			11.4163636363636	-5.75836363636364
			11.4289090909091	-5.75836363636364
			11.4414545454545	-5.75836363636364
			11.454	-5.75836363636364
			11.4665454545455	-5.75836363636364
			11.4790909090909	-5.74581818181818
			11.4916363636364	-5.74581818181818
			11.5041818181818	-5.74581818181818
			11.5167272727273	-5.74581818181818
			11.5292727272727	-5.73327272727273
			11.5418181818182	-5.73327272727273
			11.5543636363636	-5.73327272727273
			11.5669090909091	-5.73327272727273
			11.5794545454545	-5.73327272727273
			11.592	-5.72072727272727
			11.6045454545455	-5.72072727272727
			11.6170909090909	-5.72072727272727
			11.6296363636364	-5.72072727272727
			11.6421818181818	-5.70818181818182
			11.6547272727273	-5.70818181818182
			11.6672727272727	-5.70818181818182
			11.6798181818182	-5.70818181818182
			11.6923636363636	-5.70818181818182
			11.7049090909091	-5.69563636363636
			11.7174545454545	-5.69563636363636
			11.73	-5.69563636363636
			11.7425454545455	-5.69563636363636
			11.7550909090909	-5.68309090909091
			11.7676363636364	-5.68309090909091
			11.7801818181818	-5.68309090909091
			11.7927272727273	-5.68309090909091
			11.8052727272727	-5.67054545454545
			11.8178181818182	-5.67054545454545
			11.8303636363636	-5.67054545454545
			11.8429090909091	-5.67054545454545
			11.8554545454545	-5.658
			11.868	-5.658
			11.8805454545455	-5.658
			11.8930909090909	-5.658
			11.9056363636364	-5.64545454545455
			11.9181818181818	-5.64545454545455
			11.9307272727273	-5.64545454545455
			11.9432727272727	-5.64545454545455
			11.9558181818182	-5.63290909090909
			11.9683636363636	-5.63290909090909
			11.9809090909091	-5.63290909090909
			11.9934545454545	-5.62036363636364
			12.006	-5.62036363636364
			12.0185454545455	-5.62036363636364
			12.0310909090909	-5.60781818181818
			12.0436363636364	-5.60781818181818
			12.0561818181818	-5.60781818181818
			12.0687272727273	-5.59527272727273
			12.0812727272727	-5.59527272727273
			12.0938181818182	-5.59527272727273
			12.1063636363636	-5.59527272727273
			12.1189090909091	-5.59527272727273
			12.1314545454545	-5.59527272727273
			12.144	-5.58272727272727
			12.1565454545455	-5.58272727272727
			12.1690909090909	-5.58272727272727
			12.1816363636364	-5.58272727272727
			12.1941818181818	-5.58272727272727
			12.2067272727273	-5.58272727272727
			12.2192727272727	-5.58272727272727
			12.2318181818182	-5.59527272727273
			12.2443636363636	-5.59527272727273
			12.2569090909091	-5.59527272727273
			12.2694545454545	-5.59527272727273
			12.282	-5.60781818181818
			12.2945454545455	-5.60781818181818
			12.3070909090909	-5.60781818181818
			12.3196363636364	-5.60781818181818
			12.3321818181818	-5.62036363636364
			12.3447272727273	-5.62036363636364
			12.3572727272727	-5.63290909090909
			12.3698181818182	-5.63290909090909
			12.3698181818182	-5.64545454545455
			12.3823636363636	-5.64545454545455
			12.3949090909091	-5.658
			12.4074545454545	-5.67054545454545
			12.42	-5.67054545454545
			12.4325454545455	-5.68309090909091
			12.4325454545455	-5.69563636363636
			12.4450909090909	-5.69563636363636
			12.4576363636364	-5.70818181818182
			12.4701818181818	-5.72072727272727
			12.4701818181818	-5.73327272727273
			12.4827272727273	-5.74581818181818
			12.4952727272727	-5.75836363636364
			12.5078181818182	-5.77090909090909
		</posterior>
	</curves.scaled>
	<ruler.points type=matrix rownames=TRUE colnames=FALSE nrow=2 ncol=2 as.numeric=TRUE >
		Ruler point 1	436	571
		Ruler point 2	986	571
	</ruler.points>
</shapes>

