<shapes type=list>
	<scaling type=logical names=FALSE length=1 as.numeric=FALSE >NA</scaling>
	<landmarks.pixel type=matrix rownames=TRUE colnames=FALSE nrow=11 ncol=2 as.numeric=TRUE >
		LM1	178	17
		LM2	178	38
		LM3	178	230
		LM4	178	272
		LM5	238	170
		LM6	246	225
		LM7	231	253
		LM10	178	17
		LM11	341	261
		LM12	349	270
		LM15	377	245
	</landmarks.pixel>
	<curves.control type=list>
		<glabela type=matrix rownames=FALSE colnames=FALSE nrow=9 ncol=2 as.numeric=TRUE >
			178	38
			208	38
			225	73
			231	110
			234	148
			236	163
			240	189
			252	235
			231	253
		</glabela>
		<suture type=matrix rownames=FALSE colnames=FALSE nrow=13 ncol=2 as.numeric=TRUE >
			178	17
			212	10
			240	29
			238	52
			245	81
			254	119
			259	157
			271	189
			287	217
			296	235
			313	243
			338	254
			349	270
		</suture>
		<anterior type=matrix rownames=FALSE colnames=FALSE nrow=13 ncol=2 as.numeric=TRUE >
			178	17
			212	10
			256	36
			276	46
			293	65
			318	83
			332	107
			355	131
			367	171
			375	198
			379	228
			379	237
			377	245
		</anterior>
		<spine type=matrix rownames=FALSE colnames=FALSE nrow=11 ncol=2 as.numeric=TRUE >
			178	272
			198	278
			216	272
			245	272
			275	274
			308	278
			335	274
			349	271
			363	263
			377	257
			377	245
		</spine>
	</curves.control>
	<curves.pixel type=list>
		<glabela type=matrix rownames=FALSE colnames=FALSE nrow=238 ncol=2 as.numeric=TRUE >
			178	38
			179	38
			180	38
			181	38
			182	38
			183	38
			184	38
			185	38
			186	39
			187	39
			188	39
			189	39
			190	39
			190	40
			191	40
			192	40
			193	40
			194	41
			195	41
			196	42
			197	42
			198	43
			199	43
			200	44
			201	44
			202	45
			203	46
			204	46
			205	47
			206	48
			207	48
			208	49
			209	50
			210	51
			211	52
			211	53
			212	54
			213	55
			214	56
			215	57
			216	58
			216	59
			217	60
			218	61
			219	62
			220	63
			220	64
			221	65
			221	66
			222	67
			223	68
			223	69
			224	70
			224	71
			225	72
			225	73
			225	74
			225	75
			226	76
			226	77
			226	78
			226	79
			226	80
			226	81
			226	82
			227	83
			227	84
			227	85
			227	86
			227	87
			227	88
			227	89
			228	90
			228	91
			228	92
			228	93
			228	94
			228	95
			228	96
			229	97
			229	98
			229	99
			229	100
			229	101
			229	102
			229	103
			229	104
			230	105
			230	106
			230	107
			230	108
			230	109
			230	110
			230	111
			230	112
			231	113
			231	114
			231	115
			231	116
			231	117
			231	118
			231	119
			231	120
			231	121
			232	122
			232	123
			232	124
			232	125
			232	126
			232	127
			232	128
			232	129
			232	130
			232	131
			233	132
			233	133
			233	134
			233	135
			233	136
			233	137
			233	138
			233	139
			233	140
			233	141
			234	142
			234	143
			234	144
			234	145
			234	146
			234	147
			234	148
			234	149
			234	150
			234	151
			235	152
			235	153
			235	154
			235	155
			235	156
			235	157
			235	158
			235	159
			236	160
			236	161
			236	162
			236	163
			236	164
			236	165
			237	166
			237	167
			237	168
			237	169
			237	170
			237	171
			237	172
			238	173
			238	174
			238	175
			238	176
			238	177
			238	178
			239	179
			239	180
			239	181
			239	182
			239	183
			239	184
			239	185
			240	186
			240	187
			240	188
			240	189
			240	190
			240	191
			241	192
			241	193
			241	194
			241	195
			242	195
			242	196
			242	197
			242	198
			242	199
			242	200
			243	201
			243	202
			243	203
			243	204
			243	205
			243	206
			244	207
			244	208
			244	209
			244	210
			244	211
			244	212
			244	213
			244	214
			244	215
			244	216
			244	217
			244	218
			244	219
			244	220
			244	221
			244	222
			244	223
			244	224
			244	225
			244	226
			244	227
			244	228
			244	229
			243	230
			243	231
			243	232
			243	233
			242	234
			242	235
			242	236
			242	237
			241	238
			241	239
			240	240
			240	241
			240	242
			239	243
			239	244
			238	244
			238	245
			237	246
			237	247
			236	248
			235	249
			234	250
			233	251
			232	252
			231	253
		</glabela>
		<suture type=matrix rownames=FALSE colnames=FALSE nrow=330 ncol=2 as.numeric=TRUE >
			178	17
			179	17
			180	17
			181	16
			182	16
			183	16
			184	16
			185	16
			186	16
			187	16
			188	15
			189	15
			190	15
			191	15
			192	15
			193	15
			194	15
			195	15
			196	15
			197	15
			198	15
			199	15
			200	15
			201	15
			202	15
			203	15
			204	16
			205	16
			206	16
			207	16
			208	16
			209	16
			210	16
			211	17
			212	17
			213	17
			214	17
			215	18
			216	18
			217	18
			218	18
			219	19
			220	19
			221	19
			222	20
			223	20
			224	20
			225	21
			226	21
			227	22
			228	22
			229	23
			230	23
			231	24
			232	24
			233	25
			234	25
			235	26
			236	26
			237	27
			238	28
			239	28
			240	29
			240	30
			240	31
			240	32
			240	33
			240	34
			240	35
			240	36
			240	37
			240	38
			240	39
			240	40
			240	41
			240	42
			240	43
			240	44
			240	45
			240	46
			240	47
			240	48
			240	49
			240	50
			240	51
			240	52
			240	53
			240	54
			240	55
			241	56
			241	57
			241	58
			241	59
			241	60
			241	61
			241	62
			241	63
			242	64
			242	65
			242	66
			242	67
			242	68
			242	69
			243	70
			243	71
			243	72
			243	73
			243	74
			244	75
			244	76
			244	77
			244	78
			244	79
			245	80
			245	81
			245	82
			246	83
			246	84
			246	85
			246	86
			246	87
			247	88
			247	89
			247	90
			247	91
			248	92
			248	93
			248	94
			248	95
			248	96
			249	97
			249	98
			249	99
			249	100
			249	101
			250	102
			250	103
			250	104
			250	105
			250	106
			251	106
			251	107
			251	108
			251	109
			251	110
			252	111
			252	112
			252	113
			252	114
			252	115
			252	116
			253	117
			253	118
			253	119
			253	120
			253	121
			254	122
			254	123
			254	124
			254	125
			254	126
			254	127
			255	128
			255	129
			255	130
			255	131
			255	132
			255	133
			256	134
			256	135
			256	136
			256	137
			256	138
			256	139
			257	140
			257	141
			257	142
			257	143
			257	144
			257	145
			257	146
			258	147
			258	148
			258	149
			258	150
			258	151
			258	152
			258	153
			259	154
			259	155
			259	156
			259	157
			259	158
			260	158
			260	159
			260	160
			260	161
			261	162
			261	163
			262	164
			262	165
			263	166
			263	167
			263	168
			264	169
			264	170
			265	171
			265	172
			265	173
			266	174
			266	175
			267	176
			267	177
			267	178
			268	179
			268	180
			269	181
			269	182
			270	183
			270	184
			271	185
			271	186
			272	187
			272	188
			273	189
			273	190
			273	191
			274	192
			274	193
			275	193
			275	194
			275	195
			276	196
			276	197
			277	198
			277	199
			278	200
			278	201
			279	202
			279	203
			280	204
			280	205
			281	206
			281	207
			282	208
			282	209
			283	209
			283	210
			284	211
			284	212
			285	213
			285	214
			286	215
			286	216
			287	217
			288	218
			288	219
			289	220
			289	221
			290	222
			291	223
			291	224
			292	225
			292	226
			293	227
			294	228
			295	229
			296	230
			297	231
			298	232
			298	233
			299	233
			299	234
			300	234
			301	235
			301	236
			302	236
			303	237
			304	238
			305	239
			306	239
			307	240
			308	240
			309	241
			310	241
			311	242
			312	242
			313	243
			314	243
			315	244
			316	244
			317	245
			318	245
			319	246
			320	246
			321	247
			322	247
			323	248
			324	248
			325	249
			326	250
			327	250
			328	251
			329	252
			330	252
			331	253
			332	253
			333	254
			334	255
			335	255
			336	256
			336	257
			337	257
			338	258
			339	259
			340	259
			340	260
			341	261
			342	262
			343	262
			343	263
			344	264
			345	264
			345	265
			346	266
			346	267
			347	267
			348	268
			348	269
			349	270
		</suture>
		<anterior type=matrix rownames=FALSE colnames=FALSE nrow=314 ncol=2 as.numeric=TRUE >
			178	17
			179	17
			180	17
			181	16
			182	16
			183	16
			184	16
			185	16
			186	16
			187	16
			188	16
			189	16
			190	16
			191	16
			192	16
			193	16
			194	16
			195	16
			196	16
			197	16
			198	16
			199	16
			200	16
			201	16
			202	16
			203	16
			204	16
			205	16
			206	17
			207	17
			208	17
			209	17
			210	17
			211	18
			212	18
			213	18
			214	18
			215	18
			216	19
			217	19
			218	19
			219	20
			220	20
			221	20
			222	20
			223	21
			224	21
			225	21
			226	22
			227	22
			228	22
			229	23
			230	23
			231	23
			231	24
			232	24
			233	25
			234	25
			235	25
			236	26
			237	26
			238	27
			239	27
			240	28
			241	28
			242	28
			243	29
			244	29
			245	30
			246	30
			247	31
			248	31
			249	32
			250	33
			251	33
			252	34
			253	34
			254	35
			255	35
			256	36
			257	36
			258	37
			259	37
			260	38
			261	38
			261	39
			262	39
			263	40
			264	41
			265	41
			266	42
			267	42
			268	43
			269	43
			269	44
			270	45
			271	45
			272	46
			273	46
			274	47
			275	48
			276	49
			277	50
			278	51
			279	52
			280	52
			281	53
			282	54
			283	55
			284	56
			285	57
			286	58
			287	59
			288	60
			289	61
			290	62
			291	63
			292	64
			293	65
			294	66
			295	67
			296	67
			297	68
			298	68
			298	69
			299	70
			300	70
			301	71
			301	72
			302	72
			303	73
			304	73
			304	74
			305	75
			306	75
			307	76
			307	77
			308	77
			309	78
			309	79
			310	79
			311	80
			312	81
			313	82
			314	83
			315	84
			316	85
			317	86
			317	87
			318	88
			319	88
			320	89
			320	90
			321	91
			322	92
			322	93
			323	94
			324	95
			325	96
			326	97
			326	98
			327	99
			328	100
			329	101
			329	102
			330	103
			330	104
			331	105
			332	106
			332	107
			333	108
			334	109
			335	110
			336	111
			337	112
			338	113
			338	114
			339	115
			340	116
			341	117
			342	118
			342	119
			343	120
			343	121
			344	122
			345	122
			345	123
			346	124
			346	125
			347	126
			347	127
			348	128
			349	129
			350	130
			350	131
			351	132
			351	133
			352	134
			352	135
			353	136
			353	137
			354	137
			354	138
			354	139
			355	140
			355	141
			356	142
			356	143
			357	143
			357	144
			357	145
			358	146
			358	147
			359	148
			359	149
			359	150
			360	151
			360	152
			361	153
			361	154
			361	155
			362	155
			362	156
			362	157
			363	158
			363	159
			363	160
			364	161
			364	162
			365	163
			365	164
			365	165
			366	166
			366	167
			366	168
			366	169
			367	169
			367	170
			367	171
			367	172
			368	173
			368	174
			368	175
			369	176
			369	177
			369	178
			369	179
			370	180
			370	181
			370	182
			370	183
			371	184
			371	185
			371	186
			371	187
			372	188
			372	189
			372	190
			372	191
			373	192
			373	193
			373	194
			373	195
			374	196
			374	197
			374	198
			374	199
			374	200
			374	201
			375	201
			375	202
			375	203
			375	204
			375	205
			376	206
			376	207
			376	208
			376	209
			376	210
			376	211
			377	212
			377	213
			377	214
			377	215
			377	216
			377	217
			378	218
			378	219
			378	220
			378	221
			378	222
			378	223
			379	224
			379	225
			379	226
			379	227
			379	228
			379	229
			379	230
			379	231
			379	232
			379	233
			379	234
			379	235
			379	236
			378	237
			378	238
			378	239
			378	240
			378	241
			378	242
			377	243
			377	244
			377	245
		</anterior>
		<spine type=matrix rownames=FALSE colnames=FALSE nrow=212 ncol=2 as.numeric=TRUE >
			178	272
			179	272
			180	273
			181	273
			182	273
			183	273
			184	273
			185	274
			186	274
			187	274
			188	274
			189	274
			190	275
			191	275
			192	275
			193	275
			194	275
			195	275
			196	275
			197	275
			198	275
			199	275
			200	275
			201	275
			202	275
			203	275
			204	275
			205	275
			206	274
			207	274
			208	274
			209	274
			210	274
			211	274
			211	273
			212	273
			213	273
			214	273
			214	272
			215	272
			216	272
			217	272
			218	272
			219	272
			220	272
			221	272
			222	272
			223	272
			224	272
			225	272
			226	272
			227	272
			228	272
			229	272
			230	272
			231	272
			232	272
			233	272
			234	272
			235	272
			236	272
			237	272
			238	272
			239	272
			240	272
			241	272
			242	272
			243	272
			244	272
			245	272
			246	273
			247	273
			248	273
			249	273
			250	273
			251	273
			252	273
			253	273
			254	273
			255	273
			256	273
			257	273
			258	273
			259	273
			260	273
			261	273
			262	273
			263	273
			264	273
			265	273
			266	273
			267	274
			268	274
			269	274
			270	274
			271	274
			272	274
			273	274
			274	274
			275	274
			276	274
			277	274
			278	274
			279	274
			280	275
			281	275
			282	275
			283	275
			284	275
			285	275
			286	275
			287	275
			288	275
			289	275
			290	275
			291	276
			292	276
			293	276
			294	276
			295	276
			296	276
			297	276
			298	276
			299	276
			300	276
			301	276
			302	276
			303	276
			304	276
			305	276
			306	276
			307	276
			308	276
			309	276
			310	276
			311	276
			312	276
			313	276
			314	276
			315	276
			316	276
			317	276
			318	276
			319	276
			320	276
			321	275
			322	275
			323	275
			324	275
			325	275
			326	275
			327	275
			328	275
			329	275
			330	275
			331	275
			332	274
			333	274
			334	274
			335	274
			336	274
			337	274
			338	273
			339	273
			340	273
			341	273
			342	272
			343	272
			344	272
			345	271
			346	271
			347	271
			348	270
			349	270
			350	269
			351	269
			352	268
			353	268
			354	267
			355	267
			356	267
			357	266
			358	266
			358	265
			359	265
			360	265
			361	264
			362	264
			363	263
			364	263
			365	262
			366	262
			367	261
			368	261
			368	260
			369	260
			370	259
			371	259
			371	258
			372	257
			373	256
			374	255
			375	254
			375	253
			376	252
			376	251
			376	250
			377	249
			377	248
			377	247
			377	246
			377	245
		</spine>
	</curves.pixel>
</shapes>

