<shapes type=list>
	<scaling type=logical names=FALSE length=1 as.numeric=FALSE >NA</scaling>
	<landmarks.pixel type=matrix rownames=TRUE colnames=FALSE nrow=16 ncol=2 as.numeric=TRUE >
		LM1	568	62
		LM2	558	206
		LM3	558	672
		LM4	558	819
		LM5	745	631
		LM6	748	713
		LM7	753	805
		LM8	NaN	NaN
		LM9	NaN	NaN
		LM10	568	62
		LM11	826	723
		LM12	931	855
		LM13	568	62
		LM14	NaN	NaN
		LM15	1057	819
		LM16	1042	1012
	</landmarks.pixel>
	<curves.control type=list>
		<glabela type=matrix rownames=FALSE colnames=FALSE nrow=2 ncol=2 as.numeric=TRUE >
			558	206
			753	805
		</glabela>
		<suture type=matrix rownames=FALSE colnames=FALSE nrow=15 ncol=2 as.numeric=TRUE >
			568	62
			716	90
			820	181
			847	240
			835	282
			824	324
			779	415
			759	461
			784	535
			797	626
			787	681
			790	717
			862	738
			916	793
			931	855
		</suture>
		<anterior type=matrix rownames=FALSE colnames=FALSE nrow=9 ncol=2 as.numeric=TRUE >
			568	62
			716	89
			822	181
			925	287
			977	385
			1035	502
			1045	659
			1055	747
			1057	819
		</anterior>
		<spine type=matrix rownames=FALSE colnames=FALSE nrow=13 ncol=2 as.numeric=TRUE >
			558	819
			652	832
			752	806
			842	809
			892	844
			919	855
			972	894
			1018	927
			1025	975
			1044	1057
			1052	982
			1070	917
			1057	819
		</spine>
	</curves.control>
	<curves.pixel type=list>
		<suture type=matrix rownames=FALSE colnames=FALSE nrow=997 ncol=2 as.numeric=TRUE >
			568	62
			569	62
			570	62
			571	63
			572	63
			573	63
			574	63
			575	63
			576	64
			577	64
			578	64
			579	64
			580	64
			581	64
			581	65
			582	65
			583	65
			584	65
			585	65
			586	66
			587	66
			588	66
			589	66
			590	67
			591	67
			592	67
			593	67
			594	68
			595	68
			596	68
			597	68
			598	69
			599	69
			600	69
			601	69
			602	70
			603	70
			604	70
			605	70
			606	71
			607	71
			608	71
			609	71
			610	72
			611	72
			612	72
			613	72
			614	73
			615	73
			616	73
			617	73
			618	74
			619	74
			620	74
			621	75
			622	75
			623	75
			624	75
			625	76
			626	76
			627	76
			628	76
			629	77
			630	77
			631	77
			632	78
			633	78
			634	78
			635	79
			636	79
			637	79
			638	79
			639	80
			640	80
			641	80
			642	81
			643	81
			644	82
			645	82
			646	82
			647	82
			648	83
			649	83
			650	84
			651	84
			652	84
			653	85
			654	85
			655	85
			656	86
			657	86
			658	86
			659	87
			660	87
			661	87
			662	88
			663	88
			664	88
			665	89
			666	89
			667	90
			668	90
			669	90
			670	91
			671	91
			672	91
			673	92
			674	92
			675	93
			676	93
			677	94
			678	94
			679	94
			680	95
			681	95
			682	96
			683	96
			684	96
			685	97
			686	97
			687	98
			688	98
			689	99
			690	99
			691	99
			692	100
			693	100
			694	101
			695	101
			696	102
			697	102
			698	102
			699	103
			700	103
			701	104
			702	104
			702	105
			703	105
			704	105
			705	106
			706	106
			707	107
			708	107
			709	108
			710	108
			711	109
			712	109
			713	110
			714	110
			715	110
			716	111
			717	111
			718	112
			719	113
			720	113
			721	114
			722	114
			723	115
			724	115
			725	116
			726	116
			727	117
			728	117
			729	118
			730	118
			731	119
			732	119
			733	120
			734	121
			735	121
			736	122
			737	122
			738	123
			739	123
			739	124
			740	124
			741	125
			742	125
			743	126
			744	126
			745	127
			746	127
			747	128
			748	129
			749	129
			750	130
			751	130
			752	131
			753	132
			754	133
			755	133
			756	133
			756	134
			757	134
			758	135
			759	135
			760	136
			761	137
			762	137
			763	138
			764	139
			765	139
			766	140
			767	141
			768	141
			769	142
			770	142
			771	143
			772	144
			773	144
			773	145
			774	146
			775	146
			776	147
			777	147
			778	148
			779	149
			780	149
			781	150
			782	151
			783	151
			783	152
			784	153
			785	153
			786	154
			787	155
			788	155
			789	156
			790	157
			791	157
			792	158
			792	159
			793	159
			794	160
			795	161
			796	161
			797	162
			798	163
			799	163
			799	164
			800	165
			801	165
			802	166
			803	167
			804	167
			805	168
			806	169
			806	170
			807	170
			808	171
			809	172
			810	172
			811	173
			812	174
			813	175
			814	176
			815	177
			816	178
			817	179
			818	180
			819	180
			820	181
			820	182
			821	182
			821	183
			821	184
			822	185
			822	186
			823	187
			823	188
			823	189
			824	189
			824	190
			824	191
			825	191
			825	192
			825	193
			826	194
			826	195
			826	196
			827	197
			827	198
			827	199
			828	199
			828	200
			828	201
			828	202
			829	203
			829	204
			830	205
			830	206
			830	207
			831	208
			831	209
			831	210
			831	211
			832	211
			832	212
			832	213
			833	214
			833	215
			833	216
			833	217
			834	218
			834	219
			834	220
			834	221
			835	222
			835	223
			835	224
			835	225
			836	226
			836	227
			836	228
			836	229
			836	230
			837	231
			837	232
			837	233
			837	234
			837	235
			837	236
			837	237
			838	238
			838	239
			838	240
			838	241
			838	242
			838	243
			838	244
			838	245
			838	246
			838	247
			839	248
			839	249
			839	250
			839	251
			839	252
			839	253
			839	254
			839	255
			839	256
			839	257
			839	258
			839	259
			839	260
			838	261
			838	262
			838	263
			838	264
			838	265
			838	266
			838	267
			838	268
			838	269
			838	270
			837	271
			837	272
			837	273
			837	274
			837	275
			837	276
			836	277
			836	278
			836	279
			835	280
			835	281
			835	282
			835	283
			834	284
			834	285
			834	286
			834	287
			833	288
			833	289
			833	290
			833	291
			832	291
			832	292
			832	293
			831	294
			831	295
			831	296
			831	297
			830	298
			830	299
			830	300
			829	301
			829	302
			829	303
			828	304
			828	305
			828	306
			827	307
			827	308
			826	309
			826	310
			826	311
			825	312
			825	313
			824	314
			824	315
			824	316
			823	317
			823	318
			822	319
			822	320
			822	321
			822	322
			821	322
			821	323
			821	324
			820	324
			820	325
			820	326
			819	327
			819	328
			819	329
			818	330
			818	331
			817	332
			817	333
			816	334
			816	335
			816	336
			815	337
			815	338
			814	339
			814	340
			814	341
			813	342
			813	343
			812	344
			812	345
			811	346
			811	347
			810	348
			810	349
			810	350
			809	351
			809	352
			808	353
			808	354
			807	355
			807	356
			806	357
			806	358
			805	359
			805	360
			804	361
			804	362
			804	363
			803	364
			803	365
			802	366
			802	367
			801	368
			801	369
			801	370
			800	370
			800	371
			800	372
			799	373
			799	374
			798	375
			798	376
			797	377
			797	378
			796	379
			796	380
			795	381
			795	382
			794	383
			794	384
			794	385
			793	386
			793	387
			792	388
			792	389
			791	390
			791	391
			790	392
			790	393
			789	394
			789	395
			788	396
			788	397
			787	398
			787	399
			786	400
			786	401
			785	402
			785	403
			784	404
			784	405
			783	406
			783	407
			782	408
			782	409
			782	410
			781	410
			781	411
			781	412
			780	413
			780	414
			779	414
			779	415
			779	416
			778	417
			778	418
			777	419
			777	420
			777	421
			776	422
			776	423
			776	424
			775	425
			775	426
			775	427
			774	428
			774	429
			774	430
			774	431
			773	432
			773	433
			773	434
			773	435
			773	436
			772	437
			772	438
			772	439
			772	440
			772	441
			771	442
			771	443
			771	444
			771	445
			771	446
			771	447
			771	448
			771	449
			771	450
			770	451
			770	452
			770	453
			770	454
			770	455
			770	456
			770	457
			770	458
			770	459
			770	460
			770	461
			770	462
			770	463
			770	464
			770	465
			770	466
			770	467
			770	468
			770	469
			770	470
			770	471
			770	472
			771	473
			771	474
			771	475
			771	476
			771	477
			771	478
			771	479
			771	480
			771	481
			771	482
			772	483
			772	484
			772	485
			772	486
			772	487
			772	488
			772	489
			773	490
			773	491
			773	492
			773	493
			773	494
			773	495
			774	496
			774	497
			774	498
			774	499
			774	500
			775	501
			775	502
			775	503
			775	504
			775	505
			776	506
			776	507
			776	508
			776	509
			777	510
			777	511
			777	512
			777	513
			778	514
			778	515
			778	516
			778	517
			779	518
			779	519
			779	520
			780	521
			780	522
			780	523
			780	524
			781	525
			781	526
			781	527
			782	528
			782	529
			782	530
			783	531
			783	532
			783	533
			784	534
			784	535
			784	536
			784	537
			784	538
			785	539
			785	540
			785	541
			785	542
			785	543
			785	544
			785	545
			786	546
			786	547
			786	548
			786	549
			786	550
			786	551
			786	552
			786	553
			787	554
			787	555
			787	556
			787	557
			787	558
			787	559
			787	560
			787	561
			787	562
			788	563
			788	564
			788	565
			788	566
			788	567
			788	568
			788	569
			788	570
			788	571
			788	572
			789	573
			789	574
			789	575
			789	576
			789	577
			789	578
			789	579
			789	580
			789	581
			789	582
			789	583
			790	584
			790	585
			790	586
			790	587
			790	588
			790	589
			790	590
			790	591
			790	592
			790	593
			790	594
			790	595
			790	596
			790	597
			791	598
			791	599
			791	600
			791	601
			791	602
			791	603
			791	604
			791	605
			791	606
			791	607
			791	608
			791	609
			791	610
			791	611
			791	612
			791	613
			791	614
			791	615
			791	616
			791	617
			791	618
			791	619
			791	620
			791	621
			791	622
			791	623
			791	624
			791	625
			791	626
			791	627
			791	628
			791	629
			791	630
			791	631
			791	632
			791	633
			791	634
			791	635
			791	636
			791	637
			791	638
			791	639
			791	640
			791	641
			791	642
			791	643
			791	644
			791	645
			791	646
			791	647
			791	648
			791	649
			791	650
			791	651
			791	652
			790	653
			790	654
			790	655
			790	656
			790	657
			790	658
			790	659
			790	660
			790	661
			790	662
			790	663
			789	664
			789	665
			789	666
			789	667
			789	668
			789	669
			789	670
			789	671
			788	672
			788	673
			788	674
			788	675
			788	676
			788	677
			788	678
			787	679
			787	680
			787	681
			787	682
			787	683
			787	684
			788	685
			788	686
			788	687
			788	688
			789	689
			789	690
			789	691
			790	692
			790	693
			790	694
			791	695
			791	696
			792	697
			792	698
			793	698
			794	699
			794	700
			795	701
			796	702
			796	703
			797	704
			798	705
			799	706
			800	707
			801	708
			802	709
			803	710
			804	711
			805	711
			806	712
			806	713
			807	713
			808	714
			809	714
			809	715
			810	715
			811	716
			812	716
			813	717
			813	718
			814	718
			815	719
			816	719
			817	720
			818	720
			819	721
			820	721
			821	722
			822	722
			823	723
			824	723
			825	724
			826	724
			827	725
			828	725
			829	726
			830	726
			831	727
			832	727
			833	728
			834	728
			835	728
			835	729
			836	729
			837	729
			838	730
			839	730
			840	731
			841	731
			842	731
			843	732
			844	732
			845	732
			846	733
			847	733
			848	733
			849	734
			850	734
			851	735
			852	735
			853	735
			854	735
			854	736
			855	736
			856	736
			857	737
			858	737
			859	737
			860	737
			861	738
			862	738
			863	739
			864	740
			865	741
			866	742
			867	743
			867	744
			868	744
			869	745
			870	746
			871	747
			871	748
			872	749
			873	749
			874	750
			874	751
			875	752
			876	753
			876	754
			877	754
			878	755
			879	756
			879	757
			880	758
			881	759
			881	760
			882	760
			883	761
			883	762
			884	763
			885	764
			886	765
			887	766
			888	767
			888	768
			889	769
			890	770
			891	771
			891	772
			892	773
			893	774
			893	775
			894	776
			895	777
			896	778
			896	779
			897	780
			897	781
			898	782
			899	783
			900	784
			900	785
			901	786
			901	787
			902	788
			902	789
			903	789
			904	790
			904	791
			905	792
			905	793
			906	794
			906	795
			907	796
			907	797
			908	798
			909	799
			910	800
			910	801
			910	802
			911	802
			911	803
			911	804
			912	804
			912	805
			912	806
			913	806
			913	807
			913	808
			914	808
			914	809
			914	810
			915	810
			915	811
			915	812
			916	812
			916	813
			916	814
			917	814
			917	815
			917	816
			918	816
			918	817
			918	818
			919	819
			919	820
			920	821
			920	822
			920	823
			921	824
			921	825
			922	826
			922	827
			923	828
			923	829
			923	830
			924	831
			924	832
			924	833
			925	834
			925	835
			925	836
			926	837
			926	838
			926	839
			927	840
			927	841
			927	842
			928	843
			928	844
			928	845
			929	846
			929	847
			929	848
			929	849
			930	850
			930	851
			930	852
			930	853
			931	854
			931	855
		</suture>
		<anterior type=matrix rownames=FALSE colnames=FALSE nrow=933 ncol=2 as.numeric=TRUE >
			568	62
			569	62
			570	62
			571	63
			572	63
			573	63
			574	63
			575	63
			576	64
			577	64
			578	64
			579	64
			580	64
			581	64
			581	65
			582	65
			583	65
			584	65
			585	65
			586	65
			587	66
			588	66
			589	66
			590	66
			591	67
			592	67
			593	67
			594	67
			595	68
			596	68
			597	68
			598	68
			599	69
			600	69
			601	69
			602	69
			603	70
			604	70
			605	70
			606	70
			607	71
			608	71
			609	71
			610	71
			611	72
			612	72
			613	72
			614	72
			615	73
			616	73
			617	73
			618	73
			619	74
			620	74
			621	74
			622	74
			623	75
			624	75
			625	75
			626	76
			627	76
			628	76
			629	76
			630	77
			631	77
			632	77
			633	78
			634	78
			635	78
			636	78
			637	79
			638	79
			639	79
			640	80
			641	80
			642	80
			643	81
			644	81
			645	81
			646	82
			647	82
			648	82
			649	83
			650	83
			651	83
			652	84
			653	84
			654	84
			655	85
			656	85
			657	86
			658	86
			659	86
			660	87
			661	87
			662	87
			663	88
			664	88
			665	88
			666	89
			667	89
			668	89
			669	90
			670	90
			671	91
			672	91
			673	91
			674	92
			675	92
			676	92
			677	93
			678	93
			678	94
			679	94
			680	94
			681	95
			682	95
			683	95
			684	96
			685	96
			686	97
			687	97
			688	97
			689	98
			690	98
			691	99
			692	99
			693	99
			694	100
			695	100
			696	101
			697	102
			698	102
			699	102
			700	103
			701	103
			702	104
			703	104
			704	104
			705	105
			706	106
			707	106
			708	106
			709	107
			710	107
			711	108
			712	108
			713	109
			714	109
			715	110
			716	110
			717	111
			718	111
			719	112
			720	113
			721	113
			722	113
			722	114
			723	114
			724	114
			724	115
			725	115
			726	115
			726	116
			727	116
			728	116
			728	117
			729	117
			730	117
			730	118
			731	118
			732	119
			733	119
			734	120
			735	120
			736	121
			737	121
			738	122
			739	123
			740	123
			741	124
			742	124
			743	125
			744	125
			745	126
			746	126
			747	127
			748	127
			749	128
			750	129
			751	129
			751	130
			752	130
			753	131
			754	131
			755	132
			756	133
			757	133
			758	134
			759	134
			760	135
			761	135
			762	136
			763	137
			764	138
			765	138
			766	139
			767	139
			767	140
			768	140
			769	141
			770	141
			771	142
			772	143
			773	143
			774	144
			775	145
			776	146
			777	146
			778	147
			779	148
			780	148
			781	149
			782	149
			783	150
			784	151
			785	152
			786	153
			787	153
			788	154
			789	155
			790	156
			791	156
			792	157
			793	157
			794	158
			794	159
			795	159
			796	160
			797	160
			797	161
			798	162
			799	162
			800	163
			801	163
			801	164
			802	165
			803	165
			804	166
			805	167
			806	168
			807	168
			808	169
			809	170
			810	171
			811	171
			812	172
			812	173
			813	174
			814	174
			815	175
			816	176
			817	177
			818	177
			819	178
			820	179
			821	180
			821	181
			822	181
			823	182
			824	183
			825	184
			826	185
			827	186
			827	187
			828	188
			829	188
			830	189
			831	190
			832	191
			833	192
			833	193
			834	194
			835	195
			836	196
			837	196
			838	197
			838	198
			839	199
			840	200
			841	201
			842	202
			843	203
			844	204
			845	205
			846	206
			847	207
			847	208
			848	208
			848	209
			849	210
			850	210
			850	211
			851	212
			852	213
			853	214
			854	215
			855	216
			856	217
			856	218
			857	218
			858	219
			858	220
			859	221
			860	221
			860	222
			861	223
			862	224
			863	225
			864	226
			865	227
			865	228
			866	229
			867	230
			868	231
			869	232
			870	233
			871	234
			872	235
			872	236
			873	236
			873	237
			874	238
			875	238
			875	239
			876	240
			877	241
			878	242
			879	243
			879	244
			880	245
			881	245
			881	246
			882	247
			882	248
			883	249
			884	249
			884	250
			885	251
			886	252
			887	253
			888	254
			889	255
			889	256
			890	257
			891	258
			892	259
			892	260
			893	261
			894	262
			895	263
			896	264
			897	265
			898	266
			898	267
			899	267
			899	268
			900	269
			901	270
			902	271
			902	272
			903	273
			904	274
			904	275
			905	275
			906	276
			906	277
			907	278
			907	279
			908	279
			909	280
			909	281
			910	282
			910	283
			911	283
			912	284
			912	285
			913	286
			913	287
			914	287
			915	288
			915	289
			916	290
			916	291
			917	291
			918	292
			918	293
			919	294
			919	295
			920	295
			921	296
			921	297
			922	298
			922	299
			923	299
			923	300
			924	301
			925	302
			925	303
			926	303
			926	304
			927	305
			927	306
			928	306
			929	307
			929	308
			930	309
			930	310
			931	310
			931	311
			932	312
			933	313
			933	314
			934	314
			934	315
			935	316
			935	317
			936	317
			936	318
			937	319
			937	320
			938	321
			939	322
			940	323
			940	324
			941	325
			942	326
			942	327
			943	328
			943	329
			944	330
			945	331
			945	332
			946	333
			947	334
			948	335
			948	336
			949	337
			950	338
			950	339
			951	340
			951	341
			952	342
			953	343
			953	344
			954	345
			955	346
			955	347
			956	348
			956	349
			957	350
			958	351
			958	352
			959	353
			959	354
			960	355
			961	356
			961	357
			962	358
			962	359
			963	360
			963	361
			964	362
			964	363
			965	364
			966	364
			966	365
			967	366
			967	367
			968	368
			968	369
			969	370
			969	371
			970	372
			971	373
			971	374
			972	375
			972	376
			973	377
			973	378
			974	379
			974	380
			975	381
			975	382
			976	383
			976	384
			977	385
			977	386
			978	387
			978	388
			979	389
			980	390
			980	391
			981	392
			981	393
			981	394
			982	395
			982	396
			983	397
			983	398
			984	399
			984	400
			984	401
			985	401
			985	402
			986	403
			986	404
			986	405
			987	406
			987	407
			988	408
			988	409
			989	410
			989	411
			990	412
			990	413
			991	414
			991	415
			991	416
			992	417
			992	418
			993	419
			993	420
			993	421
			994	422
			994	423
			995	424
			995	425
			995	426
			996	427
			996	428
			997	429
			997	430
			997	431
			998	432
			998	433
			998	434
			999	435
			999	436
			1000	437
			1000	438
			1000	439
			1001	440
			1001	441
			1002	442
			1002	443
			1002	444
			1003	445
			1003	446
			1003	447
			1004	448
			1004	449
			1004	450
			1005	451
			1005	452
			1005	453
			1006	454
			1006	455
			1006	456
			1007	457
			1007	458
			1007	459
			1008	460
			1008	461
			1008	462
			1009	463
			1009	464
			1009	465
			1010	465
			1010	466
			1010	467
			1011	468
			1011	469
			1011	470
			1012	471
			1012	472
			1012	473
			1013	474
			1013	475
			1013	476
			1013	477
			1014	478
			1014	479
			1014	480
			1015	481
			1015	482
			1015	483
			1016	484
			1016	485
			1016	486
			1016	487
			1017	488
			1017	489
			1017	490
			1018	491
			1018	492
			1018	493
			1018	494
			1019	495
			1019	496
			1019	497
			1019	498
			1020	499
			1020	500
			1020	501
			1021	502
			1021	503
			1021	504
			1021	505
			1022	506
			1022	507
			1022	508
			1022	509
			1023	510
			1023	511
			1023	512
			1023	513
			1024	514
			1024	515
			1024	516
			1024	517
			1024	518
			1025	519
			1025	520
			1025	521
			1025	522
			1026	523
			1026	524
			1026	525
			1026	526
			1027	527
			1027	528
			1027	529
			1027	530
			1027	531
			1028	532
			1028	533
			1028	534
			1028	535
			1028	536
			1029	537
			1029	538
			1029	539
			1029	540
			1029	541
			1030	542
			1030	543
			1030	544
			1030	545
			1031	546
			1031	547
			1031	548
			1031	549
			1031	550
			1032	551
			1032	552
			1032	553
			1032	554
			1032	555
			1033	556
			1033	557
			1033	558
			1033	559
			1033	560
			1033	561
			1034	562
			1034	563
			1034	564
			1034	565
			1034	566
			1035	567
			1035	568
			1035	569
			1035	570
			1035	571
			1035	572
			1036	573
			1036	574
			1036	575
			1036	576
			1036	577
			1036	578
			1036	579
			1037	580
			1037	581
			1037	582
			1037	583
			1037	584
			1037	585
			1037	586
			1038	587
			1038	588
			1038	589
			1038	590
			1038	591
			1038	592
			1038	593
			1039	594
			1039	595
			1039	596
			1039	597
			1039	598
			1039	599
			1039	600
			1040	601
			1040	602
			1040	603
			1040	604
			1040	605
			1040	606
			1040	607
			1040	608
			1040	609
			1041	610
			1041	611
			1041	612
			1041	613
			1041	614
			1041	615
			1041	616
			1041	617
			1041	618
			1042	619
			1042	620
			1042	621
			1042	622
			1042	623
			1042	624
			1042	625
			1042	626
			1042	627
			1043	628
			1043	629
			1043	630
			1043	631
			1043	632
			1043	633
			1043	634
			1043	635
			1043	636
			1043	637
			1043	638
			1044	639
			1044	640
			1044	641
			1044	642
			1044	643
			1044	644
			1044	645
			1044	646
			1044	647
			1044	648
			1044	649
			1044	650
			1044	651
			1045	652
			1045	653
			1045	654
			1045	655
			1045	656
			1045	657
			1045	658
			1045	659
			1045	660
			1045	661
			1045	662
			1045	663
			1046	664
			1046	665
			1046	666
			1046	667
			1046	668
			1046	669
			1046	670
			1046	671
			1046	672
			1047	673
			1047	674
			1047	675
			1047	676
			1047	677
			1047	678
			1047	679
			1047	680
			1047	681
			1047	682
			1048	683
			1048	684
			1048	685
			1048	686
			1048	687
			1048	688
			1048	689
			1048	690
			1048	691
			1049	692
			1049	693
			1049	694
			1049	695
			1049	696
			1049	697
			1049	698
			1049	699
			1049	700
			1049	701
			1050	702
			1050	703
			1050	704
			1050	705
			1050	706
			1050	707
			1050	708
			1050	709
			1050	710
			1050	711
			1050	712
			1051	713
			1051	714
			1051	715
			1051	716
			1051	717
			1051	718
			1051	719
			1051	720
			1051	721
			1051	722
			1051	723
			1052	724
			1052	725
			1052	726
			1052	727
			1052	728
			1052	729
			1052	730
			1052	731
			1052	732
			1052	733
			1052	734
			1052	735
			1052	736
			1053	737
			1053	738
			1053	739
			1053	740
			1053	741
			1053	742
			1053	743
			1053	744
			1053	745
			1053	746
			1053	747
			1053	748
			1053	749
			1053	750
			1054	751
			1054	752
			1054	753
			1054	754
			1054	755
			1054	756
			1054	757
			1054	758
			1054	759
			1054	760
			1054	761
			1054	762
			1054	763
			1054	764
			1055	765
			1055	766
			1055	767
			1055	768
			1055	769
			1055	770
			1055	771
			1055	772
			1055	773
			1055	774
			1055	775
			1055	776
			1055	777
			1055	778
			1055	779
			1055	780
			1055	781
			1056	782
			1056	783
			1056	784
			1056	785
			1056	786
			1056	787
			1056	788
			1056	789
			1056	790
			1056	791
			1056	792
			1056	793
			1056	794
			1056	795
			1056	796
			1056	797
			1056	798
			1056	799
			1056	800
			1056	801
			1056	802
			1056	803
			1056	804
			1057	805
			1057	806
			1057	807
			1057	808
			1057	809
			1057	810
			1057	811
			1057	812
			1057	813
			1057	814
			1057	815
			1057	816
			1057	817
			1057	818
			1057	819
		</anterior>
		<spine type=matrix rownames=FALSE colnames=FALSE nrow=759 ncol=2 as.numeric=TRUE >
			558	819
			559	819
			560	819
			561	819
			562	820
			563	820
			564	820
			565	820
			566	820
			567	820
			568	820
			569	820
			570	821
			571	821
			572	821
			573	821
			574	821
			575	821
			576	821
			577	821
			578	821
			579	821
			580	822
			581	822
			582	822
			583	822
			584	822
			585	822
			586	822
			587	822
			588	822
			589	822
			590	822
			591	822
			592	822
			593	822
			594	823
			595	823
			596	823
			597	823
			598	823
			599	823
			600	823
			601	823
			602	823
			603	823
			604	823
			605	823
			606	823
			607	823
			608	823
			609	823
			610	823
			611	823
			612	823
			613	823
			614	823
			615	823
			616	823
			617	823
			618	823
			619	823
			620	823
			621	823
			622	823
			623	823
			624	823
			625	823
			626	823
			627	823
			628	823
			629	823
			630	823
			631	823
			632	823
			633	823
			634	823
			635	823
			636	823
			637	823
			638	823
			639	823
			640	823
			641	823
			642	823
			643	823
			644	823
			645	823
			646	823
			647	823
			648	823
			649	823
			650	822
			651	822
			652	822
			653	822
			654	822
			655	822
			656	822
			657	822
			658	822
			659	822
			660	822
			661	822
			662	822
			663	822
			664	821
			665	821
			666	821
			667	821
			668	821
			669	821
			670	821
			671	821
			672	821
			673	821
			674	820
			675	820
			676	820
			677	820
			678	820
			679	820
			680	820
			681	820
			682	819
			683	819
			684	819
			685	819
			686	819
			687	819
			688	819
			689	819
			690	818
			691	818
			692	818
			693	818
			694	818
			695	818
			696	818
			697	817
			698	817
			699	817
			700	817
			701	817
			702	817
			703	816
			704	816
			705	816
			706	816
			707	816
			708	816
			709	815
			710	815
			711	815
			712	815
			713	815
			714	814
			715	814
			716	814
			717	814
			718	814
			719	814
			720	813
			721	813
			722	813
			723	813
			724	813
			725	812
			726	812
			727	812
			728	812
			729	811
			730	811
			731	811
			732	811
			733	811
			734	810
			735	810
			736	810
			737	810
			738	809
			739	809
			740	809
			741	809
			742	808
			743	808
			744	808
			745	808
			746	808
			747	807
			748	807
			749	807
			750	807
			751	806
			752	806
			753	806
			754	806
			755	806
			756	806
			757	806
			758	806
			759	806
			760	806
			761	806
			762	806
			763	806
			763	807
			764	807
			765	807
			766	807
			767	807
			768	807
			769	807
			770	807
			771	807
			772	807
			773	807
			774	807
			775	807
			776	807
			777	807
			777	808
			778	808
			779	808
			780	808
			781	808
			782	808
			783	808
			784	808
			785	808
			786	808
			787	809
			788	809
			789	809
			790	809
			791	809
			792	809
			793	809
			794	809
			795	810
			796	810
			797	810
			798	810
			799	810
			800	810
			801	810
			802	811
			803	811
			804	811
			805	811
			806	811
			807	811
			808	812
			809	812
			810	812
			811	812
			812	812
			813	813
			814	813
			815	813
			816	813
			817	813
			818	814
			819	814
			820	814
			821	814
			822	814
			823	815
			824	815
			825	815
			826	815
			827	816
			828	816
			829	816
			830	816
			831	817
			832	817
			833	817
			834	818
			835	818
			836	818
			837	818
			838	819
			839	819
			840	819
			841	820
			842	820
			843	820
			844	821
			845	821
			846	821
			847	822
			848	822
			849	822
			850	823
			851	823
			852	823
			853	824
			854	824
			855	824
			856	825
			857	825
			858	826
			859	826
			860	827
			861	827
			862	827
			863	828
			864	828
			865	829
			866	829
			867	830
			868	830
			869	831
			870	831
			871	832
			872	832
			873	832
			874	833
			875	833
			876	834
			877	835
			878	836
			879	836
			880	836
			880	837
			881	837
			882	837
			882	838
			883	838
			884	839
			885	839
			886	840
			887	841
			888	841
			889	842
			890	843
			891	843
			892	844
			893	844
			894	845
			895	845
			896	846
			897	846
			898	847
			899	847
			900	847
			901	848
			902	849
			903	849
			904	850
			905	850
			906	851
			907	851
			908	852
			909	852
			910	853
			911	853
			911	854
			912	854
			913	854
			913	855
			914	855
			915	856
			916	856
			917	857
			918	857
			919	858
			920	859
			921	859
			922	860
			923	860
			924	861
			925	862
			926	862
			927	863
			928	863
			929	864
			930	865
			931	865
			932	866
			933	867
			934	867
			935	868
			936	869
			937	869
			938	870
			939	871
			940	871
			941	872
			942	873
			943	874
			944	874
			945	875
			946	876
			947	876
			948	877
			949	878
			950	878
			951	879
			952	879
			952	880
			953	881
			954	881
			955	882
			956	882
			957	883
			958	884
			959	885
			960	886
			961	886
			962	887
			963	888
			964	888
			965	889
			966	890
			967	890
			968	891
			969	892
			970	892
			970	893
			971	893
			972	894
			973	894
			973	895
			974	895
			975	896
			976	897
			977	898
			978	899
			979	899
			980	900
			981	901
			982	902
			983	903
			984	903
			985	904
			986	905
			986	906
			987	906
			988	907
			989	908
			990	909
			991	910
			992	911
			993	912
			994	913
			995	914
			996	915
			997	916
			998	917
			999	918
			999	919
			1000	920
			1001	921
			1002	922
			1003	923
			1004	924
			1004	925
			1005	926
			1006	927
			1007	928
			1007	929
			1008	930
			1009	931
			1009	932
			1010	933
			1010	934
			1011	934
			1011	935
			1011	936
			1012	936
			1012	937
			1012	938
			1013	938
			1013	939
			1014	940
			1014	941
			1015	942
			1015	943
			1016	944
			1016	945
			1016	946
			1017	946
			1017	947
			1018	948
			1018	949
			1018	950
			1019	951
			1019	952
			1020	953
			1020	954
			1020	955
			1021	956
			1021	957
			1021	958
			1022	959
			1022	960
			1022	961
			1022	962
			1023	963
			1023	964
			1023	965
			1023	966
			1024	967
			1024	968
			1024	969
			1024	970
			1024	971
			1025	972
			1025	973
			1025	974
			1025	975
			1025	976
			1026	977
			1026	978
			1026	979
			1026	980
			1026	981
			1027	982
			1027	983
			1027	984
			1027	985
			1028	986
			1028	987
			1028	988
			1029	989
			1029	990
			1029	991
			1029	992
			1030	993
			1030	994
			1030	995
			1031	996
			1031	997
			1031	998
			1031	999
			1032	1000
			1032	1001
			1032	1002
			1033	1003
			1033	1004
			1033	1005
			1034	1006
			1034	1007
			1034	1008
			1035	1008
			1035	1009
			1035	1010
			1036	1011
			1036	1012
			1037	1013
			1038	1014
			1038	1015
			1039	1016
			1039	1017
			1040	1017
			1041	1018
			1042	1018
			1043	1017
			1044	1017
			1045	1016
			1045	1015
			1046	1014
			1046	1013
			1047	1012
			1047	1011
			1047	1010
			1048	1009
			1048	1008
			1048	1007
			1048	1006
			1048	1005
			1049	1004
			1049	1003
			1049	1002
			1049	1001
			1050	1000
			1050	999
			1050	998
			1050	997
			1050	996
			1050	995
			1050	994
			1051	993
			1051	992
			1051	991
			1051	990
			1051	989
			1051	988
			1051	987
			1052	986
			1052	985
			1052	984
			1052	983
			1052	982
			1052	981
			1053	980
			1053	979
			1053	978
			1053	977
			1054	976
			1054	975
			1054	974
			1054	973
			1055	972
			1055	971
			1055	970
			1055	969
			1055	968
			1056	967
			1056	966
			1056	965
			1056	964
			1057	963
			1057	962
			1057	961
			1057	960
			1057	959
			1057	958
			1058	957
			1058	956
			1058	955
			1058	954
			1058	953
			1058	952
			1059	951
			1059	950
			1059	949
			1059	948
			1059	947
			1059	946
			1059	945
			1059	944
			1060	943
			1060	942
			1060	941
			1060	940
			1060	939
			1060	938
			1060	937
			1060	936
			1061	935
			1061	934
			1061	933
			1061	932
			1061	931
			1061	930
			1061	929
			1061	928
			1061	927
			1061	926
			1061	925
			1061	924
			1062	923
			1062	922
			1062	921
			1062	920
			1062	919
			1062	918
			1062	917
			1062	916
			1062	915
			1062	914
			1062	913
			1062	912
			1062	911
			1062	910
			1062	909
			1062	908
			1062	907
			1062	906
			1062	905
			1062	904
			1062	903
			1062	902
			1062	901
			1062	900
			1062	899
			1062	898
			1062	897
			1062	896
			1062	895
			1062	894
			1062	893
			1062	892
			1062	891
			1062	890
			1062	889
			1062	888
			1062	887
			1062	886
			1062	885
			1062	884
			1062	883
			1062	882
			1062	881
			1062	880
			1062	879
			1062	878
			1062	877
			1062	876
			1062	875
			1062	874
			1062	873
			1062	872
			1062	871
			1062	870
			1062	869
			1062	868
			1062	867
			1062	866
			1062	865
			1061	864
			1061	863
			1061	862
			1061	861
			1061	860
			1061	859
			1061	858
			1061	857
			1061	856
			1061	855
			1061	854
			1061	853
			1061	852
			1060	851
			1060	850
			1060	849
			1060	848
			1060	847
			1060	846
			1060	845
			1060	844
			1060	843
			1060	842
			1060	841
			1059	840
			1059	839
			1059	838
			1059	837
			1059	836
			1059	835
			1059	834
			1059	833
			1059	832
			1058	831
			1058	830
			1058	829
			1058	828
			1058	827
			1058	826
			1058	825
			1058	824
			1057	823
			1057	822
			1057	821
			1057	820
			1057	819
		</spine>
	</curves.pixel>
</shapes>

