<shapes type=list>
	<ruler.pixel type=vector names=FALSE length=1 as.numeric=TRUE >64.007812023221</ruler.pixel>
	<ruler.interval type=vector names=FALSE length=1 as.numeric=TRUE >1</ruler.interval>
	<scaling.units type=vector names=FALSE length=1 as.numeric=FALSE >mm</scaling.units>
	<scaling type=vector names=FALSE length=1 as.numeric=TRUE >0.0156230930005421</scaling>
	<landmarks.pixel type=matrix rownames=TRUE colnames=FALSE nrow=15 ncol=2 as.numeric=TRUE >
		LM1	255	16
		LM2	255	64
		LM3	255	231
		LM4	255	273
		LM5	316	202
		LM6	311	236
		LM7	320	252
		LM8	336	148
		LM9	343	195
		LM10	255	16
		LM11	384	239
		LM12	414	260
		LM13	255	16
		LM14	355	171
		LM15	439	261
	</landmarks.pixel>
	<landmarks.scaled type=matrix rownames=TRUE colnames=FALSE nrow=15 ncol=2 as.numeric=TRUE >
		LM1	3.98388871513824	-0.249969488008674
		LM2	3.98388871513824	-0.999877952034695
		LM3	3.98388871513824	-3.60893448312523
		LM4	3.98388871513824	-4.265104389148
		LM5	4.93689738817131	-3.15586478610951
		LM6	4.8587819231686	-3.68704994812794
		LM7	4.99938976017348	-3.93701943613661
		LM8	5.24935924818215	-2.31221776408023
		LM9	5.35872089918595	-3.04650313510571
		LM10	3.98388871513824	-0.249969488008674
		LM11	5.99926771220817	-3.73391922712957
		LM12	6.46796050222444	-4.06200418014095
		LM13	3.98388871513824	-0.249969488008674
		LM14	5.54619801519245	-2.6715489030927
		LM15	6.85853782723799	-4.07762727314149
	</landmarks.scaled>
	<curves.control type=list>
		<glabella type=matrix rownames=FALSE colnames=FALSE nrow=13 ncol=2 as.numeric=TRUE >
			255	64
			286	71
			295	97
			300	126
			303	150
			307	163
			310	178
			317	195
			316	215
			316	225
			323	237
			324	247
			320	252
		</glabella>
		<suture type=matrix rownames=FALSE colnames=FALSE nrow=17 ncol=2 as.numeric=TRUE >
			255	16
			284	19
			310	26
			340	44
			343	55
			343	72
			349	88
			359	102
			350	120
			338	132
			335	148
			338	159
			347	174
			341	188
			346	205
			356	231
			414	260
		</suture>
		<anterior type=matrix rownames=FALSE colnames=FALSE nrow=11 ncol=2 as.numeric=TRUE >
			255	16
			284	19
			310	26
			342	44
			365	62
			402	89
			421	137
			432	162
			438	199
			445	230
			439	261
		</anterior>
		<posterior type=matrix rownames=FALSE colnames=FALSE nrow=9 ncol=2 as.numeric=TRUE >
			255	273
			278	278
			295	277
			315	268
			320	252
			365	252
			394	258
			418	264
			439	261
		</posterior>
	</curves.control>
	<curves.pixel type=list>
		<glabella type=matrix rownames=FALSE colnames=FALSE nrow=209 ncol=2 as.numeric=TRUE >
			255	64
			256	64
			257	64
			258	65
			259	65
			260	65
			261	66
			262	66
			263	66
			264	67
			265	67
			266	67
			267	68
			268	68
			269	69
			270	69
			271	70
			272	70
			273	71
			274	71
			275	72
			276	72
			277	73
			278	74
			279	74
			279	75
			280	76
			281	76
			282	77
			283	78
			284	79
			285	80
			286	81
			287	82
			287	83
			288	84
			289	85
			290	86
			290	87
			291	88
			292	89
			292	90
			293	91
			293	92
			293	93
			294	94
			294	95
			295	96
			295	97
			295	98
			295	99
			296	100
			296	101
			296	102
			296	103
			296	104
			296	105
			297	106
			297	107
			297	108
			297	109
			297	110
			297	111
			298	112
			298	113
			298	114
			298	115
			298	116
			298	117
			298	118
			299	119
			299	120
			299	121
			299	122
			299	123
			299	124
			299	125
			300	125
			300	126
			300	127
			300	128
			300	129
			300	130
			300	131
			301	132
			301	133
			301	134
			301	135
			301	136
			301	137
			301	138
			302	139
			302	140
			302	141
			302	142
			302	143
			302	144
			302	145
			302	146
			303	147
			303	148
			303	149
			303	150
			303	151
			304	152
			304	153
			304	154
			304	155
			305	156
			305	157
			305	158
			305	159
			306	160
			306	161
			306	162
			307	163
			307	164
			307	165
			307	166
			308	167
			308	168
			308	169
			308	170
			308	171
			309	172
			309	173
			309	174
			309	175
			310	176
			310	177
			310	178
			310	179
			311	180
			311	181
			312	182
			312	183
			312	184
			312	185
			313	186
			313	187
			313	188
			314	189
			314	190
			314	191
			314	192
			314	193
			315	193
			315	194
			315	195
			315	196
			315	197
			315	198
			315	199
			316	200
			316	201
			316	202
			316	203
			316	204
			316	205
			316	206
			316	207
			316	208
			316	209
			316	210
			316	211
			316	212
			316	213
			316	214
			316	215
			316	216
			316	217
			316	218
			316	219
			316	220
			317	221
			317	222
			317	223
			317	224
			318	225
			318	226
			318	227
			319	228
			319	229
			320	230
			320	231
			321	232
			321	233
			321	234
			322	234
			322	235
			322	236
			323	236
			323	237
			323	238
			323	239
			323	240
			323	241
			323	242
			323	243
			323	244
			323	245
			323	246
			322	247
			322	248
			322	249
			321	250
			321	251
			320	251
			320	252
		</glabella>
		<suture type=matrix rownames=FALSE colnames=FALSE nrow=330 ncol=2 as.numeric=TRUE >
			255	16
			256	16
			257	16
			258	16
			259	16
			260	17
			261	17
			262	17
			263	17
			264	17
			265	17
			266	17
			267	17
			268	18
			269	18
			270	18
			271	18
			272	18
			273	18
			274	19
			275	19
			276	19
			277	19
			278	19
			279	19
			280	19
			281	20
			282	20
			283	20
			284	20
			285	20
			286	21
			287	21
			288	21
			289	21
			290	21
			291	21
			292	22
			293	22
			294	22
			295	22
			296	23
			297	23
			298	23
			299	23
			300	23
			301	24
			302	24
			303	24
			304	24
			305	25
			306	25
			307	25
			308	25
			309	26
			310	26
			311	26
			312	27
			313	28
			314	28
			315	29
			316	29
			317	30
			318	31
			319	32
			320	33
			321	33
			322	33
			322	34
			323	34
			324	35
			325	36
			326	36
			327	37
			328	38
			329	39
			330	39
			331	40
			332	41
			333	42
			334	43
			335	44
			336	45
			337	46
			338	46
			338	47
			339	48
			340	49
			340	50
			341	50
			341	51
			342	52
			342	53
			343	54
			343	55
			343	56
			343	57
			343	58
			343	59
			343	60
			343	61
			343	62
			343	63
			343	64
			344	65
			344	66
			344	67
			344	68
			344	69
			344	70
			344	71
			345	72
			345	73
			345	74
			345	75
			345	76
			346	77
			346	78
			346	79
			346	80
			347	81
			347	82
			347	83
			347	84
			348	84
			348	85
			348	86
			348	87
			349	87
			349	88
			349	89
			350	89
			350	90
			351	91
			351	92
			352	93
			352	94
			353	95
			353	96
			353	97
			354	98
			354	99
			354	100
			354	101
			354	102
			354	103
			354	104
			354	105
			354	106
			354	107
			354	108
			354	109
			354	110
			353	111
			353	112
			353	113
			352	114
			352	115
			352	116
			351	117
			351	118
			350	119
			350	120
			349	121
			349	122
			348	122
			347	123
			347	124
			346	124
			345	125
			345	126
			344	127
			343	128
			343	129
			342	130
			342	131
			341	132
			340	133
			340	134
			339	135
			339	136
			339	137
			338	138
			338	139
			337	140
			337	141
			337	142
			336	143
			336	144
			336	145
			335	146
			335	147
			335	148
			335	149
			335	150
			336	150
			336	151
			336	152
			336	153
			337	153
			337	154
			337	155
			338	156
			338	157
			338	158
			339	159
			340	160
			340	161
			341	162
			341	163
			341	164
			342	164
			342	165
			342	166
			343	166
			343	167
			343	168
			344	169
			345	170
			345	171
			346	172
			346	173
			347	174
			347	175
			346	176
			346	177
			345	178
			345	179
			345	180
			345	181
			345	182
			344	183
			344	184
			344	185
			344	186
			344	187
			344	188
			344	189
			344	190
			344	191
			344	192
			344	193
			344	194
			344	195
			344	196
			344	197
			344	198
			345	199
			345	200
			345	201
			345	202
			345	203
			346	204
			346	205
			346	206
			347	207
			347	208
			348	209
			348	210
			349	211
			349	212
			350	213
			351	214
			351	215
			352	216
			353	217
			354	218
			354	219
			355	220
			356	221
			357	222
			358	223
			359	224
			360	225
			361	226
			362	227
			363	228
			364	229
			365	230
			366	230
			367	231
			368	231
			368	232
			369	233
			370	233
			371	234
			372	235
			373	236
			374	236
			375	237
			376	238
			377	239
			378	239
			379	240
			380	241
			381	241
			382	242
			383	243
			384	243
			385	244
			386	244
			387	245
			388	246
			389	246
			390	247
			391	248
			392	248
			393	249
			394	249
			395	250
			396	251
			397	251
			398	252
			399	252
			400	252
			400	253
			401	253
			402	254
			403	254
			404	255
			405	255
			406	256
			407	256
			408	257
			409	258
			410	258
			411	259
			412	259
			413	260
			414	260
		</suture>
		<anterior type=matrix rownames=FALSE colnames=FALSE nrow=330 ncol=2 as.numeric=TRUE >
			255	16
			256	16
			257	16
			258	16
			259	16
			260	17
			261	17
			262	17
			263	17
			264	17
			265	17
			266	17
			267	17
			268	18
			269	18
			270	18
			271	18
			272	18
			273	18
			274	18
			275	19
			276	19
			277	19
			278	19
			279	19
			280	19
			281	20
			282	20
			283	20
			284	20
			285	20
			286	20
			287	21
			288	21
			289	21
			290	21
			291	22
			292	22
			293	22
			294	22
			295	22
			296	22
			296	23
			297	23
			298	23
			299	23
			300	23
			300	24
			301	24
			302	24
			303	24
			304	24
			304	25
			305	25
			306	25
			307	25
			308	25
			308	26
			309	26
			310	26
			311	27
			312	27
			313	28
			314	28
			315	29
			316	29
			317	30
			318	30
			318	31
			319	31
			320	32
			321	32
			322	33
			323	34
			324	34
			325	35
			326	35
			327	36
			328	36
			328	37
			329	37
			330	38
			331	38
			332	39
			333	40
			334	40
			335	41
			336	42
			337	42
			338	43
			339	44
			340	44
			341	45
			342	46
			343	46
			344	47
			345	48
			346	48
			347	49
			348	50
			349	50
			350	51
			351	51
			352	52
			353	53
			354	53
			354	54
			355	55
			356	55
			357	56
			358	57
			359	57
			360	58
			361	59
			362	59
			362	60
			363	61
			364	61
			365	62
			366	63
			367	64
			368	64
			369	65
			370	66
			371	66
			371	67
			372	68
			373	68
			374	69
			375	70
			376	71
			377	72
			378	73
			379	73
			380	74
			380	75
			381	76
			382	77
			383	77
			384	78
			385	79
			386	80
			386	81
			387	82
			388	83
			389	84
			390	84
			390	85
			391	86
			392	87
			393	88
			393	89
			394	90
			395	91
			396	92
			396	93
			397	94
			398	95
			399	96
			399	97
			400	98
			401	99
			401	100
			402	101
			403	102
			404	103
			404	104
			405	105
			406	106
			406	107
			407	108
			407	109
			408	110
			409	111
			409	112
			410	113
			410	114
			411	115
			411	116
			412	117
			412	118
			413	119
			413	120
			414	120
			414	121
			414	122
			415	123
			415	124
			416	125
			416	126
			417	127
			417	128
			418	129
			418	130
			419	131
			419	132
			419	133
			420	133
			420	134
			420	135
			421	136
			421	137
			421	138
			422	138
			422	139
			422	140
			423	141
			423	142
			424	143
			424	144
			424	145
			425	146
			425	147
			425	148
			426	149
			426	150
			427	151
			427	152
			427	153
			427	154
			428	154
			428	155
			428	156
			428	157
			429	158
			429	159
			429	160
			430	161
			430	162
			430	163
			430	164
			431	164
			431	165
			431	166
			431	167
			432	168
			432	169
			432	170
			432	171
			433	172
			433	173
			433	174
			433	175
			434	176
			434	177
			434	178
			434	179
			434	180
			435	181
			435	182
			435	183
			435	184
			436	185
			436	186
			436	187
			436	188
			436	189
			436	190
			437	191
			437	192
			437	193
			437	194
			437	195
			437	196
			438	196
			438	197
			438	198
			438	199
			438	200
			438	201
			439	202
			439	203
			439	204
			439	205
			439	206
			440	207
			440	208
			440	209
			440	210
			440	211
			440	212
			441	213
			441	214
			441	215
			441	216
			441	217
			441	218
			441	219
			441	220
			441	221
			441	222
			441	223
			442	224
			442	225
			442	226
			442	227
			442	228
			442	229
			442	230
			442	231
			442	232
			442	233
			442	234
			442	235
			442	236
			442	237
			442	238
			442	239
			442	240
			442	241
			441	242
			441	243
			441	244
			441	245
			441	246
			441	247
			441	248
			441	249
			441	250
			441	251
			441	252
			440	253
			440	254
			440	255
			440	256
			440	257
			439	258
			439	259
			439	260
			439	261
		</anterior>
		<posterior type=matrix rownames=FALSE colnames=FALSE nrow=194 ncol=2 as.numeric=TRUE >
			255	273
			256	273
			257	273
			258	274
			259	274
			260	274
			261	274
			262	274
			263	275
			264	275
			265	275
			266	275
			267	275
			268	275
			269	276
			270	276
			271	276
			272	276
			273	276
			274	276
			275	276
			276	276
			277	277
			278	277
			279	277
			280	277
			281	277
			282	277
			283	277
			284	277
			285	277
			286	277
			287	277
			288	277
			289	277
			290	277
			291	277
			292	277
			293	277
			294	277
			295	277
			296	277
			297	276
			298	276
			299	275
			300	274
			301	274
			302	274
			302	273
			303	273
			304	272
			305	272
			305	271
			306	271
			307	270
			308	269
			309	268
			310	267
			311	266
			312	265
			313	264
			314	263
			315	262
			316	261
			316	260
			317	259
			318	258
			318	257
			319	256
			319	255
			319	254
			320	253
			320	252
			321	252
			322	252
			323	252
			324	252
			325	252
			326	252
			327	252
			328	252
			329	252
			330	252
			331	252
			332	252
			333	252
			334	252
			335	252
			336	252
			337	252
			338	252
			339	252
			340	252
			341	252
			342	252
			343	252
			344	252
			345	253
			346	253
			347	253
			348	253
			349	253
			350	253
			351	253
			352	253
			353	253
			354	253
			355	253
			356	253
			357	253
			358	253
			359	253
			360	253
			361	254
			362	254
			363	254
			364	254
			365	254
			366	254
			367	254
			368	254
			369	254
			370	254
			371	255
			372	255
			373	255
			374	255
			375	255
			376	255
			377	255
			378	255
			379	255
			380	256
			381	256
			382	256
			383	256
			384	256
			385	256
			386	257
			387	257
			388	257
			389	257
			390	257
			391	257
			392	258
			393	258
			394	258
			395	258
			396	258
			397	259
			398	259
			399	259
			400	259
			401	260
			402	260
			403	260
			404	260
			405	260
			406	260
			407	261
			408	261
			409	261
			410	261
			411	261
			412	261
			413	261
			414	261
			414	262
			415	262
			416	262
			417	262
			418	262
			419	262
			420	262
			421	262
			422	262
			423	262
			424	262
			425	262
			426	262
			427	262
			428	262
			429	262
			430	262
			431	262
			432	262
			433	262
			434	262
			435	262
			435	261
			436	261
			437	261
			438	261
			439	261
		</posterior>
	</curves.pixel>
	<curves.scaled type=list>
		<glabella type=matrix rownames=FALSE colnames=FALSE nrow=209 ncol=2 as.numeric=TRUE >
			3.98388871513824	-0.999877952034695
			3.99951180813878	-0.999877952034695
			4.01513490113932	-0.999877952034695
			4.03075799413987	-1.01550104503524
			4.04638108714041	-1.01550104503524
			4.06200418014095	-1.01550104503524
			4.07762727314149	-1.03112413803578
			4.09325036614203	-1.03112413803578
			4.10887345914258	-1.03112413803578
			4.12449655214312	-1.04674723103632
			4.14011964514366	-1.04674723103632
			4.1557427381442	-1.04674723103632
			4.17136583114474	-1.06237032403686
			4.18698892414529	-1.06237032403686
			4.20261201714583	-1.07799341703741
			4.21823511014637	-1.07799341703741
			4.23385820314691	-1.09361651003795
			4.24948129614746	-1.09361651003795
			4.265104389148	-1.10923960303849
			4.28072748214854	-1.10923960303849
			4.29635057514908	-1.12486269603903
			4.31197366814962	-1.12486269603903
			4.32759676115017	-1.14048578903957
			4.34321985415071	-1.15610888204012
			4.35884294715125	-1.15610888204012
			4.35884294715125	-1.17173197504066
			4.37446604015179	-1.1873550680412
			4.39008913315233	-1.1873550680412
			4.40571222615288	-1.20297816104174
			4.42133531915342	-1.21860125404228
			4.43695841215396	-1.23422434704283
			4.4525815051545	-1.24984744004337
			4.46820459815504	-1.26547053304391
			4.48382769115559	-1.28109362604445
			4.48382769115559	-1.296716719045
			4.49945078415613	-1.31233981204554
			4.51507387715667	-1.32796290504608
			4.53069697015721	-1.34358599804662
			4.53069697015721	-1.35920909104716
			4.54632006315776	-1.37483218404771
			4.5619431561583	-1.39045527704825
			4.5619431561583	-1.40607837004879
			4.57756624915884	-1.42170146304933
			4.57756624915884	-1.43732455604987
			4.57756624915884	-1.45294764905042
			4.59318934215938	-1.46857074205096
			4.59318934215938	-1.4841938350515
			4.60881243515992	-1.49981692805204
			4.60881243515992	-1.51544002105259
			4.60881243515992	-1.53106311405313
			4.60881243515992	-1.54668620705367
			4.62443552816047	-1.56230930005421
			4.62443552816047	-1.57793239305475
			4.62443552816047	-1.5935554860553
			4.62443552816047	-1.60917857905584
			4.62443552816047	-1.62480167205638
			4.62443552816047	-1.64042476505692
			4.64005862116101	-1.65604785805746
			4.64005862116101	-1.67167095105801
			4.64005862116101	-1.68729404405855
			4.64005862116101	-1.70291713705909
			4.64005862116101	-1.71854023005963
			4.64005862116101	-1.73416332306017
			4.65568171416155	-1.74978641606072
			4.65568171416155	-1.76540950906126
			4.65568171416155	-1.7810326020618
			4.65568171416155	-1.79665569506234
			4.65568171416155	-1.81227878806289
			4.65568171416155	-1.82790188106343
			4.65568171416155	-1.84352497406397
			4.67130480716209	-1.85914806706451
			4.67130480716209	-1.87477116006505
			4.67130480716209	-1.8903942530656
			4.67130480716209	-1.90601734606614
			4.67130480716209	-1.92164043906668
			4.67130480716209	-1.93726353206722
			4.67130480716209	-1.95288662506776
			4.68692790016263	-1.95288662506776
			4.68692790016263	-1.96850971806831
			4.68692790016263	-1.98413281106885
			4.68692790016263	-1.99975590406939
			4.68692790016263	-2.01537899706993
			4.68692790016263	-2.03100209007048
			4.68692790016263	-2.04662518307102
			4.70255099316318	-2.06224827607156
			4.70255099316318	-2.0778713690721
			4.70255099316318	-2.09349446207264
			4.70255099316318	-2.10911755507319
			4.70255099316318	-2.12474064807373
			4.70255099316318	-2.14036374107427
			4.70255099316318	-2.15598683407481
			4.71817408616372	-2.17160992707535
			4.71817408616372	-2.1872330200759
			4.71817408616372	-2.20285611307644
			4.71817408616372	-2.21847920607698
			4.71817408616372	-2.23410229907752
			4.71817408616372	-2.24972539207806
			4.71817408616372	-2.26534848507861
			4.71817408616372	-2.28097157807915
			4.73379717916426	-2.29659467107969
			4.73379717916426	-2.31221776408023
			4.73379717916426	-2.32784085708077
			4.73379717916426	-2.34346395008132
			4.73379717916426	-2.35908704308186
			4.7494202721648	-2.3747101360824
			4.7494202721648	-2.39033322908294
			4.7494202721648	-2.40595632208349
			4.7494202721648	-2.42157941508403
			4.76504336516534	-2.43720250808457
			4.76504336516534	-2.45282560108511
			4.76504336516534	-2.46844869408565
			4.76504336516534	-2.4840717870862
			4.78066645816589	-2.49969488008674
			4.78066645816589	-2.51531797308728
			4.78066645816589	-2.53094106608782
			4.79628955116643	-2.54656415908836
			4.79628955116643	-2.56218725208891
			4.79628955116643	-2.57781034508945
			4.79628955116643	-2.59343343808999
			4.81191264416697	-2.60905653109053
			4.81191264416697	-2.62467962409108
			4.81191264416697	-2.64030271709162
			4.81191264416697	-2.65592581009216
			4.81191264416697	-2.6715489030927
			4.82753573716751	-2.68717199609324
			4.82753573716751	-2.70279508909379
			4.82753573716751	-2.71841818209433
			4.82753573716751	-2.73404127509487
			4.84315883016806	-2.74966436809541
			4.84315883016806	-2.76528746109595
			4.84315883016806	-2.7809105540965
			4.84315883016806	-2.79653364709704
			4.8587819231686	-2.81215674009758
			4.8587819231686	-2.82777983309812
			4.87440501616914	-2.84340292609866
			4.87440501616914	-2.85902601909921
			4.87440501616914	-2.87464911209975
			4.87440501616914	-2.89027220510029
			4.89002810916968	-2.90589529810083
			4.89002810916968	-2.92151839110138
			4.89002810916968	-2.93714148410192
			4.90565120217022	-2.95276457710246
			4.90565120217022	-2.968387670103
			4.90565120217022	-2.98401076310354
			4.90565120217022	-2.99963385610409
			4.90565120217022	-3.01525694910463
			4.92127429517077	-3.01525694910463
			4.92127429517077	-3.03088004210517
			4.92127429517077	-3.04650313510571
			4.92127429517077	-3.06212622810625
			4.92127429517077	-3.0777493211068
			4.92127429517077	-3.09337241410734
			4.92127429517077	-3.10899550710788
			4.93689738817131	-3.12461860010842
			4.93689738817131	-3.14024169310896
			4.93689738817131	-3.15586478610951
			4.93689738817131	-3.17148787911005
			4.93689738817131	-3.18711097211059
			4.93689738817131	-3.20273406511113
			4.93689738817131	-3.21835715811168
			4.93689738817131	-3.23398025111222
			4.93689738817131	-3.24960334411276
			4.93689738817131	-3.2652264371133
			4.93689738817131	-3.28084953011384
			4.93689738817131	-3.29647262311439
			4.93689738817131	-3.31209571611493
			4.93689738817131	-3.32771880911547
			4.93689738817131	-3.34334190211601
			4.93689738817131	-3.35896499511655
			4.93689738817131	-3.3745880881171
			4.93689738817131	-3.39021118111764
			4.93689738817131	-3.40583427411818
			4.93689738817131	-3.42145736711872
			4.93689738817131	-3.43708046011927
			4.95252048117185	-3.45270355311981
			4.95252048117185	-3.46832664612035
			4.95252048117185	-3.48394973912089
			4.95252048117185	-3.49957283212143
			4.96814357417239	-3.51519592512198
			4.96814357417239	-3.53081901812252
			4.96814357417239	-3.54644211112306
			4.98376666717293	-3.5620652041236
			4.98376666717293	-3.57768829712414
			4.99938976017348	-3.59331139012469
			4.99938976017348	-3.60893448312523
			5.01501285317402	-3.62455757612577
			5.01501285317402	-3.64018066912631
			5.01501285317402	-3.65580376212685
			5.03063594617456	-3.65580376212685
			5.03063594617456	-3.6714268551274
			5.03063594617456	-3.68704994812794
			5.0462590391751	-3.68704994812794
			5.0462590391751	-3.70267304112848
			5.0462590391751	-3.71829613412902
			5.0462590391751	-3.73391922712957
			5.0462590391751	-3.74954232013011
			5.0462590391751	-3.76516541313065
			5.0462590391751	-3.78078850613119
			5.0462590391751	-3.79641159913173
			5.0462590391751	-3.81203469213228
			5.0462590391751	-3.82765778513282
			5.0462590391751	-3.84328087813336
			5.03063594617456	-3.8589039711339
			5.03063594617456	-3.87452706413444
			5.03063594617456	-3.89015015713499
			5.01501285317402	-3.90577325013553
			5.01501285317402	-3.92139634313607
			4.99938976017348	-3.92139634313607
			4.99938976017348	-3.93701943613661
		</glabella>
		<suture type=matrix rownames=FALSE colnames=FALSE nrow=330 ncol=2 as.numeric=TRUE >
			3.98388871513824	-0.249969488008674
			3.99951180813878	-0.249969488008674
			4.01513490113932	-0.249969488008674
			4.03075799413987	-0.249969488008674
			4.04638108714041	-0.249969488008674
			4.06200418014095	-0.265592581009216
			4.07762727314149	-0.265592581009216
			4.09325036614203	-0.265592581009216
			4.10887345914258	-0.265592581009216
			4.12449655214312	-0.265592581009216
			4.14011964514366	-0.265592581009216
			4.1557427381442	-0.265592581009216
			4.17136583114474	-0.265592581009216
			4.18698892414529	-0.281215674009758
			4.20261201714583	-0.281215674009758
			4.21823511014637	-0.281215674009758
			4.23385820314691	-0.281215674009758
			4.24948129614746	-0.281215674009758
			4.265104389148	-0.281215674009758
			4.28072748214854	-0.2968387670103
			4.29635057514908	-0.2968387670103
			4.31197366814962	-0.2968387670103
			4.32759676115017	-0.2968387670103
			4.34321985415071	-0.2968387670103
			4.35884294715125	-0.2968387670103
			4.37446604015179	-0.2968387670103
			4.39008913315233	-0.312461860010842
			4.40571222615288	-0.312461860010842
			4.42133531915342	-0.312461860010842
			4.43695841215396	-0.312461860010842
			4.4525815051545	-0.312461860010842
			4.46820459815504	-0.328084953011384
			4.48382769115559	-0.328084953011384
			4.49945078415613	-0.328084953011384
			4.51507387715667	-0.328084953011384
			4.53069697015721	-0.328084953011384
			4.54632006315776	-0.328084953011384
			4.5619431561583	-0.343708046011927
			4.57756624915884	-0.343708046011927
			4.59318934215938	-0.343708046011927
			4.60881243515992	-0.343708046011927
			4.62443552816047	-0.359331139012469
			4.64005862116101	-0.359331139012469
			4.65568171416155	-0.359331139012469
			4.67130480716209	-0.359331139012469
			4.68692790016263	-0.359331139012469
			4.70255099316318	-0.374954232013011
			4.71817408616372	-0.374954232013011
			4.73379717916426	-0.374954232013011
			4.7494202721648	-0.374954232013011
			4.76504336516534	-0.390577325013553
			4.78066645816589	-0.390577325013553
			4.79628955116643	-0.390577325013553
			4.81191264416697	-0.390577325013553
			4.82753573716751	-0.406200418014095
			4.84315883016806	-0.406200418014095
			4.8587819231686	-0.406200418014095
			4.87440501616914	-0.421823511014637
			4.89002810916968	-0.437446604015179
			4.90565120217022	-0.437446604015179
			4.92127429517077	-0.453069697015721
			4.93689738817131	-0.453069697015721
			4.95252048117185	-0.468692790016263
			4.96814357417239	-0.484315883016806
			4.98376666717293	-0.499938976017348
			4.99938976017348	-0.51556206901789
			5.01501285317402	-0.51556206901789
			5.03063594617456	-0.51556206901789
			5.03063594617456	-0.531185162018432
			5.0462590391751	-0.531185162018432
			5.06188213217565	-0.546808255018974
			5.07750522517619	-0.562431348019516
			5.09312831817673	-0.562431348019516
			5.10875141117727	-0.578054441020058
			5.12437450417781	-0.5936775340206
			5.13999759717836	-0.609300627021142
			5.1556206901789	-0.609300627021142
			5.17124378317944	-0.624923720021685
			5.18686687617998	-0.640546813022227
			5.20248996918052	-0.656169906022769
			5.21811306218107	-0.671792999023311
			5.23373615518161	-0.687416092023853
			5.24935924818215	-0.703039185024395
			5.26498234118269	-0.718662278024937
			5.28060543418323	-0.718662278024937
			5.28060543418323	-0.734285371025479
			5.29622852718378	-0.749908464026022
			5.31185162018432	-0.765531557026564
			5.31185162018432	-0.781154650027106
			5.32747471318486	-0.781154650027106
			5.32747471318486	-0.796777743027648
			5.3430978061854	-0.81240083602819
			5.3430978061854	-0.828023929028732
			5.35872089918595	-0.843647022029274
			5.35872089918595	-0.859270115029816
			5.35872089918595	-0.874893208030358
			5.35872089918595	-0.890516301030901
			5.35872089918595	-0.906139394031443
			5.35872089918595	-0.921762487031985
			5.35872089918595	-0.937385580032527
			5.35872089918595	-0.953008673033069
			5.35872089918595	-0.968631766033611
			5.35872089918595	-0.984254859034153
			5.35872089918595	-0.999877952034695
			5.37434399218649	-1.01550104503524
			5.37434399218649	-1.03112413803578
			5.37434399218649	-1.04674723103632
			5.37434399218649	-1.06237032403686
			5.37434399218649	-1.07799341703741
			5.37434399218649	-1.09361651003795
			5.37434399218649	-1.10923960303849
			5.38996708518703	-1.12486269603903
			5.38996708518703	-1.14048578903957
			5.38996708518703	-1.15610888204012
			5.38996708518703	-1.17173197504066
			5.38996708518703	-1.1873550680412
			5.40559017818757	-1.20297816104174
			5.40559017818757	-1.21860125404228
			5.40559017818757	-1.23422434704283
			5.40559017818757	-1.24984744004337
			5.42121327118811	-1.26547053304391
			5.42121327118811	-1.28109362604445
			5.42121327118811	-1.296716719045
			5.42121327118811	-1.31233981204554
			5.43683636418866	-1.31233981204554
			5.43683636418866	-1.32796290504608
			5.43683636418866	-1.34358599804662
			5.43683636418866	-1.35920909104716
			5.4524594571892	-1.35920909104716
			5.4524594571892	-1.37483218404771
			5.4524594571892	-1.39045527704825
			5.46808255018974	-1.39045527704825
			5.46808255018974	-1.40607837004879
			5.48370564319028	-1.42170146304933
			5.48370564319028	-1.43732455604987
			5.49932873619082	-1.45294764905042
			5.49932873619082	-1.46857074205096
			5.51495182919137	-1.4841938350515
			5.51495182919137	-1.49981692805204
			5.51495182919137	-1.51544002105259
			5.53057492219191	-1.53106311405313
			5.53057492219191	-1.54668620705367
			5.53057492219191	-1.56230930005421
			5.53057492219191	-1.57793239305475
			5.53057492219191	-1.5935554860553
			5.53057492219191	-1.60917857905584
			5.53057492219191	-1.62480167205638
			5.53057492219191	-1.64042476505692
			5.53057492219191	-1.65604785805746
			5.53057492219191	-1.67167095105801
			5.53057492219191	-1.68729404405855
			5.53057492219191	-1.70291713705909
			5.53057492219191	-1.71854023005963
			5.51495182919137	-1.73416332306017
			5.51495182919137	-1.74978641606072
			5.51495182919137	-1.76540950906126
			5.49932873619082	-1.7810326020618
			5.49932873619082	-1.79665569506234
			5.49932873619082	-1.81227878806289
			5.48370564319028	-1.82790188106343
			5.48370564319028	-1.84352497406397
			5.46808255018974	-1.85914806706451
			5.46808255018974	-1.87477116006505
			5.4524594571892	-1.8903942530656
			5.4524594571892	-1.90601734606614
			5.43683636418866	-1.90601734606614
			5.42121327118811	-1.92164043906668
			5.42121327118811	-1.93726353206722
			5.40559017818757	-1.93726353206722
			5.38996708518703	-1.95288662506776
			5.38996708518703	-1.96850971806831
			5.37434399218649	-1.98413281106885
			5.35872089918595	-1.99975590406939
			5.35872089918595	-2.01537899706993
			5.3430978061854	-2.03100209007048
			5.3430978061854	-2.04662518307102
			5.32747471318486	-2.06224827607156
			5.31185162018432	-2.0778713690721
			5.31185162018432	-2.09349446207264
			5.29622852718378	-2.10911755507319
			5.29622852718378	-2.12474064807373
			5.29622852718378	-2.14036374107427
			5.28060543418323	-2.15598683407481
			5.28060543418323	-2.17160992707535
			5.26498234118269	-2.1872330200759
			5.26498234118269	-2.20285611307644
			5.26498234118269	-2.21847920607698
			5.24935924818215	-2.23410229907752
			5.24935924818215	-2.24972539207806
			5.24935924818215	-2.26534848507861
			5.23373615518161	-2.28097157807915
			5.23373615518161	-2.29659467107969
			5.23373615518161	-2.31221776408023
			5.23373615518161	-2.32784085708077
			5.23373615518161	-2.34346395008132
			5.24935924818215	-2.34346395008132
			5.24935924818215	-2.35908704308186
			5.24935924818215	-2.3747101360824
			5.24935924818215	-2.39033322908294
			5.26498234118269	-2.39033322908294
			5.26498234118269	-2.40595632208349
			5.26498234118269	-2.42157941508403
			5.28060543418323	-2.43720250808457
			5.28060543418323	-2.45282560108511
			5.28060543418323	-2.46844869408565
			5.29622852718378	-2.4840717870862
			5.31185162018432	-2.49969488008674
			5.31185162018432	-2.51531797308728
			5.32747471318486	-2.53094106608782
			5.32747471318486	-2.54656415908836
			5.32747471318486	-2.56218725208891
			5.3430978061854	-2.56218725208891
			5.3430978061854	-2.57781034508945
			5.3430978061854	-2.59343343808999
			5.35872089918595	-2.59343343808999
			5.35872089918595	-2.60905653109053
			5.35872089918595	-2.62467962409108
			5.37434399218649	-2.64030271709162
			5.38996708518703	-2.65592581009216
			5.38996708518703	-2.6715489030927
			5.40559017818757	-2.68717199609324
			5.40559017818757	-2.70279508909379
			5.42121327118811	-2.71841818209433
			5.42121327118811	-2.73404127509487
			5.40559017818757	-2.74966436809541
			5.40559017818757	-2.76528746109595
			5.38996708518703	-2.7809105540965
			5.38996708518703	-2.79653364709704
			5.38996708518703	-2.81215674009758
			5.38996708518703	-2.82777983309812
			5.38996708518703	-2.84340292609866
			5.37434399218649	-2.85902601909921
			5.37434399218649	-2.87464911209975
			5.37434399218649	-2.89027220510029
			5.37434399218649	-2.90589529810083
			5.37434399218649	-2.92151839110138
			5.37434399218649	-2.93714148410192
			5.37434399218649	-2.95276457710246
			5.37434399218649	-2.968387670103
			5.37434399218649	-2.98401076310354
			5.37434399218649	-2.99963385610409
			5.37434399218649	-3.01525694910463
			5.37434399218649	-3.03088004210517
			5.37434399218649	-3.04650313510571
			5.37434399218649	-3.06212622810625
			5.37434399218649	-3.0777493211068
			5.37434399218649	-3.09337241410734
			5.38996708518703	-3.10899550710788
			5.38996708518703	-3.12461860010842
			5.38996708518703	-3.14024169310896
			5.38996708518703	-3.15586478610951
			5.38996708518703	-3.17148787911005
			5.40559017818757	-3.18711097211059
			5.40559017818757	-3.20273406511113
			5.40559017818757	-3.21835715811168
			5.42121327118811	-3.23398025111222
			5.42121327118811	-3.24960334411276
			5.43683636418866	-3.2652264371133
			5.43683636418866	-3.28084953011384
			5.4524594571892	-3.29647262311439
			5.4524594571892	-3.31209571611493
			5.46808255018974	-3.32771880911547
			5.48370564319028	-3.34334190211601
			5.48370564319028	-3.35896499511655
			5.49932873619082	-3.3745880881171
			5.51495182919137	-3.39021118111764
			5.53057492219191	-3.40583427411818
			5.53057492219191	-3.42145736711872
			5.54619801519245	-3.43708046011927
			5.56182110819299	-3.45270355311981
			5.57744420119353	-3.46832664612035
			5.59306729419408	-3.48394973912089
			5.60869038719462	-3.49957283212143
			5.62431348019516	-3.51519592512198
			5.6399365731957	-3.53081901812252
			5.65555966619625	-3.54644211112306
			5.67118275919679	-3.5620652041236
			5.68680585219733	-3.57768829712414
			5.70242894519787	-3.59331139012469
			5.71805203819841	-3.59331139012469
			5.73367513119896	-3.60893448312523
			5.7492982241995	-3.60893448312523
			5.7492982241995	-3.62455757612577
			5.76492131720004	-3.64018066912631
			5.78054441020058	-3.64018066912631
			5.79616750320112	-3.65580376212685
			5.81179059620167	-3.6714268551274
			5.82741368920221	-3.68704994812794
			5.84303678220275	-3.68704994812794
			5.85865987520329	-3.70267304112848
			5.87428296820384	-3.71829613412902
			5.88990606120438	-3.73391922712957
			5.90552915420492	-3.73391922712957
			5.92115224720546	-3.74954232013011
			5.936775340206	-3.76516541313065
			5.95239843320655	-3.76516541313065
			5.96802152620709	-3.78078850613119
			5.98364461920763	-3.79641159913173
			5.99926771220817	-3.79641159913173
			6.01489080520871	-3.81203469213228
			6.03051389820926	-3.81203469213228
			6.0461369912098	-3.82765778513282
			6.06176008421034	-3.84328087813336
			6.07738317721088	-3.84328087813336
			6.09300627021142	-3.8589039711339
			6.10862936321197	-3.87452706413444
			6.12425245621251	-3.87452706413444
			6.13987554921305	-3.89015015713499
			6.15549864221359	-3.89015015713499
			6.17112173521414	-3.90577325013553
			6.18674482821468	-3.92139634313607
			6.20236792121522	-3.92139634313607
			6.21799101421576	-3.93701943613661
			6.2336141072163	-3.93701943613661
			6.24923720021685	-3.93701943613661
			6.24923720021685	-3.95264252913715
			6.26486029321739	-3.95264252913715
			6.28048338621793	-3.9682656221377
			6.29610647921847	-3.9682656221377
			6.31172957221901	-3.98388871513824
			6.32735266521956	-3.98388871513824
			6.3429757582201	-3.99951180813878
			6.35859885122064	-3.99951180813878
			6.37422194422118	-4.01513490113932
			6.38984503722172	-4.03075799413987
			6.40546813022227	-4.03075799413987
			6.42109122322281	-4.04638108714041
			6.43671431622335	-4.04638108714041
			6.45233740922389	-4.06200418014095
			6.46796050222444	-4.06200418014095
		</suture>
		<anterior type=matrix rownames=FALSE colnames=FALSE nrow=330 ncol=2 as.numeric=TRUE >
			3.98388871513824	-0.249969488008674
			3.99951180813878	-0.249969488008674
			4.01513490113932	-0.249969488008674
			4.03075799413987	-0.249969488008674
			4.04638108714041	-0.249969488008674
			4.06200418014095	-0.265592581009216
			4.07762727314149	-0.265592581009216
			4.09325036614203	-0.265592581009216
			4.10887345914258	-0.265592581009216
			4.12449655214312	-0.265592581009216
			4.14011964514366	-0.265592581009216
			4.1557427381442	-0.265592581009216
			4.17136583114474	-0.265592581009216
			4.18698892414529	-0.281215674009758
			4.20261201714583	-0.281215674009758
			4.21823511014637	-0.281215674009758
			4.23385820314691	-0.281215674009758
			4.24948129614746	-0.281215674009758
			4.265104389148	-0.281215674009758
			4.28072748214854	-0.281215674009758
			4.29635057514908	-0.2968387670103
			4.31197366814962	-0.2968387670103
			4.32759676115017	-0.2968387670103
			4.34321985415071	-0.2968387670103
			4.35884294715125	-0.2968387670103
			4.37446604015179	-0.2968387670103
			4.39008913315233	-0.312461860010842
			4.40571222615288	-0.312461860010842
			4.42133531915342	-0.312461860010842
			4.43695841215396	-0.312461860010842
			4.4525815051545	-0.312461860010842
			4.46820459815504	-0.312461860010842
			4.48382769115559	-0.328084953011384
			4.49945078415613	-0.328084953011384
			4.51507387715667	-0.328084953011384
			4.53069697015721	-0.328084953011384
			4.54632006315776	-0.343708046011927
			4.5619431561583	-0.343708046011927
			4.57756624915884	-0.343708046011927
			4.59318934215938	-0.343708046011927
			4.60881243515992	-0.343708046011927
			4.62443552816047	-0.343708046011927
			4.62443552816047	-0.359331139012469
			4.64005862116101	-0.359331139012469
			4.65568171416155	-0.359331139012469
			4.67130480716209	-0.359331139012469
			4.68692790016263	-0.359331139012469
			4.68692790016263	-0.374954232013011
			4.70255099316318	-0.374954232013011
			4.71817408616372	-0.374954232013011
			4.73379717916426	-0.374954232013011
			4.7494202721648	-0.374954232013011
			4.7494202721648	-0.390577325013553
			4.76504336516534	-0.390577325013553
			4.78066645816589	-0.390577325013553
			4.79628955116643	-0.390577325013553
			4.81191264416697	-0.390577325013553
			4.81191264416697	-0.406200418014095
			4.82753573716751	-0.406200418014095
			4.84315883016806	-0.406200418014095
			4.8587819231686	-0.421823511014637
			4.87440501616914	-0.421823511014637
			4.89002810916968	-0.437446604015179
			4.90565120217022	-0.437446604015179
			4.92127429517077	-0.453069697015721
			4.93689738817131	-0.453069697015721
			4.95252048117185	-0.468692790016263
			4.96814357417239	-0.468692790016263
			4.96814357417239	-0.484315883016806
			4.98376666717293	-0.484315883016806
			4.99938976017348	-0.499938976017348
			5.01501285317402	-0.499938976017348
			5.03063594617456	-0.51556206901789
			5.0462590391751	-0.531185162018432
			5.06188213217565	-0.531185162018432
			5.07750522517619	-0.546808255018974
			5.09312831817673	-0.546808255018974
			5.10875141117727	-0.562431348019516
			5.12437450417781	-0.562431348019516
			5.12437450417781	-0.578054441020058
			5.13999759717836	-0.578054441020058
			5.1556206901789	-0.5936775340206
			5.17124378317944	-0.5936775340206
			5.18686687617998	-0.609300627021142
			5.20248996918052	-0.624923720021685
			5.21811306218107	-0.624923720021685
			5.23373615518161	-0.640546813022227
			5.24935924818215	-0.656169906022769
			5.26498234118269	-0.656169906022769
			5.28060543418323	-0.671792999023311
			5.29622852718378	-0.687416092023853
			5.31185162018432	-0.687416092023853
			5.32747471318486	-0.703039185024395
			5.3430978061854	-0.718662278024937
			5.35872089918595	-0.718662278024937
			5.37434399218649	-0.734285371025479
			5.38996708518703	-0.749908464026022
			5.40559017818757	-0.749908464026022
			5.42121327118811	-0.765531557026564
			5.43683636418866	-0.781154650027106
			5.4524594571892	-0.781154650027106
			5.46808255018974	-0.796777743027648
			5.48370564319028	-0.796777743027648
			5.49932873619082	-0.81240083602819
			5.51495182919137	-0.828023929028732
			5.53057492219191	-0.828023929028732
			5.53057492219191	-0.843647022029274
			5.54619801519245	-0.859270115029816
			5.56182110819299	-0.859270115029816
			5.57744420119353	-0.874893208030358
			5.59306729419408	-0.890516301030901
			5.60869038719462	-0.890516301030901
			5.62431348019516	-0.906139394031443
			5.6399365731957	-0.921762487031985
			5.65555966619625	-0.921762487031985
			5.65555966619625	-0.937385580032527
			5.67118275919679	-0.953008673033069
			5.68680585219733	-0.953008673033069
			5.70242894519787	-0.968631766033611
			5.71805203819841	-0.984254859034153
			5.73367513119896	-0.999877952034695
			5.7492982241995	-0.999877952034695
			5.76492131720004	-1.01550104503524
			5.78054441020058	-1.03112413803578
			5.79616750320112	-1.03112413803578
			5.79616750320112	-1.04674723103632
			5.81179059620167	-1.06237032403686
			5.82741368920221	-1.06237032403686
			5.84303678220275	-1.07799341703741
			5.85865987520329	-1.09361651003795
			5.87428296820384	-1.10923960303849
			5.88990606120438	-1.12486269603903
			5.90552915420492	-1.14048578903957
			5.92115224720546	-1.14048578903957
			5.936775340206	-1.15610888204012
			5.936775340206	-1.17173197504066
			5.95239843320655	-1.1873550680412
			5.96802152620709	-1.20297816104174
			5.98364461920763	-1.20297816104174
			5.99926771220817	-1.21860125404228
			6.01489080520871	-1.23422434704283
			6.03051389820926	-1.24984744004337
			6.03051389820926	-1.26547053304391
			6.0461369912098	-1.28109362604445
			6.06176008421034	-1.296716719045
			6.07738317721088	-1.31233981204554
			6.09300627021142	-1.31233981204554
			6.09300627021142	-1.32796290504608
			6.10862936321197	-1.34358599804662
			6.12425245621251	-1.35920909104716
			6.13987554921305	-1.37483218404771
			6.13987554921305	-1.39045527704825
			6.15549864221359	-1.40607837004879
			6.17112173521414	-1.42170146304933
			6.18674482821468	-1.43732455604987
			6.18674482821468	-1.45294764905042
			6.20236792121522	-1.46857074205096
			6.21799101421576	-1.4841938350515
			6.2336141072163	-1.49981692805204
			6.2336141072163	-1.51544002105259
			6.24923720021685	-1.53106311405313
			6.26486029321739	-1.54668620705367
			6.26486029321739	-1.56230930005421
			6.28048338621793	-1.57793239305475
			6.29610647921847	-1.5935554860553
			6.31172957221901	-1.60917857905584
			6.31172957221901	-1.62480167205638
			6.32735266521956	-1.64042476505692
			6.3429757582201	-1.65604785805746
			6.3429757582201	-1.67167095105801
			6.35859885122064	-1.68729404405855
			6.35859885122064	-1.70291713705909
			6.37422194422118	-1.71854023005963
			6.38984503722172	-1.73416332306017
			6.38984503722172	-1.74978641606072
			6.40546813022227	-1.76540950906126
			6.40546813022227	-1.7810326020618
			6.42109122322281	-1.79665569506234
			6.42109122322281	-1.81227878806289
			6.43671431622335	-1.82790188106343
			6.43671431622335	-1.84352497406397
			6.45233740922389	-1.85914806706451
			6.45233740922389	-1.87477116006505
			6.46796050222444	-1.87477116006505
			6.46796050222444	-1.8903942530656
			6.46796050222444	-1.90601734606614
			6.48358359522498	-1.92164043906668
			6.48358359522498	-1.93726353206722
			6.49920668822552	-1.95288662506776
			6.49920668822552	-1.96850971806831
			6.51482978122606	-1.98413281106885
			6.51482978122606	-1.99975590406939
			6.5304528742266	-2.01537899706993
			6.5304528742266	-2.03100209007048
			6.54607596722715	-2.04662518307102
			6.54607596722715	-2.06224827607156
			6.54607596722715	-2.0778713690721
			6.56169906022769	-2.0778713690721
			6.56169906022769	-2.09349446207264
			6.56169906022769	-2.10911755507319
			6.57732215322823	-2.12474064807373
			6.57732215322823	-2.14036374107427
			6.57732215322823	-2.15598683407481
			6.59294524622877	-2.15598683407481
			6.59294524622877	-2.17160992707535
			6.59294524622877	-2.1872330200759
			6.60856833922931	-2.20285611307644
			6.60856833922931	-2.21847920607698
			6.62419143222986	-2.23410229907752
			6.62419143222986	-2.24972539207806
			6.62419143222986	-2.26534848507861
			6.6398145252304	-2.28097157807915
			6.6398145252304	-2.29659467107969
			6.6398145252304	-2.31221776408023
			6.65543761823094	-2.32784085708077
			6.65543761823094	-2.34346395008132
			6.67106071123148	-2.35908704308186
			6.67106071123148	-2.3747101360824
			6.67106071123148	-2.39033322908294
			6.67106071123148	-2.40595632208349
			6.68668380423203	-2.40595632208349
			6.68668380423203	-2.42157941508403
			6.68668380423203	-2.43720250808457
			6.68668380423203	-2.45282560108511
			6.70230689723257	-2.46844869408565
			6.70230689723257	-2.4840717870862
			6.70230689723257	-2.49969488008674
			6.71792999023311	-2.51531797308728
			6.71792999023311	-2.53094106608782
			6.71792999023311	-2.54656415908836
			6.71792999023311	-2.56218725208891
			6.73355308323365	-2.56218725208891
			6.73355308323365	-2.57781034508945
			6.73355308323365	-2.59343343808999
			6.73355308323365	-2.60905653109053
			6.74917617623419	-2.62467962409108
			6.74917617623419	-2.64030271709162
			6.74917617623419	-2.65592581009216
			6.74917617623419	-2.6715489030927
			6.76479926923474	-2.68717199609324
			6.76479926923474	-2.70279508909379
			6.76479926923474	-2.71841818209433
			6.76479926923474	-2.73404127509487
			6.78042236223528	-2.74966436809541
			6.78042236223528	-2.76528746109595
			6.78042236223528	-2.7809105540965
			6.78042236223528	-2.79653364709704
			6.78042236223528	-2.81215674009758
			6.79604545523582	-2.82777983309812
			6.79604545523582	-2.84340292609866
			6.79604545523582	-2.85902601909921
			6.79604545523582	-2.87464911209975
			6.81166854823636	-2.89027220510029
			6.81166854823636	-2.90589529810083
			6.81166854823636	-2.92151839110138
			6.81166854823636	-2.93714148410192
			6.81166854823636	-2.95276457710246
			6.81166854823636	-2.968387670103
			6.8272916412369	-2.98401076310354
			6.8272916412369	-2.99963385610409
			6.8272916412369	-3.01525694910463
			6.8272916412369	-3.03088004210517
			6.8272916412369	-3.04650313510571
			6.8272916412369	-3.06212622810625
			6.84291473423745	-3.06212622810625
			6.84291473423745	-3.0777493211068
			6.84291473423745	-3.09337241410734
			6.84291473423745	-3.10899550710788
			6.84291473423745	-3.12461860010842
			6.84291473423745	-3.14024169310896
			6.85853782723799	-3.15586478610951
			6.85853782723799	-3.17148787911005
			6.85853782723799	-3.18711097211059
			6.85853782723799	-3.20273406511113
			6.85853782723799	-3.21835715811168
			6.87416092023853	-3.23398025111222
			6.87416092023853	-3.24960334411276
			6.87416092023853	-3.2652264371133
			6.87416092023853	-3.28084953011384
			6.87416092023853	-3.29647262311439
			6.87416092023853	-3.31209571611493
			6.88978401323907	-3.32771880911547
			6.88978401323907	-3.34334190211601
			6.88978401323907	-3.35896499511655
			6.88978401323907	-3.3745880881171
			6.88978401323907	-3.39021118111764
			6.88978401323907	-3.40583427411818
			6.88978401323907	-3.42145736711872
			6.88978401323907	-3.43708046011927
			6.88978401323907	-3.45270355311981
			6.88978401323907	-3.46832664612035
			6.88978401323907	-3.48394973912089
			6.90540710623961	-3.49957283212143
			6.90540710623961	-3.51519592512198
			6.90540710623961	-3.53081901812252
			6.90540710623961	-3.54644211112306
			6.90540710623961	-3.5620652041236
			6.90540710623961	-3.57768829712414
			6.90540710623961	-3.59331139012469
			6.90540710623961	-3.60893448312523
			6.90540710623961	-3.62455757612577
			6.90540710623961	-3.64018066912631
			6.90540710623961	-3.65580376212685
			6.90540710623961	-3.6714268551274
			6.90540710623961	-3.68704994812794
			6.90540710623961	-3.70267304112848
			6.90540710623961	-3.71829613412902
			6.90540710623961	-3.73391922712957
			6.90540710623961	-3.74954232013011
			6.90540710623961	-3.76516541313065
			6.88978401323907	-3.78078850613119
			6.88978401323907	-3.79641159913173
			6.88978401323907	-3.81203469213228
			6.88978401323907	-3.82765778513282
			6.88978401323907	-3.84328087813336
			6.88978401323907	-3.8589039711339
			6.88978401323907	-3.87452706413444
			6.88978401323907	-3.89015015713499
			6.88978401323907	-3.90577325013553
			6.88978401323907	-3.92139634313607
			6.88978401323907	-3.93701943613661
			6.87416092023853	-3.95264252913715
			6.87416092023853	-3.9682656221377
			6.87416092023853	-3.98388871513824
			6.87416092023853	-3.99951180813878
			6.87416092023853	-4.01513490113932
			6.85853782723799	-4.03075799413987
			6.85853782723799	-4.04638108714041
			6.85853782723799	-4.06200418014095
			6.85853782723799	-4.07762727314149
		</anterior>
		<posterior type=matrix rownames=FALSE colnames=FALSE nrow=194 ncol=2 as.numeric=TRUE >
			3.98388871513824	-4.265104389148
			3.99951180813878	-4.265104389148
			4.01513490113932	-4.265104389148
			4.03075799413987	-4.28072748214854
			4.04638108714041	-4.28072748214854
			4.06200418014095	-4.28072748214854
			4.07762727314149	-4.28072748214854
			4.09325036614203	-4.28072748214854
			4.10887345914258	-4.29635057514908
			4.12449655214312	-4.29635057514908
			4.14011964514366	-4.29635057514908
			4.1557427381442	-4.29635057514908
			4.17136583114474	-4.29635057514908
			4.18698892414529	-4.29635057514908
			4.20261201714583	-4.31197366814962
			4.21823511014637	-4.31197366814962
			4.23385820314691	-4.31197366814962
			4.24948129614746	-4.31197366814962
			4.265104389148	-4.31197366814962
			4.28072748214854	-4.31197366814962
			4.29635057514908	-4.31197366814962
			4.31197366814962	-4.31197366814962
			4.32759676115017	-4.32759676115017
			4.34321985415071	-4.32759676115017
			4.35884294715125	-4.32759676115017
			4.37446604015179	-4.32759676115017
			4.39008913315233	-4.32759676115017
			4.40571222615288	-4.32759676115017
			4.42133531915342	-4.32759676115017
			4.43695841215396	-4.32759676115017
			4.4525815051545	-4.32759676115017
			4.46820459815504	-4.32759676115017
			4.48382769115559	-4.32759676115017
			4.49945078415613	-4.32759676115017
			4.51507387715667	-4.32759676115017
			4.53069697015721	-4.32759676115017
			4.54632006315776	-4.32759676115017
			4.5619431561583	-4.32759676115017
			4.57756624915884	-4.32759676115017
			4.59318934215938	-4.32759676115017
			4.60881243515992	-4.32759676115017
			4.62443552816047	-4.32759676115017
			4.64005862116101	-4.31197366814962
			4.65568171416155	-4.31197366814962
			4.67130480716209	-4.29635057514908
			4.68692790016263	-4.28072748214854
			4.70255099316318	-4.28072748214854
			4.71817408616372	-4.28072748214854
			4.71817408616372	-4.265104389148
			4.73379717916426	-4.265104389148
			4.7494202721648	-4.24948129614746
			4.76504336516534	-4.24948129614746
			4.76504336516534	-4.23385820314691
			4.78066645816589	-4.23385820314691
			4.79628955116643	-4.21823511014637
			4.81191264416697	-4.20261201714583
			4.82753573716751	-4.18698892414529
			4.84315883016806	-4.17136583114474
			4.8587819231686	-4.1557427381442
			4.87440501616914	-4.14011964514366
			4.89002810916968	-4.12449655214312
			4.90565120217022	-4.10887345914258
			4.92127429517077	-4.09325036614203
			4.93689738817131	-4.07762727314149
			4.93689738817131	-4.06200418014095
			4.95252048117185	-4.04638108714041
			4.96814357417239	-4.03075799413987
			4.96814357417239	-4.01513490113932
			4.98376666717293	-3.99951180813878
			4.98376666717293	-3.98388871513824
			4.98376666717293	-3.9682656221377
			4.99938976017348	-3.95264252913715
			4.99938976017348	-3.93701943613661
			5.01501285317402	-3.93701943613661
			5.03063594617456	-3.93701943613661
			5.0462590391751	-3.93701943613661
			5.06188213217565	-3.93701943613661
			5.07750522517619	-3.93701943613661
			5.09312831817673	-3.93701943613661
			5.10875141117727	-3.93701943613661
			5.12437450417781	-3.93701943613661
			5.13999759717836	-3.93701943613661
			5.1556206901789	-3.93701943613661
			5.17124378317944	-3.93701943613661
			5.18686687617998	-3.93701943613661
			5.20248996918052	-3.93701943613661
			5.21811306218107	-3.93701943613661
			5.23373615518161	-3.93701943613661
			5.24935924818215	-3.93701943613661
			5.26498234118269	-3.93701943613661
			5.28060543418323	-3.93701943613661
			5.29622852718378	-3.93701943613661
			5.31185162018432	-3.93701943613661
			5.32747471318486	-3.93701943613661
			5.3430978061854	-3.93701943613661
			5.35872089918595	-3.93701943613661
			5.37434399218649	-3.93701943613661
			5.38996708518703	-3.95264252913715
			5.40559017818757	-3.95264252913715
			5.42121327118811	-3.95264252913715
			5.43683636418866	-3.95264252913715
			5.4524594571892	-3.95264252913715
			5.46808255018974	-3.95264252913715
			5.48370564319028	-3.95264252913715
			5.49932873619082	-3.95264252913715
			5.51495182919137	-3.95264252913715
			5.53057492219191	-3.95264252913715
			5.54619801519245	-3.95264252913715
			5.56182110819299	-3.95264252913715
			5.57744420119353	-3.95264252913715
			5.59306729419408	-3.95264252913715
			5.60869038719462	-3.95264252913715
			5.62431348019516	-3.95264252913715
			5.6399365731957	-3.9682656221377
			5.65555966619625	-3.9682656221377
			5.67118275919679	-3.9682656221377
			5.68680585219733	-3.9682656221377
			5.70242894519787	-3.9682656221377
			5.71805203819841	-3.9682656221377
			5.73367513119896	-3.9682656221377
			5.7492982241995	-3.9682656221377
			5.76492131720004	-3.9682656221377
			5.78054441020058	-3.9682656221377
			5.79616750320112	-3.98388871513824
			5.81179059620167	-3.98388871513824
			5.82741368920221	-3.98388871513824
			5.84303678220275	-3.98388871513824
			5.85865987520329	-3.98388871513824
			5.87428296820384	-3.98388871513824
			5.88990606120438	-3.98388871513824
			5.90552915420492	-3.98388871513824
			5.92115224720546	-3.98388871513824
			5.936775340206	-3.99951180813878
			5.95239843320655	-3.99951180813878
			5.96802152620709	-3.99951180813878
			5.98364461920763	-3.99951180813878
			5.99926771220817	-3.99951180813878
			6.01489080520871	-3.99951180813878
			6.03051389820926	-4.01513490113932
			6.0461369912098	-4.01513490113932
			6.06176008421034	-4.01513490113932
			6.07738317721088	-4.01513490113932
			6.09300627021142	-4.01513490113932
			6.10862936321197	-4.01513490113932
			6.12425245621251	-4.03075799413987
			6.13987554921305	-4.03075799413987
			6.15549864221359	-4.03075799413987
			6.17112173521414	-4.03075799413987
			6.18674482821468	-4.03075799413987
			6.20236792121522	-4.04638108714041
			6.21799101421576	-4.04638108714041
			6.2336141072163	-4.04638108714041
			6.24923720021685	-4.04638108714041
			6.26486029321739	-4.06200418014095
			6.28048338621793	-4.06200418014095
			6.29610647921847	-4.06200418014095
			6.31172957221901	-4.06200418014095
			6.32735266521956	-4.06200418014095
			6.3429757582201	-4.06200418014095
			6.35859885122064	-4.07762727314149
			6.37422194422118	-4.07762727314149
			6.38984503722172	-4.07762727314149
			6.40546813022227	-4.07762727314149
			6.42109122322281	-4.07762727314149
			6.43671431622335	-4.07762727314149
			6.45233740922389	-4.07762727314149
			6.46796050222444	-4.07762727314149
			6.46796050222444	-4.09325036614203
			6.48358359522498	-4.09325036614203
			6.49920668822552	-4.09325036614203
			6.51482978122606	-4.09325036614203
			6.5304528742266	-4.09325036614203
			6.54607596722715	-4.09325036614203
			6.56169906022769	-4.09325036614203
			6.57732215322823	-4.09325036614203
			6.59294524622877	-4.09325036614203
			6.60856833922931	-4.09325036614203
			6.62419143222986	-4.09325036614203
			6.6398145252304	-4.09325036614203
			6.65543761823094	-4.09325036614203
			6.67106071123148	-4.09325036614203
			6.68668380423203	-4.09325036614203
			6.70230689723257	-4.09325036614203
			6.71792999023311	-4.09325036614203
			6.73355308323365	-4.09325036614203
			6.74917617623419	-4.09325036614203
			6.76479926923474	-4.09325036614203
			6.78042236223528	-4.09325036614203
			6.79604545523582	-4.09325036614203
			6.79604545523582	-4.07762727314149
			6.81166854823636	-4.07762727314149
			6.8272916412369	-4.07762727314149
			6.84291473423745	-4.07762727314149
			6.85853782723799	-4.07762727314149
		</posterior>
	</curves.scaled>
	<ruler.points type=matrix rownames=TRUE colnames=FALSE nrow=2 ncol=2 as.numeric=TRUE >
		Ruler point 1	18	301
		Ruler point 2	82	302
	</ruler.points>
</shapes>

