<shapes type=list>
	<ruler.pixel type=vector names=FALSE length=1 as.numeric=TRUE >506</ruler.pixel>
	<ruler.interval type=vector names=FALSE length=1 as.numeric=TRUE >21.7</ruler.interval>
	<scaling.units type=vector names=FALSE length=1 as.numeric=FALSE >mm</scaling.units>
	<scaling type=vector names=FALSE length=1 as.numeric=TRUE >0.0428853754940711</scaling>
	<landmarks.pixel type=matrix rownames=TRUE colnames=FALSE nrow=16 ncol=2 as.numeric=TRUE >
		LM1	727	26
		LM2	728	76
		LM3	732	245
		LM4	735	273
		LM5	827	126
		LM6	780	253
		LM7	782	268
		LM8	813	166
		LM9	827	239
		LM10	726	63
		LM11	910	219
		LM12	931	224
		LM13	727	26
		LM14	880	196
		LM15	946	273
		LM16	968	469
	</landmarks.pixel>
	<landmarks.scaled type=matrix rownames=TRUE colnames=FALSE nrow=16 ncol=2 as.numeric=TRUE >
		LM1	31.1776679841897	-1.11501976284585
		LM2	31.2205533596838	-3.25928853754941
		LM3	31.3920948616601	-10.5069169960474
		LM4	31.5207509881423	-11.7077075098814
		LM5	35.4662055335968	-5.40355731225296
		LM6	33.4505928853755	-10.85
		LM7	33.5363636363636	-11.4932806324111
		LM8	34.8658102766798	-7.11897233201581
		LM9	35.4662055335968	-10.249604743083
		LM10	31.1347826086956	-2.70177865612648
		LM11	39.0256916996047	-9.39189723320158
		LM12	39.9262845849802	-9.60632411067194
		LM13	31.1776679841897	-1.11501976284585
		LM14	37.7391304347826	-8.40553359683794
		LM15	40.5695652173913	-11.7077075098814
		LM16	41.5130434782609	-20.1132411067194
	</landmarks.scaled>
	<curves.control type=list>
		<glabella type=matrix rownames=FALSE colnames=FALSE nrow=13 ncol=2 as.numeric=TRUE >
			728	76
			765	73
			795	86
			838	112
			820	143
			810	157
			808	183
			795	205
			783	233
			777	250
			783	257
			782	264
			782	268
		</glabella>
		<suture type=matrix rownames=FALSE colnames=FALSE nrow=15 ncol=2 as.numeric=TRUE >
			726	63
			814	62
			833	118
			831	140
			821	161
			849	163
			858	189
			866	219
			825	228
			816	240
			831	248
			855	251
			878	234
			897	213
			931	224
		</suture>
		<anterior type=matrix rownames=FALSE colnames=FALSE nrow=5 ncol=2 as.numeric=TRUE >
			727	26
			793	29
			827	75
			895	110
			946	273
		</anterior>
		<posterior type=matrix rownames=FALSE colnames=FALSE nrow=13 ncol=2 as.numeric=TRUE >
			735	273
			758	269
			777	273
			799	271
			869	276
			911	301
			926	354
			947	418
			963	466
			968	461
			968	415
			953	372
			946	273
		</posterior>
	</curves.control>
	<curves.pixel type=list>
		<glabella type=matrix rownames=FALSE colnames=FALSE nrow=261 ncol=2 as.numeric=TRUE >
			728	76
			729	76
			730	76
			731	76
			732	76
			733	76
			734	76
			735	76
			736	76
			737	76
			738	75
			739	75
			740	75
			741	75
			742	75
			743	75
			744	75
			745	75
			746	76
			747	76
			748	76
			749	76
			750	76
			751	76
			752	76
			753	76
			754	76
			755	76
			756	76
			757	76
			758	76
			759	76
			760	77
			761	77
			762	77
			763	77
			764	77
			765	77
			766	77
			767	78
			768	78
			769	78
			770	78
			771	78
			772	79
			773	79
			774	79
			775	79
			776	79
			777	80
			778	80
			779	80
			780	81
			781	81
			782	81
			783	82
			784	82
			785	82
			786	82
			787	83
			788	83
			789	84
			790	84
			791	84
			792	85
			793	85
			794	86
			795	86
			796	87
			797	87
			798	88
			799	89
			800	89
			801	90
			802	91
			803	91
			804	92
			805	93
			806	93
			807	94
			808	95
			809	96
			810	97
			811	98
			812	99
			813	99
			814	100
			814	101
			815	102
			816	103
			817	104
			818	105
			819	106
			819	107
			820	108
			821	109
			821	110
			822	111
			822	112
			823	113
			823	114
			824	115
			824	116
			824	117
			824	118
			825	119
			825	120
			825	121
			825	122
			825	123
			825	124
			825	125
			825	126
			825	127
			825	128
			825	129
			825	130
			825	131
			825	132
			824	132
			824	133
			824	134
			824	135
			823	136
			823	137
			823	138
			822	139
			822	140
			821	141
			820	142
			820	143
			820	144
			819	144
			819	145
			818	145
			818	146
			817	147
			817	148
			816	149
			816	150
			815	151
			815	152
			814	153
			814	154
			814	155
			813	156
			813	157
			812	158
			812	159
			812	160
			812	161
			811	162
			811	163
			811	164
			811	165
			810	166
			810	167
			810	168
			810	169
			810	170
			809	171
			809	172
			809	173
			809	174
			809	175
			809	176
			809	177
			809	178
			808	178
			808	179
			808	180
			808	181
			808	182
			808	183
			808	184
			807	184
			807	185
			806	186
			806	187
			805	188
			804	189
			804	190
			803	191
			803	192
			802	193
			802	194
			801	195
			801	196
			800	197
			800	198
			799	199
			798	200
			798	201
			797	202
			797	203
			796	204
			796	205
			795	206
			795	207
			794	208
			794	209
			794	210
			793	211
			793	212
			792	213
			792	214
			791	214
			791	215
			791	216
			790	217
			790	218
			789	219
			789	220
			788	221
			788	222
			787	223
			787	224
			786	225
			786	226
			786	227
			785	228
			785	229
			784	230
			784	231
			783	232
			783	233
			783	234
			782	235
			782	236
			782	237
			781	238
			781	239
			781	240
			781	241
			781	242
			780	243
			780	244
			780	245
			780	246
			780	247
			780	248
			780	249
			780	250
			780	251
			781	252
			781	253
			781	254
			782	255
			782	256
			783	257
			783	258
			783	259
			783	260
			782	261
			782	262
			782	263
			782	264
			782	265
			782	266
			782	267
			782	268
		</glabella>
		<suture type=matrix rownames=FALSE colnames=FALSE nrow=397 ncol=2 as.numeric=TRUE >
			726	63
			727	63
			728	63
			729	63
			730	63
			731	63
			732	63
			733	63
			734	63
			735	63
			736	63
			737	63
			738	63
			739	63
			740	63
			741	63
			742	63
			743	63
			744	63
			745	64
			746	64
			747	64
			748	64
			749	64
			750	64
			751	64
			752	64
			753	64
			754	64
			755	64
			756	65
			757	65
			758	65
			759	65
			760	65
			761	65
			762	65
			763	66
			764	66
			765	66
			766	66
			767	66
			768	66
			768	67
			769	67
			770	67
			771	67
			772	67
			773	68
			774	68
			775	68
			776	68
			777	69
			778	69
			779	69
			780	70
			781	70
			782	70
			783	70
			784	71
			785	71
			786	71
			787	72
			788	72
			789	73
			790	73
			791	74
			792	74
			793	75
			794	75
			795	76
			796	76
			797	77
			798	77
			799	78
			800	78
			801	79
			802	79
			803	80
			804	80
			805	81
			806	81
			806	82
			807	83
			808	83
			809	84
			810	85
			811	85
			811	86
			812	87
			813	87
			814	88
			814	89
			815	89
			816	90
			817	91
			818	92
			819	93
			819	94
			820	95
			821	96
			822	97
			822	98
			823	99
			824	100
			825	101
			825	102
			826	103
			826	104
			827	105
			828	106
			828	107
			829	108
			829	109
			830	110
			830	111
			831	112
			831	113
			832	114
			832	115
			832	116
			833	117
			833	118
			833	119
			833	120
			833	121
			833	122
			832	123
			832	124
			832	125
			832	126
			832	127
			832	128
			831	129
			831	130
			831	131
			831	132
			831	133
			830	134
			830	135
			830	136
			830	137
			829	138
			829	139
			829	140
			829	141
			828	142
			828	143
			828	144
			828	145
			827	146
			827	147
			827	148
			826	149
			826	150
			825	150
			825	151
			825	152
			824	153
			824	154
			824	155
			823	156
			823	157
			822	158
			822	159
			821	160
			821	161
			822	161
			823	161
			824	161
			825	161
			826	162
			827	162
			828	162
			829	162
			830	162
			831	163
			832	163
			833	163
			834	164
			835	164
			836	164
			837	165
			838	165
			839	166
			840	166
			841	167
			842	167
			843	168
			844	169
			845	169
			846	170
			846	171
			847	171
			848	172
			849	173
			849	174
			850	175
			851	176
			852	176
			852	177
			853	178
			853	179
			854	180
			855	181
			855	182
			856	183
			856	184
			856	185
			857	185
			857	186
			857	187
			857	188
			858	188
			858	189
			858	190
			858	191
			859	191
			859	192
			859	193
			859	194
			859	195
			859	196
			859	197
			859	198
			859	199
			859	200
			859	201
			859	202
			859	203
			859	204
			858	205
			858	206
			858	207
			857	208
			857	209
			857	210
			856	211
			855	211
			855	212
			854	213
			854	214
			853	215
			852	215
			851	216
			851	217
			850	218
			849	218
			848	219
			847	220
			846	220
			845	221
			844	221
			843	222
			842	223
			841	223
			840	223
			839	224
			838	224
			837	225
			836	225
			835	225
			834	226
			833	226
			832	226
			831	227
			830	227
			829	227
			828	227
			827	228
			826	228
			825	228
			824	229
			824	230
			823	231
			823	232
			822	233
			822	234
			822	235
			822	236
			822	237
			822	238
			822	239
			823	240
			823	241
			824	242
			824	243
			825	244
			826	245
			827	246
			828	246
			829	247
			830	247
			831	248
			832	248
			833	248
			834	248
			835	248
			836	248
			837	248
			838	248
			839	248
			840	248
			841	248
			842	248
			843	248
			844	248
			845	248
			846	248
			847	248
			848	248
			849	247
			850	247
			851	247
			852	247
			853	247
			854	246
			855	246
			856	246
			857	245
			858	245
			859	245
			859	244
			860	244
			861	244
			862	243
			863	243
			864	243
			865	242
			866	242
			866	241
			867	241
			868	240
			869	240
			870	239
			871	239
			872	238
			873	238
			873	237
			874	237
			875	236
			876	235
			877	235
			878	234
			879	233
			880	232
			881	231
			882	230
			883	229
			884	229
			885	228
			886	227
			887	227
			888	226
			889	225
			890	225
			891	224
			892	224
			893	223
			894	223
			895	223
			896	222
			897	222
			898	221
			899	221
			900	221
			901	221
			902	221
			903	221
			904	221
			905	220
			906	220
			907	220
			908	220
			909	220
			910	220
			911	220
			912	220
			913	220
			914	220
			915	220
			916	221
			917	221
			918	221
			919	221
			920	221
			921	221
			922	222
			923	222
			924	222
			925	222
			926	223
			927	223
			928	223
			929	223
			930	224
			931	224
		</suture>
		<anterior type=matrix rownames=FALSE colnames=FALSE nrow=325 ncol=2 as.numeric=TRUE >
			727	26
			728	26
			729	26
			730	26
			731	26
			732	26
			733	26
			734	26
			735	26
			735	27
			736	27
			737	27
			738	27
			739	27
			740	27
			741	27
			742	27
			743	27
			744	28
			745	28
			746	28
			747	28
			748	28
			749	28
			750	29
			751	29
			752	29
			753	29
			754	29
			755	30
			756	30
			757	30
			758	30
			759	30
			760	31
			761	31
			762	31
			763	31
			764	32
			765	32
			766	32
			767	33
			768	33
			769	33
			770	34
			771	34
			772	34
			773	35
			774	35
			775	35
			775	36
			776	36
			777	36
			778	36
			778	37
			779	37
			780	37
			781	38
			782	38
			783	39
			784	39
			785	40
			786	40
			787	41
			788	41
			788	42
			789	42
			790	42
			791	43
			792	43
			793	44
			794	45
			795	45
			796	46
			797	47
			798	47
			799	48
			800	48
			801	49
			802	50
			803	50
			803	51
			804	52
			805	52
			806	53
			807	54
			808	54
			809	55
			809	56
			810	57
			811	57
			812	58
			813	59
			814	60
			814	61
			815	61
			816	62
			817	63
			818	64
			818	65
			819	65
			820	66
			821	67
			821	68
			822	69
			823	70
			824	71
			824	72
			825	72
			826	73
			826	74
			827	75
			828	76
			829	76
			830	76
			831	77
			832	78
			833	79
			834	79
			835	80
			836	80
			837	81
			838	82
			839	82
			840	83
			841	84
			842	84
			843	85
			844	86
			845	87
			846	87
			847	88
			848	89
			849	90
			850	91
			851	92
			852	92
			853	93
			854	94
			855	95
			855	96
			856	97
			857	98
			858	99
			859	100
			860	101
			861	102
			862	103
			863	104
			864	105
			865	106
			866	107
			867	108
			868	109
			869	110
			869	111
			870	112
			871	113
			871	114
			872	114
			873	115
			873	116
			874	117
			875	118
			876	119
			876	120
			877	121
			878	122
			878	123
			879	124
			880	125
			880	126
			881	127
			882	128
			882	129
			883	130
			884	131
			884	132
			885	133
			886	134
			887	135
			887	136
			887	137
			888	137
			888	138
			889	139
			889	140
			890	140
			890	141
			891	142
			891	143
			892	143
			892	144
			892	145
			893	146
			894	147
			894	148
			895	149
			895	150
			896	151
			896	152
			897	153
			898	154
			898	155
			899	156
			899	157
			900	158
			900	159
			901	160
			901	161
			902	162
			902	163
			903	164
			903	165
			904	166
			904	167
			905	168
			905	169
			906	170
			907	171
			907	172
			908	173
			908	174
			909	175
			909	176
			909	177
			910	177
			910	178
			910	179
			911	180
			911	181
			912	182
			912	183
			913	184
			913	185
			914	186
			914	187
			915	188
			915	189
			915	190
			916	191
			916	192
			917	193
			917	194
			918	195
			918	196
			918	197
			919	198
			919	199
			920	200
			920	201
			921	202
			921	203
			921	204
			922	205
			922	206
			923	207
			923	208
			923	209
			924	210
			924	211
			925	212
			925	213
			925	214
			926	215
			926	216
			926	217
			927	218
			927	219
			928	220
			928	221
			928	222
			929	223
			929	224
			930	225
			930	226
			930	227
			931	228
			931	229
			932	230
			932	231
			932	232
			932	233
			933	234
			933	235
			934	236
			934	237
			934	238
			935	239
			935	240
			935	241
			936	242
			936	243
			937	244
			937	245
			937	246
			937	247
			938	247
			938	248
			938	249
			938	250
			939	251
			939	252
			940	253
			940	254
			940	255
			940	256
			941	257
			941	258
			941	259
			942	260
			942	261
			942	262
			943	263
			943	264
			943	265
			944	266
			944	267
			944	268
			945	268
			945	269
			945	270
			946	271
			946	272
			946	273
		</anterior>
		<posterior type=matrix rownames=FALSE colnames=FALSE nrow=535 ncol=2 as.numeric=TRUE >
			735	273
			736	273
			737	273
			738	273
			739	272
			740	272
			741	272
			742	272
			743	272
			744	272
			745	272
			746	271
			747	271
			748	271
			749	271
			750	271
			751	271
			752	271
			753	271
			754	271
			755	271
			756	271
			757	271
			758	271
			759	271
			760	271
			761	271
			762	271
			763	271
			764	271
			765	271
			766	271
			767	271
			767	272
			768	272
			769	272
			770	272
			771	272
			772	272
			773	272
			774	272
			775	273
			776	273
			777	273
			778	273
			779	273
			780	273
			781	273
			782	273
			783	273
			784	273
			785	273
			786	273
			787	272
			788	272
			789	272
			790	272
			791	272
			792	272
			793	272
			794	272
			795	272
			796	272
			797	272
			798	272
			799	272
			800	272
			801	272
			802	273
			803	273
			804	273
			805	273
			806	273
			807	273
			808	273
			809	273
			810	273
			811	273
			812	273
			813	273
			814	273
			815	273
			816	273
			817	273
			818	273
			819	273
			820	273
			821	273
			822	273
			823	273
			824	273
			825	273
			826	273
			827	273
			828	273
			829	273
			830	274
			831	274
			832	274
			833	274
			834	274
			835	274
			836	274
			837	274
			838	274
			839	274
			840	274
			841	274
			842	274
			843	274
			844	274
			845	274
			846	274
			847	275
			848	275
			849	275
			850	275
			851	275
			852	275
			853	275
			854	275
			855	275
			856	275
			857	275
			858	275
			859	275
			860	275
			861	275
			862	275
			862	276
			863	276
			864	276
			865	276
			866	276
			867	276
			868	276
			869	276
			870	276
			871	277
			872	278
			873	278
			873	279
			874	279
			875	280
			876	281
			877	281
			878	282
			879	283
			880	283
			881	284
			882	285
			883	286
			884	287
			885	288
			886	288
			887	289
			888	290
			889	291
			890	292
			891	293
			892	294
			893	295
			894	296
			895	297
			896	298
			897	299
			898	300
			899	301
			899	302
			900	302
			900	303
			901	304
			902	304
			902	305
			903	306
			903	307
			904	307
			904	308
			905	309
			906	310
			906	311
			907	311
			907	312
			908	313
			908	314
			909	315
			910	316
			910	317
			911	318
			912	319
			912	320
			913	321
			913	322
			914	323
			914	324
			915	325
			915	326
			916	327
			916	328
			917	329
			917	330
			918	331
			918	332
			919	333
			919	334
			919	335
			920	335
			920	336
			920	337
			921	338
			921	339
			922	340
			922	341
			922	342
			923	343
			923	344
			923	345
			924	346
			924	347
			924	348
			924	349
			925	349
			925	350
			925	351
			925	352
			926	353
			926	354
			926	355
			927	356
			927	357
			927	358
			928	359
			928	360
			928	361
			929	362
			929	363
			929	364
			930	365
			930	366
			930	367
			931	368
			931	369
			931	370
			932	371
			932	372
			932	373
			933	374
			933	375
			933	376
			933	377
			934	378
			934	379
			935	380
			935	381
			935	382
			936	383
			936	384
			936	385
			936	386
			937	387
			937	388
			938	389
			938	390
			938	391
			938	392
			939	393
			939	394
			939	395
			940	396
			940	397
			941	398
			941	399
			941	400
			941	401
			942	402
			942	403
			942	404
			943	405
			943	406
			943	407
			944	408
			944	409
			944	410
			945	411
			945	412
			945	413
			946	414
			946	415
			947	416
			947	417
			947	418
			947	419
			948	420
			948	421
			948	422
			949	423
			949	424
			949	425
			950	426
			950	427
			950	428
			951	429
			951	430
			951	431
			952	432
			952	433
			953	434
			953	435
			953	436
			953	437
			954	437
			954	438
			954	439
			954	440
			955	441
			955	442
			955	443
			956	444
			956	445
			956	446
			957	447
			957	448
			957	449
			958	449
			958	450
			958	451
			958	452
			959	453
			959	454
			959	455
			960	456
			960	457
			960	458
			961	459
			961	460
			961	461
			962	462
			962	463
			962	464
			963	465
			963	466
			963	465
			964	465
			964	464
			965	463
			965	462
			965	461
			965	460
			966	459
			966	458
			966	457
			966	456
			966	455
			966	454
			967	453
			967	452
			967	451
			967	450
			967	449
			967	448
			967	447
			967	446
			967	445
			967	444
			967	443
			967	442
			967	441
			967	440
			968	439
			968	438
			968	437
			968	436
			968	435
			968	434
			968	433
			968	432
			968	431
			968	430
			968	429
			968	428
			968	427
			968	426
			968	425
			968	424
			968	423
			968	422
			968	421
			968	420
			968	419
			968	418
			968	417
			968	416
			968	415
			968	414
			967	413
			967	412
			967	411
			966	410
			966	409
			966	408
			965	407
			965	406
			965	405
			964	404
			964	403
			964	402
			964	401
			963	400
			963	399
			963	398
			963	397
			962	396
			962	395
			962	394
			962	393
			961	392
			961	391
			961	390
			961	389
			960	388
			960	387
			960	386
			960	385
			960	384
			959	383
			959	382
			959	381
			959	380
			959	379
			958	378
			958	377
			958	376
			958	375
			958	374
			957	373
			957	372
			957	371
			957	370
			957	369
			957	368
			956	367
			956	366
			956	365
			956	364
			956	363
			956	362
			955	361
			955	360
			955	359
			955	358
			955	357
			955	356
			955	355
			954	354
			954	353
			954	352
			954	351
			954	350
			954	349
			954	348
			953	347
			953	346
			953	345
			953	344
			953	343
			953	342
			953	341
			952	340
			952	339
			952	338
			952	337
			952	336
			952	335
			952	334
			952	333
			951	332
			951	331
			951	330
			951	329
			951	328
			951	327
			951	326
			951	325
			951	324
			950	323
			950	322
			950	321
			950	320
			950	319
			950	318
			950	317
			950	316
			950	315
			949	314
			949	313
			949	312
			949	311
			949	310
			949	309
			949	308
			949	307
			949	306
			949	305
			949	304
			948	303
			948	302
			948	301
			948	300
			948	299
			948	298
			948	297
			948	296
			948	295
			948	294
			948	293
			947	292
			947	291
			947	290
			947	289
			947	288
			947	287
			947	286
			947	285
			947	284
			947	283
			947	282
			947	281
			947	280
			946	279
			946	278
			946	277
			946	276
			946	275
			946	274
			946	273
		</posterior>
	</curves.pixel>
	<curves.scaled type=list>
		<glabella type=matrix rownames=FALSE colnames=FALSE nrow=261 ncol=2 as.numeric=TRUE >
			31.2205533596838	-3.25928853754941
			31.2634387351779	-3.25928853754941
			31.3063241106719	-3.25928853754941
			31.349209486166	-3.25928853754941
			31.3920948616601	-3.25928853754941
			31.4349802371541	-3.25928853754941
			31.4778656126482	-3.25928853754941
			31.5207509881423	-3.25928853754941
			31.5636363636364	-3.25928853754941
			31.6065217391304	-3.25928853754941
			31.6494071146245	-3.21640316205534
			31.6922924901186	-3.21640316205534
			31.7351778656126	-3.21640316205534
			31.7780632411067	-3.21640316205534
			31.8209486166008	-3.21640316205534
			31.8638339920949	-3.21640316205534
			31.9067193675889	-3.21640316205534
			31.949604743083	-3.21640316205534
			31.9924901185771	-3.25928853754941
			32.0353754940711	-3.25928853754941
			32.0782608695652	-3.25928853754941
			32.1211462450593	-3.25928853754941
			32.1640316205534	-3.25928853754941
			32.2069169960474	-3.25928853754941
			32.2498023715415	-3.25928853754941
			32.2926877470356	-3.25928853754941
			32.3355731225296	-3.25928853754941
			32.3784584980237	-3.25928853754941
			32.4213438735178	-3.25928853754941
			32.4642292490119	-3.25928853754941
			32.5071146245059	-3.25928853754941
			32.55	-3.25928853754941
			32.5928853754941	-3.30217391304348
			32.6357707509881	-3.30217391304348
			32.6786561264822	-3.30217391304348
			32.7215415019763	-3.30217391304348
			32.7644268774703	-3.30217391304348
			32.8073122529644	-3.30217391304348
			32.8501976284585	-3.30217391304348
			32.8930830039526	-3.34505928853755
			32.9359683794466	-3.34505928853755
			32.9788537549407	-3.34505928853755
			33.0217391304348	-3.34505928853755
			33.0646245059288	-3.34505928853755
			33.1075098814229	-3.38794466403162
			33.150395256917	-3.38794466403162
			33.1932806324111	-3.38794466403162
			33.2361660079051	-3.38794466403162
			33.2790513833992	-3.38794466403162
			33.3219367588933	-3.43083003952569
			33.3648221343873	-3.43083003952569
			33.4077075098814	-3.43083003952569
			33.4505928853755	-3.47371541501976
			33.4934782608696	-3.47371541501976
			33.5363636363636	-3.47371541501976
			33.5792490118577	-3.51660079051383
			33.6221343873518	-3.51660079051383
			33.6650197628458	-3.51660079051383
			33.7079051383399	-3.51660079051383
			33.750790513834	-3.5594861660079
			33.7936758893281	-3.5594861660079
			33.8365612648221	-3.60237154150198
			33.8794466403162	-3.60237154150198
			33.9223320158103	-3.60237154150198
			33.9652173913043	-3.64525691699605
			34.0081027667984	-3.64525691699605
			34.0509881422925	-3.68814229249012
			34.0938735177866	-3.68814229249012
			34.1367588932806	-3.73102766798419
			34.1796442687747	-3.73102766798419
			34.2225296442688	-3.77391304347826
			34.2654150197628	-3.81679841897233
			34.3083003952569	-3.81679841897233
			34.351185770751	-3.8596837944664
			34.3940711462451	-3.90256916996047
			34.4369565217391	-3.90256916996047
			34.4798418972332	-3.94545454545454
			34.5227272727273	-3.98833992094862
			34.5656126482213	-3.98833992094862
			34.6084980237154	-4.03122529644269
			34.6513833992095	-4.07411067193676
			34.6942687747036	-4.11699604743083
			34.7371541501976	-4.1598814229249
			34.7800395256917	-4.20276679841897
			34.8229249011858	-4.24565217391304
			34.8658102766798	-4.24565217391304
			34.9086956521739	-4.28853754940711
			34.9086956521739	-4.33142292490118
			34.951581027668	-4.37430830039526
			34.9944664031621	-4.41719367588933
			35.0373517786561	-4.4600790513834
			35.0802371541502	-4.50296442687747
			35.1231225296443	-4.54584980237154
			35.1231225296443	-4.58873517786561
			35.1660079051383	-4.63162055335968
			35.2088932806324	-4.67450592885375
			35.2088932806324	-4.71739130434783
			35.2517786561265	-4.7602766798419
			35.2517786561265	-4.80316205533597
			35.2946640316205	-4.84604743083004
			35.2946640316205	-4.88893280632411
			35.3375494071146	-4.93181818181818
			35.3375494071146	-4.97470355731225
			35.3375494071146	-5.01758893280632
			35.3375494071146	-5.0604743083004
			35.3804347826087	-5.10335968379447
			35.3804347826087	-5.14624505928854
			35.3804347826087	-5.18913043478261
			35.3804347826087	-5.23201581027668
			35.3804347826087	-5.27490118577075
			35.3804347826087	-5.31778656126482
			35.3804347826087	-5.36067193675889
			35.3804347826087	-5.40355731225296
			35.3804347826087	-5.44644268774703
			35.3804347826087	-5.48932806324111
			35.3804347826087	-5.53221343873518
			35.3804347826087	-5.57509881422925
			35.3804347826087	-5.61798418972332
			35.3804347826087	-5.66086956521739
			35.3375494071146	-5.66086956521739
			35.3375494071146	-5.70375494071146
			35.3375494071146	-5.74664031620553
			35.3375494071146	-5.7895256916996
			35.2946640316205	-5.83241106719368
			35.2946640316205	-5.87529644268775
			35.2946640316205	-5.91818181818182
			35.2517786561265	-5.96106719367589
			35.2517786561265	-6.00395256916996
			35.2088932806324	-6.04683794466403
			35.1660079051383	-6.0897233201581
			35.1660079051383	-6.13260869565217
			35.1660079051383	-6.17549407114624
			35.1231225296443	-6.17549407114624
			35.1231225296443	-6.21837944664032
			35.0802371541502	-6.21837944664032
			35.0802371541502	-6.26126482213439
			35.0373517786561	-6.30415019762846
			35.0373517786561	-6.34703557312253
			34.9944664031621	-6.3899209486166
			34.9944664031621	-6.43280632411067
			34.951581027668	-6.47569169960474
			34.951581027668	-6.51857707509881
			34.9086956521739	-6.56146245059288
			34.9086956521739	-6.60434782608696
			34.9086956521739	-6.64723320158103
			34.8658102766798	-6.6901185770751
			34.8658102766798	-6.73300395256917
			34.8229249011858	-6.77588932806324
			34.8229249011858	-6.81877470355731
			34.8229249011858	-6.86166007905138
			34.8229249011858	-6.90454545454545
			34.7800395256917	-6.94743083003952
			34.7800395256917	-6.9903162055336
			34.7800395256917	-7.03320158102767
			34.7800395256917	-7.07608695652174
			34.7371541501976	-7.11897233201581
			34.7371541501976	-7.16185770750988
			34.7371541501976	-7.20474308300395
			34.7371541501976	-7.24762845849802
			34.7371541501976	-7.29051383399209
			34.6942687747036	-7.33339920948617
			34.6942687747036	-7.37628458498024
			34.6942687747036	-7.41916996047431
			34.6942687747036	-7.46205533596838
			34.6942687747036	-7.50494071146245
			34.6942687747036	-7.54782608695652
			34.6942687747036	-7.59071146245059
			34.6942687747036	-7.63359683794466
			34.6513833992095	-7.63359683794466
			34.6513833992095	-7.67648221343873
			34.6513833992095	-7.71936758893281
			34.6513833992095	-7.76225296442688
			34.6513833992095	-7.80513833992095
			34.6513833992095	-7.84802371541502
			34.6513833992095	-7.89090909090909
			34.6084980237154	-7.89090909090909
			34.6084980237154	-7.93379446640316
			34.5656126482213	-7.97667984189723
			34.5656126482213	-8.0195652173913
			34.5227272727273	-8.06245059288537
			34.4798418972332	-8.10533596837945
			34.4798418972332	-8.14822134387352
			34.4369565217391	-8.19110671936759
			34.4369565217391	-8.23399209486166
			34.3940711462451	-8.27687747035573
			34.3940711462451	-8.3197628458498
			34.351185770751	-8.36264822134387
			34.351185770751	-8.40553359683794
			34.3083003952569	-8.44841897233201
			34.3083003952569	-8.49130434782609
			34.2654150197628	-8.53418972332016
			34.2225296442688	-8.57707509881423
			34.2225296442688	-8.6199604743083
			34.1796442687747	-8.66284584980237
			34.1796442687747	-8.70573122529644
			34.1367588932806	-8.74861660079051
			34.1367588932806	-8.79150197628458
			34.0938735177866	-8.83438735177866
			34.0938735177866	-8.87727272727273
			34.0509881422925	-8.9201581027668
			34.0509881422925	-8.96304347826087
			34.0509881422925	-9.00592885375494
			34.0081027667984	-9.04881422924901
			34.0081027667984	-9.09169960474308
			33.9652173913043	-9.13458498023715
			33.9652173913043	-9.17747035573122
			33.9223320158103	-9.17747035573122
			33.9223320158103	-9.2203557312253
			33.9223320158103	-9.26324110671937
			33.8794466403162	-9.30612648221344
			33.8794466403162	-9.34901185770751
			33.8365612648221	-9.39189723320158
			33.8365612648221	-9.43478260869565
			33.7936758893281	-9.47766798418972
			33.7936758893281	-9.52055335968379
			33.750790513834	-9.56343873517786
			33.750790513834	-9.60632411067194
			33.7079051383399	-9.64920948616601
			33.7079051383399	-9.69209486166008
			33.7079051383399	-9.73498023715415
			33.6650197628458	-9.77786561264822
			33.6650197628458	-9.82075098814229
			33.6221343873518	-9.86363636363636
			33.6221343873518	-9.90652173913043
			33.5792490118577	-9.9494071146245
			33.5792490118577	-9.99229249011858
			33.5792490118577	-10.0351778656126
			33.5363636363636	-10.0780632411067
			33.5363636363636	-10.1209486166008
			33.5363636363636	-10.1638339920949
			33.4934782608696	-10.2067193675889
			33.4934782608696	-10.249604743083
			33.4934782608696	-10.2924901185771
			33.4934782608696	-10.3353754940711
			33.4934782608696	-10.3782608695652
			33.4505928853755	-10.4211462450593
			33.4505928853755	-10.4640316205534
			33.4505928853755	-10.5069169960474
			33.4505928853755	-10.5498023715415
			33.4505928853755	-10.5926877470356
			33.4505928853755	-10.6355731225296
			33.4505928853755	-10.6784584980237
			33.4505928853755	-10.7213438735178
			33.4505928853755	-10.7642292490119
			33.4934782608696	-10.8071146245059
			33.4934782608696	-10.85
			33.4934782608696	-10.8928853754941
			33.5363636363636	-10.9357707509881
			33.5363636363636	-10.9786561264822
			33.5792490118577	-11.0215415019763
			33.5792490118577	-11.0644268774704
			33.5792490118577	-11.1073122529644
			33.5792490118577	-11.1501976284585
			33.5363636363636	-11.1930830039526
			33.5363636363636	-11.2359683794466
			33.5363636363636	-11.2788537549407
			33.5363636363636	-11.3217391304348
			33.5363636363636	-11.3646245059289
			33.5363636363636	-11.4075098814229
			33.5363636363636	-11.450395256917
			33.5363636363636	-11.4932806324111
		</glabella>
		<suture type=matrix rownames=FALSE colnames=FALSE nrow=397 ncol=2 as.numeric=TRUE >
			31.1347826086956	-2.70177865612648
			31.1776679841897	-2.70177865612648
			31.2205533596838	-2.70177865612648
			31.2634387351779	-2.70177865612648
			31.3063241106719	-2.70177865612648
			31.349209486166	-2.70177865612648
			31.3920948616601	-2.70177865612648
			31.4349802371541	-2.70177865612648
			31.4778656126482	-2.70177865612648
			31.5207509881423	-2.70177865612648
			31.5636363636364	-2.70177865612648
			31.6065217391304	-2.70177865612648
			31.6494071146245	-2.70177865612648
			31.6922924901186	-2.70177865612648
			31.7351778656126	-2.70177865612648
			31.7780632411067	-2.70177865612648
			31.8209486166008	-2.70177865612648
			31.8638339920949	-2.70177865612648
			31.9067193675889	-2.70177865612648
			31.949604743083	-2.74466403162055
			31.9924901185771	-2.74466403162055
			32.0353754940711	-2.74466403162055
			32.0782608695652	-2.74466403162055
			32.1211462450593	-2.74466403162055
			32.1640316205534	-2.74466403162055
			32.2069169960474	-2.74466403162055
			32.2498023715415	-2.74466403162055
			32.2926877470356	-2.74466403162055
			32.3355731225296	-2.74466403162055
			32.3784584980237	-2.74466403162055
			32.4213438735178	-2.78754940711462
			32.4642292490119	-2.78754940711462
			32.5071146245059	-2.78754940711462
			32.55	-2.78754940711462
			32.5928853754941	-2.78754940711462
			32.6357707509881	-2.78754940711462
			32.6786561264822	-2.78754940711462
			32.7215415019763	-2.8304347826087
			32.7644268774703	-2.8304347826087
			32.8073122529644	-2.8304347826087
			32.8501976284585	-2.8304347826087
			32.8930830039526	-2.8304347826087
			32.9359683794466	-2.8304347826087
			32.9359683794466	-2.87332015810277
			32.9788537549407	-2.87332015810277
			33.0217391304348	-2.87332015810277
			33.0646245059288	-2.87332015810277
			33.1075098814229	-2.87332015810277
			33.150395256917	-2.91620553359684
			33.1932806324111	-2.91620553359684
			33.2361660079051	-2.91620553359684
			33.2790513833992	-2.91620553359684
			33.3219367588933	-2.95909090909091
			33.3648221343873	-2.95909090909091
			33.4077075098814	-2.95909090909091
			33.4505928853755	-3.00197628458498
			33.4934782608696	-3.00197628458498
			33.5363636363636	-3.00197628458498
			33.5792490118577	-3.00197628458498
			33.6221343873518	-3.04486166007905
			33.6650197628458	-3.04486166007905
			33.7079051383399	-3.04486166007905
			33.750790513834	-3.08774703557312
			33.7936758893281	-3.08774703557312
			33.8365612648221	-3.13063241106719
			33.8794466403162	-3.13063241106719
			33.9223320158103	-3.17351778656126
			33.9652173913043	-3.17351778656126
			34.0081027667984	-3.21640316205534
			34.0509881422925	-3.21640316205534
			34.0938735177866	-3.25928853754941
			34.1367588932806	-3.25928853754941
			34.1796442687747	-3.30217391304348
			34.2225296442688	-3.30217391304348
			34.2654150197628	-3.34505928853755
			34.3083003952569	-3.34505928853755
			34.351185770751	-3.38794466403162
			34.3940711462451	-3.38794466403162
			34.4369565217391	-3.43083003952569
			34.4798418972332	-3.43083003952569
			34.5227272727273	-3.47371541501976
			34.5656126482213	-3.47371541501976
			34.5656126482213	-3.51660079051383
			34.6084980237154	-3.5594861660079
			34.6513833992095	-3.5594861660079
			34.6942687747036	-3.60237154150198
			34.7371541501976	-3.64525691699605
			34.7800395256917	-3.64525691699605
			34.7800395256917	-3.68814229249012
			34.8229249011858	-3.73102766798419
			34.8658102766798	-3.73102766798419
			34.9086956521739	-3.77391304347826
			34.9086956521739	-3.81679841897233
			34.951581027668	-3.81679841897233
			34.9944664031621	-3.8596837944664
			35.0373517786561	-3.90256916996047
			35.0802371541502	-3.94545454545454
			35.1231225296443	-3.98833992094862
			35.1231225296443	-4.03122529644269
			35.1660079051383	-4.07411067193676
			35.2088932806324	-4.11699604743083
			35.2517786561265	-4.1598814229249
			35.2517786561265	-4.20276679841897
			35.2946640316205	-4.24565217391304
			35.3375494071146	-4.28853754940711
			35.3804347826087	-4.33142292490118
			35.3804347826087	-4.37430830039526
			35.4233201581028	-4.41719367588933
			35.4233201581028	-4.4600790513834
			35.4662055335968	-4.50296442687747
			35.5090909090909	-4.54584980237154
			35.5090909090909	-4.58873517786561
			35.551976284585	-4.63162055335968
			35.551976284585	-4.67450592885375
			35.594861660079	-4.71739130434783
			35.594861660079	-4.7602766798419
			35.6377470355731	-4.80316205533597
			35.6377470355731	-4.84604743083004
			35.6806324110672	-4.88893280632411
			35.6806324110672	-4.93181818181818
			35.6806324110672	-4.97470355731225
			35.7235177865613	-5.01758893280632
			35.7235177865613	-5.0604743083004
			35.7235177865613	-5.10335968379447
			35.7235177865613	-5.14624505928854
			35.7235177865613	-5.18913043478261
			35.7235177865613	-5.23201581027668
			35.6806324110672	-5.27490118577075
			35.6806324110672	-5.31778656126482
			35.6806324110672	-5.36067193675889
			35.6806324110672	-5.40355731225296
			35.6806324110672	-5.44644268774703
			35.6806324110672	-5.48932806324111
			35.6377470355731	-5.53221343873518
			35.6377470355731	-5.57509881422925
			35.6377470355731	-5.61798418972332
			35.6377470355731	-5.66086956521739
			35.6377470355731	-5.70375494071146
			35.594861660079	-5.74664031620553
			35.594861660079	-5.7895256916996
			35.594861660079	-5.83241106719368
			35.594861660079	-5.87529644268775
			35.551976284585	-5.91818181818182
			35.551976284585	-5.96106719367589
			35.551976284585	-6.00395256916996
			35.551976284585	-6.04683794466403
			35.5090909090909	-6.0897233201581
			35.5090909090909	-6.13260869565217
			35.5090909090909	-6.17549407114624
			35.5090909090909	-6.21837944664032
			35.4662055335968	-6.26126482213439
			35.4662055335968	-6.30415019762846
			35.4662055335968	-6.34703557312253
			35.4233201581028	-6.3899209486166
			35.4233201581028	-6.43280632411067
			35.3804347826087	-6.43280632411067
			35.3804347826087	-6.47569169960474
			35.3804347826087	-6.51857707509881
			35.3375494071146	-6.56146245059288
			35.3375494071146	-6.60434782608696
			35.3375494071146	-6.64723320158103
			35.2946640316205	-6.6901185770751
			35.2946640316205	-6.73300395256917
			35.2517786561265	-6.77588932806324
			35.2517786561265	-6.81877470355731
			35.2088932806324	-6.86166007905138
			35.2088932806324	-6.90454545454545
			35.2517786561265	-6.90454545454545
			35.2946640316205	-6.90454545454545
			35.3375494071146	-6.90454545454545
			35.3804347826087	-6.90454545454545
			35.4233201581028	-6.94743083003952
			35.4662055335968	-6.94743083003952
			35.5090909090909	-6.94743083003952
			35.551976284585	-6.94743083003952
			35.594861660079	-6.94743083003952
			35.6377470355731	-6.9903162055336
			35.6806324110672	-6.9903162055336
			35.7235177865613	-6.9903162055336
			35.7664031620553	-7.03320158102767
			35.8092885375494	-7.03320158102767
			35.8521739130435	-7.03320158102767
			35.8950592885375	-7.07608695652174
			35.9379446640316	-7.07608695652174
			35.9808300395257	-7.11897233201581
			36.0237154150198	-7.11897233201581
			36.0666007905138	-7.16185770750988
			36.1094861660079	-7.16185770750988
			36.152371541502	-7.20474308300395
			36.195256916996	-7.24762845849802
			36.2381422924901	-7.24762845849802
			36.2810276679842	-7.29051383399209
			36.2810276679842	-7.33339920948617
			36.3239130434783	-7.33339920948617
			36.3667984189723	-7.37628458498024
			36.4096837944664	-7.41916996047431
			36.4096837944664	-7.46205533596838
			36.4525691699605	-7.50494071146245
			36.4954545454545	-7.54782608695652
			36.5383399209486	-7.54782608695652
			36.5383399209486	-7.59071146245059
			36.5812252964427	-7.63359683794466
			36.5812252964427	-7.67648221343873
			36.6241106719368	-7.71936758893281
			36.6669960474308	-7.76225296442688
			36.6669960474308	-7.80513833992095
			36.7098814229249	-7.84802371541502
			36.7098814229249	-7.89090909090909
			36.7098814229249	-7.93379446640316
			36.752766798419	-7.93379446640316
			36.752766798419	-7.97667984189723
			36.752766798419	-8.0195652173913
			36.752766798419	-8.06245059288537
			36.795652173913	-8.06245059288537
			36.795652173913	-8.10533596837945
			36.795652173913	-8.14822134387352
			36.795652173913	-8.19110671936759
			36.8385375494071	-8.19110671936759
			36.8385375494071	-8.23399209486166
			36.8385375494071	-8.27687747035573
			36.8385375494071	-8.3197628458498
			36.8385375494071	-8.36264822134387
			36.8385375494071	-8.40553359683794
			36.8385375494071	-8.44841897233201
			36.8385375494071	-8.49130434782609
			36.8385375494071	-8.53418972332016
			36.8385375494071	-8.57707509881423
			36.8385375494071	-8.6199604743083
			36.8385375494071	-8.66284584980237
			36.8385375494071	-8.70573122529644
			36.8385375494071	-8.74861660079051
			36.795652173913	-8.79150197628458
			36.795652173913	-8.83438735177866
			36.795652173913	-8.87727272727273
			36.752766798419	-8.9201581027668
			36.752766798419	-8.96304347826087
			36.752766798419	-9.00592885375494
			36.7098814229249	-9.04881422924901
			36.6669960474308	-9.04881422924901
			36.6669960474308	-9.09169960474308
			36.6241106719368	-9.13458498023715
			36.6241106719368	-9.17747035573122
			36.5812252964427	-9.2203557312253
			36.5383399209486	-9.2203557312253
			36.4954545454545	-9.26324110671937
			36.4954545454545	-9.30612648221344
			36.4525691699605	-9.34901185770751
			36.4096837944664	-9.34901185770751
			36.3667984189723	-9.39189723320158
			36.3239130434783	-9.43478260869565
			36.2810276679842	-9.43478260869565
			36.2381422924901	-9.47766798418972
			36.195256916996	-9.47766798418972
			36.152371541502	-9.52055335968379
			36.1094861660079	-9.56343873517786
			36.0666007905138	-9.56343873517786
			36.0237154150198	-9.56343873517786
			35.9808300395257	-9.60632411067194
			35.9379446640316	-9.60632411067194
			35.8950592885375	-9.64920948616601
			35.8521739130435	-9.64920948616601
			35.8092885375494	-9.64920948616601
			35.7664031620553	-9.69209486166008
			35.7235177865613	-9.69209486166008
			35.6806324110672	-9.69209486166008
			35.6377470355731	-9.73498023715415
			35.594861660079	-9.73498023715415
			35.551976284585	-9.73498023715415
			35.5090909090909	-9.73498023715415
			35.4662055335968	-9.77786561264822
			35.4233201581028	-9.77786561264822
			35.3804347826087	-9.77786561264822
			35.3375494071146	-9.82075098814229
			35.3375494071146	-9.86363636363636
			35.2946640316205	-9.90652173913043
			35.2946640316205	-9.9494071146245
			35.2517786561265	-9.99229249011858
			35.2517786561265	-10.0351778656126
			35.2517786561265	-10.0780632411067
			35.2517786561265	-10.1209486166008
			35.2517786561265	-10.1638339920949
			35.2517786561265	-10.2067193675889
			35.2517786561265	-10.249604743083
			35.2946640316205	-10.2924901185771
			35.2946640316205	-10.3353754940711
			35.3375494071146	-10.3782608695652
			35.3375494071146	-10.4211462450593
			35.3804347826087	-10.4640316205534
			35.4233201581028	-10.5069169960474
			35.4662055335968	-10.5498023715415
			35.5090909090909	-10.5498023715415
			35.551976284585	-10.5926877470356
			35.594861660079	-10.5926877470356
			35.6377470355731	-10.6355731225296
			35.6806324110672	-10.6355731225296
			35.7235177865613	-10.6355731225296
			35.7664031620553	-10.6355731225296
			35.8092885375494	-10.6355731225296
			35.8521739130435	-10.6355731225296
			35.8950592885375	-10.6355731225296
			35.9379446640316	-10.6355731225296
			35.9808300395257	-10.6355731225296
			36.0237154150198	-10.6355731225296
			36.0666007905138	-10.6355731225296
			36.1094861660079	-10.6355731225296
			36.152371541502	-10.6355731225296
			36.195256916996	-10.6355731225296
			36.2381422924901	-10.6355731225296
			36.2810276679842	-10.6355731225296
			36.3239130434783	-10.6355731225296
			36.3667984189723	-10.6355731225296
			36.4096837944664	-10.5926877470356
			36.4525691699605	-10.5926877470356
			36.4954545454545	-10.5926877470356
			36.5383399209486	-10.5926877470356
			36.5812252964427	-10.5926877470356
			36.6241106719368	-10.5498023715415
			36.6669960474308	-10.5498023715415
			36.7098814229249	-10.5498023715415
			36.752766798419	-10.5069169960474
			36.795652173913	-10.5069169960474
			36.8385375494071	-10.5069169960474
			36.8385375494071	-10.4640316205534
			36.8814229249012	-10.4640316205534
			36.9243083003953	-10.4640316205534
			36.9671936758893	-10.4211462450593
			37.0100790513834	-10.4211462450593
			37.0529644268775	-10.4211462450593
			37.0958498023715	-10.3782608695652
			37.1387351778656	-10.3782608695652
			37.1387351778656	-10.3353754940711
			37.1816205533597	-10.3353754940711
			37.2245059288538	-10.2924901185771
			37.2673913043478	-10.2924901185771
			37.3102766798419	-10.249604743083
			37.353162055336	-10.249604743083
			37.39604743083	-10.2067193675889
			37.4389328063241	-10.2067193675889
			37.4389328063241	-10.1638339920949
			37.4818181818182	-10.1638339920949
			37.5247035573123	-10.1209486166008
			37.5675889328063	-10.0780632411067
			37.6104743083004	-10.0780632411067
			37.6533596837945	-10.0351778656126
			37.6962450592885	-9.99229249011858
			37.7391304347826	-9.9494071146245
			37.7820158102767	-9.90652173913043
			37.8249011857707	-9.86363636363636
			37.8677865612648	-9.82075098814229
			37.9106719367589	-9.82075098814229
			37.953557312253	-9.77786561264822
			37.996442687747	-9.73498023715415
			38.0393280632411	-9.73498023715415
			38.0822134387352	-9.69209486166008
			38.1250988142292	-9.64920948616601
			38.1679841897233	-9.64920948616601
			38.2108695652174	-9.60632411067194
			38.2537549407115	-9.60632411067194
			38.2966403162055	-9.56343873517786
			38.3395256916996	-9.56343873517786
			38.3824110671937	-9.56343873517786
			38.4252964426877	-9.52055335968379
			38.4681818181818	-9.52055335968379
			38.5110671936759	-9.47766798418972
			38.55395256917	-9.47766798418972
			38.596837944664	-9.47766798418972
			38.6397233201581	-9.47766798418972
			38.6826086956522	-9.47766798418972
			38.7254940711462	-9.47766798418972
			38.7683794466403	-9.47766798418972
			38.8112648221344	-9.43478260869565
			38.8541501976285	-9.43478260869565
			38.8970355731225	-9.43478260869565
			38.9399209486166	-9.43478260869565
			38.9828063241107	-9.43478260869565
			39.0256916996047	-9.43478260869565
			39.0685770750988	-9.43478260869565
			39.1114624505929	-9.43478260869565
			39.154347826087	-9.43478260869565
			39.197233201581	-9.43478260869565
			39.2401185770751	-9.43478260869565
			39.2830039525692	-9.47766798418972
			39.3258893280632	-9.47766798418972
			39.3687747035573	-9.47766798418972
			39.4116600790514	-9.47766798418972
			39.4545454545455	-9.47766798418972
			39.4974308300395	-9.47766798418972
			39.5403162055336	-9.52055335968379
			39.5832015810277	-9.52055335968379
			39.6260869565217	-9.52055335968379
			39.6689723320158	-9.52055335968379
			39.7118577075099	-9.56343873517786
			39.754743083004	-9.56343873517786
			39.797628458498	-9.56343873517786
			39.8405138339921	-9.56343873517786
			39.8833992094862	-9.60632411067194
			39.9262845849802	-9.60632411067194
		</suture>
		<anterior type=matrix rownames=FALSE colnames=FALSE nrow=325 ncol=2 as.numeric=TRUE >
			31.1776679841897	-1.11501976284585
			31.2205533596838	-1.11501976284585
			31.2634387351779	-1.11501976284585
			31.3063241106719	-1.11501976284585
			31.349209486166	-1.11501976284585
			31.3920948616601	-1.11501976284585
			31.4349802371541	-1.11501976284585
			31.4778656126482	-1.11501976284585
			31.5207509881423	-1.11501976284585
			31.5207509881423	-1.15790513833992
			31.5636363636364	-1.15790513833992
			31.6065217391304	-1.15790513833992
			31.6494071146245	-1.15790513833992
			31.6922924901186	-1.15790513833992
			31.7351778656126	-1.15790513833992
			31.7780632411067	-1.15790513833992
			31.8209486166008	-1.15790513833992
			31.8638339920949	-1.15790513833992
			31.9067193675889	-1.20079051383399
			31.949604743083	-1.20079051383399
			31.9924901185771	-1.20079051383399
			32.0353754940711	-1.20079051383399
			32.0782608695652	-1.20079051383399
			32.1211462450593	-1.20079051383399
			32.1640316205534	-1.24367588932806
			32.2069169960474	-1.24367588932806
			32.2498023715415	-1.24367588932806
			32.2926877470356	-1.24367588932806
			32.3355731225296	-1.24367588932806
			32.3784584980237	-1.28656126482213
			32.4213438735178	-1.28656126482213
			32.4642292490119	-1.28656126482213
			32.5071146245059	-1.28656126482213
			32.55	-1.28656126482213
			32.5928853754941	-1.32944664031621
			32.6357707509881	-1.32944664031621
			32.6786561264822	-1.32944664031621
			32.7215415019763	-1.32944664031621
			32.7644268774703	-1.37233201581028
			32.8073122529644	-1.37233201581028
			32.8501976284585	-1.37233201581028
			32.8930830039526	-1.41521739130435
			32.9359683794466	-1.41521739130435
			32.9788537549407	-1.41521739130435
			33.0217391304348	-1.45810276679842
			33.0646245059288	-1.45810276679842
			33.1075098814229	-1.45810276679842
			33.150395256917	-1.50098814229249
			33.1932806324111	-1.50098814229249
			33.2361660079051	-1.50098814229249
			33.2361660079051	-1.54387351778656
			33.2790513833992	-1.54387351778656
			33.3219367588933	-1.54387351778656
			33.3648221343873	-1.54387351778656
			33.3648221343873	-1.58675889328063
			33.4077075098814	-1.58675889328063
			33.4505928853755	-1.58675889328063
			33.4934782608696	-1.6296442687747
			33.5363636363636	-1.6296442687747
			33.5792490118577	-1.67252964426877
			33.6221343873518	-1.67252964426877
			33.6650197628458	-1.71541501976285
			33.7079051383399	-1.71541501976285
			33.750790513834	-1.75830039525692
			33.7936758893281	-1.75830039525692
			33.7936758893281	-1.80118577075099
			33.8365612648221	-1.80118577075099
			33.8794466403162	-1.80118577075099
			33.9223320158103	-1.84407114624506
			33.9652173913043	-1.84407114624506
			34.0081027667984	-1.88695652173913
			34.0509881422925	-1.9298418972332
			34.0938735177866	-1.9298418972332
			34.1367588932806	-1.97272727272727
			34.1796442687747	-2.01561264822134
			34.2225296442688	-2.01561264822134
			34.2654150197628	-2.05849802371541
			34.3083003952569	-2.05849802371541
			34.351185770751	-2.10138339920949
			34.3940711462451	-2.14426877470356
			34.4369565217391	-2.14426877470356
			34.4369565217391	-2.18715415019763
			34.4798418972332	-2.2300395256917
			34.5227272727273	-2.2300395256917
			34.5656126482213	-2.27292490118577
			34.6084980237154	-2.31581027667984
			34.6513833992095	-2.31581027667984
			34.6942687747036	-2.35869565217391
			34.6942687747036	-2.40158102766798
			34.7371541501976	-2.44446640316206
			34.7800395256917	-2.44446640316206
			34.8229249011858	-2.48735177865613
			34.8658102766798	-2.5302371541502
			34.9086956521739	-2.57312252964427
			34.9086956521739	-2.61600790513834
			34.951581027668	-2.61600790513834
			34.9944664031621	-2.65889328063241
			35.0373517786561	-2.70177865612648
			35.0802371541502	-2.74466403162055
			35.0802371541502	-2.78754940711462
			35.1231225296443	-2.78754940711462
			35.1660079051383	-2.8304347826087
			35.2088932806324	-2.87332015810277
			35.2088932806324	-2.91620553359684
			35.2517786561265	-2.95909090909091
			35.2946640316205	-3.00197628458498
			35.3375494071146	-3.04486166007905
			35.3375494071146	-3.08774703557312
			35.3804347826087	-3.08774703557312
			35.4233201581028	-3.13063241106719
			35.4233201581028	-3.17351778656126
			35.4662055335968	-3.21640316205534
			35.5090909090909	-3.25928853754941
			35.551976284585	-3.25928853754941
			35.594861660079	-3.25928853754941
			35.6377470355731	-3.30217391304348
			35.6806324110672	-3.34505928853755
			35.7235177865613	-3.38794466403162
			35.7664031620553	-3.38794466403162
			35.8092885375494	-3.43083003952569
			35.8521739130435	-3.43083003952569
			35.8950592885375	-3.47371541501976
			35.9379446640316	-3.51660079051383
			35.9808300395257	-3.51660079051383
			36.0237154150198	-3.5594861660079
			36.0666007905138	-3.60237154150198
			36.1094861660079	-3.60237154150198
			36.152371541502	-3.64525691699605
			36.195256916996	-3.68814229249012
			36.2381422924901	-3.73102766798419
			36.2810276679842	-3.73102766798419
			36.3239130434783	-3.77391304347826
			36.3667984189723	-3.81679841897233
			36.4096837944664	-3.8596837944664
			36.4525691699605	-3.90256916996047
			36.4954545454545	-3.94545454545454
			36.5383399209486	-3.94545454545454
			36.5812252964427	-3.98833992094862
			36.6241106719368	-4.03122529644269
			36.6669960474308	-4.07411067193676
			36.6669960474308	-4.11699604743083
			36.7098814229249	-4.1598814229249
			36.752766798419	-4.20276679841897
			36.795652173913	-4.24565217391304
			36.8385375494071	-4.28853754940711
			36.8814229249012	-4.33142292490118
			36.9243083003953	-4.37430830039526
			36.9671936758893	-4.41719367588933
			37.0100790513834	-4.4600790513834
			37.0529644268775	-4.50296442687747
			37.0958498023715	-4.54584980237154
			37.1387351778656	-4.58873517786561
			37.1816205533597	-4.63162055335968
			37.2245059288538	-4.67450592885375
			37.2673913043478	-4.71739130434783
			37.2673913043478	-4.7602766798419
			37.3102766798419	-4.80316205533597
			37.353162055336	-4.84604743083004
			37.353162055336	-4.88893280632411
			37.39604743083	-4.88893280632411
			37.4389328063241	-4.93181818181818
			37.4389328063241	-4.97470355731225
			37.4818181818182	-5.01758893280632
			37.5247035573123	-5.0604743083004
			37.5675889328063	-5.10335968379447
			37.5675889328063	-5.14624505928854
			37.6104743083004	-5.18913043478261
			37.6533596837945	-5.23201581027668
			37.6533596837945	-5.27490118577075
			37.6962450592885	-5.31778656126482
			37.7391304347826	-5.36067193675889
			37.7391304347826	-5.40355731225296
			37.7820158102767	-5.44644268774703
			37.8249011857707	-5.48932806324111
			37.8249011857707	-5.53221343873518
			37.8677865612648	-5.57509881422925
			37.9106719367589	-5.61798418972332
			37.9106719367589	-5.66086956521739
			37.953557312253	-5.70375494071146
			37.996442687747	-5.74664031620553
			38.0393280632411	-5.7895256916996
			38.0393280632411	-5.83241106719368
			38.0393280632411	-5.87529644268775
			38.0822134387352	-5.87529644268775
			38.0822134387352	-5.91818181818182
			38.1250988142292	-5.96106719367589
			38.1250988142292	-6.00395256916996
			38.1679841897233	-6.00395256916996
			38.1679841897233	-6.04683794466403
			38.2108695652174	-6.0897233201581
			38.2108695652174	-6.13260869565217
			38.2537549407115	-6.13260869565217
			38.2537549407115	-6.17549407114624
			38.2537549407115	-6.21837944664032
			38.2966403162055	-6.26126482213439
			38.3395256916996	-6.30415019762846
			38.3395256916996	-6.34703557312253
			38.3824110671937	-6.3899209486166
			38.3824110671937	-6.43280632411067
			38.4252964426877	-6.47569169960474
			38.4252964426877	-6.51857707509881
			38.4681818181818	-6.56146245059288
			38.5110671936759	-6.60434782608696
			38.5110671936759	-6.64723320158103
			38.55395256917	-6.6901185770751
			38.55395256917	-6.73300395256917
			38.596837944664	-6.77588932806324
			38.596837944664	-6.81877470355731
			38.6397233201581	-6.86166007905138
			38.6397233201581	-6.90454545454545
			38.6826086956522	-6.94743083003952
			38.6826086956522	-6.9903162055336
			38.7254940711462	-7.03320158102767
			38.7254940711462	-7.07608695652174
			38.7683794466403	-7.11897233201581
			38.7683794466403	-7.16185770750988
			38.8112648221344	-7.20474308300395
			38.8112648221344	-7.24762845849802
			38.8541501976285	-7.29051383399209
			38.8970355731225	-7.33339920948617
			38.8970355731225	-7.37628458498024
			38.9399209486166	-7.41916996047431
			38.9399209486166	-7.46205533596838
			38.9828063241107	-7.50494071146245
			38.9828063241107	-7.54782608695652
			38.9828063241107	-7.59071146245059
			39.0256916996047	-7.59071146245059
			39.0256916996047	-7.63359683794466
			39.0256916996047	-7.67648221343873
			39.0685770750988	-7.71936758893281
			39.0685770750988	-7.76225296442688
			39.1114624505929	-7.80513833992095
			39.1114624505929	-7.84802371541502
			39.154347826087	-7.89090909090909
			39.154347826087	-7.93379446640316
			39.197233201581	-7.97667984189723
			39.197233201581	-8.0195652173913
			39.2401185770751	-8.06245059288537
			39.2401185770751	-8.10533596837945
			39.2401185770751	-8.14822134387352
			39.2830039525692	-8.19110671936759
			39.2830039525692	-8.23399209486166
			39.3258893280632	-8.27687747035573
			39.3258893280632	-8.3197628458498
			39.3687747035573	-8.36264822134387
			39.3687747035573	-8.40553359683794
			39.3687747035573	-8.44841897233201
			39.4116600790514	-8.49130434782609
			39.4116600790514	-8.53418972332016
			39.4545454545455	-8.57707509881423
			39.4545454545455	-8.6199604743083
			39.4974308300395	-8.66284584980237
			39.4974308300395	-8.70573122529644
			39.4974308300395	-8.74861660079051
			39.5403162055336	-8.79150197628458
			39.5403162055336	-8.83438735177866
			39.5832015810277	-8.87727272727273
			39.5832015810277	-8.9201581027668
			39.5832015810277	-8.96304347826087
			39.6260869565217	-9.00592885375494
			39.6260869565217	-9.04881422924901
			39.6689723320158	-9.09169960474308
			39.6689723320158	-9.13458498023715
			39.6689723320158	-9.17747035573122
			39.7118577075099	-9.2203557312253
			39.7118577075099	-9.26324110671937
			39.7118577075099	-9.30612648221344
			39.754743083004	-9.34901185770751
			39.754743083004	-9.39189723320158
			39.797628458498	-9.43478260869565
			39.797628458498	-9.47766798418972
			39.797628458498	-9.52055335968379
			39.8405138339921	-9.56343873517786
			39.8405138339921	-9.60632411067194
			39.8833992094862	-9.64920948616601
			39.8833992094862	-9.69209486166008
			39.8833992094862	-9.73498023715415
			39.9262845849802	-9.77786561264822
			39.9262845849802	-9.82075098814229
			39.9691699604743	-9.86363636363636
			39.9691699604743	-9.90652173913043
			39.9691699604743	-9.9494071146245
			39.9691699604743	-9.99229249011858
			40.0120553359684	-10.0351778656126
			40.0120553359684	-10.0780632411067
			40.0549407114624	-10.1209486166008
			40.0549407114624	-10.1638339920949
			40.0549407114624	-10.2067193675889
			40.0978260869565	-10.249604743083
			40.0978260869565	-10.2924901185771
			40.0978260869565	-10.3353754940711
			40.1407114624506	-10.3782608695652
			40.1407114624506	-10.4211462450593
			40.1835968379447	-10.4640316205534
			40.1835968379447	-10.5069169960474
			40.1835968379447	-10.5498023715415
			40.1835968379447	-10.5926877470356
			40.2264822134387	-10.5926877470356
			40.2264822134387	-10.6355731225296
			40.2264822134387	-10.6784584980237
			40.2264822134387	-10.7213438735178
			40.2693675889328	-10.7642292490119
			40.2693675889328	-10.8071146245059
			40.3122529644269	-10.85
			40.3122529644269	-10.8928853754941
			40.3122529644269	-10.9357707509881
			40.3122529644269	-10.9786561264822
			40.3551383399209	-11.0215415019763
			40.3551383399209	-11.0644268774704
			40.3551383399209	-11.1073122529644
			40.398023715415	-11.1501976284585
			40.398023715415	-11.1930830039526
			40.398023715415	-11.2359683794466
			40.4409090909091	-11.2788537549407
			40.4409090909091	-11.3217391304348
			40.4409090909091	-11.3646245059289
			40.4837944664032	-11.4075098814229
			40.4837944664032	-11.450395256917
			40.4837944664032	-11.4932806324111
			40.5266798418972	-11.4932806324111
			40.5266798418972	-11.5361660079051
			40.5266798418972	-11.5790513833992
			40.5695652173913	-11.6219367588933
			40.5695652173913	-11.6648221343874
			40.5695652173913	-11.7077075098814
		</anterior>
		<posterior type=matrix rownames=FALSE colnames=FALSE nrow=535 ncol=2 as.numeric=TRUE >
			31.5207509881423	-11.7077075098814
			31.5636363636364	-11.7077075098814
			31.6065217391304	-11.7077075098814
			31.6494071146245	-11.7077075098814
			31.6922924901186	-11.6648221343874
			31.7351778656126	-11.6648221343874
			31.7780632411067	-11.6648221343874
			31.8209486166008	-11.6648221343874
			31.8638339920949	-11.6648221343874
			31.9067193675889	-11.6648221343874
			31.949604743083	-11.6648221343874
			31.9924901185771	-11.6219367588933
			32.0353754940711	-11.6219367588933
			32.0782608695652	-11.6219367588933
			32.1211462450593	-11.6219367588933
			32.1640316205534	-11.6219367588933
			32.2069169960474	-11.6219367588933
			32.2498023715415	-11.6219367588933
			32.2926877470356	-11.6219367588933
			32.3355731225296	-11.6219367588933
			32.3784584980237	-11.6219367588933
			32.4213438735178	-11.6219367588933
			32.4642292490119	-11.6219367588933
			32.5071146245059	-11.6219367588933
			32.55	-11.6219367588933
			32.5928853754941	-11.6219367588933
			32.6357707509881	-11.6219367588933
			32.6786561264822	-11.6219367588933
			32.7215415019763	-11.6219367588933
			32.7644268774703	-11.6219367588933
			32.8073122529644	-11.6219367588933
			32.8501976284585	-11.6219367588933
			32.8930830039526	-11.6219367588933
			32.8930830039526	-11.6648221343874
			32.9359683794466	-11.6648221343874
			32.9788537549407	-11.6648221343874
			33.0217391304348	-11.6648221343874
			33.0646245059288	-11.6648221343874
			33.1075098814229	-11.6648221343874
			33.150395256917	-11.6648221343874
			33.1932806324111	-11.6648221343874
			33.2361660079051	-11.7077075098814
			33.2790513833992	-11.7077075098814
			33.3219367588933	-11.7077075098814
			33.3648221343873	-11.7077075098814
			33.4077075098814	-11.7077075098814
			33.4505928853755	-11.7077075098814
			33.4934782608696	-11.7077075098814
			33.5363636363636	-11.7077075098814
			33.5792490118577	-11.7077075098814
			33.6221343873518	-11.7077075098814
			33.6650197628458	-11.7077075098814
			33.7079051383399	-11.7077075098814
			33.750790513834	-11.6648221343874
			33.7936758893281	-11.6648221343874
			33.8365612648221	-11.6648221343874
			33.8794466403162	-11.6648221343874
			33.9223320158103	-11.6648221343874
			33.9652173913043	-11.6648221343874
			34.0081027667984	-11.6648221343874
			34.0509881422925	-11.6648221343874
			34.0938735177866	-11.6648221343874
			34.1367588932806	-11.6648221343874
			34.1796442687747	-11.6648221343874
			34.2225296442688	-11.6648221343874
			34.2654150197628	-11.6648221343874
			34.3083003952569	-11.6648221343874
			34.351185770751	-11.6648221343874
			34.3940711462451	-11.7077075098814
			34.4369565217391	-11.7077075098814
			34.4798418972332	-11.7077075098814
			34.5227272727273	-11.7077075098814
			34.5656126482213	-11.7077075098814
			34.6084980237154	-11.7077075098814
			34.6513833992095	-11.7077075098814
			34.6942687747036	-11.7077075098814
			34.7371541501976	-11.7077075098814
			34.7800395256917	-11.7077075098814
			34.8229249011858	-11.7077075098814
			34.8658102766798	-11.7077075098814
			34.9086956521739	-11.7077075098814
			34.951581027668	-11.7077075098814
			34.9944664031621	-11.7077075098814
			35.0373517786561	-11.7077075098814
			35.0802371541502	-11.7077075098814
			35.1231225296443	-11.7077075098814
			35.1660079051383	-11.7077075098814
			35.2088932806324	-11.7077075098814
			35.2517786561265	-11.7077075098814
			35.2946640316205	-11.7077075098814
			35.3375494071146	-11.7077075098814
			35.3804347826087	-11.7077075098814
			35.4233201581028	-11.7077075098814
			35.4662055335968	-11.7077075098814
			35.5090909090909	-11.7077075098814
			35.551976284585	-11.7077075098814
			35.594861660079	-11.7505928853755
			35.6377470355731	-11.7505928853755
			35.6806324110672	-11.7505928853755
			35.7235177865613	-11.7505928853755
			35.7664031620553	-11.7505928853755
			35.8092885375494	-11.7505928853755
			35.8521739130435	-11.7505928853755
			35.8950592885375	-11.7505928853755
			35.9379446640316	-11.7505928853755
			35.9808300395257	-11.7505928853755
			36.0237154150198	-11.7505928853755
			36.0666007905138	-11.7505928853755
			36.1094861660079	-11.7505928853755
			36.152371541502	-11.7505928853755
			36.195256916996	-11.7505928853755
			36.2381422924901	-11.7505928853755
			36.2810276679842	-11.7505928853755
			36.3239130434783	-11.7934782608696
			36.3667984189723	-11.7934782608696
			36.4096837944664	-11.7934782608696
			36.4525691699605	-11.7934782608696
			36.4954545454545	-11.7934782608696
			36.5383399209486	-11.7934782608696
			36.5812252964427	-11.7934782608696
			36.6241106719368	-11.7934782608696
			36.6669960474308	-11.7934782608696
			36.7098814229249	-11.7934782608696
			36.752766798419	-11.7934782608696
			36.795652173913	-11.7934782608696
			36.8385375494071	-11.7934782608696
			36.8814229249012	-11.7934782608696
			36.9243083003953	-11.7934782608696
			36.9671936758893	-11.7934782608696
			36.9671936758893	-11.8363636363636
			37.0100790513834	-11.8363636363636
			37.0529644268775	-11.8363636363636
			37.0958498023715	-11.8363636363636
			37.1387351778656	-11.8363636363636
			37.1816205533597	-11.8363636363636
			37.2245059288538	-11.8363636363636
			37.2673913043478	-11.8363636363636
			37.3102766798419	-11.8363636363636
			37.353162055336	-11.8792490118577
			37.39604743083	-11.9221343873518
			37.4389328063241	-11.9221343873518
			37.4389328063241	-11.9650197628458
			37.4818181818182	-11.9650197628458
			37.5247035573123	-12.0079051383399
			37.5675889328063	-12.050790513834
			37.6104743083004	-12.050790513834
			37.6533596837945	-12.0936758893281
			37.6962450592885	-12.1365612648221
			37.7391304347826	-12.1365612648221
			37.7820158102767	-12.1794466403162
			37.8249011857707	-12.2223320158103
			37.8677865612648	-12.2652173913043
			37.9106719367589	-12.3081027667984
			37.953557312253	-12.3509881422925
			37.996442687747	-12.3509881422925
			38.0393280632411	-12.3938735177866
			38.0822134387352	-12.4367588932806
			38.1250988142292	-12.4796442687747
			38.1679841897233	-12.5225296442688
			38.2108695652174	-12.5654150197628
			38.2537549407115	-12.6083003952569
			38.2966403162055	-12.651185770751
			38.3395256916996	-12.6940711462451
			38.3824110671937	-12.7369565217391
			38.4252964426877	-12.7798418972332
			38.4681818181818	-12.8227272727273
			38.5110671936759	-12.8656126482213
			38.55395256917	-12.9084980237154
			38.55395256917	-12.9513833992095
			38.596837944664	-12.9513833992095
			38.596837944664	-12.9942687747036
			38.6397233201581	-13.0371541501976
			38.6826086956522	-13.0371541501976
			38.6826086956522	-13.0800395256917
			38.7254940711462	-13.1229249011858
			38.7254940711462	-13.1658102766798
			38.7683794466403	-13.1658102766798
			38.7683794466403	-13.2086956521739
			38.8112648221344	-13.251581027668
			38.8541501976285	-13.2944664031621
			38.8541501976285	-13.3373517786561
			38.8970355731225	-13.3373517786561
			38.8970355731225	-13.3802371541502
			38.9399209486166	-13.4231225296443
			38.9399209486166	-13.4660079051383
			38.9828063241107	-13.5088932806324
			39.0256916996047	-13.5517786561265
			39.0256916996047	-13.5946640316206
			39.0685770750988	-13.6375494071146
			39.1114624505929	-13.6804347826087
			39.1114624505929	-13.7233201581028
			39.154347826087	-13.7662055335968
			39.154347826087	-13.8090909090909
			39.197233201581	-13.851976284585
			39.197233201581	-13.894861660079
			39.2401185770751	-13.9377470355731
			39.2401185770751	-13.9806324110672
			39.2830039525692	-14.0235177865613
			39.2830039525692	-14.0664031620553
			39.3258893280632	-14.1092885375494
			39.3258893280632	-14.1521739130435
			39.3687747035573	-14.1950592885375
			39.3687747035573	-14.2379446640316
			39.4116600790514	-14.2808300395257
			39.4116600790514	-14.3237154150198
			39.4116600790514	-14.3666007905138
			39.4545454545455	-14.3666007905138
			39.4545454545455	-14.4094861660079
			39.4545454545455	-14.452371541502
			39.4974308300395	-14.495256916996
			39.4974308300395	-14.5381422924901
			39.5403162055336	-14.5810276679842
			39.5403162055336	-14.6239130434783
			39.5403162055336	-14.6667984189723
			39.5832015810277	-14.7096837944664
			39.5832015810277	-14.7525691699605
			39.5832015810277	-14.7954545454545
			39.6260869565217	-14.8383399209486
			39.6260869565217	-14.8812252964427
			39.6260869565217	-14.9241106719368
			39.6260869565217	-14.9669960474308
			39.6689723320158	-14.9669960474308
			39.6689723320158	-15.0098814229249
			39.6689723320158	-15.052766798419
			39.6689723320158	-15.095652173913
			39.7118577075099	-15.1385375494071
			39.7118577075099	-15.1814229249012
			39.7118577075099	-15.2243083003953
			39.754743083004	-15.2671936758893
			39.754743083004	-15.3100790513834
			39.754743083004	-15.3529644268775
			39.797628458498	-15.3958498023715
			39.797628458498	-15.4387351778656
			39.797628458498	-15.4816205533597
			39.8405138339921	-15.5245059288538
			39.8405138339921	-15.5673913043478
			39.8405138339921	-15.6102766798419
			39.8833992094862	-15.653162055336
			39.8833992094862	-15.69604743083
			39.8833992094862	-15.7389328063241
			39.9262845849802	-15.7818181818182
			39.9262845849802	-15.8247035573123
			39.9262845849802	-15.8675889328063
			39.9691699604743	-15.9104743083004
			39.9691699604743	-15.9533596837945
			39.9691699604743	-15.9962450592885
			40.0120553359684	-16.0391304347826
			40.0120553359684	-16.0820158102767
			40.0120553359684	-16.1249011857707
			40.0120553359684	-16.1677865612648
			40.0549407114624	-16.2106719367589
			40.0549407114624	-16.253557312253
			40.0978260869565	-16.296442687747
			40.0978260869565	-16.3393280632411
			40.0978260869565	-16.3822134387352
			40.1407114624506	-16.4250988142292
			40.1407114624506	-16.4679841897233
			40.1407114624506	-16.5108695652174
			40.1407114624506	-16.5537549407115
			40.1835968379447	-16.5966403162055
			40.1835968379447	-16.6395256916996
			40.2264822134387	-16.6824110671937
			40.2264822134387	-16.7252964426877
			40.2264822134387	-16.7681818181818
			40.2264822134387	-16.8110671936759
			40.2693675889328	-16.85395256917
			40.2693675889328	-16.896837944664
			40.2693675889328	-16.9397233201581
			40.3122529644269	-16.9826086956522
			40.3122529644269	-17.0254940711462
			40.3551383399209	-17.0683794466403
			40.3551383399209	-17.1112648221344
			40.3551383399209	-17.1541501976285
			40.3551383399209	-17.1970355731225
			40.398023715415	-17.2399209486166
			40.398023715415	-17.2828063241107
			40.398023715415	-17.3256916996047
			40.4409090909091	-17.3685770750988
			40.4409090909091	-17.4114624505929
			40.4409090909091	-17.454347826087
			40.4837944664032	-17.497233201581
			40.4837944664032	-17.5401185770751
			40.4837944664032	-17.5830039525692
			40.5266798418972	-17.6258893280632
			40.5266798418972	-17.6687747035573
			40.5266798418972	-17.7116600790514
			40.5695652173913	-17.7545454545455
			40.5695652173913	-17.7974308300395
			40.6124505928854	-17.8403162055336
			40.6124505928854	-17.8832015810277
			40.6124505928854	-17.9260869565217
			40.6124505928854	-17.9689723320158
			40.6553359683794	-18.0118577075099
			40.6553359683794	-18.0547430830039
			40.6553359683794	-18.097628458498
			40.6982213438735	-18.1405138339921
			40.6982213438735	-18.1833992094862
			40.6982213438735	-18.2262845849802
			40.7411067193676	-18.2691699604743
			40.7411067193676	-18.3120553359684
			40.7411067193676	-18.3549407114624
			40.7839920948617	-18.3978260869565
			40.7839920948617	-18.4407114624506
			40.7839920948617	-18.4835968379447
			40.8268774703557	-18.5264822134387
			40.8268774703557	-18.5693675889328
			40.8697628458498	-18.6122529644269
			40.8697628458498	-18.6551383399209
			40.8697628458498	-18.698023715415
			40.8697628458498	-18.7409090909091
			40.9126482213439	-18.7409090909091
			40.9126482213439	-18.7837944664032
			40.9126482213439	-18.8266798418972
			40.9126482213439	-18.8695652173913
			40.9555335968379	-18.9124505928854
			40.9555335968379	-18.9553359683794
			40.9555335968379	-18.9982213438735
			40.998418972332	-19.0411067193676
			40.998418972332	-19.0839920948617
			40.998418972332	-19.1268774703557
			41.0413043478261	-19.1697628458498
			41.0413043478261	-19.2126482213439
			41.0413043478261	-19.2555335968379
			41.0841897233202	-19.2555335968379
			41.0841897233202	-19.298418972332
			41.0841897233202	-19.3413043478261
			41.0841897233202	-19.3841897233202
			41.1270750988142	-19.4270750988142
			41.1270750988142	-19.4699604743083
			41.1270750988142	-19.5128458498024
			41.1699604743083	-19.5557312252964
			41.1699604743083	-19.5986166007905
			41.1699604743083	-19.6415019762846
			41.2128458498024	-19.6843873517787
			41.2128458498024	-19.7272727272727
			41.2128458498024	-19.7701581027668
			41.2557312252964	-19.8130434782609
			41.2557312252964	-19.8559288537549
			41.2557312252964	-19.898814229249
			41.2986166007905	-19.9416996047431
			41.2986166007905	-19.9845849802372
			41.2986166007905	-19.9416996047431
			41.3415019762846	-19.9416996047431
			41.3415019762846	-19.898814229249
			41.3843873517786	-19.8559288537549
			41.3843873517786	-19.8130434782609
			41.3843873517786	-19.7701581027668
			41.3843873517786	-19.7272727272727
			41.4272727272727	-19.6843873517787
			41.4272727272727	-19.6415019762846
			41.4272727272727	-19.5986166007905
			41.4272727272727	-19.5557312252964
			41.4272727272727	-19.5128458498024
			41.4272727272727	-19.4699604743083
			41.4701581027668	-19.4270750988142
			41.4701581027668	-19.3841897233202
			41.4701581027668	-19.3413043478261
			41.4701581027668	-19.298418972332
			41.4701581027668	-19.2555335968379
			41.4701581027668	-19.2126482213439
			41.4701581027668	-19.1697628458498
			41.4701581027668	-19.1268774703557
			41.4701581027668	-19.0839920948617
			41.4701581027668	-19.0411067193676
			41.4701581027668	-18.9982213438735
			41.4701581027668	-18.9553359683794
			41.4701581027668	-18.9124505928854
			41.4701581027668	-18.8695652173913
			41.5130434782609	-18.8266798418972
			41.5130434782609	-18.7837944664032
			41.5130434782609	-18.7409090909091
			41.5130434782609	-18.698023715415
			41.5130434782609	-18.6551383399209
			41.5130434782609	-18.6122529644269
			41.5130434782609	-18.5693675889328
			41.5130434782609	-18.5264822134387
			41.5130434782609	-18.4835968379447
			41.5130434782609	-18.4407114624506
			41.5130434782609	-18.3978260869565
			41.5130434782609	-18.3549407114624
			41.5130434782609	-18.3120553359684
			41.5130434782609	-18.2691699604743
			41.5130434782609	-18.2262845849802
			41.5130434782609	-18.1833992094862
			41.5130434782609	-18.1405138339921
			41.5130434782609	-18.097628458498
			41.5130434782609	-18.0547430830039
			41.5130434782609	-18.0118577075099
			41.5130434782609	-17.9689723320158
			41.5130434782609	-17.9260869565217
			41.5130434782609	-17.8832015810277
			41.5130434782609	-17.8403162055336
			41.5130434782609	-17.7974308300395
			41.5130434782609	-17.7545454545455
			41.4701581027668	-17.7116600790514
			41.4701581027668	-17.6687747035573
			41.4701581027668	-17.6258893280632
			41.4272727272727	-17.5830039525692
			41.4272727272727	-17.5401185770751
			41.4272727272727	-17.497233201581
			41.3843873517786	-17.454347826087
			41.3843873517786	-17.4114624505929
			41.3843873517786	-17.3685770750988
			41.3415019762846	-17.3256916996047
			41.3415019762846	-17.2828063241107
			41.3415019762846	-17.2399209486166
			41.3415019762846	-17.1970355731225
			41.2986166007905	-17.1541501976285
			41.2986166007905	-17.1112648221344
			41.2986166007905	-17.0683794466403
			41.2986166007905	-17.0254940711462
			41.2557312252964	-16.9826086956522
			41.2557312252964	-16.9397233201581
			41.2557312252964	-16.896837944664
			41.2557312252964	-16.85395256917
			41.2128458498024	-16.8110671936759
			41.2128458498024	-16.7681818181818
			41.2128458498024	-16.7252964426877
			41.2128458498024	-16.6824110671937
			41.1699604743083	-16.6395256916996
			41.1699604743083	-16.5966403162055
			41.1699604743083	-16.5537549407115
			41.1699604743083	-16.5108695652174
			41.1699604743083	-16.4679841897233
			41.1270750988142	-16.4250988142292
			41.1270750988142	-16.3822134387352
			41.1270750988142	-16.3393280632411
			41.1270750988142	-16.296442687747
			41.1270750988142	-16.253557312253
			41.0841897233202	-16.2106719367589
			41.0841897233202	-16.1677865612648
			41.0841897233202	-16.1249011857707
			41.0841897233202	-16.0820158102767
			41.0841897233202	-16.0391304347826
			41.0413043478261	-15.9962450592885
			41.0413043478261	-15.9533596837945
			41.0413043478261	-15.9104743083004
			41.0413043478261	-15.8675889328063
			41.0413043478261	-15.8247035573123
			41.0413043478261	-15.7818181818182
			40.998418972332	-15.7389328063241
			40.998418972332	-15.69604743083
			40.998418972332	-15.653162055336
			40.998418972332	-15.6102766798419
			40.998418972332	-15.5673913043478
			40.998418972332	-15.5245059288538
			40.9555335968379	-15.4816205533597
			40.9555335968379	-15.4387351778656
			40.9555335968379	-15.3958498023715
			40.9555335968379	-15.3529644268775
			40.9555335968379	-15.3100790513834
			40.9555335968379	-15.2671936758893
			40.9555335968379	-15.2243083003953
			40.9126482213439	-15.1814229249012
			40.9126482213439	-15.1385375494071
			40.9126482213439	-15.095652173913
			40.9126482213439	-15.052766798419
			40.9126482213439	-15.0098814229249
			40.9126482213439	-14.9669960474308
			40.9126482213439	-14.9241106719368
			40.8697628458498	-14.8812252964427
			40.8697628458498	-14.8383399209486
			40.8697628458498	-14.7954545454545
			40.8697628458498	-14.7525691699605
			40.8697628458498	-14.7096837944664
			40.8697628458498	-14.6667984189723
			40.8697628458498	-14.6239130434783
			40.8268774703557	-14.5810276679842
			40.8268774703557	-14.5381422924901
			40.8268774703557	-14.495256916996
			40.8268774703557	-14.452371541502
			40.8268774703557	-14.4094861660079
			40.8268774703557	-14.3666007905138
			40.8268774703557	-14.3237154150198
			40.8268774703557	-14.2808300395257
			40.7839920948617	-14.2379446640316
			40.7839920948617	-14.1950592885375
			40.7839920948617	-14.1521739130435
			40.7839920948617	-14.1092885375494
			40.7839920948617	-14.0664031620553
			40.7839920948617	-14.0235177865613
			40.7839920948617	-13.9806324110672
			40.7839920948617	-13.9377470355731
			40.7839920948617	-13.894861660079
			40.7411067193676	-13.851976284585
			40.7411067193676	-13.8090909090909
			40.7411067193676	-13.7662055335968
			40.7411067193676	-13.7233201581028
			40.7411067193676	-13.6804347826087
			40.7411067193676	-13.6375494071146
			40.7411067193676	-13.5946640316206
			40.7411067193676	-13.5517786561265
			40.7411067193676	-13.5088932806324
			40.6982213438735	-13.4660079051383
			40.6982213438735	-13.4231225296443
			40.6982213438735	-13.3802371541502
			40.6982213438735	-13.3373517786561
			40.6982213438735	-13.2944664031621
			40.6982213438735	-13.251581027668
			40.6982213438735	-13.2086956521739
			40.6982213438735	-13.1658102766798
			40.6982213438735	-13.1229249011858
			40.6982213438735	-13.0800395256917
			40.6982213438735	-13.0371541501976
			40.6553359683794	-12.9942687747036
			40.6553359683794	-12.9513833992095
			40.6553359683794	-12.9084980237154
			40.6553359683794	-12.8656126482213
			40.6553359683794	-12.8227272727273
			40.6553359683794	-12.7798418972332
			40.6553359683794	-12.7369565217391
			40.6553359683794	-12.6940711462451
			40.6553359683794	-12.651185770751
			40.6553359683794	-12.6083003952569
			40.6553359683794	-12.5654150197628
			40.6124505928854	-12.5225296442688
			40.6124505928854	-12.4796442687747
			40.6124505928854	-12.4367588932806
			40.6124505928854	-12.3938735177866
			40.6124505928854	-12.3509881422925
			40.6124505928854	-12.3081027667984
			40.6124505928854	-12.2652173913043
			40.6124505928854	-12.2223320158103
			40.6124505928854	-12.1794466403162
			40.6124505928854	-12.1365612648221
			40.6124505928854	-12.0936758893281
			40.6124505928854	-12.050790513834
			40.6124505928854	-12.0079051383399
			40.5695652173913	-11.9650197628458
			40.5695652173913	-11.9221343873518
			40.5695652173913	-11.8792490118577
			40.5695652173913	-11.8363636363636
			40.5695652173913	-11.7934782608696
			40.5695652173913	-11.7505928853755
			40.5695652173913	-11.7077075098814
		</posterior>
	</curves.scaled>
	<ruler.points type=matrix rownames=TRUE colnames=FALSE nrow=2 ncol=2 as.numeric=TRUE >
		Ruler point 1	474	501
		Ruler point 2	980	501
	</ruler.points>
</shapes>

