<shapes type=list>
	<ruler.pixel type=vector names=FALSE length=1 as.numeric=TRUE >379</ruler.pixel>
	<ruler.interval type=vector names=FALSE length=1 as.numeric=TRUE >0.22</ruler.interval>
	<scaling.units type=vector names=FALSE length=1 as.numeric=FALSE >cm</scaling.units>
	<scaling type=vector names=FALSE length=1 as.numeric=TRUE >0.000580474934036939</scaling>
	<landmarks.pixel type=matrix rownames=TRUE colnames=FALSE nrow=16 ncol=2 as.numeric=TRUE >
		LM1	215	59
		LM2	212	80
		LM3	215	259
		LM4	213	283
		LM5	297	109
		LM6	278	263
		LM7	274	283
		LM8	292	154
		LM9	292	240
		LM10	212	80
		LM11	389	214
		LM12	400	228
		LM13	215	59
		LM14	346	189
		LM15	383	283
		LM16	383	283
	</landmarks.pixel>
	<landmarks.scaled type=matrix rownames=TRUE colnames=FALSE nrow=16 ncol=2 as.numeric=TRUE >
		LM1	0.124802110817942	-0.0342480211081794
		LM2	0.123060686015831	-0.0464379947229552
		LM3	0.124802110817942	-0.150343007915567
		LM4	0.123641160949868	-0.164274406332454
		LM5	0.172401055408971	-0.0632717678100264
		LM6	0.161372031662269	-0.152664907651715
		LM7	0.159050131926121	-0.164274406332454
		LM8	0.169498680738786	-0.0893931398416887
		LM9	0.169498680738786	-0.139313984168865
		LM10	0.123060686015831	-0.0464379947229552
		LM11	0.225804749340369	-0.124221635883905
		LM12	0.232189973614776	-0.132348284960422
		LM13	0.124802110817942	-0.0342480211081794
		LM14	0.200844327176781	-0.109709762532982
		LM15	0.222321899736148	-0.164274406332454
		LM16	0.222321899736148	-0.164274406332454
	</landmarks.scaled>
	<curves.control type=list>
		<glabella type=matrix rownames=FALSE colnames=FALSE nrow=7 ncol=2 as.numeric=TRUE >
			212	80
			321	86
			293	137
			285	180
			274	265
			283	276
			274	283
		</glabella>
		<suture type=matrix rownames=FALSE colnames=FALSE nrow=13 ncol=2 as.numeric=TRUE >
			212	80
			293	77
			305	123
			306	131
			301	148
			348	165
			350	211
			328	250
			299	244
			297	267
			360	225
			374	205
			400	228
		</suture>
		<anterior type=matrix rownames=FALSE colnames=FALSE nrow=7 ncol=2 as.numeric=TRUE >
			215	59
			265	67
			300	82
			386	127
			388	152
			418	210
			383	283
		</anterior>
		<posterior type=matrix rownames=FALSE colnames=FALSE nrow=7 ncol=2 as.numeric=TRUE >
			213	283
			239	289
			274	283
			296	284
			333	280
			360	283
			383	283
		</posterior>
	</curves.control>
	<curves.pixel type=list>
		<glabella type=matrix rownames=FALSE colnames=FALSE nrow=268 ncol=2 as.numeric=TRUE >
			212	80
			213	80
			214	80
			215	80
			216	80
			217	80
			218	80
			219	80
			220	81
			221	81
			222	81
			223	81
			224	81
			225	81
			226	81
			227	81
			228	81
			229	81
			230	81
			231	81
			232	82
			233	82
			234	82
			235	82
			236	82
			237	82
			238	82
			239	83
			240	83
			241	83
			242	83
			243	83
			244	83
			245	83
			246	84
			247	84
			248	84
			249	84
			250	84
			251	84
			252	85
			253	85
			254	85
			255	85
			256	85
			257	86
			258	86
			259	86
			260	86
			261	87
			262	87
			263	87
			264	87
			265	88
			266	88
			267	88
			268	89
			269	89
			270	89
			271	89
			272	90
			273	90
			274	91
			275	91
			276	92
			277	92
			278	92
			279	93
			280	93
			281	94
			282	94
			282	95
			283	95
			284	95
			285	96
			286	97
			287	97
			288	98
			289	99
			290	100
			291	101
			292	102
			293	103
			294	103
			294	104
			295	105
			295	106
			296	107
			296	108
			297	109
			297	110
			298	111
			298	112
			298	113
			298	114
			299	115
			299	116
			299	117
			299	118
			299	119
			299	120
			299	121
			298	122
			298	123
			298	124
			298	125
			298	126
			297	126
			297	127
			297	128
			297	129
			296	130
			296	131
			296	132
			295	133
			295	134
			294	135
			293	136
			293	137
			293	138
			293	139
			292	140
			292	141
			292	142
			292	143
			292	144
			291	145
			291	146
			291	147
			291	148
			291	149
			291	150
			290	151
			290	152
			290	153
			290	154
			290	155
			290	156
			289	157
			289	158
			289	159
			289	160
			289	161
			289	162
			288	163
			288	164
			288	165
			288	166
			288	167
			288	168
			288	169
			287	169
			287	170
			287	171
			287	172
			287	173
			287	174
			287	175
			286	176
			286	177
			286	178
			286	179
			286	180
			286	181
			286	182
			285	183
			285	184
			285	185
			285	186
			285	187
			285	188
			284	189
			284	190
			284	191
			284	192
			284	193
			284	194
			284	195
			283	196
			283	197
			283	198
			283	199
			283	200
			283	201
			283	202
			282	203
			282	204
			282	205
			282	206
			282	207
			282	208
			282	209
			281	210
			281	211
			281	212
			281	213
			281	214
			281	215
			281	216
			280	217
			280	218
			280	219
			280	220
			280	221
			280	222
			280	223
			279	224
			279	225
			279	226
			279	227
			279	228
			279	229
			279	230
			279	231
			278	232
			278	233
			278	234
			278	235
			278	236
			278	237
			278	238
			277	239
			277	240
			277	241
			277	242
			277	243
			277	244
			277	245
			276	246
			276	247
			276	248
			276	249
			276	250
			276	251
			276	252
			276	253
			275	254
			275	255
			275	256
			275	257
			275	258
			275	259
			275	260
			275	261
			274	262
			274	263
			274	264
			274	265
			274	266
			275	266
			275	267
			276	267
			276	268
			277	269
			277	270
			278	271
			278	272
			278	273
			278	274
			278	275
			278	276
			278	277
			278	278
			277	279
			277	280
			276	281
			275	282
			274	283
		</glabella>
		<suture type=matrix rownames=FALSE colnames=FALSE nrow=386 ncol=2 as.numeric=TRUE >
			212	80
			213	80
			214	80
			215	80
			216	80
			217	80
			218	80
			219	80
			220	80
			221	80
			222	80
			223	80
			224	80
			225	80
			226	80
			227	80
			228	80
			229	80
			230	80
			231	80
			232	80
			233	80
			234	80
			235	80
			236	80
			237	80
			238	80
			239	81
			240	81
			241	81
			242	81
			243	81
			244	81
			245	81
			246	81
			247	81
			248	82
			249	82
			250	82
			251	82
			252	82
			253	82
			254	83
			255	83
			256	83
			257	83
			258	83
			259	84
			260	84
			261	84
			262	84
			263	85
			264	85
			265	85
			266	86
			267	86
			268	86
			269	87
			270	87
			271	87
			272	88
			273	88
			274	88
			275	89
			276	89
			277	90
			278	90
			278	91
			279	91
			280	91
			281	92
			282	92
			282	93
			283	93
			284	94
			285	94
			285	95
			286	95
			287	96
			288	96
			288	97
			289	97
			290	98
			290	99
			291	99
			292	100
			293	101
			294	102
			295	103
			295	104
			296	105
			297	105
			297	106
			298	107
			298	108
			299	109
			299	110
			300	110
			300	111
			301	112
			301	113
			302	114
			302	115
			303	116
			303	117
			303	118
			304	119
			304	120
			304	121
			305	122
			305	123
			305	124
			305	125
			305	126
			305	127
			305	128
			305	129
			305	130
			305	131
			305	132
			305	133
			304	134
			304	135
			304	136
			304	137
			304	138
			303	139
			303	140
			303	141
			303	142
			302	143
			302	144
			302	145
			302	146
			301	147
			302	148
			303	149
			304	149
			305	150
			306	150
			307	150
			308	151
			309	151
			310	152
			311	152
			312	153
			313	153
			314	154
			315	154
			316	155
			317	155
			318	156
			319	157
			320	157
			321	158
			322	158
			323	159
			324	160
			325	160
			325	161
			326	162
			327	162
			328	163
			329	164
			330	165
			331	166
			332	167
			333	168
			334	169
			334	170
			335	170
			336	171
			337	172
			338	173
			338	174
			339	175
			340	176
			340	177
			341	178
			342	179
			342	180
			342	181
			343	182
			343	183
			344	184
			344	185
			345	186
			345	187
			345	188
			346	188
			346	189
			346	190
			347	191
			347	192
			347	193
			347	194
			348	195
			348	196
			348	197
			348	198
			349	199
			349	200
			349	201
			349	202
			349	203
			349	204
			349	205
			350	206
			350	207
			350	208
			350	209
			350	210
			350	211
			349	212
			349	213
			348	214
			348	215
			347	216
			346	217
			346	218
			345	219
			344	220
			344	221
			343	222
			343	223
			342	224
			341	224
			341	225
			340	226
			339	227
			339	228
			338	228
			337	229
			337	230
			336	230
			335	231
			335	232
			334	232
			333	233
			333	234
			332	234
			331	235
			330	236
			329	237
			328	238
			327	238
			326	239
			325	239
			325	240
			324	240
			323	241
			322	241
			321	242
			320	242
			319	242
			319	243
			318	243
			317	243
			316	244
			315	244
			314	244
			313	244
			312	244
			311	244
			311	245
			310	245
			309	245
			308	245
			307	245
			306	245
			305	245
			304	245
			303	245
			302	245
			301	244
			300	244
			299	244
			299	245
			299	246
			299	247
			299	248
			300	249
			300	250
			301	251
			302	251
			303	252
			304	252
			305	252
			306	252
			307	252
			308	252
			309	252
			310	252
			311	251
			312	251
			313	251
			314	250
			315	250
			316	250
			317	249
			318	249
			319	249
			319	248
			320	248
			321	248
			322	247
			323	247
			324	246
			325	246
			326	245
			327	245
			328	244
			329	244
			330	243
			331	243
			332	242
			333	242
			334	241
			335	241
			336	240
			337	240
			337	239
			338	239
			339	238
			340	238
			341	237
			342	236
			343	236
			344	235
			345	235
			346	234
			347	234
			348	233
			349	232
			350	232
			351	231
			352	230
			353	230
			354	229
			355	228
			356	228
			357	227
			358	226
			359	225
			360	225
			361	224
			362	223
			363	222
			364	221
			365	220
			366	219
			367	218
			368	217
			369	217
			370	217
			371	216
			372	216
			373	216
			374	216
			375	216
			376	216
			377	216
			378	216
			379	216
			380	216
			381	216
			382	217
			383	217
			384	218
			385	218
			386	218
			386	219
			387	219
			388	219
			389	220
			390	220
			391	221
			392	222
			393	223
			394	223
			395	224
			396	225
			397	225
			398	226
			399	227
			400	228
		</suture>
		<anterior type=matrix rownames=FALSE colnames=FALSE nrow=325 ncol=2 as.numeric=TRUE >
			215	59
			216	59
			217	59
			218	59
			219	60
			220	60
			221	60
			222	60
			223	60
			224	61
			225	61
			226	61
			227	61
			228	61
			229	61
			230	62
			231	62
			232	62
			233	62
			234	62
			235	63
			236	63
			237	63
			238	63
			239	63
			240	64
			241	64
			242	64
			243	64
			244	65
			245	65
			246	65
			247	65
			248	65
			249	66
			250	66
			251	66
			252	66
			253	67
			254	67
			255	67
			256	67
			257	68
			258	68
			259	68
			260	68
			261	69
			262	69
			263	69
			264	69
			264	70
			265	70
			266	70
			267	70
			268	71
			269	71
			270	71
			271	71
			272	72
			273	72
			274	73
			275	73
			276	73
			277	73
			278	74
			279	74
			280	74
			281	75
			282	75
			283	75
			284	76
			285	76
			286	76
			287	77
			288	77
			289	77
			289	78
			290	78
			291	78
			292	79
			293	79
			294	79
			294	80
			295	80
			296	80
			297	81
			298	81
			299	82
			300	82
			301	83
			302	83
			303	84
			304	84
			305	85
			306	85
			307	85
			307	86
			308	86
			309	87
			310	87
			311	88
			312	89
			313	89
			314	90
			315	90
			316	91
			317	91
			318	92
			319	92
			320	93
			321	94
			322	94
			323	95
			324	95
			325	96
			326	96
			327	97
			328	97
			329	98
			330	99
			331	99
			332	100
			333	100
			334	101
			335	101
			335	102
			336	102
			337	103
			338	103
			339	104
			340	105
			341	105
			342	106
			343	107
			344	107
			345	108
			346	108
			347	109
			348	110
			349	111
			350	111
			351	112
			352	113
			353	113
			354	114
			355	115
			356	115
			357	116
			358	117
			359	117
			360	118
			361	119
			362	120
			363	121
			364	121
			365	122
			366	123
			367	124
			368	124
			369	125
			370	126
			371	127
			372	128
			373	129
			374	130
			375	131
			376	131
			376	132
			377	133
			378	134
			379	135
			380	136
			381	137
			382	138
			382	139
			383	140
			384	141
			384	142
			385	142
			385	143
			386	144
			386	145
			386	146
			387	147
			387	148
			388	149
			388	150
			388	151
			388	152
			389	153
			389	154
			390	155
			390	156
			390	157
			391	157
			391	158
			391	159
			392	160
			392	161
			393	162
			393	163
			393	164
			394	165
			394	166
			395	167
			395	168
			395	169
			396	170
			396	171
			396	172
			396	173
			397	174
			397	175
			397	176
			398	177
			398	178
			398	179
			399	180
			399	181
			399	182
			399	183
			399	184
			399	185
			400	185
			400	186
			400	187
			400	188
			400	189
			400	190
			401	191
			401	192
			401	193
			401	194
			401	195
			401	196
			401	197
			401	198
			401	199
			402	200
			402	201
			402	202
			402	203
			402	204
			402	205
			402	206
			402	207
			402	208
			402	209
			402	210
			402	211
			402	212
			402	213
			402	214
			402	215
			402	216
			402	217
			402	218
			401	218
			401	219
			401	220
			401	221
			401	222
			401	223
			401	224
			401	225
			401	226
			401	227
			400	228
			400	229
			400	230
			400	231
			400	232
			400	233
			399	234
			399	235
			399	236
			399	237
			399	238
			398	239
			398	240
			398	241
			398	242
			398	243
			397	244
			397	245
			397	246
			397	247
			396	248
			396	249
			396	250
			395	251
			395	252
			395	253
			394	254
			394	255
			394	256
			393	257
			393	258
			393	259
			393	260
			392	261
			392	262
			391	263
			391	264
			391	265
			390	266
			390	267
			389	268
			389	269
			389	270
			388	271
			388	272
			388	273
			387	274
			387	275
			386	276
			386	277
			385	278
			385	279
			385	280
			384	280
			384	281
			384	282
			383	282
			383	283
		</anterior>
		<posterior type=matrix rownames=FALSE colnames=FALSE nrow=173 ncol=2 as.numeric=TRUE >
			213	283
			214	283
			215	283
			216	284
			217	284
			218	284
			219	284
			220	284
			221	285
			222	285
			223	285
			224	285
			225	285
			226	285
			227	285
			228	285
			229	285
			230	286
			231	286
			232	286
			233	286
			234	286
			235	286
			236	286
			237	286
			238	286
			239	286
			240	286
			241	286
			242	286
			243	286
			244	286
			245	286
			246	286
			247	286
			248	286
			249	286
			250	286
			251	286
			252	286
			253	286
			254	285
			255	285
			256	285
			257	285
			258	285
			259	285
			260	285
			261	285
			262	285
			263	285
			264	284
			265	284
			266	284
			267	284
			268	284
			269	284
			270	284
			271	284
			271	283
			272	283
			273	283
			274	283
			275	283
			276	283
			277	283
			278	283
			279	283
			280	283
			281	283
			282	283
			283	283
			284	283
			285	283
			286	283
			287	283
			288	283
			289	283
			290	283
			291	283
			292	283
			293	283
			294	283
			295	283
			296	283
			297	283
			298	283
			299	283
			300	283
			301	283
			302	283
			303	283
			304	283
			304	282
			305	282
			306	282
			307	282
			308	282
			309	282
			310	282
			311	282
			312	282
			313	282
			314	282
			315	282
			316	282
			317	282
			318	281
			319	281
			320	281
			321	281
			322	281
			323	281
			324	281
			325	281
			326	281
			327	281
			328	281
			329	280
			330	280
			331	280
			332	280
			333	280
			334	280
			335	280
			336	280
			337	280
			338	281
			339	281
			340	281
			341	281
			342	281
			343	281
			344	281
			345	281
			346	281
			347	281
			348	281
			349	282
			350	282
			351	282
			352	282
			353	282
			354	282
			355	282
			356	282
			357	282
			358	282
			359	282
			360	282
			361	282
			362	282
			363	282
			364	283
			365	283
			366	283
			367	283
			368	283
			369	283
			370	283
			371	283
			372	283
			373	283
			374	283
			375	283
			376	283
			377	283
			378	283
			379	283
			380	283
			381	283
			382	283
			383	283
		</posterior>
	</curves.pixel>
	<curves.scaled type=list>
		<glabella type=matrix rownames=FALSE colnames=FALSE nrow=268 ncol=2 as.numeric=TRUE >
			0.123060686015831	-0.0464379947229552
			0.123641160949868	-0.0464379947229552
			0.124221635883905	-0.0464379947229552
			0.124802110817942	-0.0464379947229552
			0.125382585751979	-0.0464379947229552
			0.125963060686016	-0.0464379947229552
			0.126543535620053	-0.0464379947229552
			0.12712401055409	-0.0464379947229552
			0.127704485488127	-0.0470184696569921
			0.128284960422164	-0.0470184696569921
			0.128865435356201	-0.0470184696569921
			0.129445910290237	-0.0470184696569921
			0.130026385224274	-0.0470184696569921
			0.130606860158311	-0.0470184696569921
			0.131187335092348	-0.0470184696569921
			0.131767810026385	-0.0470184696569921
			0.132348284960422	-0.0470184696569921
			0.132928759894459	-0.0470184696569921
			0.133509234828496	-0.0470184696569921
			0.134089709762533	-0.0470184696569921
			0.13467018469657	-0.047598944591029
			0.135250659630607	-0.047598944591029
			0.135831134564644	-0.047598944591029
			0.136411609498681	-0.047598944591029
			0.136992084432718	-0.047598944591029
			0.137572559366755	-0.047598944591029
			0.138153034300792	-0.047598944591029
			0.138733509234828	-0.048179419525066
			0.139313984168865	-0.048179419525066
			0.139894459102902	-0.048179419525066
			0.140474934036939	-0.048179419525066
			0.141055408970976	-0.048179419525066
			0.141635883905013	-0.048179419525066
			0.14221635883905	-0.048179419525066
			0.142796833773087	-0.0487598944591029
			0.143377308707124	-0.0487598944591029
			0.143957783641161	-0.0487598944591029
			0.144538258575198	-0.0487598944591029
			0.145118733509235	-0.0487598944591029
			0.145699208443272	-0.0487598944591029
			0.146279683377309	-0.0493403693931398
			0.146860158311346	-0.0493403693931398
			0.147440633245383	-0.0493403693931398
			0.14802110817942	-0.0493403693931398
			0.148601583113456	-0.0493403693931398
			0.149182058047493	-0.0499208443271768
			0.14976253298153	-0.0499208443271768
			0.150343007915567	-0.0499208443271768
			0.150923482849604	-0.0499208443271768
			0.151503957783641	-0.0505013192612137
			0.152084432717678	-0.0505013192612137
			0.152664907651715	-0.0505013192612137
			0.153245382585752	-0.0505013192612137
			0.153825857519789	-0.0510817941952507
			0.154406332453826	-0.0510817941952507
			0.154986807387863	-0.0510817941952507
			0.1555672823219	-0.0516622691292876
			0.156147757255937	-0.0516622691292876
			0.156728232189974	-0.0516622691292876
			0.157308707124011	-0.0516622691292876
			0.157889182058048	-0.0522427440633245
			0.158469656992084	-0.0522427440633245
			0.159050131926121	-0.0528232189973615
			0.159630606860158	-0.0528232189973615
			0.160211081794195	-0.0534036939313984
			0.160791556728232	-0.0534036939313984
			0.161372031662269	-0.0534036939313984
			0.161952506596306	-0.0539841688654354
			0.162532981530343	-0.0539841688654354
			0.16311345646438	-0.0545646437994723
			0.163693931398417	-0.0545646437994723
			0.163693931398417	-0.0551451187335092
			0.164274406332454	-0.0551451187335092
			0.164854881266491	-0.0551451187335092
			0.165435356200528	-0.0557255936675462
			0.166015831134565	-0.0563060686015831
			0.166596306068602	-0.0563060686015831
			0.167176781002639	-0.0568865435356201
			0.167757255936675	-0.057467018469657
			0.168337730870712	-0.0580474934036939
			0.168918205804749	-0.0586279683377309
			0.169498680738786	-0.0592084432717678
			0.170079155672823	-0.0597889182058048
			0.17065963060686	-0.0597889182058048
			0.17065963060686	-0.0603693931398417
			0.171240105540897	-0.0609498680738786
			0.171240105540897	-0.0615303430079156
			0.171820580474934	-0.0621108179419525
			0.171820580474934	-0.0626912928759895
			0.172401055408971	-0.0632717678100264
			0.172401055408971	-0.0638522427440633
			0.172981530343008	-0.0644327176781003
			0.172981530343008	-0.0650131926121372
			0.172981530343008	-0.0655936675461741
			0.172981530343008	-0.0661741424802111
			0.173562005277045	-0.066754617414248
			0.173562005277045	-0.067335092348285
			0.173562005277045	-0.0679155672823219
			0.173562005277045	-0.0684960422163588
			0.173562005277045	-0.0690765171503958
			0.173562005277045	-0.0696569920844327
			0.173562005277045	-0.0702374670184697
			0.172981530343008	-0.0708179419525066
			0.172981530343008	-0.0713984168865435
			0.172981530343008	-0.0719788918205805
			0.172981530343008	-0.0725593667546174
			0.172981530343008	-0.0731398416886544
			0.172401055408971	-0.0731398416886544
			0.172401055408971	-0.0737203166226913
			0.172401055408971	-0.0743007915567282
			0.172401055408971	-0.0748812664907652
			0.171820580474934	-0.0754617414248021
			0.171820580474934	-0.0760422163588391
			0.171820580474934	-0.076622691292876
			0.171240105540897	-0.0772031662269129
			0.171240105540897	-0.0777836411609499
			0.17065963060686	-0.0783641160949868
			0.170079155672823	-0.0789445910290238
			0.170079155672823	-0.0795250659630607
			0.170079155672823	-0.0801055408970976
			0.170079155672823	-0.0806860158311346
			0.169498680738786	-0.0812664907651715
			0.169498680738786	-0.0818469656992084
			0.169498680738786	-0.0824274406332454
			0.169498680738786	-0.0830079155672823
			0.169498680738786	-0.0835883905013193
			0.168918205804749	-0.0841688654353562
			0.168918205804749	-0.0847493403693931
			0.168918205804749	-0.0853298153034301
			0.168918205804749	-0.085910290237467
			0.168918205804749	-0.086490765171504
			0.168918205804749	-0.0870712401055409
			0.168337730870712	-0.0876517150395778
			0.168337730870712	-0.0882321899736148
			0.168337730870712	-0.0888126649076517
			0.168337730870712	-0.0893931398416887
			0.168337730870712	-0.0899736147757256
			0.168337730870712	-0.0905540897097625
			0.167757255936675	-0.0911345646437995
			0.167757255936675	-0.0917150395778364
			0.167757255936675	-0.0922955145118734
			0.167757255936675	-0.0928759894459103
			0.167757255936675	-0.0934564643799472
			0.167757255936675	-0.0940369393139842
			0.167176781002639	-0.0946174142480211
			0.167176781002639	-0.0951978891820581
			0.167176781002639	-0.095778364116095
			0.167176781002639	-0.0963588390501319
			0.167176781002639	-0.0969393139841689
			0.167176781002639	-0.0975197889182058
			0.167176781002639	-0.0981002638522428
			0.166596306068602	-0.0981002638522428
			0.166596306068602	-0.0986807387862797
			0.166596306068602	-0.0992612137203166
			0.166596306068602	-0.0998416886543536
			0.166596306068602	-0.100422163588391
			0.166596306068602	-0.101002638522427
			0.166596306068602	-0.101583113456464
			0.166015831134565	-0.102163588390501
			0.166015831134565	-0.102744063324538
			0.166015831134565	-0.103324538258575
			0.166015831134565	-0.103905013192612
			0.166015831134565	-0.104485488126649
			0.166015831134565	-0.105065963060686
			0.166015831134565	-0.105646437994723
			0.165435356200528	-0.10622691292876
			0.165435356200528	-0.106807387862797
			0.165435356200528	-0.107387862796834
			0.165435356200528	-0.107968337730871
			0.165435356200528	-0.108548812664908
			0.165435356200528	-0.109129287598945
			0.164854881266491	-0.109709762532982
			0.164854881266491	-0.110290237467018
			0.164854881266491	-0.110870712401055
			0.164854881266491	-0.111451187335092
			0.164854881266491	-0.112031662269129
			0.164854881266491	-0.112612137203166
			0.164854881266491	-0.113192612137203
			0.164274406332454	-0.11377308707124
			0.164274406332454	-0.114353562005277
			0.164274406332454	-0.114934036939314
			0.164274406332454	-0.115514511873351
			0.164274406332454	-0.116094986807388
			0.164274406332454	-0.116675461741425
			0.164274406332454	-0.117255936675462
			0.163693931398417	-0.117836411609499
			0.163693931398417	-0.118416886543536
			0.163693931398417	-0.118997361477573
			0.163693931398417	-0.11957783641161
			0.163693931398417	-0.120158311345646
			0.163693931398417	-0.120738786279683
			0.163693931398417	-0.12131926121372
			0.16311345646438	-0.121899736147757
			0.16311345646438	-0.122480211081794
			0.16311345646438	-0.123060686015831
			0.16311345646438	-0.123641160949868
			0.16311345646438	-0.124221635883905
			0.16311345646438	-0.124802110817942
			0.16311345646438	-0.125382585751979
			0.162532981530343	-0.125963060686016
			0.162532981530343	-0.126543535620053
			0.162532981530343	-0.12712401055409
			0.162532981530343	-0.127704485488127
			0.162532981530343	-0.128284960422164
			0.162532981530343	-0.128865435356201
			0.162532981530343	-0.129445910290237
			0.161952506596306	-0.130026385224274
			0.161952506596306	-0.130606860158311
			0.161952506596306	-0.131187335092348
			0.161952506596306	-0.131767810026385
			0.161952506596306	-0.132348284960422
			0.161952506596306	-0.132928759894459
			0.161952506596306	-0.133509234828496
			0.161952506596306	-0.134089709762533
			0.161372031662269	-0.13467018469657
			0.161372031662269	-0.135250659630607
			0.161372031662269	-0.135831134564644
			0.161372031662269	-0.136411609498681
			0.161372031662269	-0.136992084432718
			0.161372031662269	-0.137572559366755
			0.161372031662269	-0.138153034300792
			0.160791556728232	-0.138733509234828
			0.160791556728232	-0.139313984168865
			0.160791556728232	-0.139894459102902
			0.160791556728232	-0.140474934036939
			0.160791556728232	-0.141055408970976
			0.160791556728232	-0.141635883905013
			0.160791556728232	-0.14221635883905
			0.160211081794195	-0.142796833773087
			0.160211081794195	-0.143377308707124
			0.160211081794195	-0.143957783641161
			0.160211081794195	-0.144538258575198
			0.160211081794195	-0.145118733509235
			0.160211081794195	-0.145699208443272
			0.160211081794195	-0.146279683377309
			0.160211081794195	-0.146860158311346
			0.159630606860158	-0.147440633245383
			0.159630606860158	-0.14802110817942
			0.159630606860158	-0.148601583113456
			0.159630606860158	-0.149182058047493
			0.159630606860158	-0.14976253298153
			0.159630606860158	-0.150343007915567
			0.159630606860158	-0.150923482849604
			0.159630606860158	-0.151503957783641
			0.159050131926121	-0.152084432717678
			0.159050131926121	-0.152664907651715
			0.159050131926121	-0.153245382585752
			0.159050131926121	-0.153825857519789
			0.159050131926121	-0.154406332453826
			0.159630606860158	-0.154406332453826
			0.159630606860158	-0.154986807387863
			0.160211081794195	-0.154986807387863
			0.160211081794195	-0.1555672823219
			0.160791556728232	-0.156147757255937
			0.160791556728232	-0.156728232189974
			0.161372031662269	-0.157308707124011
			0.161372031662269	-0.157889182058048
			0.161372031662269	-0.158469656992084
			0.161372031662269	-0.159050131926121
			0.161372031662269	-0.159630606860158
			0.161372031662269	-0.160211081794195
			0.161372031662269	-0.160791556728232
			0.161372031662269	-0.161372031662269
			0.160791556728232	-0.161952506596306
			0.160791556728232	-0.162532981530343
			0.160211081794195	-0.16311345646438
			0.159630606860158	-0.163693931398417
			0.159050131926121	-0.164274406332454
		</glabella>
		<suture type=matrix rownames=FALSE colnames=FALSE nrow=386 ncol=2 as.numeric=TRUE >
			0.123060686015831	-0.0464379947229552
			0.123641160949868	-0.0464379947229552
			0.124221635883905	-0.0464379947229552
			0.124802110817942	-0.0464379947229552
			0.125382585751979	-0.0464379947229552
			0.125963060686016	-0.0464379947229552
			0.126543535620053	-0.0464379947229552
			0.12712401055409	-0.0464379947229552
			0.127704485488127	-0.0464379947229552
			0.128284960422164	-0.0464379947229552
			0.128865435356201	-0.0464379947229552
			0.129445910290237	-0.0464379947229552
			0.130026385224274	-0.0464379947229552
			0.130606860158311	-0.0464379947229552
			0.131187335092348	-0.0464379947229552
			0.131767810026385	-0.0464379947229552
			0.132348284960422	-0.0464379947229552
			0.132928759894459	-0.0464379947229552
			0.133509234828496	-0.0464379947229552
			0.134089709762533	-0.0464379947229552
			0.13467018469657	-0.0464379947229552
			0.135250659630607	-0.0464379947229552
			0.135831134564644	-0.0464379947229552
			0.136411609498681	-0.0464379947229552
			0.136992084432718	-0.0464379947229552
			0.137572559366755	-0.0464379947229552
			0.138153034300792	-0.0464379947229552
			0.138733509234828	-0.0470184696569921
			0.139313984168865	-0.0470184696569921
			0.139894459102902	-0.0470184696569921
			0.140474934036939	-0.0470184696569921
			0.141055408970976	-0.0470184696569921
			0.141635883905013	-0.0470184696569921
			0.14221635883905	-0.0470184696569921
			0.142796833773087	-0.0470184696569921
			0.143377308707124	-0.0470184696569921
			0.143957783641161	-0.047598944591029
			0.144538258575198	-0.047598944591029
			0.145118733509235	-0.047598944591029
			0.145699208443272	-0.047598944591029
			0.146279683377309	-0.047598944591029
			0.146860158311346	-0.047598944591029
			0.147440633245383	-0.048179419525066
			0.14802110817942	-0.048179419525066
			0.148601583113456	-0.048179419525066
			0.149182058047493	-0.048179419525066
			0.14976253298153	-0.048179419525066
			0.150343007915567	-0.0487598944591029
			0.150923482849604	-0.0487598944591029
			0.151503957783641	-0.0487598944591029
			0.152084432717678	-0.0487598944591029
			0.152664907651715	-0.0493403693931398
			0.153245382585752	-0.0493403693931398
			0.153825857519789	-0.0493403693931398
			0.154406332453826	-0.0499208443271768
			0.154986807387863	-0.0499208443271768
			0.1555672823219	-0.0499208443271768
			0.156147757255937	-0.0505013192612137
			0.156728232189974	-0.0505013192612137
			0.157308707124011	-0.0505013192612137
			0.157889182058048	-0.0510817941952507
			0.158469656992084	-0.0510817941952507
			0.159050131926121	-0.0510817941952507
			0.159630606860158	-0.0516622691292876
			0.160211081794195	-0.0516622691292876
			0.160791556728232	-0.0522427440633245
			0.161372031662269	-0.0522427440633245
			0.161372031662269	-0.0528232189973615
			0.161952506596306	-0.0528232189973615
			0.162532981530343	-0.0528232189973615
			0.16311345646438	-0.0534036939313984
			0.163693931398417	-0.0534036939313984
			0.163693931398417	-0.0539841688654354
			0.164274406332454	-0.0539841688654354
			0.164854881266491	-0.0545646437994723
			0.165435356200528	-0.0545646437994723
			0.165435356200528	-0.0551451187335092
			0.166015831134565	-0.0551451187335092
			0.166596306068602	-0.0557255936675462
			0.167176781002639	-0.0557255936675462
			0.167176781002639	-0.0563060686015831
			0.167757255936675	-0.0563060686015831
			0.168337730870712	-0.0568865435356201
			0.168337730870712	-0.057467018469657
			0.168918205804749	-0.057467018469657
			0.169498680738786	-0.0580474934036939
			0.170079155672823	-0.0586279683377309
			0.17065963060686	-0.0592084432717678
			0.171240105540897	-0.0597889182058048
			0.171240105540897	-0.0603693931398417
			0.171820580474934	-0.0609498680738786
			0.172401055408971	-0.0609498680738786
			0.172401055408971	-0.0615303430079156
			0.172981530343008	-0.0621108179419525
			0.172981530343008	-0.0626912928759895
			0.173562005277045	-0.0632717678100264
			0.173562005277045	-0.0638522427440633
			0.174142480211082	-0.0638522427440633
			0.174142480211082	-0.0644327176781003
			0.174722955145119	-0.0650131926121372
			0.174722955145119	-0.0655936675461741
			0.175303430079156	-0.0661741424802111
			0.175303430079156	-0.066754617414248
			0.175883905013193	-0.067335092348285
			0.175883905013193	-0.0679155672823219
			0.175883905013193	-0.0684960422163588
			0.17646437994723	-0.0690765171503958
			0.17646437994723	-0.0696569920844327
			0.17646437994723	-0.0702374670184697
			0.177044854881267	-0.0708179419525066
			0.177044854881267	-0.0713984168865435
			0.177044854881267	-0.0719788918205805
			0.177044854881267	-0.0725593667546174
			0.177044854881267	-0.0731398416886544
			0.177044854881267	-0.0737203166226913
			0.177044854881267	-0.0743007915567282
			0.177044854881267	-0.0748812664907652
			0.177044854881267	-0.0754617414248021
			0.177044854881267	-0.0760422163588391
			0.177044854881267	-0.076622691292876
			0.177044854881267	-0.0772031662269129
			0.17646437994723	-0.0777836411609499
			0.17646437994723	-0.0783641160949868
			0.17646437994723	-0.0789445910290238
			0.17646437994723	-0.0795250659630607
			0.17646437994723	-0.0801055408970976
			0.175883905013193	-0.0806860158311346
			0.175883905013193	-0.0812664907651715
			0.175883905013193	-0.0818469656992084
			0.175883905013193	-0.0824274406332454
			0.175303430079156	-0.0830079155672823
			0.175303430079156	-0.0835883905013193
			0.175303430079156	-0.0841688654353562
			0.175303430079156	-0.0847493403693931
			0.174722955145119	-0.0853298153034301
			0.175303430079156	-0.085910290237467
			0.175883905013193	-0.086490765171504
			0.17646437994723	-0.086490765171504
			0.177044854881267	-0.0870712401055409
			0.177625329815303	-0.0870712401055409
			0.17820580474934	-0.0870712401055409
			0.178786279683377	-0.0876517150395778
			0.179366754617414	-0.0876517150395778
			0.179947229551451	-0.0882321899736148
			0.180527704485488	-0.0882321899736148
			0.181108179419525	-0.0888126649076517
			0.181688654353562	-0.0888126649076517
			0.182269129287599	-0.0893931398416887
			0.182849604221636	-0.0893931398416887
			0.183430079155673	-0.0899736147757256
			0.18401055408971	-0.0899736147757256
			0.184591029023747	-0.0905540897097625
			0.185171503957784	-0.0911345646437995
			0.185751978891821	-0.0911345646437995
			0.186332453825858	-0.0917150395778364
			0.186912928759894	-0.0917150395778364
			0.187493403693931	-0.0922955145118734
			0.188073878627968	-0.0928759894459103
			0.188654353562005	-0.0928759894459103
			0.188654353562005	-0.0934564643799472
			0.189234828496042	-0.0940369393139842
			0.189815303430079	-0.0940369393139842
			0.190395778364116	-0.0946174142480211
			0.190976253298153	-0.0951978891820581
			0.19155672823219	-0.095778364116095
			0.192137203166227	-0.0963588390501319
			0.192717678100264	-0.0969393139841689
			0.193298153034301	-0.0975197889182058
			0.193878627968338	-0.0981002638522428
			0.193878627968338	-0.0986807387862797
			0.194459102902375	-0.0986807387862797
			0.195039577836412	-0.0992612137203166
			0.195620052770449	-0.0998416886543536
			0.196200527704486	-0.100422163588391
			0.196200527704486	-0.101002638522427
			0.196781002638522	-0.101583113456464
			0.197361477572559	-0.102163588390501
			0.197361477572559	-0.102744063324538
			0.197941952506596	-0.103324538258575
			0.198522427440633	-0.103905013192612
			0.198522427440633	-0.104485488126649
			0.198522427440633	-0.105065963060686
			0.19910290237467	-0.105646437994723
			0.19910290237467	-0.10622691292876
			0.199683377308707	-0.106807387862797
			0.199683377308707	-0.107387862796834
			0.200263852242744	-0.107968337730871
			0.200263852242744	-0.108548812664908
			0.200263852242744	-0.109129287598945
			0.200844327176781	-0.109129287598945
			0.200844327176781	-0.109709762532982
			0.200844327176781	-0.110290237467018
			0.201424802110818	-0.110870712401055
			0.201424802110818	-0.111451187335092
			0.201424802110818	-0.112031662269129
			0.201424802110818	-0.112612137203166
			0.202005277044855	-0.113192612137203
			0.202005277044855	-0.11377308707124
			0.202005277044855	-0.114353562005277
			0.202005277044855	-0.114934036939314
			0.202585751978892	-0.115514511873351
			0.202585751978892	-0.116094986807388
			0.202585751978892	-0.116675461741425
			0.202585751978892	-0.117255936675462
			0.202585751978892	-0.117836411609499
			0.202585751978892	-0.118416886543536
			0.202585751978892	-0.118997361477573
			0.203166226912929	-0.11957783641161
			0.203166226912929	-0.120158311345646
			0.203166226912929	-0.120738786279683
			0.203166226912929	-0.12131926121372
			0.203166226912929	-0.121899736147757
			0.203166226912929	-0.122480211081794
			0.202585751978892	-0.123060686015831
			0.202585751978892	-0.123641160949868
			0.202005277044855	-0.124221635883905
			0.202005277044855	-0.124802110817942
			0.201424802110818	-0.125382585751979
			0.200844327176781	-0.125963060686016
			0.200844327176781	-0.126543535620053
			0.200263852242744	-0.12712401055409
			0.199683377308707	-0.127704485488127
			0.199683377308707	-0.128284960422164
			0.19910290237467	-0.128865435356201
			0.19910290237467	-0.129445910290237
			0.198522427440633	-0.130026385224274
			0.197941952506596	-0.130026385224274
			0.197941952506596	-0.130606860158311
			0.197361477572559	-0.131187335092348
			0.196781002638522	-0.131767810026385
			0.196781002638522	-0.132348284960422
			0.196200527704486	-0.132348284960422
			0.195620052770449	-0.132928759894459
			0.195620052770449	-0.133509234828496
			0.195039577836412	-0.133509234828496
			0.194459102902375	-0.134089709762533
			0.194459102902375	-0.13467018469657
			0.193878627968338	-0.13467018469657
			0.193298153034301	-0.135250659630607
			0.193298153034301	-0.135831134564644
			0.192717678100264	-0.135831134564644
			0.192137203166227	-0.136411609498681
			0.19155672823219	-0.136992084432718
			0.190976253298153	-0.137572559366755
			0.190395778364116	-0.138153034300792
			0.189815303430079	-0.138153034300792
			0.189234828496042	-0.138733509234828
			0.188654353562005	-0.138733509234828
			0.188654353562005	-0.139313984168865
			0.188073878627968	-0.139313984168865
			0.187493403693931	-0.139894459102902
			0.186912928759894	-0.139894459102902
			0.186332453825858	-0.140474934036939
			0.185751978891821	-0.140474934036939
			0.185171503957784	-0.140474934036939
			0.185171503957784	-0.141055408970976
			0.184591029023747	-0.141055408970976
			0.18401055408971	-0.141055408970976
			0.183430079155673	-0.141635883905013
			0.182849604221636	-0.141635883905013
			0.182269129287599	-0.141635883905013
			0.181688654353562	-0.141635883905013
			0.181108179419525	-0.141635883905013
			0.180527704485488	-0.141635883905013
			0.180527704485488	-0.14221635883905
			0.179947229551451	-0.14221635883905
			0.179366754617414	-0.14221635883905
			0.178786279683377	-0.14221635883905
			0.17820580474934	-0.14221635883905
			0.177625329815303	-0.14221635883905
			0.177044854881267	-0.14221635883905
			0.17646437994723	-0.14221635883905
			0.175883905013193	-0.14221635883905
			0.175303430079156	-0.14221635883905
			0.174722955145119	-0.141635883905013
			0.174142480211082	-0.141635883905013
			0.173562005277045	-0.141635883905013
			0.173562005277045	-0.14221635883905
			0.173562005277045	-0.142796833773087
			0.173562005277045	-0.143377308707124
			0.173562005277045	-0.143957783641161
			0.174142480211082	-0.144538258575198
			0.174142480211082	-0.145118733509235
			0.174722955145119	-0.145699208443272
			0.175303430079156	-0.145699208443272
			0.175883905013193	-0.146279683377309
			0.17646437994723	-0.146279683377309
			0.177044854881267	-0.146279683377309
			0.177625329815303	-0.146279683377309
			0.17820580474934	-0.146279683377309
			0.178786279683377	-0.146279683377309
			0.179366754617414	-0.146279683377309
			0.179947229551451	-0.146279683377309
			0.180527704485488	-0.145699208443272
			0.181108179419525	-0.145699208443272
			0.181688654353562	-0.145699208443272
			0.182269129287599	-0.145118733509235
			0.182849604221636	-0.145118733509235
			0.183430079155673	-0.145118733509235
			0.18401055408971	-0.144538258575198
			0.184591029023747	-0.144538258575198
			0.185171503957784	-0.144538258575198
			0.185171503957784	-0.143957783641161
			0.185751978891821	-0.143957783641161
			0.186332453825858	-0.143957783641161
			0.186912928759894	-0.143377308707124
			0.187493403693931	-0.143377308707124
			0.188073878627968	-0.142796833773087
			0.188654353562005	-0.142796833773087
			0.189234828496042	-0.14221635883905
			0.189815303430079	-0.14221635883905
			0.190395778364116	-0.141635883905013
			0.190976253298153	-0.141635883905013
			0.19155672823219	-0.141055408970976
			0.192137203166227	-0.141055408970976
			0.192717678100264	-0.140474934036939
			0.193298153034301	-0.140474934036939
			0.193878627968338	-0.139894459102902
			0.194459102902375	-0.139894459102902
			0.195039577836412	-0.139313984168865
			0.195620052770449	-0.139313984168865
			0.195620052770449	-0.138733509234828
			0.196200527704486	-0.138733509234828
			0.196781002638522	-0.138153034300792
			0.197361477572559	-0.138153034300792
			0.197941952506596	-0.137572559366755
			0.198522427440633	-0.136992084432718
			0.19910290237467	-0.136992084432718
			0.199683377308707	-0.136411609498681
			0.200263852242744	-0.136411609498681
			0.200844327176781	-0.135831134564644
			0.201424802110818	-0.135831134564644
			0.202005277044855	-0.135250659630607
			0.202585751978892	-0.13467018469657
			0.203166226912929	-0.13467018469657
			0.203746701846966	-0.134089709762533
			0.204327176781003	-0.133509234828496
			0.20490765171504	-0.133509234828496
			0.205488126649077	-0.132928759894459
			0.206068601583113	-0.132348284960422
			0.20664907651715	-0.132348284960422
			0.207229551451187	-0.131767810026385
			0.207810026385224	-0.131187335092348
			0.208390501319261	-0.130606860158311
			0.208970976253298	-0.130606860158311
			0.209551451187335	-0.130026385224274
			0.210131926121372	-0.129445910290237
			0.210712401055409	-0.128865435356201
			0.211292875989446	-0.128284960422164
			0.211873350923483	-0.127704485488127
			0.21245382585752	-0.12712401055409
			0.213034300791557	-0.126543535620053
			0.213614775725594	-0.125963060686016
			0.214195250659631	-0.125963060686016
			0.214775725593668	-0.125963060686016
			0.215356200527704	-0.125382585751979
			0.215936675461741	-0.125382585751979
			0.216517150395778	-0.125382585751979
			0.217097625329815	-0.125382585751979
			0.217678100263852	-0.125382585751979
			0.218258575197889	-0.125382585751979
			0.218839050131926	-0.125382585751979
			0.219419525065963	-0.125382585751979
			0.22	-0.125382585751979
			0.220580474934037	-0.125382585751979
			0.221160949868074	-0.125382585751979
			0.221741424802111	-0.125963060686016
			0.222321899736148	-0.125963060686016
			0.222902374670185	-0.126543535620053
			0.223482849604222	-0.126543535620053
			0.224063324538259	-0.126543535620053
			0.224063324538259	-0.12712401055409
			0.224643799472296	-0.12712401055409
			0.225224274406332	-0.12712401055409
			0.225804749340369	-0.127704485488127
			0.226385224274406	-0.127704485488127
			0.226965699208443	-0.128284960422164
			0.22754617414248	-0.128865435356201
			0.228126649076517	-0.129445910290237
			0.228707124010554	-0.129445910290237
			0.229287598944591	-0.130026385224274
			0.229868073878628	-0.130606860158311
			0.230448548812665	-0.130606860158311
			0.231029023746702	-0.131187335092348
			0.231609498680739	-0.131767810026385
			0.232189973614776	-0.132348284960422
		</suture>
		<anterior type=matrix rownames=FALSE colnames=FALSE nrow=325 ncol=2 as.numeric=TRUE >
			0.124802110817942	-0.0342480211081794
			0.125382585751979	-0.0342480211081794
			0.125963060686016	-0.0342480211081794
			0.126543535620053	-0.0342480211081794
			0.12712401055409	-0.0348284960422164
			0.127704485488127	-0.0348284960422164
			0.128284960422164	-0.0348284960422164
			0.128865435356201	-0.0348284960422164
			0.129445910290237	-0.0348284960422164
			0.130026385224274	-0.0354089709762533
			0.130606860158311	-0.0354089709762533
			0.131187335092348	-0.0354089709762533
			0.131767810026385	-0.0354089709762533
			0.132348284960422	-0.0354089709762533
			0.132928759894459	-0.0354089709762533
			0.133509234828496	-0.0359894459102902
			0.134089709762533	-0.0359894459102902
			0.13467018469657	-0.0359894459102902
			0.135250659630607	-0.0359894459102902
			0.135831134564644	-0.0359894459102902
			0.136411609498681	-0.0365699208443272
			0.136992084432718	-0.0365699208443272
			0.137572559366755	-0.0365699208443272
			0.138153034300792	-0.0365699208443272
			0.138733509234828	-0.0365699208443272
			0.139313984168865	-0.0371503957783641
			0.139894459102902	-0.0371503957783641
			0.140474934036939	-0.0371503957783641
			0.141055408970976	-0.0371503957783641
			0.141635883905013	-0.0377308707124011
			0.14221635883905	-0.0377308707124011
			0.142796833773087	-0.0377308707124011
			0.143377308707124	-0.0377308707124011
			0.143957783641161	-0.0377308707124011
			0.144538258575198	-0.038311345646438
			0.145118733509235	-0.038311345646438
			0.145699208443272	-0.038311345646438
			0.146279683377309	-0.038311345646438
			0.146860158311346	-0.0388918205804749
			0.147440633245383	-0.0388918205804749
			0.14802110817942	-0.0388918205804749
			0.148601583113456	-0.0388918205804749
			0.149182058047493	-0.0394722955145119
			0.14976253298153	-0.0394722955145119
			0.150343007915567	-0.0394722955145119
			0.150923482849604	-0.0394722955145119
			0.151503957783641	-0.0400527704485488
			0.152084432717678	-0.0400527704485488
			0.152664907651715	-0.0400527704485488
			0.153245382585752	-0.0400527704485488
			0.153245382585752	-0.0406332453825858
			0.153825857519789	-0.0406332453825858
			0.154406332453826	-0.0406332453825858
			0.154986807387863	-0.0406332453825858
			0.1555672823219	-0.0412137203166227
			0.156147757255937	-0.0412137203166227
			0.156728232189974	-0.0412137203166227
			0.157308707124011	-0.0412137203166227
			0.157889182058048	-0.0417941952506596
			0.158469656992084	-0.0417941952506596
			0.159050131926121	-0.0423746701846966
			0.159630606860158	-0.0423746701846966
			0.160211081794195	-0.0423746701846966
			0.160791556728232	-0.0423746701846966
			0.161372031662269	-0.0429551451187335
			0.161952506596306	-0.0429551451187335
			0.162532981530343	-0.0429551451187335
			0.16311345646438	-0.0435356200527705
			0.163693931398417	-0.0435356200527705
			0.164274406332454	-0.0435356200527705
			0.164854881266491	-0.0441160949868074
			0.165435356200528	-0.0441160949868074
			0.166015831134565	-0.0441160949868074
			0.166596306068602	-0.0446965699208443
			0.167176781002639	-0.0446965699208443
			0.167757255936675	-0.0446965699208443
			0.167757255936675	-0.0452770448548813
			0.168337730870712	-0.0452770448548813
			0.168918205804749	-0.0452770448548813
			0.169498680738786	-0.0458575197889182
			0.170079155672823	-0.0458575197889182
			0.17065963060686	-0.0458575197889182
			0.17065963060686	-0.0464379947229552
			0.171240105540897	-0.0464379947229552
			0.171820580474934	-0.0464379947229552
			0.172401055408971	-0.0470184696569921
			0.172981530343008	-0.0470184696569921
			0.173562005277045	-0.047598944591029
			0.174142480211082	-0.047598944591029
			0.174722955145119	-0.048179419525066
			0.175303430079156	-0.048179419525066
			0.175883905013193	-0.0487598944591029
			0.17646437994723	-0.0487598944591029
			0.177044854881267	-0.0493403693931398
			0.177625329815303	-0.0493403693931398
			0.17820580474934	-0.0493403693931398
			0.17820580474934	-0.0499208443271768
			0.178786279683377	-0.0499208443271768
			0.179366754617414	-0.0505013192612137
			0.179947229551451	-0.0505013192612137
			0.180527704485488	-0.0510817941952507
			0.181108179419525	-0.0516622691292876
			0.181688654353562	-0.0516622691292876
			0.182269129287599	-0.0522427440633245
			0.182849604221636	-0.0522427440633245
			0.183430079155673	-0.0528232189973615
			0.18401055408971	-0.0528232189973615
			0.184591029023747	-0.0534036939313984
			0.185171503957784	-0.0534036939313984
			0.185751978891821	-0.0539841688654354
			0.186332453825858	-0.0545646437994723
			0.186912928759894	-0.0545646437994723
			0.187493403693931	-0.0551451187335092
			0.188073878627968	-0.0551451187335092
			0.188654353562005	-0.0557255936675462
			0.189234828496042	-0.0557255936675462
			0.189815303430079	-0.0563060686015831
			0.190395778364116	-0.0563060686015831
			0.190976253298153	-0.0568865435356201
			0.19155672823219	-0.057467018469657
			0.192137203166227	-0.057467018469657
			0.192717678100264	-0.0580474934036939
			0.193298153034301	-0.0580474934036939
			0.193878627968338	-0.0586279683377309
			0.194459102902375	-0.0586279683377309
			0.194459102902375	-0.0592084432717678
			0.195039577836412	-0.0592084432717678
			0.195620052770449	-0.0597889182058048
			0.196200527704486	-0.0597889182058048
			0.196781002638522	-0.0603693931398417
			0.197361477572559	-0.0609498680738786
			0.197941952506596	-0.0609498680738786
			0.198522427440633	-0.0615303430079156
			0.19910290237467	-0.0621108179419525
			0.199683377308707	-0.0621108179419525
			0.200263852242744	-0.0626912928759895
			0.200844327176781	-0.0626912928759895
			0.201424802110818	-0.0632717678100264
			0.202005277044855	-0.0638522427440633
			0.202585751978892	-0.0644327176781003
			0.203166226912929	-0.0644327176781003
			0.203746701846966	-0.0650131926121372
			0.204327176781003	-0.0655936675461741
			0.20490765171504	-0.0655936675461741
			0.205488126649077	-0.0661741424802111
			0.206068601583113	-0.066754617414248
			0.20664907651715	-0.066754617414248
			0.207229551451187	-0.067335092348285
			0.207810026385224	-0.0679155672823219
			0.208390501319261	-0.0679155672823219
			0.208970976253298	-0.0684960422163588
			0.209551451187335	-0.0690765171503958
			0.210131926121372	-0.0696569920844327
			0.210712401055409	-0.0702374670184697
			0.211292875989446	-0.0702374670184697
			0.211873350923483	-0.0708179419525066
			0.21245382585752	-0.0713984168865435
			0.213034300791557	-0.0719788918205805
			0.213614775725594	-0.0719788918205805
			0.214195250659631	-0.0725593667546174
			0.214775725593668	-0.0731398416886544
			0.215356200527704	-0.0737203166226913
			0.215936675461741	-0.0743007915567282
			0.216517150395778	-0.0748812664907652
			0.217097625329815	-0.0754617414248021
			0.217678100263852	-0.0760422163588391
			0.218258575197889	-0.0760422163588391
			0.218258575197889	-0.076622691292876
			0.218839050131926	-0.0772031662269129
			0.219419525065963	-0.0777836411609499
			0.22	-0.0783641160949868
			0.220580474934037	-0.0789445910290238
			0.221160949868074	-0.0795250659630607
			0.221741424802111	-0.0801055408970976
			0.221741424802111	-0.0806860158311346
			0.222321899736148	-0.0812664907651715
			0.222902374670185	-0.0818469656992084
			0.222902374670185	-0.0824274406332454
			0.223482849604222	-0.0824274406332454
			0.223482849604222	-0.0830079155672823
			0.224063324538259	-0.0835883905013193
			0.224063324538259	-0.0841688654353562
			0.224063324538259	-0.0847493403693931
			0.224643799472296	-0.0853298153034301
			0.224643799472296	-0.085910290237467
			0.225224274406332	-0.086490765171504
			0.225224274406332	-0.0870712401055409
			0.225224274406332	-0.0876517150395778
			0.225224274406332	-0.0882321899736148
			0.225804749340369	-0.0888126649076517
			0.225804749340369	-0.0893931398416887
			0.226385224274406	-0.0899736147757256
			0.226385224274406	-0.0905540897097625
			0.226385224274406	-0.0911345646437995
			0.226965699208443	-0.0911345646437995
			0.226965699208443	-0.0917150395778364
			0.226965699208443	-0.0922955145118734
			0.22754617414248	-0.0928759894459103
			0.22754617414248	-0.0934564643799472
			0.228126649076517	-0.0940369393139842
			0.228126649076517	-0.0946174142480211
			0.228126649076517	-0.0951978891820581
			0.228707124010554	-0.095778364116095
			0.228707124010554	-0.0963588390501319
			0.229287598944591	-0.0969393139841689
			0.229287598944591	-0.0975197889182058
			0.229287598944591	-0.0981002638522428
			0.229868073878628	-0.0986807387862797
			0.229868073878628	-0.0992612137203166
			0.229868073878628	-0.0998416886543536
			0.229868073878628	-0.100422163588391
			0.230448548812665	-0.101002638522427
			0.230448548812665	-0.101583113456464
			0.230448548812665	-0.102163588390501
			0.231029023746702	-0.102744063324538
			0.231029023746702	-0.103324538258575
			0.231029023746702	-0.103905013192612
			0.231609498680739	-0.104485488126649
			0.231609498680739	-0.105065963060686
			0.231609498680739	-0.105646437994723
			0.231609498680739	-0.10622691292876
			0.231609498680739	-0.106807387862797
			0.231609498680739	-0.107387862796834
			0.232189973614776	-0.107387862796834
			0.232189973614776	-0.107968337730871
			0.232189973614776	-0.108548812664908
			0.232189973614776	-0.109129287598945
			0.232189973614776	-0.109709762532982
			0.232189973614776	-0.110290237467018
			0.232770448548813	-0.110870712401055
			0.232770448548813	-0.111451187335092
			0.232770448548813	-0.112031662269129
			0.232770448548813	-0.112612137203166
			0.232770448548813	-0.113192612137203
			0.232770448548813	-0.11377308707124
			0.232770448548813	-0.114353562005277
			0.232770448548813	-0.114934036939314
			0.232770448548813	-0.115514511873351
			0.23335092348285	-0.116094986807388
			0.23335092348285	-0.116675461741425
			0.23335092348285	-0.117255936675462
			0.23335092348285	-0.117836411609499
			0.23335092348285	-0.118416886543536
			0.23335092348285	-0.118997361477573
			0.23335092348285	-0.11957783641161
			0.23335092348285	-0.120158311345646
			0.23335092348285	-0.120738786279683
			0.23335092348285	-0.12131926121372
			0.23335092348285	-0.121899736147757
			0.23335092348285	-0.122480211081794
			0.23335092348285	-0.123060686015831
			0.23335092348285	-0.123641160949868
			0.23335092348285	-0.124221635883905
			0.23335092348285	-0.124802110817942
			0.23335092348285	-0.125382585751979
			0.23335092348285	-0.125963060686016
			0.23335092348285	-0.126543535620053
			0.232770448548813	-0.126543535620053
			0.232770448548813	-0.12712401055409
			0.232770448548813	-0.127704485488127
			0.232770448548813	-0.128284960422164
			0.232770448548813	-0.128865435356201
			0.232770448548813	-0.129445910290237
			0.232770448548813	-0.130026385224274
			0.232770448548813	-0.130606860158311
			0.232770448548813	-0.131187335092348
			0.232770448548813	-0.131767810026385
			0.232189973614776	-0.132348284960422
			0.232189973614776	-0.132928759894459
			0.232189973614776	-0.133509234828496
			0.232189973614776	-0.134089709762533
			0.232189973614776	-0.13467018469657
			0.232189973614776	-0.135250659630607
			0.231609498680739	-0.135831134564644
			0.231609498680739	-0.136411609498681
			0.231609498680739	-0.136992084432718
			0.231609498680739	-0.137572559366755
			0.231609498680739	-0.138153034300792
			0.231029023746702	-0.138733509234828
			0.231029023746702	-0.139313984168865
			0.231029023746702	-0.139894459102902
			0.231029023746702	-0.140474934036939
			0.231029023746702	-0.141055408970976
			0.230448548812665	-0.141635883905013
			0.230448548812665	-0.14221635883905
			0.230448548812665	-0.142796833773087
			0.230448548812665	-0.143377308707124
			0.229868073878628	-0.143957783641161
			0.229868073878628	-0.144538258575198
			0.229868073878628	-0.145118733509235
			0.229287598944591	-0.145699208443272
			0.229287598944591	-0.146279683377309
			0.229287598944591	-0.146860158311346
			0.228707124010554	-0.147440633245383
			0.228707124010554	-0.14802110817942
			0.228707124010554	-0.148601583113456
			0.228126649076517	-0.149182058047493
			0.228126649076517	-0.14976253298153
			0.228126649076517	-0.150343007915567
			0.228126649076517	-0.150923482849604
			0.22754617414248	-0.151503957783641
			0.22754617414248	-0.152084432717678
			0.226965699208443	-0.152664907651715
			0.226965699208443	-0.153245382585752
			0.226965699208443	-0.153825857519789
			0.226385224274406	-0.154406332453826
			0.226385224274406	-0.154986807387863
			0.225804749340369	-0.1555672823219
			0.225804749340369	-0.156147757255937
			0.225804749340369	-0.156728232189974
			0.225224274406332	-0.157308707124011
			0.225224274406332	-0.157889182058048
			0.225224274406332	-0.158469656992084
			0.224643799472296	-0.159050131926121
			0.224643799472296	-0.159630606860158
			0.224063324538259	-0.160211081794195
			0.224063324538259	-0.160791556728232
			0.223482849604222	-0.161372031662269
			0.223482849604222	-0.161952506596306
			0.223482849604222	-0.162532981530343
			0.222902374670185	-0.162532981530343
			0.222902374670185	-0.16311345646438
			0.222902374670185	-0.163693931398417
			0.222321899736148	-0.163693931398417
			0.222321899736148	-0.164274406332454
		</anterior>
		<posterior type=matrix rownames=FALSE colnames=FALSE nrow=173 ncol=2 as.numeric=TRUE >
			0.123641160949868	-0.164274406332454
			0.124221635883905	-0.164274406332454
			0.124802110817942	-0.164274406332454
			0.125382585751979	-0.164854881266491
			0.125963060686016	-0.164854881266491
			0.126543535620053	-0.164854881266491
			0.12712401055409	-0.164854881266491
			0.127704485488127	-0.164854881266491
			0.128284960422164	-0.165435356200528
			0.128865435356201	-0.165435356200528
			0.129445910290237	-0.165435356200528
			0.130026385224274	-0.165435356200528
			0.130606860158311	-0.165435356200528
			0.131187335092348	-0.165435356200528
			0.131767810026385	-0.165435356200528
			0.132348284960422	-0.165435356200528
			0.132928759894459	-0.165435356200528
			0.133509234828496	-0.166015831134565
			0.134089709762533	-0.166015831134565
			0.13467018469657	-0.166015831134565
			0.135250659630607	-0.166015831134565
			0.135831134564644	-0.166015831134565
			0.136411609498681	-0.166015831134565
			0.136992084432718	-0.166015831134565
			0.137572559366755	-0.166015831134565
			0.138153034300792	-0.166015831134565
			0.138733509234828	-0.166015831134565
			0.139313984168865	-0.166015831134565
			0.139894459102902	-0.166015831134565
			0.140474934036939	-0.166015831134565
			0.141055408970976	-0.166015831134565
			0.141635883905013	-0.166015831134565
			0.14221635883905	-0.166015831134565
			0.142796833773087	-0.166015831134565
			0.143377308707124	-0.166015831134565
			0.143957783641161	-0.166015831134565
			0.144538258575198	-0.166015831134565
			0.145118733509235	-0.166015831134565
			0.145699208443272	-0.166015831134565
			0.146279683377309	-0.166015831134565
			0.146860158311346	-0.166015831134565
			0.147440633245383	-0.165435356200528
			0.14802110817942	-0.165435356200528
			0.148601583113456	-0.165435356200528
			0.149182058047493	-0.165435356200528
			0.14976253298153	-0.165435356200528
			0.150343007915567	-0.165435356200528
			0.150923482849604	-0.165435356200528
			0.151503957783641	-0.165435356200528
			0.152084432717678	-0.165435356200528
			0.152664907651715	-0.165435356200528
			0.153245382585752	-0.164854881266491
			0.153825857519789	-0.164854881266491
			0.154406332453826	-0.164854881266491
			0.154986807387863	-0.164854881266491
			0.1555672823219	-0.164854881266491
			0.156147757255937	-0.164854881266491
			0.156728232189974	-0.164854881266491
			0.157308707124011	-0.164854881266491
			0.157308707124011	-0.164274406332454
			0.157889182058048	-0.164274406332454
			0.158469656992084	-0.164274406332454
			0.159050131926121	-0.164274406332454
			0.159630606860158	-0.164274406332454
			0.160211081794195	-0.164274406332454
			0.160791556728232	-0.164274406332454
			0.161372031662269	-0.164274406332454
			0.161952506596306	-0.164274406332454
			0.162532981530343	-0.164274406332454
			0.16311345646438	-0.164274406332454
			0.163693931398417	-0.164274406332454
			0.164274406332454	-0.164274406332454
			0.164854881266491	-0.164274406332454
			0.165435356200528	-0.164274406332454
			0.166015831134565	-0.164274406332454
			0.166596306068602	-0.164274406332454
			0.167176781002639	-0.164274406332454
			0.167757255936675	-0.164274406332454
			0.168337730870712	-0.164274406332454
			0.168918205804749	-0.164274406332454
			0.169498680738786	-0.164274406332454
			0.170079155672823	-0.164274406332454
			0.17065963060686	-0.164274406332454
			0.171240105540897	-0.164274406332454
			0.171820580474934	-0.164274406332454
			0.172401055408971	-0.164274406332454
			0.172981530343008	-0.164274406332454
			0.173562005277045	-0.164274406332454
			0.174142480211082	-0.164274406332454
			0.174722955145119	-0.164274406332454
			0.175303430079156	-0.164274406332454
			0.175883905013193	-0.164274406332454
			0.17646437994723	-0.164274406332454
			0.17646437994723	-0.163693931398417
			0.177044854881267	-0.163693931398417
			0.177625329815303	-0.163693931398417
			0.17820580474934	-0.163693931398417
			0.178786279683377	-0.163693931398417
			0.179366754617414	-0.163693931398417
			0.179947229551451	-0.163693931398417
			0.180527704485488	-0.163693931398417
			0.181108179419525	-0.163693931398417
			0.181688654353562	-0.163693931398417
			0.182269129287599	-0.163693931398417
			0.182849604221636	-0.163693931398417
			0.183430079155673	-0.163693931398417
			0.18401055408971	-0.163693931398417
			0.184591029023747	-0.16311345646438
			0.185171503957784	-0.16311345646438
			0.185751978891821	-0.16311345646438
			0.186332453825858	-0.16311345646438
			0.186912928759894	-0.16311345646438
			0.187493403693931	-0.16311345646438
			0.188073878627968	-0.16311345646438
			0.188654353562005	-0.16311345646438
			0.189234828496042	-0.16311345646438
			0.189815303430079	-0.16311345646438
			0.190395778364116	-0.16311345646438
			0.190976253298153	-0.162532981530343
			0.19155672823219	-0.162532981530343
			0.192137203166227	-0.162532981530343
			0.192717678100264	-0.162532981530343
			0.193298153034301	-0.162532981530343
			0.193878627968338	-0.162532981530343
			0.194459102902375	-0.162532981530343
			0.195039577836412	-0.162532981530343
			0.195620052770449	-0.162532981530343
			0.196200527704486	-0.16311345646438
			0.196781002638522	-0.16311345646438
			0.197361477572559	-0.16311345646438
			0.197941952506596	-0.16311345646438
			0.198522427440633	-0.16311345646438
			0.19910290237467	-0.16311345646438
			0.199683377308707	-0.16311345646438
			0.200263852242744	-0.16311345646438
			0.200844327176781	-0.16311345646438
			0.201424802110818	-0.16311345646438
			0.202005277044855	-0.16311345646438
			0.202585751978892	-0.163693931398417
			0.203166226912929	-0.163693931398417
			0.203746701846966	-0.163693931398417
			0.204327176781003	-0.163693931398417
			0.20490765171504	-0.163693931398417
			0.205488126649077	-0.163693931398417
			0.206068601583113	-0.163693931398417
			0.20664907651715	-0.163693931398417
			0.207229551451187	-0.163693931398417
			0.207810026385224	-0.163693931398417
			0.208390501319261	-0.163693931398417
			0.208970976253298	-0.163693931398417
			0.209551451187335	-0.163693931398417
			0.210131926121372	-0.163693931398417
			0.210712401055409	-0.163693931398417
			0.211292875989446	-0.164274406332454
			0.211873350923483	-0.164274406332454
			0.21245382585752	-0.164274406332454
			0.213034300791557	-0.164274406332454
			0.213614775725594	-0.164274406332454
			0.214195250659631	-0.164274406332454
			0.214775725593668	-0.164274406332454
			0.215356200527704	-0.164274406332454
			0.215936675461741	-0.164274406332454
			0.216517150395778	-0.164274406332454
			0.217097625329815	-0.164274406332454
			0.217678100263852	-0.164274406332454
			0.218258575197889	-0.164274406332454
			0.218839050131926	-0.164274406332454
			0.219419525065963	-0.164274406332454
			0.22	-0.164274406332454
			0.220580474934037	-0.164274406332454
			0.221160949868074	-0.164274406332454
			0.221741424802111	-0.164274406332454
			0.222321899736148	-0.164274406332454
		</posterior>
	</curves.scaled>
	<ruler.points type=matrix rownames=TRUE colnames=FALSE nrow=2 ncol=2 as.numeric=TRUE >
		Ruler point 1	22	202
		Ruler point 2	401	202
	</ruler.points>
</shapes>

