<shapes type=list>
	<ruler.pixel type=vector names=FALSE length=1 as.numeric=TRUE >156.051273625049</ruler.pixel>
	<ruler.interval type=vector names=FALSE length=1 as.numeric=TRUE >10</ruler.interval>
	<scaling.units type=vector names=FALSE length=1 as.numeric=FALSE >mm</scaling.units>
	<scaling type=vector names=FALSE length=1 as.numeric=TRUE >0.064081501981377</scaling>
	<landmarks.pixel type=matrix rownames=TRUE colnames=FALSE nrow=16 ncol=2 as.numeric=TRUE >
		LM1	245	27
		LM2	245	32
		LM3	243	102
		LM4	242	132
		LM5	290	61
		LM6	293	107
		LM7	291	122
		LM8	312	88
		LM9	314	111
		LM10	245	27
		LM11	357	127
		LM12	370	156
		LM13	245	27
		LM14	327	103
		LM15	405	154
		LM16	483	427
	</landmarks.pixel>
	<landmarks.scaled type=matrix rownames=TRUE colnames=FALSE nrow=16 ncol=2 as.numeric=TRUE >
		LM1	15.6999679854374	-1.73020055349718
		LM2	15.6999679854374	-2.05060806340406
		LM3	15.5718049814746	-6.53631320210045
		LM4	15.5077234794932	-8.45875826154177
		LM5	18.5836355745993	-3.908971620864
		LM6	18.7758800805435	-6.85672071200734
		LM7	18.6477170765807	-7.81794324172799
		LM8	19.9934286181896	-5.63917217436118
		LM9	20.1215916221524	-7.11304671993285
		LM10	15.6999679854374	-1.73020055349718
		LM11	22.8770962073516	-8.13835075163488
		LM12	23.7101557331095	-9.99671430909481
		LM13	15.6999679854374	-1.73020055349718
		LM14	20.9546511479103	-6.60039470408183
		LM15	25.9530083024577	-9.86855130513206
		LM16	30.9513654570051	-27.362801346048
	</landmarks.scaled>
	<curves.control type=list>
		<glabella type=matrix rownames=FALSE colnames=FALSE nrow=15 ncol=2 as.numeric=TRUE >
			245	32
			264	32
			275	39
			279	42
			284	46
			292	57
			290	72
			287	85
			281	95
			282	99
			287	102
			291	109
			292	117
			292	120
			291	122
		</glabella>
		<suture type=matrix rownames=FALSE colnames=FALSE nrow=17 ncol=2 as.numeric=TRUE >
			245	27
			309	26
			311	47
			318	65
			312	78
			307	92
			314	92
			328	95
			323	108
			319	112
			314	111
			324	114
			328	110
			337	116
			357	127
			365	134
			370	156
		</suture>
		<anterior type=matrix rownames=FALSE colnames=FALSE nrow=43 ncol=2 as.numeric=TRUE >
			245	27
			260	26
			306	31
			311	32
			315	44
			324	32
			327	45
			339	40
			338	51
			350	39
			355	53
			342	63
			356	57
			363	48
			369	64
			353	71
			361	70
			379	56
			377	78
			371	79
			367	79
			359	83
			379	83
			386	96
			374	93
			366	96
			387	99
			400	115
			382	106
			376	111
			395	114
			399	126
			388	121
			382	125
			403	127
			410	135
			397	136
			396	141
			403	143
			411	146
			401	149
			404	152
			405	154
		</anterior>
		<posterior type=matrix rownames=FALSE colnames=FALSE nrow=19 ncol=2 as.numeric=TRUE >
			242	132
			262	134
			290	125
			311	118
			361	152
			380	161
			403	186
			426	209
			455	257
			479	303
			482	372
			479	430
			484	428
			493	317
			472	270
			463	244
			445	212
			417	170
			405	154
		</posterior>
	</curves.control>
	<curves.pixel type=list>
		<glabella type=matrix rownames=FALSE colnames=FALSE nrow=121 ncol=2 as.numeric=TRUE >
			245	32
			246	32
			247	32
			248	32
			249	32
			250	32
			251	32
			252	32
			253	32
			254	32
			255	33
			256	33
			257	33
			258	33
			259	33
			260	33
			261	33
			262	34
			263	34
			264	34
			265	35
			266	35
			267	35
			268	36
			269	36
			270	36
			271	37
			272	37
			272	38
			273	38
			274	38
			275	39
			276	39
			276	40
			277	40
			277	41
			278	41
			278	42
			279	42
			280	43
			281	44
			282	45
			283	45
			284	46
			285	47
			285	48
			286	49
			287	50
			287	51
			287	52
			288	53
			288	54
			289	55
			289	56
			289	57
			289	58
			290	59
			290	60
			290	61
			290	62
			290	63
			290	64
			290	65
			290	66
			290	67
			290	68
			290	69
			290	70
			290	71
			290	72
			290	73
			290	74
			289	75
			289	76
			289	77
			288	78
			288	79
			288	80
			287	81
			287	82
			287	83
			286	84
			286	85
			286	86
			285	87
			285	88
			284	89
			284	90
			283	91
			283	92
			282	93
			281	94
			281	95
			281	96
			282	97
			282	98
			283	99
			284	100
			285	101
			286	101
			287	102
			287	103
			288	104
			289	105
			289	106
			289	107
			290	108
			290	109
			291	110
			291	111
			291	112
			291	113
			292	114
			292	115
			292	116
			292	117
			292	118
			292	119
			292	120
			291	121
			291	122
		</glabella>
		<suture type=matrix rownames=FALSE colnames=FALSE nrow=223 ncol=2 as.numeric=TRUE >
			245	27
			246	27
			247	27
			248	27
			249	27
			250	27
			251	27
			252	27
			253	27
			254	27
			255	27
			256	27
			257	27
			258	27
			259	27
			260	27
			261	27
			262	27
			263	27
			264	27
			265	27
			266	27
			267	27
			268	27
			269	28
			270	28
			271	28
			272	28
			273	28
			274	28
			275	28
			276	28
			277	28
			278	28
			279	29
			280	29
			281	29
			282	29
			283	29
			284	29
			285	29
			286	30
			287	30
			288	30
			289	30
			290	31
			291	31
			292	31
			293	31
			294	32
			295	32
			296	32
			297	33
			298	33
			299	33
			300	34
			301	34
			301	35
			302	35
			303	35
			304	36
			305	37
			306	38
			307	39
			308	40
			309	41
			310	42
			310	43
			311	44
			311	45
			311	46
			311	47
			311	48
			312	49
			312	50
			312	51
			313	51
			313	52
			313	53
			313	54
			313	55
			314	55
			314	56
			314	57
			314	58
			314	59
			314	60
			315	61
			315	62
			315	63
			315	64
			315	65
			315	66
			315	67
			315	68
			315	69
			314	70
			314	71
			314	72
			314	73
			314	74
			313	75
			313	76
			312	77
			312	78
			311	79
			311	80
			311	81
			311	82
			310	83
			310	84
			310	85
			310	86
			310	87
			310	88
			310	89
			311	90
			311	91
			312	92
			313	92
			314	92
			315	92
			316	93
			317	93
			318	93
			319	94
			320	94
			321	95
			322	96
			323	97
			324	98
			324	99
			324	100
			324	101
			324	102
			324	103
			324	104
			324	105
			324	106
			323	107
			323	108
			322	109
			321	110
			320	110
			319	111
			318	111
			317	111
			316	111
			315	111
			316	111
			317	112
			318	112
			319	112
			320	112
			321	112
			322	112
			323	112
			324	112
			325	112
			326	111
			327	111
			328	110
			329	111
			330	111
			331	112
			332	113
			333	113
			334	114
			335	115
			336	115
			337	116
			338	116
			339	117
			340	117
			340	118
			341	118
			342	119
			343	119
			344	120
			345	120
			345	121
			346	121
			347	122
			348	122
			349	123
			350	123
			351	124
			352	124
			353	125
			354	125
			355	126
			356	126
			357	127
			358	128
			359	129
			359	130
			360	131
			361	132
			362	133
			362	134
			363	135
			363	136
			364	137
			364	138
			365	138
			365	139
			365	140
			366	141
			366	142
			366	143
			367	144
			367	145
			367	146
			368	147
			368	148
			368	149
			368	150
			369	151
			369	152
			369	153
			369	154
			370	155
			370	156
		</suture>
		<anterior type=matrix rownames=FALSE colnames=FALSE nrow=381 ncol=2 as.numeric=TRUE >
			245	27
			246	27
			247	27
			248	27
			249	27
			250	27
			251	27
			252	27
			253	27
			254	27
			255	27
			256	27
			257	27
			258	27
			259	27
			260	27
			261	27
			262	27
			263	27
			264	27
			265	27
			266	27
			267	27
			268	27
			269	28
			270	28
			271	28
			272	28
			273	28
			274	28
			275	28
			276	28
			277	28
			278	28
			279	28
			280	28
			281	29
			282	29
			283	29
			284	29
			285	29
			286	29
			287	29
			288	29
			289	29
			290	29
			291	29
			292	30
			293	30
			294	30
			295	30
			296	30
			297	30
			298	30
			299	30
			300	30
			301	30
			302	31
			303	31
			304	31
			305	31
			306	31
			307	31
			308	32
			309	33
			310	34
			311	35
			312	36
			312	37
			313	38
			313	39
			313	40
			314	41
			314	42
			315	43
			315	44
			316	43
			317	42
			318	41
			319	40
			319	39
			320	39
			321	39
			321	38
			322	38
			323	38
			324	39
			325	40
			326	41
			326	42
			327	43
			327	44
			327	45
			328	45
			329	44
			330	44
			331	44
			332	43
			333	43
			334	43
			334	44
			335	44
			336	44
			337	45
			338	46
			338	47
			338	48
			338	49
			338	50
			339	50
			340	49
			341	48
			342	48
			343	47
			344	47
			344	46
			345	46
			346	46
			347	45
			348	46
			349	46
			350	46
			351	46
			351	47
			352	47
			353	48
			353	49
			354	50
			354	51
			355	52
			355	53
			354	54
			353	55
			352	56
			351	56
			350	57
			349	58
			349	59
			350	59
			351	59
			352	59
			353	58
			354	58
			355	57
			356	57
			357	56
			358	55
			359	54
			360	54
			361	54
			362	54
			363	54
			364	55
			365	56
			366	57
			366	58
			367	59
			367	60
			368	61
			368	62
			369	63
			369	64
			368	65
			367	65
			366	65
			365	66
			364	66
			363	67
			362	67
			361	68
			360	68
			359	69
			358	70
			359	70
			360	70
			361	70
			362	69
			363	68
			364	68
			365	67
			366	67
			367	66
			368	66
			368	65
			369	65
			370	65
			371	65
			372	65
			373	65
			374	65
			375	66
			376	67
			376	68
			377	69
			377	70
			377	71
			377	72
			377	73
			377	74
			377	75
			377	76
			377	77
			377	78
			376	78
			375	78
			374	78
			373	79
			372	79
			371	79
			370	79
			369	79
			368	79
			367	79
			366	80
			365	81
			365	82
			366	82
			367	82
			368	83
			369	83
			370	83
			371	83
			372	83
			373	83
			374	83
			375	83
			376	83
			377	83
			378	83
			379	83
			379	84
			380	85
			380	86
			381	86
			381	87
			381	88
			381	89
			382	90
			382	91
			381	92
			381	93
			380	93
			379	93
			378	94
			377	94
			376	93
			375	93
			374	93
			373	93
			373	94
			372	94
			372	95
			373	96
			374	96
			375	97
			376	97
			377	97
			378	97
			379	98
			380	98
			381	98
			382	98
			383	98
			384	99
			385	99
			386	99
			387	99
			387	100
			388	100
			389	101
			389	102
			390	102
			390	103
			390	104
			391	104
			391	105
			392	106
			392	107
			392	108
			392	109
			391	109
			390	109
			389	109
			388	109
			387	108
			386	108
			385	107
			384	107
			383	106
			382	106
			381	107
			381	108
			381	109
			382	110
			383	111
			384	111
			385	112
			386	112
			387	112
			388	113
			389	113
			390	113
			391	113
			392	114
			393	114
			394	114
			395	114
			395	115
			396	116
			396	117
			396	118
			396	119
			396	120
			396	121
			395	122
			394	122
			393	122
			392	122
			391	122
			390	122
			389	122
			388	121
			387	122
			387	123
			388	124
			389	125
			390	125
			391	125
			392	125
			393	126
			394	126
			395	126
			396	126
			397	126
			398	126
			399	127
			400	127
			401	127
			402	127
			403	127
			404	128
			404	129
			405	129
			405	130
			405	131
			405	132
			405	133
			404	134
			403	135
			402	135
			401	135
			400	136
			399	136
			398	136
			397	136
			397	137
			397	138
			397	139
			398	140
			399	141
			400	142
			401	142
			402	143
			403	143
			404	143
			404	144
			405	144
			406	144
			406	145
			407	146
			406	147
			405	148
			404	148
			403	148
			402	149
			401	149
			402	150
			403	151
			404	152
			404	153
			405	154
		</anterior>
		<posterior type=matrix rownames=FALSE colnames=FALSE nrow=709 ncol=2 as.numeric=TRUE >
			242	132
			243	132
			244	132
			245	132
			246	132
			247	132
			248	132
			249	132
			250	132
			251	132
			252	132
			253	132
			254	132
			255	132
			256	132
			257	132
			258	132
			259	132
			260	132
			261	132
			262	132
			263	131
			264	131
			265	131
			266	131
			267	131
			268	131
			269	130
			270	130
			271	130
			272	130
			273	130
			274	129
			275	129
			276	129
			277	129
			278	128
			279	128
			280	128
			281	128
			282	127
			283	127
			284	127
			285	127
			286	126
			287	126
			288	126
			289	125
			290	125
			291	125
			292	125
			292	124
			293	124
			294	124
			295	124
			296	124
			297	124
			298	124
			299	124
			300	124
			301	124
			302	124
			303	124
			304	124
			305	124
			306	125
			307	125
			308	125
			309	125
			310	126
			311	126
			312	126
			313	126
			314	127
			315	127
			316	127
			317	128
			318	128
			319	128
			320	129
			321	129
			322	130
			323	130
			324	130
			325	131
			326	131
			327	132
			328	132
			329	133
			330	133
			331	134
			332	134
			333	135
			334	135
			335	136
			336	137
			337	137
			338	138
			339	138
			340	139
			341	139
			341	140
			342	140
			343	140
			344	141
			345	142
			346	143
			347	143
			348	144
			349	144
			350	145
			351	145
			352	146
			353	146
			353	147
			354	148
			355	148
			356	149
			357	149
			358	150
			359	151
			360	151
			361	152
			362	152
			362	153
			363	153
			364	153
			365	154
			366	155
			367	155
			368	156
			369	157
			370	157
			371	158
			372	158
			373	159
			374	160
			375	160
			376	161
			377	162
			378	163
			379	163
			380	164
			380	165
			381	165
			382	166
			383	166
			383	167
			384	167
			385	168
			385	169
			386	169
			387	170
			388	171
			389	172
			390	173
			391	173
			391	174
			392	175
			393	176
			394	177
			395	178
			396	178
			397	179
			398	180
			398	181
			399	182
			400	183
			401	184
			402	185
			403	186
			404	187
			405	188
			406	189
			407	190
			407	191
			408	192
			409	193
			410	194
			411	195
			412	196
			413	197
			414	198
			415	199
			416	200
			417	201
			417	202
			418	202
			418	203
			419	204
			419	205
			420	205
			421	206
			421	207
			422	208
			423	209
			424	210
			424	211
			425	212
			426	213
			427	214
			427	215
			428	216
			429	217
			430	218
			430	219
			431	220
			432	221
			432	222
			433	223
			434	224
			435	225
			435	226
			436	227
			437	228
			437	229
			438	230
			439	231
			439	232
			440	233
			440	234
			441	234
			441	235
			442	236
			442	237
			443	238
			444	239
			444	240
			445	240
			445	241
			446	242
			446	243
			447	244
			448	245
			448	246
			449	247
			449	248
			450	249
			450	250
			451	250
			452	251
			452	252
			453	253
			453	254
			454	255
			454	256
			455	257
			456	258
			456	259
			456	260
			457	261
			457	262
			458	263
			458	264
			459	265
			459	266
			460	267
			460	268
			461	269
			461	270
			461	271
			462	272
			462	273
			463	274
			463	275
			464	276
			464	277
			464	278
			465	279
			465	280
			465	281
			466	282
			466	283
			467	284
			467	285
			467	286
			468	287
			468	288
			468	289
			469	290
			469	291
			469	292
			470	293
			470	294
			470	295
			470	296
			471	297
			471	298
			471	299
			472	300
			472	301
			472	302
			472	303
			473	304
			473	305
			473	306
			473	307
			474	308
			474	309
			474	310
			474	311
			475	312
			475	313
			475	314
			475	315
			475	316
			476	317
			476	318
			476	319
			476	320
			476	321
			477	322
			477	323
			477	324
			477	325
			477	326
			477	327
			478	328
			478	329
			478	330
			478	331
			478	332
			478	333
			478	334
			479	335
			479	336
			479	337
			479	338
			479	339
			479	340
			479	341
			480	341
			480	342
			480	343
			480	344
			480	345
			480	346
			480	347
			480	348
			480	349
			480	350
			481	351
			481	352
			481	353
			481	354
			481	355
			481	356
			481	357
			481	358
			481	359
			481	360
			481	361
			481	362
			482	363
			482	364
			482	365
			482	366
			482	367
			482	368
			482	369
			482	370
			482	371
			482	372
			482	373
			482	374
			482	375
			482	376
			482	377
			482	378
			482	379
			482	380
			482	381
			482	382
			481	383
			481	384
			481	385
			481	386
			481	387
			481	388
			481	389
			481	390
			481	391
			481	392
			481	393
			481	394
			481	395
			481	396
			481	397
			481	398
			481	399
			481	400
			481	401
			481	402
			481	403
			481	404
			481	405
			481	406
			481	407
			481	408
			481	409
			481	410
			481	411
			481	412
			481	413
			481	414
			481	415
			481	416
			481	417
			481	418
			481	419
			481	420
			481	421
			481	422
			482	422
			482	423
			482	424
			482	425
			482	426
			482	427
			483	427
			483	428
			484	428
			484	427
			484	426
			484	425
			484	424
			484	423
			484	422
			485	421
			485	420
			485	419
			485	418
			485	417
			485	416
			485	415
			485	414
			485	413
			485	412
			485	411
			485	410
			485	409
			485	408
			485	407
			486	406
			486	405
			486	404
			486	403
			486	402
			486	401
			486	400
			486	399
			486	398
			486	397
			486	396
			486	395
			486	394
			486	393
			486	392
			486	391
			486	390
			486	389
			486	388
			486	387
			486	386
			486	385
			486	384
			486	383
			487	382
			487	381
			487	380
			487	379
			487	378
			487	377
			487	376
			487	375
			487	374
			487	373
			487	372
			487	371
			487	370
			487	369
			487	368
			487	367
			487	366
			487	365
			487	364
			487	363
			487	362
			487	361
			487	360
			487	359
			487	358
			487	357
			487	356
			487	355
			487	354
			487	353
			486	352
			486	351
			486	350
			486	349
			486	348
			486	347
			486	346
			486	345
			486	344
			486	343
			486	342
			486	341
			486	340
			486	339
			486	338
			486	337
			486	336
			486	335
			486	334
			486	333
			485	332
			485	331
			485	330
			485	329
			485	328
			485	327
			485	326
			485	325
			485	324
			485	323
			485	322
			484	322
			484	321
			484	320
			484	319
			484	318
			484	317
			484	316
			484	315
			484	314
			483	314
			483	313
			483	312
			483	311
			483	310
			483	309
			483	308
			482	307
			482	306
			482	305
			482	304
			482	303
			482	302
			481	301
			481	300
			481	299
			481	298
			481	297
			480	296
			480	295
			480	294
			480	293
			479	292
			479	291
			479	290
			479	289
			478	288
			478	287
			478	286
			477	285
			477	284
			477	283
			477	282
			476	281
			476	280
			475	279
			475	278
			475	277
			474	276
			474	275
			474	274
			473	273
			473	272
			472	271
			472	270
			472	269
			471	268
			471	267
			471	266
			470	265
			470	264
			469	263
			469	262
			469	261
			468	260
			468	259
			467	258
			467	257
			467	256
			466	255
			466	254
			466	253
			465	253
			465	252
			464	251
			464	250
			464	249
			463	248
			463	247
			463	246
			462	245
			461	244
			461	243
			460	242
			460	241
			460	240
			459	240
			459	239
			459	238
			458	238
			458	237
			458	236
			457	236
			457	235
			457	234
			456	234
			456	233
			456	232
			455	232
			455	231
			455	230
			454	229
			454	228
			453	227
			453	226
			452	225
			452	224
			451	223
			450	222
			450	221
			449	220
			449	219
			448	218
			448	217
			447	216
			446	215
			446	214
			445	213
			445	212
			444	211
			444	210
			443	210
			443	209
			442	208
			442	207
			441	206
			440	205
			440	204
			439	203
			438	202
			438	201
			437	200
			437	199
			436	198
			435	198
			435	197
			434	196
			434	195
			433	194
			432	193
			431	192
			431	191
			430	190
			429	189
			429	188
			428	187
			427	186
			427	185
			426	184
			426	183
			425	182
			424	181
			423	180
			423	179
			422	178
			421	177
			421	176
			420	175
			419	174
			419	173
			418	172
			417	171
			417	170
			416	169
			415	169
			415	168
			414	167
			414	166
			413	165
			412	164
			411	163
			411	162
			410	161
			410	160
			409	159
			408	159
			408	158
			407	157
			407	156
			406	156
			406	155
			405	154
		</posterior>
	</curves.pixel>
	<curves.scaled type=list>
		<glabella type=matrix rownames=FALSE colnames=FALSE nrow=121 ncol=2 as.numeric=TRUE >
			15.6999679854374	-2.05060806340406
			15.7640494874187	-2.05060806340406
			15.8281309894001	-2.05060806340406
			15.8922124913815	-2.05060806340406
			15.9562939933629	-2.05060806340406
			16.0203754953443	-2.05060806340406
			16.0844569973256	-2.05060806340406
			16.148538499307	-2.05060806340406
			16.2126200012884	-2.05060806340406
			16.2767015032698	-2.05060806340406
			16.3407830052511	-2.11468956538544
			16.4048645072325	-2.11468956538544
			16.4689460092139	-2.11468956538544
			16.5330275111953	-2.11468956538544
			16.5971090131766	-2.11468956538544
			16.661190515158	-2.11468956538544
			16.7252720171394	-2.11468956538544
			16.7893535191208	-2.17877106736682
			16.8534350211022	-2.17877106736682
			16.9175165230835	-2.17877106736682
			16.9815980250649	-2.2428525693482
			17.0456795270463	-2.2428525693482
			17.1097610290277	-2.2428525693482
			17.173842531009	-2.30693407132957
			17.2379240329904	-2.30693407132957
			17.3020055349718	-2.30693407132957
			17.3660870369532	-2.37101557331095
			17.4301685389345	-2.37101557331095
			17.4301685389345	-2.43509707529233
			17.4942500409159	-2.43509707529233
			17.5583315428973	-2.43509707529233
			17.6224130448787	-2.4991785772737
			17.6864945468601	-2.4991785772737
			17.6864945468601	-2.56326007925508
			17.7505760488414	-2.56326007925508
			17.7505760488414	-2.62734158123646
			17.8146575508228	-2.62734158123646
			17.8146575508228	-2.69142308321783
			17.8787390528042	-2.69142308321783
			17.9428205547856	-2.75550458519921
			18.0069020567669	-2.81958608718059
			18.0709835587483	-2.88366758916197
			18.1350650607297	-2.88366758916197
			18.1991465627111	-2.94774909114334
			18.2632280646924	-3.01183059312472
			18.2632280646924	-3.0759120951061
			18.3273095666738	-3.13999359708747
			18.3913910686552	-3.20407509906885
			18.3913910686552	-3.26815660105023
			18.3913910686552	-3.3322381030316
			18.4554725706366	-3.39631960501298
			18.4554725706366	-3.46040110699436
			18.519554072618	-3.52448260897574
			18.519554072618	-3.58856411095711
			18.519554072618	-3.65264561293849
			18.519554072618	-3.71672711491987
			18.5836355745993	-3.78080861690124
			18.5836355745993	-3.84489011888262
			18.5836355745993	-3.908971620864
			18.5836355745993	-3.97305312284537
			18.5836355745993	-4.03713462482675
			18.5836355745993	-4.10121612680813
			18.5836355745993	-4.16529762878951
			18.5836355745993	-4.22937913077088
			18.5836355745993	-4.29346063275226
			18.5836355745993	-4.35754213473364
			18.5836355745993	-4.42162363671501
			18.5836355745993	-4.48570513869639
			18.5836355745993	-4.54978664067777
			18.5836355745993	-4.61386814265914
			18.5836355745993	-4.67794964464052
			18.5836355745993	-4.7420311466219
			18.519554072618	-4.80611264860328
			18.519554072618	-4.87019415058465
			18.519554072618	-4.93427565256603
			18.4554725706366	-4.99835715454741
			18.4554725706366	-5.06243865652878
			18.4554725706366	-5.12652015851016
			18.3913910686552	-5.19060166049154
			18.3913910686552	-5.25468316247291
			18.3913910686552	-5.31876466445429
			18.3273095666738	-5.38284616643567
			18.3273095666738	-5.44692766841705
			18.3273095666738	-5.51100917039842
			18.2632280646924	-5.5750906723798
			18.2632280646924	-5.63917217436118
			18.1991465627111	-5.70325367634255
			18.1991465627111	-5.76733517832393
			18.1350650607297	-5.83141668030531
			18.1350650607297	-5.89549818228668
			18.0709835587483	-5.95957968426806
			18.0069020567669	-6.02366118624944
			18.0069020567669	-6.08774268823082
			18.0069020567669	-6.15182419021219
			18.0709835587483	-6.21590569219357
			18.0709835587483	-6.27998719417495
			18.1350650607297	-6.34406869615632
			18.1991465627111	-6.4081501981377
			18.2632280646924	-6.47223170011908
			18.3273095666738	-6.47223170011908
			18.3913910686552	-6.53631320210045
			18.3913910686552	-6.60039470408183
			18.4554725706366	-6.66447620606321
			18.519554072618	-6.72855770804459
			18.519554072618	-6.79263921002596
			18.519554072618	-6.85672071200734
			18.5836355745993	-6.92080221398872
			18.5836355745993	-6.98488371597009
			18.6477170765807	-7.04896521795147
			18.6477170765807	-7.11304671993285
			18.6477170765807	-7.17712822191422
			18.6477170765807	-7.2412097238956
			18.7117985785621	-7.30529122587698
			18.7117985785621	-7.36937272785836
			18.7117985785621	-7.43345422983973
			18.7117985785621	-7.49753573182111
			18.7117985785621	-7.56161723380249
			18.7117985785621	-7.62569873578386
			18.7117985785621	-7.68978023776524
			18.6477170765807	-7.75386173974662
			18.6477170765807	-7.81794324172799
		</glabella>
		<suture type=matrix rownames=FALSE colnames=FALSE nrow=223 ncol=2 as.numeric=TRUE >
			15.6999679854374	-1.73020055349718
			15.7640494874187	-1.73020055349718
			15.8281309894001	-1.73020055349718
			15.8922124913815	-1.73020055349718
			15.9562939933629	-1.73020055349718
			16.0203754953443	-1.73020055349718
			16.0844569973256	-1.73020055349718
			16.148538499307	-1.73020055349718
			16.2126200012884	-1.73020055349718
			16.2767015032698	-1.73020055349718
			16.3407830052511	-1.73020055349718
			16.4048645072325	-1.73020055349718
			16.4689460092139	-1.73020055349718
			16.5330275111953	-1.73020055349718
			16.5971090131766	-1.73020055349718
			16.661190515158	-1.73020055349718
			16.7252720171394	-1.73020055349718
			16.7893535191208	-1.73020055349718
			16.8534350211022	-1.73020055349718
			16.9175165230835	-1.73020055349718
			16.9815980250649	-1.73020055349718
			17.0456795270463	-1.73020055349718
			17.1097610290277	-1.73020055349718
			17.173842531009	-1.73020055349718
			17.2379240329904	-1.79428205547856
			17.3020055349718	-1.79428205547856
			17.3660870369532	-1.79428205547856
			17.4301685389345	-1.79428205547856
			17.4942500409159	-1.79428205547856
			17.5583315428973	-1.79428205547856
			17.6224130448787	-1.79428205547856
			17.6864945468601	-1.79428205547856
			17.7505760488414	-1.79428205547856
			17.8146575508228	-1.79428205547856
			17.8787390528042	-1.85836355745993
			17.9428205547856	-1.85836355745993
			18.0069020567669	-1.85836355745993
			18.0709835587483	-1.85836355745993
			18.1350650607297	-1.85836355745993
			18.1991465627111	-1.85836355745993
			18.2632280646924	-1.85836355745993
			18.3273095666738	-1.92244505944131
			18.3913910686552	-1.92244505944131
			18.4554725706366	-1.92244505944131
			18.519554072618	-1.92244505944131
			18.5836355745993	-1.98652656142269
			18.6477170765807	-1.98652656142269
			18.7117985785621	-1.98652656142269
			18.7758800805435	-1.98652656142269
			18.8399615825248	-2.05060806340406
			18.9040430845062	-2.05060806340406
			18.9681245864876	-2.05060806340406
			19.032206088469	-2.11468956538544
			19.0962875904503	-2.11468956538544
			19.1603690924317	-2.11468956538544
			19.2244505944131	-2.17877106736682
			19.2885320963945	-2.17877106736682
			19.2885320963945	-2.2428525693482
			19.3526135983759	-2.2428525693482
			19.4166951003572	-2.2428525693482
			19.4807766023386	-2.30693407132957
			19.54485810432	-2.37101557331095
			19.6089396063014	-2.43509707529233
			19.6730211082827	-2.4991785772737
			19.7371026102641	-2.56326007925508
			19.8011841122455	-2.62734158123646
			19.8652656142269	-2.69142308321783
			19.8652656142269	-2.75550458519921
			19.9293471162082	-2.81958608718059
			19.9293471162082	-2.88366758916197
			19.9293471162082	-2.94774909114334
			19.9293471162082	-3.01183059312472
			19.9293471162082	-3.0759120951061
			19.9934286181896	-3.13999359708747
			19.9934286181896	-3.20407509906885
			19.9934286181896	-3.26815660105023
			20.057510120171	-3.26815660105023
			20.057510120171	-3.3322381030316
			20.057510120171	-3.39631960501298
			20.057510120171	-3.46040110699436
			20.057510120171	-3.52448260897574
			20.1215916221524	-3.52448260897574
			20.1215916221524	-3.58856411095711
			20.1215916221524	-3.65264561293849
			20.1215916221524	-3.71672711491987
			20.1215916221524	-3.78080861690124
			20.1215916221524	-3.84489011888262
			20.1856731241338	-3.908971620864
			20.1856731241338	-3.97305312284537
			20.1856731241338	-4.03713462482675
			20.1856731241338	-4.10121612680813
			20.1856731241338	-4.16529762878951
			20.1856731241338	-4.22937913077088
			20.1856731241338	-4.29346063275226
			20.1856731241338	-4.35754213473364
			20.1856731241338	-4.42162363671501
			20.1215916221524	-4.48570513869639
			20.1215916221524	-4.54978664067777
			20.1215916221524	-4.61386814265914
			20.1215916221524	-4.67794964464052
			20.1215916221524	-4.7420311466219
			20.057510120171	-4.80611264860328
			20.057510120171	-4.87019415058465
			19.9934286181896	-4.93427565256603
			19.9934286181896	-4.99835715454741
			19.9293471162082	-5.06243865652878
			19.9293471162082	-5.12652015851016
			19.9293471162082	-5.19060166049154
			19.9293471162082	-5.25468316247291
			19.8652656142269	-5.31876466445429
			19.8652656142269	-5.38284616643567
			19.8652656142269	-5.44692766841705
			19.8652656142269	-5.51100917039842
			19.8652656142269	-5.5750906723798
			19.8652656142269	-5.63917217436118
			19.8652656142269	-5.70325367634255
			19.9293471162082	-5.76733517832393
			19.9293471162082	-5.83141668030531
			19.9934286181896	-5.89549818228668
			20.057510120171	-5.89549818228668
			20.1215916221524	-5.89549818228668
			20.1856731241338	-5.89549818228668
			20.2497546261151	-5.95957968426806
			20.3138361280965	-5.95957968426806
			20.3779176300779	-5.95957968426806
			20.4419991320593	-6.02366118624944
			20.5060806340406	-6.02366118624944
			20.570162136022	-6.08774268823082
			20.6342436380034	-6.15182419021219
			20.6983251399848	-6.21590569219357
			20.7624066419662	-6.27998719417495
			20.7624066419662	-6.34406869615632
			20.7624066419662	-6.4081501981377
			20.7624066419662	-6.47223170011908
			20.7624066419662	-6.53631320210045
			20.7624066419662	-6.60039470408183
			20.7624066419662	-6.66447620606321
			20.7624066419662	-6.72855770804459
			20.7624066419662	-6.79263921002596
			20.6983251399848	-6.85672071200734
			20.6983251399848	-6.92080221398872
			20.6342436380034	-6.98488371597009
			20.570162136022	-7.04896521795147
			20.5060806340406	-7.04896521795147
			20.4419991320593	-7.11304671993285
			20.3779176300779	-7.11304671993285
			20.3138361280965	-7.11304671993285
			20.2497546261151	-7.11304671993285
			20.1856731241338	-7.11304671993285
			20.2497546261151	-7.11304671993285
			20.3138361280965	-7.17712822191422
			20.3779176300779	-7.17712822191422
			20.4419991320593	-7.17712822191422
			20.5060806340406	-7.17712822191422
			20.570162136022	-7.17712822191422
			20.6342436380034	-7.17712822191422
			20.6983251399848	-7.17712822191422
			20.7624066419662	-7.17712822191422
			20.8264881439475	-7.17712822191422
			20.8905696459289	-7.11304671993285
			20.9546511479103	-7.11304671993285
			21.0187326498917	-7.04896521795147
			21.082814151873	-7.11304671993285
			21.1468956538544	-7.11304671993285
			21.2109771558358	-7.17712822191422
			21.2750586578172	-7.2412097238956
			21.3391401597985	-7.2412097238956
			21.4032216617799	-7.30529122587698
			21.4673031637613	-7.36937272785836
			21.5313846657427	-7.36937272785836
			21.5954661677241	-7.43345422983973
			21.6595476697054	-7.43345422983973
			21.7236291716868	-7.49753573182111
			21.7877106736682	-7.49753573182111
			21.7877106736682	-7.56161723380249
			21.8517921756496	-7.56161723380249
			21.9158736776309	-7.62569873578386
			21.9799551796123	-7.62569873578386
			22.0440366815937	-7.68978023776524
			22.1081181835751	-7.68978023776524
			22.1081181835751	-7.75386173974662
			22.1721996855564	-7.75386173974662
			22.2362811875378	-7.81794324172799
			22.3003626895192	-7.81794324172799
			22.3644441915006	-7.88202474370937
			22.428525693482	-7.88202474370937
			22.4926071954633	-7.94610624569075
			22.5566886974447	-7.94610624569075
			22.6207701994261	-8.01018774767213
			22.6848517014075	-8.01018774767213
			22.7489332033888	-8.0742692496535
			22.8130147053702	-8.0742692496535
			22.8770962073516	-8.13835075163488
			22.941177709333	-8.20243225361626
			23.0052592113143	-8.26651375559763
			23.0052592113143	-8.33059525757901
			23.0693407132957	-8.39467675956039
			23.1334222152771	-8.45875826154177
			23.1975037172585	-8.52283976352314
			23.1975037172585	-8.58692126550452
			23.2615852192399	-8.6510027674859
			23.2615852192399	-8.71508426946727
			23.3256667212212	-8.77916577144865
			23.3256667212212	-8.84324727343003
			23.3897482232026	-8.84324727343003
			23.3897482232026	-8.9073287754114
			23.3897482232026	-8.97141027739278
			23.453829725184	-9.03549177937416
			23.453829725184	-9.09957328135554
			23.453829725184	-9.16365478333691
			23.5179112271654	-9.22773628531829
			23.5179112271654	-9.29181778729967
			23.5179112271654	-9.35589928928104
			23.5819927291467	-9.41998079126242
			23.5819927291467	-9.4840622932438
			23.5819927291467	-9.54814379522517
			23.5819927291467	-9.61222529720655
			23.6460742311281	-9.67630679918793
			23.6460742311281	-9.74038830116931
			23.6460742311281	-9.80446980315068
			23.6460742311281	-9.86855130513206
			23.7101557331095	-9.93263280711344
			23.7101557331095	-9.99671430909481
		</suture>
		<anterior type=matrix rownames=FALSE colnames=FALSE nrow=381 ncol=2 as.numeric=TRUE >
			15.6999679854374	-1.73020055349718
			15.7640494874187	-1.73020055349718
			15.8281309894001	-1.73020055349718
			15.8922124913815	-1.73020055349718
			15.9562939933629	-1.73020055349718
			16.0203754953443	-1.73020055349718
			16.0844569973256	-1.73020055349718
			16.148538499307	-1.73020055349718
			16.2126200012884	-1.73020055349718
			16.2767015032698	-1.73020055349718
			16.3407830052511	-1.73020055349718
			16.4048645072325	-1.73020055349718
			16.4689460092139	-1.73020055349718
			16.5330275111953	-1.73020055349718
			16.5971090131766	-1.73020055349718
			16.661190515158	-1.73020055349718
			16.7252720171394	-1.73020055349718
			16.7893535191208	-1.73020055349718
			16.8534350211022	-1.73020055349718
			16.9175165230835	-1.73020055349718
			16.9815980250649	-1.73020055349718
			17.0456795270463	-1.73020055349718
			17.1097610290277	-1.73020055349718
			17.173842531009	-1.73020055349718
			17.2379240329904	-1.79428205547856
			17.3020055349718	-1.79428205547856
			17.3660870369532	-1.79428205547856
			17.4301685389345	-1.79428205547856
			17.4942500409159	-1.79428205547856
			17.5583315428973	-1.79428205547856
			17.6224130448787	-1.79428205547856
			17.6864945468601	-1.79428205547856
			17.7505760488414	-1.79428205547856
			17.8146575508228	-1.79428205547856
			17.8787390528042	-1.79428205547856
			17.9428205547856	-1.79428205547856
			18.0069020567669	-1.85836355745993
			18.0709835587483	-1.85836355745993
			18.1350650607297	-1.85836355745993
			18.1991465627111	-1.85836355745993
			18.2632280646924	-1.85836355745993
			18.3273095666738	-1.85836355745993
			18.3913910686552	-1.85836355745993
			18.4554725706366	-1.85836355745993
			18.519554072618	-1.85836355745993
			18.5836355745993	-1.85836355745993
			18.6477170765807	-1.85836355745993
			18.7117985785621	-1.92244505944131
			18.7758800805435	-1.92244505944131
			18.8399615825248	-1.92244505944131
			18.9040430845062	-1.92244505944131
			18.9681245864876	-1.92244505944131
			19.032206088469	-1.92244505944131
			19.0962875904503	-1.92244505944131
			19.1603690924317	-1.92244505944131
			19.2244505944131	-1.92244505944131
			19.2885320963945	-1.92244505944131
			19.3526135983759	-1.98652656142269
			19.4166951003572	-1.98652656142269
			19.4807766023386	-1.98652656142269
			19.54485810432	-1.98652656142269
			19.6089396063014	-1.98652656142269
			19.6730211082827	-1.98652656142269
			19.7371026102641	-2.05060806340406
			19.8011841122455	-2.11468956538544
			19.8652656142269	-2.17877106736682
			19.9293471162082	-2.2428525693482
			19.9934286181896	-2.30693407132957
			19.9934286181896	-2.37101557331095
			20.057510120171	-2.43509707529233
			20.057510120171	-2.4991785772737
			20.057510120171	-2.56326007925508
			20.1215916221524	-2.62734158123646
			20.1215916221524	-2.69142308321783
			20.1856731241338	-2.75550458519921
			20.1856731241338	-2.81958608718059
			20.2497546261151	-2.75550458519921
			20.3138361280965	-2.69142308321783
			20.3779176300779	-2.62734158123646
			20.4419991320593	-2.56326007925508
			20.4419991320593	-2.4991785772737
			20.5060806340406	-2.4991785772737
			20.570162136022	-2.4991785772737
			20.570162136022	-2.43509707529233
			20.6342436380034	-2.43509707529233
			20.6983251399848	-2.43509707529233
			20.7624066419662	-2.4991785772737
			20.8264881439475	-2.56326007925508
			20.8905696459289	-2.62734158123646
			20.8905696459289	-2.69142308321783
			20.9546511479103	-2.75550458519921
			20.9546511479103	-2.81958608718059
			20.9546511479103	-2.88366758916197
			21.0187326498917	-2.88366758916197
			21.082814151873	-2.81958608718059
			21.1468956538544	-2.81958608718059
			21.2109771558358	-2.81958608718059
			21.2750586578172	-2.75550458519921
			21.3391401597985	-2.75550458519921
			21.4032216617799	-2.75550458519921
			21.4032216617799	-2.81958608718059
			21.4673031637613	-2.81958608718059
			21.5313846657427	-2.81958608718059
			21.5954661677241	-2.88366758916197
			21.6595476697054	-2.94774909114334
			21.6595476697054	-3.01183059312472
			21.6595476697054	-3.0759120951061
			21.6595476697054	-3.13999359708747
			21.6595476697054	-3.20407509906885
			21.7236291716868	-3.20407509906885
			21.7877106736682	-3.13999359708747
			21.8517921756496	-3.0759120951061
			21.9158736776309	-3.0759120951061
			21.9799551796123	-3.01183059312472
			22.0440366815937	-3.01183059312472
			22.0440366815937	-2.94774909114334
			22.1081181835751	-2.94774909114334
			22.1721996855564	-2.94774909114334
			22.2362811875378	-2.88366758916197
			22.3003626895192	-2.94774909114334
			22.3644441915006	-2.94774909114334
			22.428525693482	-2.94774909114334
			22.4926071954633	-2.94774909114334
			22.4926071954633	-3.01183059312472
			22.5566886974447	-3.01183059312472
			22.6207701994261	-3.0759120951061
			22.6207701994261	-3.13999359708747
			22.6848517014075	-3.20407509906885
			22.6848517014075	-3.26815660105023
			22.7489332033888	-3.3322381030316
			22.7489332033888	-3.39631960501298
			22.6848517014075	-3.46040110699436
			22.6207701994261	-3.52448260897574
			22.5566886974447	-3.58856411095711
			22.4926071954633	-3.58856411095711
			22.428525693482	-3.65264561293849
			22.3644441915006	-3.71672711491987
			22.3644441915006	-3.78080861690124
			22.428525693482	-3.78080861690124
			22.4926071954633	-3.78080861690124
			22.5566886974447	-3.78080861690124
			22.6207701994261	-3.71672711491987
			22.6848517014075	-3.71672711491987
			22.7489332033888	-3.65264561293849
			22.8130147053702	-3.65264561293849
			22.8770962073516	-3.58856411095711
			22.941177709333	-3.52448260897574
			23.0052592113143	-3.46040110699436
			23.0693407132957	-3.46040110699436
			23.1334222152771	-3.46040110699436
			23.1975037172585	-3.46040110699436
			23.2615852192399	-3.46040110699436
			23.3256667212212	-3.52448260897574
			23.3897482232026	-3.58856411095711
			23.453829725184	-3.65264561293849
			23.453829725184	-3.71672711491987
			23.5179112271654	-3.78080861690124
			23.5179112271654	-3.84489011888262
			23.5819927291467	-3.908971620864
			23.5819927291467	-3.97305312284537
			23.6460742311281	-4.03713462482675
			23.6460742311281	-4.10121612680813
			23.5819927291467	-4.16529762878951
			23.5179112271654	-4.16529762878951
			23.453829725184	-4.16529762878951
			23.3897482232026	-4.22937913077088
			23.3256667212212	-4.22937913077088
			23.2615852192399	-4.29346063275226
			23.1975037172585	-4.29346063275226
			23.1334222152771	-4.35754213473364
			23.0693407132957	-4.35754213473364
			23.0052592113143	-4.42162363671501
			22.941177709333	-4.48570513869639
			23.0052592113143	-4.48570513869639
			23.0693407132957	-4.48570513869639
			23.1334222152771	-4.48570513869639
			23.1975037172585	-4.42162363671501
			23.2615852192399	-4.35754213473364
			23.3256667212212	-4.35754213473364
			23.3897482232026	-4.29346063275226
			23.453829725184	-4.29346063275226
			23.5179112271654	-4.22937913077088
			23.5819927291467	-4.22937913077088
			23.5819927291467	-4.16529762878951
			23.6460742311281	-4.16529762878951
			23.7101557331095	-4.16529762878951
			23.7742372350909	-4.16529762878951
			23.8383187370722	-4.16529762878951
			23.9024002390536	-4.16529762878951
			23.966481741035	-4.16529762878951
			24.0305632430164	-4.22937913077088
			24.0946447449978	-4.29346063275226
			24.0946447449978	-4.35754213473364
			24.1587262469791	-4.42162363671501
			24.1587262469791	-4.48570513869639
			24.1587262469791	-4.54978664067777
			24.1587262469791	-4.61386814265914
			24.1587262469791	-4.67794964464052
			24.1587262469791	-4.7420311466219
			24.1587262469791	-4.80611264860328
			24.1587262469791	-4.87019415058465
			24.1587262469791	-4.93427565256603
			24.1587262469791	-4.99835715454741
			24.0946447449978	-4.99835715454741
			24.0305632430164	-4.99835715454741
			23.966481741035	-4.99835715454741
			23.9024002390536	-5.06243865652878
			23.8383187370722	-5.06243865652878
			23.7742372350909	-5.06243865652878
			23.7101557331095	-5.06243865652878
			23.6460742311281	-5.06243865652878
			23.5819927291467	-5.06243865652878
			23.5179112271654	-5.06243865652878
			23.453829725184	-5.12652015851016
			23.3897482232026	-5.19060166049154
			23.3897482232026	-5.25468316247291
			23.453829725184	-5.25468316247291
			23.5179112271654	-5.25468316247291
			23.5819927291467	-5.31876466445429
			23.6460742311281	-5.31876466445429
			23.7101557331095	-5.31876466445429
			23.7742372350909	-5.31876466445429
			23.8383187370722	-5.31876466445429
			23.9024002390536	-5.31876466445429
			23.966481741035	-5.31876466445429
			24.0305632430164	-5.31876466445429
			24.0946447449978	-5.31876466445429
			24.1587262469791	-5.31876466445429
			24.2228077489605	-5.31876466445429
			24.2868892509419	-5.31876466445429
			24.2868892509419	-5.38284616643567
			24.3509707529233	-5.44692766841705
			24.3509707529233	-5.51100917039842
			24.4150522549046	-5.51100917039842
			24.4150522549046	-5.5750906723798
			24.4150522549046	-5.63917217436118
			24.4150522549046	-5.70325367634255
			24.479133756886	-5.76733517832393
			24.479133756886	-5.83141668030531
			24.4150522549046	-5.89549818228668
			24.4150522549046	-5.95957968426806
			24.3509707529233	-5.95957968426806
			24.2868892509419	-5.95957968426806
			24.2228077489605	-6.02366118624944
			24.1587262469791	-6.02366118624944
			24.0946447449978	-5.95957968426806
			24.0305632430164	-5.95957968426806
			23.966481741035	-5.95957968426806
			23.9024002390536	-5.95957968426806
			23.9024002390536	-6.02366118624944
			23.8383187370722	-6.02366118624944
			23.8383187370722	-6.08774268823082
			23.9024002390536	-6.15182419021219
			23.966481741035	-6.15182419021219
			24.0305632430164	-6.21590569219357
			24.0946447449978	-6.21590569219357
			24.1587262469791	-6.21590569219357
			24.2228077489605	-6.21590569219357
			24.2868892509419	-6.27998719417495
			24.3509707529233	-6.27998719417495
			24.4150522549046	-6.27998719417495
			24.479133756886	-6.27998719417495
			24.5432152588674	-6.27998719417495
			24.6072967608488	-6.34406869615632
			24.6713782628301	-6.34406869615632
			24.7354597648115	-6.34406869615632
			24.7995412667929	-6.34406869615632
			24.7995412667929	-6.4081501981377
			24.8636227687743	-6.4081501981377
			24.9277042707557	-6.47223170011908
			24.9277042707557	-6.53631320210045
			24.991785772737	-6.53631320210045
			24.991785772737	-6.60039470408183
			24.991785772737	-6.66447620606321
			25.0558672747184	-6.66447620606321
			25.0558672747184	-6.72855770804459
			25.1199487766998	-6.79263921002596
			25.1199487766998	-6.85672071200734
			25.1199487766998	-6.92080221398872
			25.1199487766998	-6.98488371597009
			25.0558672747184	-6.98488371597009
			24.991785772737	-6.98488371597009
			24.9277042707557	-6.98488371597009
			24.8636227687743	-6.98488371597009
			24.7995412667929	-6.92080221398872
			24.7354597648115	-6.92080221398872
			24.6713782628301	-6.85672071200734
			24.6072967608488	-6.85672071200734
			24.5432152588674	-6.79263921002596
			24.479133756886	-6.79263921002596
			24.4150522549046	-6.85672071200734
			24.4150522549046	-6.92080221398872
			24.4150522549046	-6.98488371597009
			24.479133756886	-7.04896521795147
			24.5432152588674	-7.11304671993285
			24.6072967608488	-7.11304671993285
			24.6713782628301	-7.17712822191422
			24.7354597648115	-7.17712822191422
			24.7995412667929	-7.17712822191422
			24.8636227687743	-7.2412097238956
			24.9277042707557	-7.2412097238956
			24.991785772737	-7.2412097238956
			25.0558672747184	-7.2412097238956
			25.1199487766998	-7.30529122587698
			25.1840302786812	-7.30529122587698
			25.2481117806625	-7.30529122587698
			25.3121932826439	-7.30529122587698
			25.3121932826439	-7.36937272785836
			25.3762747846253	-7.43345422983973
			25.3762747846253	-7.49753573182111
			25.3762747846253	-7.56161723380249
			25.3762747846253	-7.62569873578386
			25.3762747846253	-7.68978023776524
			25.3762747846253	-7.75386173974662
			25.3121932826439	-7.81794324172799
			25.2481117806625	-7.81794324172799
			25.1840302786812	-7.81794324172799
			25.1199487766998	-7.81794324172799
			25.0558672747184	-7.81794324172799
			24.991785772737	-7.81794324172799
			24.9277042707557	-7.81794324172799
			24.8636227687743	-7.75386173974662
			24.7995412667929	-7.81794324172799
			24.7995412667929	-7.88202474370937
			24.8636227687743	-7.94610624569075
			24.9277042707557	-8.01018774767213
			24.991785772737	-8.01018774767213
			25.0558672747184	-8.01018774767213
			25.1199487766998	-8.01018774767213
			25.1840302786812	-8.0742692496535
			25.2481117806625	-8.0742692496535
			25.3121932826439	-8.0742692496535
			25.3762747846253	-8.0742692496535
			25.4403562866067	-8.0742692496535
			25.504437788588	-8.0742692496535
			25.5685192905694	-8.13835075163488
			25.6326007925508	-8.13835075163488
			25.6966822945322	-8.13835075163488
			25.7607637965136	-8.13835075163488
			25.8248452984949	-8.13835075163488
			25.8889268004763	-8.20243225361626
			25.8889268004763	-8.26651375559763
			25.9530083024577	-8.26651375559763
			25.9530083024577	-8.33059525757901
			25.9530083024577	-8.39467675956039
			25.9530083024577	-8.45875826154177
			25.9530083024577	-8.52283976352314
			25.8889268004763	-8.58692126550452
			25.8248452984949	-8.6510027674859
			25.7607637965136	-8.6510027674859
			25.6966822945322	-8.6510027674859
			25.6326007925508	-8.71508426946727
			25.5685192905694	-8.71508426946727
			25.504437788588	-8.71508426946727
			25.4403562866067	-8.71508426946727
			25.4403562866067	-8.77916577144865
			25.4403562866067	-8.84324727343003
			25.4403562866067	-8.9073287754114
			25.504437788588	-8.97141027739278
			25.5685192905694	-9.03549177937416
			25.6326007925508	-9.09957328135554
			25.6966822945322	-9.09957328135554
			25.7607637965136	-9.16365478333691
			25.8248452984949	-9.16365478333691
			25.8889268004763	-9.16365478333691
			25.8889268004763	-9.22773628531829
			25.9530083024577	-9.22773628531829
			26.0170898044391	-9.22773628531829
			26.0170898044391	-9.29181778729967
			26.0811713064204	-9.35589928928104
			26.0170898044391	-9.41998079126242
			25.9530083024577	-9.4840622932438
			25.8889268004763	-9.4840622932438
			25.8248452984949	-9.4840622932438
			25.7607637965136	-9.54814379522517
			25.6966822945322	-9.54814379522517
			25.7607637965136	-9.61222529720655
			25.8248452984949	-9.67630679918793
			25.8889268004763	-9.74038830116931
			25.8889268004763	-9.80446980315068
			25.9530083024577	-9.86855130513206
		</anterior>
		<posterior type=matrix rownames=FALSE colnames=FALSE nrow=709 ncol=2 as.numeric=TRUE >
			15.5077234794932	-8.45875826154177
			15.5718049814746	-8.45875826154177
			15.635886483456	-8.45875826154177
			15.6999679854374	-8.45875826154177
			15.7640494874187	-8.45875826154177
			15.8281309894001	-8.45875826154177
			15.8922124913815	-8.45875826154177
			15.9562939933629	-8.45875826154177
			16.0203754953443	-8.45875826154177
			16.0844569973256	-8.45875826154177
			16.148538499307	-8.45875826154177
			16.2126200012884	-8.45875826154177
			16.2767015032698	-8.45875826154177
			16.3407830052511	-8.45875826154177
			16.4048645072325	-8.45875826154177
			16.4689460092139	-8.45875826154177
			16.5330275111953	-8.45875826154177
			16.5971090131766	-8.45875826154177
			16.661190515158	-8.45875826154177
			16.7252720171394	-8.45875826154177
			16.7893535191208	-8.45875826154177
			16.8534350211022	-8.39467675956039
			16.9175165230835	-8.39467675956039
			16.9815980250649	-8.39467675956039
			17.0456795270463	-8.39467675956039
			17.1097610290277	-8.39467675956039
			17.173842531009	-8.39467675956039
			17.2379240329904	-8.33059525757901
			17.3020055349718	-8.33059525757901
			17.3660870369532	-8.33059525757901
			17.4301685389345	-8.33059525757901
			17.4942500409159	-8.33059525757901
			17.5583315428973	-8.26651375559763
			17.6224130448787	-8.26651375559763
			17.6864945468601	-8.26651375559763
			17.7505760488414	-8.26651375559763
			17.8146575508228	-8.20243225361626
			17.8787390528042	-8.20243225361626
			17.9428205547856	-8.20243225361626
			18.0069020567669	-8.20243225361626
			18.0709835587483	-8.13835075163488
			18.1350650607297	-8.13835075163488
			18.1991465627111	-8.13835075163488
			18.2632280646924	-8.13835075163488
			18.3273095666738	-8.0742692496535
			18.3913910686552	-8.0742692496535
			18.4554725706366	-8.0742692496535
			18.519554072618	-8.01018774767213
			18.5836355745993	-8.01018774767213
			18.6477170765807	-8.01018774767213
			18.7117985785621	-8.01018774767213
			18.7117985785621	-7.94610624569075
			18.7758800805435	-7.94610624569075
			18.8399615825248	-7.94610624569075
			18.9040430845062	-7.94610624569075
			18.9681245864876	-7.94610624569075
			19.032206088469	-7.94610624569075
			19.0962875904503	-7.94610624569075
			19.1603690924317	-7.94610624569075
			19.2244505944131	-7.94610624569075
			19.2885320963945	-7.94610624569075
			19.3526135983759	-7.94610624569075
			19.4166951003572	-7.94610624569075
			19.4807766023386	-7.94610624569075
			19.54485810432	-7.94610624569075
			19.6089396063014	-8.01018774767213
			19.6730211082827	-8.01018774767213
			19.7371026102641	-8.01018774767213
			19.8011841122455	-8.01018774767213
			19.8652656142269	-8.0742692496535
			19.9293471162082	-8.0742692496535
			19.9934286181896	-8.0742692496535
			20.057510120171	-8.0742692496535
			20.1215916221524	-8.13835075163488
			20.1856731241338	-8.13835075163488
			20.2497546261151	-8.13835075163488
			20.3138361280965	-8.20243225361626
			20.3779176300779	-8.20243225361626
			20.4419991320593	-8.20243225361626
			20.5060806340406	-8.26651375559763
			20.570162136022	-8.26651375559763
			20.6342436380034	-8.33059525757901
			20.6983251399848	-8.33059525757901
			20.7624066419662	-8.33059525757901
			20.8264881439475	-8.39467675956039
			20.8905696459289	-8.39467675956039
			20.9546511479103	-8.45875826154177
			21.0187326498917	-8.45875826154177
			21.082814151873	-8.52283976352314
			21.1468956538544	-8.52283976352314
			21.2109771558358	-8.58692126550452
			21.2750586578172	-8.58692126550452
			21.3391401597985	-8.6510027674859
			21.4032216617799	-8.6510027674859
			21.4673031637613	-8.71508426946727
			21.5313846657427	-8.77916577144865
			21.5954661677241	-8.77916577144865
			21.6595476697054	-8.84324727343003
			21.7236291716868	-8.84324727343003
			21.7877106736682	-8.9073287754114
			21.8517921756496	-8.9073287754114
			21.8517921756496	-8.97141027739278
			21.9158736776309	-8.97141027739278
			21.9799551796123	-8.97141027739278
			22.0440366815937	-9.03549177937416
			22.1081181835751	-9.09957328135554
			22.1721996855564	-9.16365478333691
			22.2362811875378	-9.16365478333691
			22.3003626895192	-9.22773628531829
			22.3644441915006	-9.22773628531829
			22.428525693482	-9.29181778729967
			22.4926071954633	-9.29181778729967
			22.5566886974447	-9.35589928928104
			22.6207701994261	-9.35589928928104
			22.6207701994261	-9.41998079126242
			22.6848517014075	-9.4840622932438
			22.7489332033888	-9.4840622932438
			22.8130147053702	-9.54814379522517
			22.8770962073516	-9.54814379522517
			22.941177709333	-9.61222529720655
			23.0052592113143	-9.67630679918793
			23.0693407132957	-9.67630679918793
			23.1334222152771	-9.74038830116931
			23.1975037172585	-9.74038830116931
			23.1975037172585	-9.80446980315068
			23.2615852192399	-9.80446980315068
			23.3256667212212	-9.80446980315068
			23.3897482232026	-9.86855130513206
			23.453829725184	-9.93263280711344
			23.5179112271654	-9.93263280711344
			23.5819927291467	-9.99671430909481
			23.6460742311281	-10.0607958110762
			23.7101557331095	-10.0607958110762
			23.7742372350909	-10.1248773130576
			23.8383187370722	-10.1248773130576
			23.9024002390536	-10.1889588150389
			23.966481741035	-10.2530403170203
			24.0305632430164	-10.2530403170203
			24.0946447449978	-10.3171218190017
			24.1587262469791	-10.3812033209831
			24.2228077489605	-10.4452848229645
			24.2868892509419	-10.4452848229645
			24.3509707529233	-10.5093663249458
			24.3509707529233	-10.5734478269272
			24.4150522549046	-10.5734478269272
			24.479133756886	-10.6375293289086
			24.5432152588674	-10.6375293289086
			24.5432152588674	-10.70161083089
			24.6072967608488	-10.70161083089
			24.6713782628301	-10.7656923328713
			24.6713782628301	-10.8297738348527
			24.7354597648115	-10.8297738348527
			24.7995412667929	-10.8938553368341
			24.8636227687743	-10.9579368388155
			24.9277042707557	-11.0220183407968
			24.991785772737	-11.0860998427782
			25.0558672747184	-11.0860998427782
			25.0558672747184	-11.1501813447596
			25.1199487766998	-11.214262846741
			25.1840302786812	-11.2783443487224
			25.2481117806625	-11.3424258507037
			25.3121932826439	-11.4065073526851
			25.3762747846253	-11.4065073526851
			25.4403562866067	-11.4705888546665
			25.504437788588	-11.5346703566479
			25.504437788588	-11.5987518586292
			25.5685192905694	-11.6628333606106
			25.6326007925508	-11.726914862592
			25.6966822945322	-11.7909963645734
			25.7607637965136	-11.8550778665547
			25.8248452984949	-11.9191593685361
			25.8889268004763	-11.9832408705175
			25.9530083024577	-12.0473223724989
			26.0170898044391	-12.1114038744803
			26.0811713064204	-12.1754853764616
			26.0811713064204	-12.239566878443
			26.1452528084018	-12.3036483804244
			26.2093343103832	-12.3677298824058
			26.2734158123646	-12.4318113843871
			26.3374973143459	-12.4958928863685
			26.4015788163273	-12.5599743883499
			26.4656603183087	-12.6240558903313
			26.5297418202901	-12.6881373923126
			26.5938233222715	-12.752218894294
			26.6579048242528	-12.8163003962754
			26.7219863262342	-12.8803818982568
			26.7219863262342	-12.9444634002382
			26.7860678282156	-12.9444634002382
			26.7860678282156	-13.0085449022195
			26.850149330197	-13.0726264042009
			26.850149330197	-13.1367079061823
			26.9142308321783	-13.1367079061823
			26.9783123341597	-13.2007894081637
			26.9783123341597	-13.264870910145
			27.0423938361411	-13.3289524121264
			27.1064753381225	-13.3930339141078
			27.1705568401038	-13.4571154160892
			27.1705568401038	-13.5211969180705
			27.2346383420852	-13.5852784200519
			27.2987198440666	-13.6493599220333
			27.362801346048	-13.7134414240147
			27.362801346048	-13.7775229259961
			27.4268828480294	-13.8416044279774
			27.4909643500107	-13.9056859299588
			27.5550458519921	-13.9697674319402
			27.5550458519921	-14.0338489339216
			27.6191273539735	-14.0979304359029
			27.6832088559549	-14.1620119378843
			27.6832088559549	-14.2260934398657
			27.7472903579362	-14.2901749418471
			27.8113718599176	-14.3542564438284
			27.875453361899	-14.4183379458098
			27.875453361899	-14.4824194477912
			27.9395348638804	-14.5465009497726
			28.0036163658618	-14.610582451754
			28.0036163658618	-14.6746639537353
			28.0676978678431	-14.7387454557167
			28.1317793698245	-14.8028269576981
			28.1317793698245	-14.8669084596795
			28.1958608718059	-14.9309899616608
			28.1958608718059	-14.9950714636422
			28.2599423737873	-14.9950714636422
			28.2599423737873	-15.0591529656236
			28.3240238757686	-15.123234467605
			28.3240238757686	-15.1873159695864
			28.38810537775	-15.2513974715677
			28.4521868797314	-15.3154789735491
			28.4521868797314	-15.3795604755305
			28.5162683817128	-15.3795604755305
			28.5162683817128	-15.4436419775119
			28.5803498836941	-15.5077234794932
			28.5803498836941	-15.5718049814746
			28.6444313856755	-15.635886483456
			28.7085128876569	-15.6999679854374
			28.7085128876569	-15.7640494874187
			28.7725943896383	-15.8281309894001
			28.7725943896383	-15.8922124913815
			28.8366758916197	-15.9562939933629
			28.8366758916197	-16.0203754953443
			28.900757393601	-16.0203754953443
			28.9648388955824	-16.0844569973256
			28.9648388955824	-16.148538499307
			29.0289203975638	-16.2126200012884
			29.0289203975638	-16.2767015032698
			29.0930018995452	-16.3407830052511
			29.0930018995452	-16.4048645072325
			29.1570834015265	-16.4689460092139
			29.2211649035079	-16.5330275111953
			29.2211649035079	-16.5971090131766
			29.2211649035079	-16.661190515158
			29.2852464054893	-16.7252720171394
			29.2852464054893	-16.7893535191208
			29.3493279074707	-16.8534350211022
			29.3493279074707	-16.9175165230835
			29.413409409452	-16.9815980250649
			29.413409409452	-17.0456795270463
			29.4774909114334	-17.1097610290277
			29.4774909114334	-17.173842531009
			29.5415724134148	-17.2379240329904
			29.5415724134148	-17.3020055349718
			29.5415724134148	-17.3660870369532
			29.6056539153962	-17.4301685389345
			29.6056539153962	-17.4942500409159
			29.6697354173776	-17.5583315428973
			29.6697354173776	-17.6224130448787
			29.7338169193589	-17.6864945468601
			29.7338169193589	-17.7505760488414
			29.7338169193589	-17.8146575508228
			29.7978984213403	-17.8787390528042
			29.7978984213403	-17.9428205547856
			29.7978984213403	-18.0069020567669
			29.8619799233217	-18.0709835587483
			29.8619799233217	-18.1350650607297
			29.9260614253031	-18.1991465627111
			29.9260614253031	-18.2632280646924
			29.9260614253031	-18.3273095666738
			29.9901429272844	-18.3913910686552
			29.9901429272844	-18.4554725706366
			29.9901429272844	-18.519554072618
			30.0542244292658	-18.5836355745993
			30.0542244292658	-18.6477170765807
			30.0542244292658	-18.7117985785621
			30.1183059312472	-18.7758800805435
			30.1183059312472	-18.8399615825248
			30.1183059312472	-18.9040430845062
			30.1183059312472	-18.9681245864876
			30.1823874332286	-19.032206088469
			30.1823874332286	-19.0962875904503
			30.1823874332286	-19.1603690924317
			30.2464689352099	-19.2244505944131
			30.2464689352099	-19.2885320963945
			30.2464689352099	-19.3526135983759
			30.2464689352099	-19.4166951003572
			30.3105504371913	-19.4807766023386
			30.3105504371913	-19.54485810432
			30.3105504371913	-19.6089396063014
			30.3105504371913	-19.6730211082827
			30.3746319391727	-19.7371026102641
			30.3746319391727	-19.8011841122455
			30.3746319391727	-19.8652656142269
			30.3746319391727	-19.9293471162082
			30.4387134411541	-19.9934286181896
			30.4387134411541	-20.057510120171
			30.4387134411541	-20.1215916221524
			30.4387134411541	-20.1856731241338
			30.4387134411541	-20.2497546261151
			30.5027949431355	-20.3138361280965
			30.5027949431355	-20.3779176300779
			30.5027949431355	-20.4419991320593
			30.5027949431355	-20.5060806340406
			30.5027949431355	-20.570162136022
			30.5668764451168	-20.6342436380034
			30.5668764451168	-20.6983251399848
			30.5668764451168	-20.7624066419662
			30.5668764451168	-20.8264881439475
			30.5668764451168	-20.8905696459289
			30.5668764451168	-20.9546511479103
			30.6309579470982	-21.0187326498917
			30.6309579470982	-21.082814151873
			30.6309579470982	-21.1468956538544
			30.6309579470982	-21.2109771558358
			30.6309579470982	-21.2750586578172
			30.6309579470982	-21.3391401597985
			30.6309579470982	-21.4032216617799
			30.6950394490796	-21.4673031637613
			30.6950394490796	-21.5313846657427
			30.6950394490796	-21.5954661677241
			30.6950394490796	-21.6595476697054
			30.6950394490796	-21.7236291716868
			30.6950394490796	-21.7877106736682
			30.6950394490796	-21.8517921756496
			30.759120951061	-21.8517921756496
			30.759120951061	-21.9158736776309
			30.759120951061	-21.9799551796123
			30.759120951061	-22.0440366815937
			30.759120951061	-22.1081181835751
			30.759120951061	-22.1721996855564
			30.759120951061	-22.2362811875378
			30.759120951061	-22.3003626895192
			30.759120951061	-22.3644441915006
			30.759120951061	-22.428525693482
			30.8232024530423	-22.4926071954633
			30.8232024530423	-22.5566886974447
			30.8232024530423	-22.6207701994261
			30.8232024530423	-22.6848517014075
			30.8232024530423	-22.7489332033888
			30.8232024530423	-22.8130147053702
			30.8232024530423	-22.8770962073516
			30.8232024530423	-22.941177709333
			30.8232024530423	-23.0052592113143
			30.8232024530423	-23.0693407132957
			30.8232024530423	-23.1334222152771
			30.8232024530423	-23.1975037172585
			30.8872839550237	-23.2615852192399
			30.8872839550237	-23.3256667212212
			30.8872839550237	-23.3897482232026
			30.8872839550237	-23.453829725184
			30.8872839550237	-23.5179112271654
			30.8872839550237	-23.5819927291467
			30.8872839550237	-23.6460742311281
			30.8872839550237	-23.7101557331095
			30.8872839550237	-23.7742372350909
			30.8872839550237	-23.8383187370722
			30.8872839550237	-23.9024002390536
			30.8872839550237	-23.966481741035
			30.8872839550237	-24.0305632430164
			30.8872839550237	-24.0946447449978
			30.8872839550237	-24.1587262469791
			30.8872839550237	-24.2228077489605
			30.8872839550237	-24.2868892509419
			30.8872839550237	-24.3509707529233
			30.8872839550237	-24.4150522549046
			30.8872839550237	-24.479133756886
			30.8232024530423	-24.5432152588674
			30.8232024530423	-24.6072967608488
			30.8232024530423	-24.6713782628301
			30.8232024530423	-24.7354597648115
			30.8232024530423	-24.7995412667929
			30.8232024530423	-24.8636227687743
			30.8232024530423	-24.9277042707557
			30.8232024530423	-24.991785772737
			30.8232024530423	-25.0558672747184
			30.8232024530423	-25.1199487766998
			30.8232024530423	-25.1840302786812
			30.8232024530423	-25.2481117806625
			30.8232024530423	-25.3121932826439
			30.8232024530423	-25.3762747846253
			30.8232024530423	-25.4403562866067
			30.8232024530423	-25.504437788588
			30.8232024530423	-25.5685192905694
			30.8232024530423	-25.6326007925508
			30.8232024530423	-25.6966822945322
			30.8232024530423	-25.7607637965136
			30.8232024530423	-25.8248452984949
			30.8232024530423	-25.8889268004763
			30.8232024530423	-25.9530083024577
			30.8232024530423	-26.0170898044391
			30.8232024530423	-26.0811713064204
			30.8232024530423	-26.1452528084018
			30.8232024530423	-26.2093343103832
			30.8232024530423	-26.2734158123646
			30.8232024530423	-26.3374973143459
			30.8232024530423	-26.4015788163273
			30.8232024530423	-26.4656603183087
			30.8232024530423	-26.5297418202901
			30.8232024530423	-26.5938233222715
			30.8232024530423	-26.6579048242528
			30.8232024530423	-26.7219863262342
			30.8232024530423	-26.7860678282156
			30.8232024530423	-26.850149330197
			30.8232024530423	-26.9142308321783
			30.8232024530423	-26.9783123341597
			30.8232024530423	-27.0423938361411
			30.8872839550237	-27.0423938361411
			30.8872839550237	-27.1064753381225
			30.8872839550237	-27.1705568401038
			30.8872839550237	-27.2346383420852
			30.8872839550237	-27.2987198440666
			30.8872839550237	-27.362801346048
			30.9513654570051	-27.362801346048
			30.9513654570051	-27.4268828480294
			31.0154469589865	-27.4268828480294
			31.0154469589865	-27.362801346048
			31.0154469589865	-27.2987198440666
			31.0154469589865	-27.2346383420852
			31.0154469589865	-27.1705568401038
			31.0154469589865	-27.1064753381225
			31.0154469589865	-27.0423938361411
			31.0795284609678	-26.9783123341597
			31.0795284609678	-26.9142308321783
			31.0795284609678	-26.850149330197
			31.0795284609678	-26.7860678282156
			31.0795284609678	-26.7219863262342
			31.0795284609678	-26.6579048242528
			31.0795284609678	-26.5938233222715
			31.0795284609678	-26.5297418202901
			31.0795284609678	-26.4656603183087
			31.0795284609678	-26.4015788163273
			31.0795284609678	-26.3374973143459
			31.0795284609678	-26.2734158123646
			31.0795284609678	-26.2093343103832
			31.0795284609678	-26.1452528084018
			31.0795284609678	-26.0811713064204
			31.1436099629492	-26.0170898044391
			31.1436099629492	-25.9530083024577
			31.1436099629492	-25.8889268004763
			31.1436099629492	-25.8248452984949
			31.1436099629492	-25.7607637965136
			31.1436099629492	-25.6966822945322
			31.1436099629492	-25.6326007925508
			31.1436099629492	-25.5685192905694
			31.1436099629492	-25.504437788588
			31.1436099629492	-25.4403562866067
			31.1436099629492	-25.3762747846253
			31.1436099629492	-25.3121932826439
			31.1436099629492	-25.2481117806625
			31.1436099629492	-25.1840302786812
			31.1436099629492	-25.1199487766998
			31.1436099629492	-25.0558672747184
			31.1436099629492	-24.991785772737
			31.1436099629492	-24.9277042707557
			31.1436099629492	-24.8636227687743
			31.1436099629492	-24.7995412667929
			31.1436099629492	-24.7354597648115
			31.1436099629492	-24.6713782628301
			31.1436099629492	-24.6072967608488
			31.1436099629492	-24.5432152588674
			31.2076914649306	-24.479133756886
			31.2076914649306	-24.4150522549046
			31.2076914649306	-24.3509707529233
			31.2076914649306	-24.2868892509419
			31.2076914649306	-24.2228077489605
			31.2076914649306	-24.1587262469791
			31.2076914649306	-24.0946447449978
			31.2076914649306	-24.0305632430164
			31.2076914649306	-23.966481741035
			31.2076914649306	-23.9024002390536
			31.2076914649306	-23.8383187370722
			31.2076914649306	-23.7742372350909
			31.2076914649306	-23.7101557331095
			31.2076914649306	-23.6460742311281
			31.2076914649306	-23.5819927291467
			31.2076914649306	-23.5179112271654
			31.2076914649306	-23.453829725184
			31.2076914649306	-23.3897482232026
			31.2076914649306	-23.3256667212212
			31.2076914649306	-23.2615852192399
			31.2076914649306	-23.1975037172585
			31.2076914649306	-23.1334222152771
			31.2076914649306	-23.0693407132957
			31.2076914649306	-23.0052592113143
			31.2076914649306	-22.941177709333
			31.2076914649306	-22.8770962073516
			31.2076914649306	-22.8130147053702
			31.2076914649306	-22.7489332033888
			31.2076914649306	-22.6848517014075
			31.2076914649306	-22.6207701994261
			31.1436099629492	-22.5566886974447
			31.1436099629492	-22.4926071954633
			31.1436099629492	-22.428525693482
			31.1436099629492	-22.3644441915006
			31.1436099629492	-22.3003626895192
			31.1436099629492	-22.2362811875378
			31.1436099629492	-22.1721996855564
			31.1436099629492	-22.1081181835751
			31.1436099629492	-22.0440366815937
			31.1436099629492	-21.9799551796123
			31.1436099629492	-21.9158736776309
			31.1436099629492	-21.8517921756496
			31.1436099629492	-21.7877106736682
			31.1436099629492	-21.7236291716868
			31.1436099629492	-21.6595476697054
			31.1436099629492	-21.5954661677241
			31.1436099629492	-21.5313846657427
			31.1436099629492	-21.4673031637613
			31.1436099629492	-21.4032216617799
			31.1436099629492	-21.3391401597985
			31.0795284609678	-21.2750586578172
			31.0795284609678	-21.2109771558358
			31.0795284609678	-21.1468956538544
			31.0795284609678	-21.082814151873
			31.0795284609678	-21.0187326498917
			31.0795284609678	-20.9546511479103
			31.0795284609678	-20.8905696459289
			31.0795284609678	-20.8264881439475
			31.0795284609678	-20.7624066419662
			31.0795284609678	-20.6983251399848
			31.0795284609678	-20.6342436380034
			31.0154469589865	-20.6342436380034
			31.0154469589865	-20.570162136022
			31.0154469589865	-20.5060806340406
			31.0154469589865	-20.4419991320593
			31.0154469589865	-20.3779176300779
			31.0154469589865	-20.3138361280965
			31.0154469589865	-20.2497546261151
			31.0154469589865	-20.1856731241338
			31.0154469589865	-20.1215916221524
			30.9513654570051	-20.1215916221524
			30.9513654570051	-20.057510120171
			30.9513654570051	-19.9934286181896
			30.9513654570051	-19.9293471162082
			30.9513654570051	-19.8652656142269
			30.9513654570051	-19.8011841122455
			30.9513654570051	-19.7371026102641
			30.8872839550237	-19.6730211082827
			30.8872839550237	-19.6089396063014
			30.8872839550237	-19.54485810432
			30.8872839550237	-19.4807766023386
			30.8872839550237	-19.4166951003572
			30.8872839550237	-19.3526135983759
			30.8232024530423	-19.2885320963945
			30.8232024530423	-19.2244505944131
			30.8232024530423	-19.1603690924317
			30.8232024530423	-19.0962875904503
			30.8232024530423	-19.032206088469
			30.759120951061	-18.9681245864876
			30.759120951061	-18.9040430845062
			30.759120951061	-18.8399615825248
			30.759120951061	-18.7758800805435
			30.6950394490796	-18.7117985785621
			30.6950394490796	-18.6477170765807
			30.6950394490796	-18.5836355745993
			30.6950394490796	-18.519554072618
			30.6309579470982	-18.4554725706366
			30.6309579470982	-18.3913910686552
			30.6309579470982	-18.3273095666738
			30.5668764451168	-18.2632280646924
			30.5668764451168	-18.1991465627111
			30.5668764451168	-18.1350650607297
			30.5668764451168	-18.0709835587483
			30.5027949431355	-18.0069020567669
			30.5027949431355	-17.9428205547856
			30.4387134411541	-17.8787390528042
			30.4387134411541	-17.8146575508228
			30.4387134411541	-17.7505760488414
			30.3746319391727	-17.6864945468601
			30.3746319391727	-17.6224130448787
			30.3746319391727	-17.5583315428973
			30.3105504371913	-17.4942500409159
			30.3105504371913	-17.4301685389345
			30.2464689352099	-17.3660870369532
			30.2464689352099	-17.3020055349718
			30.2464689352099	-17.2379240329904
			30.1823874332286	-17.173842531009
			30.1823874332286	-17.1097610290277
			30.1823874332286	-17.0456795270463
			30.1183059312472	-16.9815980250649
			30.1183059312472	-16.9175165230835
			30.0542244292658	-16.8534350211022
			30.0542244292658	-16.7893535191208
			30.0542244292658	-16.7252720171394
			29.9901429272844	-16.661190515158
			29.9901429272844	-16.5971090131766
			29.9260614253031	-16.5330275111953
			29.9260614253031	-16.4689460092139
			29.9260614253031	-16.4048645072325
			29.8619799233217	-16.3407830052511
			29.8619799233217	-16.2767015032698
			29.8619799233217	-16.2126200012884
			29.7978984213403	-16.2126200012884
			29.7978984213403	-16.148538499307
			29.7338169193589	-16.0844569973256
			29.7338169193589	-16.0203754953443
			29.7338169193589	-15.9562939933629
			29.6697354173776	-15.8922124913815
			29.6697354173776	-15.8281309894001
			29.6697354173776	-15.7640494874187
			29.6056539153962	-15.6999679854374
			29.5415724134148	-15.635886483456
			29.5415724134148	-15.5718049814746
			29.4774909114334	-15.5077234794932
			29.4774909114334	-15.4436419775119
			29.4774909114334	-15.3795604755305
			29.413409409452	-15.3795604755305
			29.413409409452	-15.3154789735491
			29.413409409452	-15.2513974715677
			29.3493279074707	-15.2513974715677
			29.3493279074707	-15.1873159695864
			29.3493279074707	-15.123234467605
			29.2852464054893	-15.123234467605
			29.2852464054893	-15.0591529656236
			29.2852464054893	-14.9950714636422
			29.2211649035079	-14.9950714636422
			29.2211649035079	-14.9309899616608
			29.2211649035079	-14.8669084596795
			29.1570834015265	-14.8669084596795
			29.1570834015265	-14.8028269576981
			29.1570834015265	-14.7387454557167
			29.0930018995452	-14.6746639537353
			29.0930018995452	-14.610582451754
			29.0289203975638	-14.5465009497726
			29.0289203975638	-14.4824194477912
			28.9648388955824	-14.4183379458098
			28.9648388955824	-14.3542564438284
			28.900757393601	-14.2901749418471
			28.8366758916197	-14.2260934398657
			28.8366758916197	-14.1620119378843
			28.7725943896383	-14.0979304359029
			28.7725943896383	-14.0338489339216
			28.7085128876569	-13.9697674319402
			28.7085128876569	-13.9056859299588
			28.6444313856755	-13.8416044279774
			28.5803498836941	-13.7775229259961
			28.5803498836941	-13.7134414240147
			28.5162683817128	-13.6493599220333
			28.5162683817128	-13.5852784200519
			28.4521868797314	-13.5211969180705
			28.4521868797314	-13.4571154160892
			28.38810537775	-13.4571154160892
			28.38810537775	-13.3930339141078
			28.3240238757686	-13.3289524121264
			28.3240238757686	-13.264870910145
			28.2599423737873	-13.2007894081637
			28.1958608718059	-13.1367079061823
			28.1958608718059	-13.0726264042009
			28.1317793698245	-13.0085449022195
			28.0676978678431	-12.9444634002382
			28.0676978678431	-12.8803818982568
			28.0036163658618	-12.8163003962754
			28.0036163658618	-12.752218894294
			27.9395348638804	-12.6881373923126
			27.875453361899	-12.6881373923126
			27.875453361899	-12.6240558903313
			27.8113718599176	-12.5599743883499
			27.8113718599176	-12.4958928863685
			27.7472903579362	-12.4318113843871
			27.6832088559549	-12.3677298824058
			27.6191273539735	-12.3036483804244
			27.6191273539735	-12.239566878443
			27.5550458519921	-12.1754853764616
			27.4909643500107	-12.1114038744803
			27.4909643500107	-12.0473223724989
			27.4268828480294	-11.9832408705175
			27.362801346048	-11.9191593685361
			27.362801346048	-11.8550778665547
			27.2987198440666	-11.7909963645734
			27.2987198440666	-11.726914862592
			27.2346383420852	-11.6628333606106
			27.1705568401038	-11.5987518586292
			27.1064753381225	-11.5346703566479
			27.1064753381225	-11.4705888546665
			27.0423938361411	-11.4065073526851
			26.9783123341597	-11.3424258507037
			26.9783123341597	-11.2783443487224
			26.9142308321783	-11.214262846741
			26.850149330197	-11.1501813447596
			26.850149330197	-11.0860998427782
			26.7860678282156	-11.0220183407968
			26.7219863262342	-10.9579368388155
			26.7219863262342	-10.8938553368341
			26.6579048242528	-10.8297738348527
			26.5938233222715	-10.8297738348527
			26.5938233222715	-10.7656923328713
			26.5297418202901	-10.70161083089
			26.5297418202901	-10.6375293289086
			26.4656603183087	-10.5734478269272
			26.4015788163273	-10.5093663249458
			26.3374973143459	-10.4452848229645
			26.3374973143459	-10.3812033209831
			26.2734158123646	-10.3171218190017
			26.2734158123646	-10.2530403170203
			26.2093343103832	-10.1889588150389
			26.1452528084018	-10.1889588150389
			26.1452528084018	-10.1248773130576
			26.0811713064204	-10.0607958110762
			26.0811713064204	-9.99671430909481
			26.0170898044391	-9.99671430909481
			26.0170898044391	-9.93263280711344
			25.9530083024577	-9.86855130513206
		</posterior>
	</curves.scaled>
	<ruler.points type=matrix rownames=TRUE colnames=FALSE nrow=2 ncol=2 as.numeric=TRUE >
		Ruler point 1	149	520
		Ruler point 2	305	516
	</ruler.points>
</shapes>

