<shapes type=list>
	<ruler.pixel type=vector names=FALSE length=1 as.numeric=TRUE >224</ruler.pixel>
	<ruler.interval type=vector names=FALSE length=1 as.numeric=TRUE >4.85</ruler.interval>
	<scaling.units type=vector names=FALSE length=1 as.numeric=FALSE >mm</scaling.units>
	<scaling type=vector names=FALSE length=1 as.numeric=TRUE >0.0216517857142857</scaling>
	<landmarks.pixel type=matrix rownames=TRUE colnames=FALSE nrow=16 ncol=2 as.numeric=TRUE >
		LM1	642	48
		LM2	642	48
		LM3	642	231
		LM4	642	272
		LM5	739	116
		LM6	692	246
		LM7	693	261
		LM8	752	129
		LM9	772	164
		LM10	642	48
		LM11	786	169
		LM12	816	177
		LM13	642	48
		LM14	774	157
		LM15	826	272
		LM16	799	287
	</landmarks.pixel>
	<landmarks.scaled type=matrix rownames=TRUE colnames=FALSE nrow=16 ncol=2 as.numeric=TRUE >
		LM1	13.9004464285714	-1.03928571428571
		LM2	13.9004464285714	-1.03928571428571
		LM3	13.9004464285714	-5.0015625
		LM4	13.9004464285714	-5.88928571428571
		LM5	16.0006696428571	-2.51160714285714
		LM6	14.9830357142857	-5.32633928571429
		LM7	15.0046875	-5.65111607142857
		LM8	16.2821428571429	-2.79308035714286
		LM9	16.7151785714286	-3.55089285714286
		LM10	13.9004464285714	-1.03928571428571
		LM11	17.0183035714286	-3.65915178571429
		LM12	17.6678571428571	-3.83236607142857
		LM13	13.9004464285714	-1.03928571428571
		LM14	16.7584821428571	-3.39933035714286
		LM15	17.884375	-5.88928571428571
		LM16	17.2997767857143	-6.2140625
	</landmarks.scaled>
	<curves.control type=list>
		<glabella type=matrix rownames=FALSE colnames=FALSE nrow=9 ncol=2 as.numeric=TRUE >
			642	48
			711	50
			739	114
			736	147
			687	214
			692	228
			692	246
			696	254
			693	261
		</glabella>
		<suture type=matrix rownames=FALSE colnames=FALSE nrow=13 ncol=2 as.numeric=TRUE >
			642	48
			709	49
			739	114
			739	118
			743	122
			747	124
			752	129
			775	148
			772	164
			771	168
			786	169
			799	169
			816	177
		</suture>
		<anterior type=matrix rownames=FALSE colnames=FALSE nrow=9 ncol=2 as.numeric=TRUE >
			642	48
			686	50
			711	74
			734	86
			749	94
			796	127
			816	177
			842	240
			826	272
		</anterior>
		<posterior type=matrix rownames=FALSE colnames=FALSE nrow=13 ncol=2 as.numeric=TRUE >
			642	272
			657	276
			676	271
			685	268
			693	262
			708	259
			731	266
			757	270
			768	274
			776	280
			799	287
			813	283
			826	272
		</posterior>
	</curves.control>
	<curves.pixel type=list>
		<glabella type=matrix rownames=FALSE colnames=FALSE nrow=271 ncol=2 as.numeric=TRUE >
			642	48
			643	48
			644	48
			645	48
			646	48
			647	48
			648	48
			649	48
			650	48
			651	49
			652	49
			653	49
			654	49
			655	49
			656	49
			657	49
			658	49
			659	49
			660	50
			661	50
			662	50
			663	50
			664	50
			665	51
			666	51
			667	51
			668	51
			669	51
			670	52
			671	52
			672	52
			673	53
			674	53
			675	53
			676	53
			676	54
			677	54
			678	54
			679	55
			680	55
			681	55
			682	55
			682	56
			683	56
			684	56
			685	57
			686	57
			686	58
			687	58
			688	58
			689	59
			690	59
			691	59
			691	60
			692	60
			693	61
			694	61
			694	62
			695	62
			696	62
			697	63
			698	64
			699	64
			700	65
			701	66
			702	66
			703	67
			704	68
			705	69
			706	70
			707	70
			708	71
			709	72
			710	73
			711	74
			712	75
			713	75
			714	76
			715	77
			716	78
			717	79
			718	80
			718	81
			719	82
			720	83
			721	84
			722	85
			723	86
			723	87
			724	88
			725	89
			726	90
			726	91
			727	92
			728	93
			728	94
			729	95
			729	96
			730	97
			731	98
			732	99
			732	100
			733	101
			733	102
			733	103
			734	103
			734	104
			735	105
			735	106
			736	107
			736	108
			737	109
			737	110
			738	111
			738	112
			739	113
			739	114
			739	115
			739	116
			739	117
			738	118
			738	119
			738	120
			738	121
			738	122
			737	123
			737	124
			737	125
			737	126
			736	127
			736	128
			736	129
			735	130
			735	131
			735	132
			735	133
			734	133
			734	134
			734	135
			734	136
			733	136
			733	137
			733	138
			732	138
			732	139
			732	140
			731	141
			731	142
			731	143
			730	144
			730	145
			729	146
			729	147
			728	148
			728	149
			727	150
			727	151
			726	152
			726	153
			725	154
			725	155
			724	156
			724	157
			723	158
			723	159
			722	160
			721	161
			721	162
			720	163
			720	164
			719	165
			719	166
			718	167
			717	168
			717	169
			716	170
			716	171
			716	172
			715	172
			715	173
			714	174
			714	175
			713	176
			712	177
			711	178
			711	179
			710	180
			710	181
			709	182
			708	183
			708	184
			707	185
			706	186
			706	187
			705	188
			704	189
			704	190
			703	191
			703	192
			702	192
			702	193
			701	194
			700	195
			700	196
			699	197
			699	198
			698	199
			697	199
			697	200
			696	201
			696	202
			695	203
			694	204
			693	205
			693	206
			692	207
			691	208
			691	209
			690	210
			689	211
			688	212
			688	213
			687	214
			687	215
			688	216
			688	217
			688	218
			689	219
			689	220
			689	221
			689	222
			690	223
			690	224
			690	225
			690	226
			690	227
			691	228
			691	229
			691	230
			691	231
			691	232
			691	233
			691	234
			692	235
			692	236
			692	237
			692	238
			692	239
			692	240
			692	241
			692	242
			692	243
			692	244
			692	245
			692	246
			692	247
			693	247
			693	248
			693	249
			694	250
			694	251
			694	252
			694	253
			694	254
			694	255
			694	256
			694	257
			694	258
			694	259
			693	260
			693	261
		</glabella>
		<suture type=matrix rownames=FALSE colnames=FALSE nrow=218 ncol=2 as.numeric=TRUE >
			642	48
			643	48
			644	48
			645	48
			646	48
			647	48
			648	48
			649	48
			650	48
			651	48
			652	48
			652	49
			653	49
			654	49
			655	49
			656	49
			657	49
			658	49
			659	49
			660	50
			661	50
			662	50
			663	50
			664	50
			665	50
			666	51
			667	51
			668	51
			669	51
			670	52
			671	52
			672	52
			673	52
			673	53
			674	53
			675	53
			676	53
			677	54
			678	54
			679	54
			680	55
			681	55
			682	55
			682	56
			683	56
			684	56
			685	57
			686	57
			687	58
			688	58
			689	59
			690	59
			691	60
			692	60
			693	61
			694	61
			695	62
			696	63
			697	63
			698	64
			699	64
			700	65
			701	66
			702	66
			703	67
			703	68
			704	68
			705	69
			706	70
			707	70
			708	71
			709	72
			710	73
			711	74
			712	75
			713	76
			714	77
			715	78
			716	79
			717	80
			718	81
			719	82
			720	83
			721	84
			721	85
			722	86
			723	87
			724	88
			724	89
			725	90
			725	91
			726	91
			727	92
			727	93
			728	94
			729	95
			729	96
			730	97
			730	98
			731	99
			731	100
			732	101
			733	101
			733	102
			734	103
			734	104
			735	105
			735	106
			736	107
			736	108
			737	109
			737	110
			738	111
			738	112
			739	113
			739	114
			739	115
			739	116
			740	117
			740	118
			741	119
			741	120
			742	121
			743	121
			743	122
			744	123
			745	123
			746	124
			747	125
			748	126
			749	127
			750	128
			751	128
			752	129
			753	130
			754	131
			755	132
			756	133
			757	134
			758	135
			759	135
			760	136
			761	137
			762	138
			763	139
			763	140
			764	141
			765	142
			765	143
			766	144
			767	144
			767	145
			768	146
			768	147
			769	148
			769	149
			770	150
			770	151
			771	152
			771	153
			772	154
			772	155
			772	156
			772	157
			772	158
			772	159
			772	160
			772	161
			772	162
			772	163
			772	164
			772	165
			772	166
			773	166
			774	167
			775	167
			776	168
			777	168
			778	168
			779	168
			780	168
			781	169
			782	169
			783	169
			784	169
			785	169
			786	169
			787	169
			788	169
			789	169
			790	169
			791	169
			792	169
			793	170
			794	170
			795	170
			796	170
			797	170
			798	171
			799	171
			800	171
			801	171
			802	172
			803	172
			804	172
			805	172
			806	173
			807	173
			808	174
			809	174
			810	175
			811	175
			812	175
			813	176
			814	176
			815	176
			815	177
			816	177
		</suture>
		<anterior type=matrix rownames=FALSE colnames=FALSE nrow=309 ncol=2 as.numeric=TRUE >
			642	48
			643	48
			644	48
			645	48
			646	48
			647	48
			648	48
			649	49
			650	49
			651	49
			652	49
			653	49
			654	49
			655	49
			656	49
			657	49
			658	49
			658	50
			659	50
			660	50
			661	50
			662	50
			663	50
			664	51
			665	51
			666	51
			667	51
			668	52
			669	52
			670	52
			671	52
			672	53
			673	53
			674	53
			675	53
			676	54
			677	54
			678	54
			678	55
			679	55
			680	55
			681	55
			682	56
			683	56
			684	56
			685	57
			686	57
			686	58
			687	58
			688	58
			689	59
			690	59
			690	60
			691	60
			692	60
			693	61
			694	61
			694	62
			695	62
			696	63
			697	63
			698	64
			699	64
			700	65
			701	66
			702	66
			703	67
			703	68
			704	68
			705	69
			706	70
			707	70
			708	71
			708	72
			709	72
			710	73
			711	74
			712	75
			713	75
			714	75
			715	76
			716	77
			717	77
			718	78
			719	78
			720	79
			721	79
			722	80
			723	80
			724	81
			725	81
			726	82
			727	82
			727	83
			728	83
			729	83
			730	84
			731	84
			732	85
			733	85
			733	86
			734	86
			735	87
			736	87
			737	87
			737	88
			738	88
			739	89
			740	89
			741	90
			742	90
			743	91
			744	91
			745	92
			746	92
			746	93
			747	93
			748	93
			749	94
			750	95
			751	95
			752	96
			753	97
			754	97
			754	98
			755	99
			756	99
			757	100
			758	101
			759	101
			760	102
			760	103
			761	103
			762	104
			763	105
			764	105
			764	106
			765	107
			766	107
			767	108
			768	109
			769	110
			770	111
			771	112
			772	113
			773	114
			774	114
			775	115
			776	116
			776	117
			777	118
			778	119
			779	120
			780	121
			781	121
			782	122
			782	123
			783	124
			784	125
			785	126
			786	127
			786	128
			787	129
			788	130
			789	131
			790	132
			790	133
			791	134
			792	135
			793	135
			793	136
			794	137
			795	138
			795	139
			796	140
			797	141
			798	142
			798	143
			799	144
			800	145
			800	146
			801	147
			802	148
			802	149
			803	150
			803	151
			804	152
			804	153
			805	154
			806	155
			806	156
			806	157
			807	158
			808	159
			808	160
			809	161
			809	162
			810	163
			810	164
			811	165
			811	166
			811	167
			812	168
			812	169
			813	169
			813	170
			814	171
			814	172
			814	173
			815	174
			815	175
			816	176
			816	177
			816	178
			817	179
			817	180
			818	181
			818	182
			818	183
			819	184
			819	185
			820	186
			820	187
			820	188
			821	189
			821	190
			822	191
			822	192
			822	193
			823	194
			823	195
			823	196
			824	197
			824	198
			824	199
			825	200
			825	201
			825	202
			825	203
			826	204
			826	205
			826	206
			827	207
			827	208
			827	209
			827	210
			828	211
			828	212
			828	213
			828	214
			829	215
			829	216
			829	217
			829	218
			829	219
			830	220
			830	221
			830	222
			830	223
			830	224
			831	225
			831	226
			831	227
			831	228
			831	229
			831	230
			831	231
			831	232
			832	232
			832	233
			832	234
			832	235
			832	236
			832	237
			832	238
			832	239
			832	240
			832	241
			832	242
			832	243
			832	244
			832	245
			832	246
			832	247
			832	248
			832	249
			832	250
			832	251
			832	252
			831	253
			831	254
			831	255
			831	256
			831	257
			831	258
			830	259
			830	260
			830	261
			830	262
			829	263
			829	264
			829	265
			829	266
			828	267
			828	268
			827	269
			827	270
			827	271
			826	272
		</anterior>
		<posterior type=matrix rownames=FALSE colnames=FALSE nrow=194 ncol=2 as.numeric=TRUE >
			642	272
			643	272
			644	272
			645	273
			646	273
			647	273
			648	273
			649	273
			650	273
			651	274
			652	274
			653	274
			654	274
			655	274
			656	274
			657	274
			658	274
			659	274
			660	274
			661	274
			662	274
			663	273
			664	273
			665	273
			666	273
			667	273
			668	273
			669	273
			669	272
			670	272
			671	272
			672	272
			673	272
			674	272
			675	271
			676	271
			677	271
			678	270
			679	270
			680	269
			681	269
			682	269
			683	268
			684	268
			685	267
			686	267
			686	266
			687	266
			688	265
			689	265
			690	264
			691	264
			692	263
			693	262
			694	262
			695	262
			696	261
			697	261
			698	261
			699	261
			700	261
			701	261
			702	261
			703	261
			704	261
			705	261
			706	261
			707	261
			708	261
			709	261
			710	262
			711	262
			712	262
			713	262
			714	262
			715	262
			716	262
			717	263
			718	263
			719	263
			720	263
			721	263
			722	263
			722	264
			723	264
			724	264
			725	264
			726	265
			727	265
			728	265
			729	265
			729	266
			730	266
			731	266
			732	266
			733	266
			734	267
			735	267
			736	267
			737	267
			738	267
			739	267
			740	267
			741	268
			742	268
			743	268
			744	268
			745	268
			746	269
			747	269
			748	269
			749	269
			750	269
			751	270
			752	270
			753	270
			754	270
			755	270
			756	271
			757	271
			758	271
			759	271
			760	272
			761	272
			762	272
			763	272
			763	273
			764	273
			765	273
			766	273
			767	274
			768	274
			769	275
			770	276
			771	276
			772	277
			773	277
			774	278
			775	278
			776	278
			777	279
			778	279
			779	280
			780	280
			781	281
			782	281
			783	282
			784	282
			785	282
			786	283
			787	283
			788	283
			788	284
			789	284
			790	284
			791	284
			792	285
			793	285
			794	286
			795	286
			796	286
			797	286
			797	287
			798	287
			799	287
			800	287
			801	287
			801	286
			802	286
			803	286
			804	285
			805	285
			806	284
			807	284
			808	284
			809	283
			810	283
			811	282
			812	282
			813	281
			814	281
			815	280
			816	279
			817	279
			818	278
			819	278
			820	277
			821	276
			822	276
			822	275
			823	274
			824	273
			825	273
			826	272
		</posterior>
	</curves.pixel>
	<curves.scaled type=list>
		<glabella type=matrix rownames=FALSE colnames=FALSE nrow=271 ncol=2 as.numeric=TRUE >
			13.9004464285714	-1.03928571428571
			13.9220982142857	-1.03928571428571
			13.94375	-1.03928571428571
			13.9654017857143	-1.03928571428571
			13.9870535714286	-1.03928571428571
			14.0087053571429	-1.03928571428571
			14.0303571428571	-1.03928571428571
			14.0520089285714	-1.03928571428571
			14.0736607142857	-1.03928571428571
			14.0953125	-1.0609375
			14.1169642857143	-1.0609375
			14.1386160714286	-1.0609375
			14.1602678571429	-1.0609375
			14.1819196428571	-1.0609375
			14.2035714285714	-1.0609375
			14.2252232142857	-1.0609375
			14.246875	-1.0609375
			14.2685267857143	-1.0609375
			14.2901785714286	-1.08258928571429
			14.3118303571429	-1.08258928571429
			14.3334821428571	-1.08258928571429
			14.3551339285714	-1.08258928571429
			14.3767857142857	-1.08258928571429
			14.3984375	-1.10424107142857
			14.4200892857143	-1.10424107142857
			14.4417410714286	-1.10424107142857
			14.4633928571429	-1.10424107142857
			14.4850446428571	-1.10424107142857
			14.5066964285714	-1.12589285714286
			14.5283482142857	-1.12589285714286
			14.55	-1.12589285714286
			14.5716517857143	-1.14754464285714
			14.5933035714286	-1.14754464285714
			14.6149553571429	-1.14754464285714
			14.6366071428571	-1.14754464285714
			14.6366071428571	-1.16919642857143
			14.6582589285714	-1.16919642857143
			14.6799107142857	-1.16919642857143
			14.7015625	-1.19084821428571
			14.7232142857143	-1.19084821428571
			14.7448660714286	-1.19084821428571
			14.7665178571429	-1.19084821428571
			14.7665178571429	-1.2125
			14.7881696428571	-1.2125
			14.8098214285714	-1.2125
			14.8314732142857	-1.23415178571429
			14.853125	-1.23415178571429
			14.853125	-1.25580357142857
			14.8747767857143	-1.25580357142857
			14.8964285714286	-1.25580357142857
			14.9180803571429	-1.27745535714286
			14.9397321428571	-1.27745535714286
			14.9613839285714	-1.27745535714286
			14.9613839285714	-1.29910714285714
			14.9830357142857	-1.29910714285714
			15.0046875	-1.32075892857143
			15.0263392857143	-1.32075892857143
			15.0263392857143	-1.34241071428571
			15.0479910714286	-1.34241071428571
			15.0696428571429	-1.34241071428571
			15.0912946428571	-1.3640625
			15.1129464285714	-1.38571428571429
			15.1345982142857	-1.38571428571429
			15.15625	-1.40736607142857
			15.1779017857143	-1.42901785714286
			15.1995535714286	-1.42901785714286
			15.2212053571429	-1.45066964285714
			15.2428571428571	-1.47232142857143
			15.2645089285714	-1.49397321428571
			15.2861607142857	-1.515625
			15.3078125	-1.515625
			15.3294642857143	-1.53727678571429
			15.3511160714286	-1.55892857142857
			15.3727678571429	-1.58058035714286
			15.3944196428571	-1.60223214285714
			15.4160714285714	-1.62388392857143
			15.4377232142857	-1.62388392857143
			15.459375	-1.64553571428571
			15.4810267857143	-1.6671875
			15.5026785714286	-1.68883928571429
			15.5243303571429	-1.71049107142857
			15.5459821428571	-1.73214285714286
			15.5459821428571	-1.75379464285714
			15.5676339285714	-1.77544642857143
			15.5892857142857	-1.79709821428571
			15.6109375	-1.81875
			15.6325892857143	-1.84040178571429
			15.6542410714286	-1.86205357142857
			15.6542410714286	-1.88370535714286
			15.6758928571429	-1.90535714285714
			15.6975446428571	-1.92700892857143
			15.7191964285714	-1.94866071428571
			15.7191964285714	-1.9703125
			15.7408482142857	-1.99196428571429
			15.7625	-2.01361607142857
			15.7625	-2.03526785714286
			15.7841517857143	-2.05691964285714
			15.7841517857143	-2.07857142857143
			15.8058035714286	-2.10022321428571
			15.8274553571429	-2.121875
			15.8491071428571	-2.14352678571429
			15.8491071428571	-2.16517857142857
			15.8707589285714	-2.18683035714286
			15.8707589285714	-2.20848214285714
			15.8707589285714	-2.23013392857143
			15.8924107142857	-2.23013392857143
			15.8924107142857	-2.25178571428571
			15.9140625	-2.2734375
			15.9140625	-2.29508928571429
			15.9357142857143	-2.31674107142857
			15.9357142857143	-2.33839285714286
			15.9573660714286	-2.36004464285714
			15.9573660714286	-2.38169642857143
			15.9790178571429	-2.40334821428571
			15.9790178571429	-2.425
			16.0006696428571	-2.44665178571429
			16.0006696428571	-2.46830357142857
			16.0006696428571	-2.48995535714286
			16.0006696428571	-2.51160714285714
			16.0006696428571	-2.53325892857143
			15.9790178571429	-2.55491071428571
			15.9790178571429	-2.5765625
			15.9790178571429	-2.59821428571429
			15.9790178571429	-2.61986607142857
			15.9790178571429	-2.64151785714286
			15.9573660714286	-2.66316964285714
			15.9573660714286	-2.68482142857143
			15.9573660714286	-2.70647321428571
			15.9573660714286	-2.728125
			15.9357142857143	-2.74977678571429
			15.9357142857143	-2.77142857142857
			15.9357142857143	-2.79308035714286
			15.9140625	-2.81473214285714
			15.9140625	-2.83638392857143
			15.9140625	-2.85803571428571
			15.9140625	-2.8796875
			15.8924107142857	-2.8796875
			15.8924107142857	-2.90133928571429
			15.8924107142857	-2.92299107142857
			15.8924107142857	-2.94464285714286
			15.8707589285714	-2.94464285714286
			15.8707589285714	-2.96629464285714
			15.8707589285714	-2.98794642857143
			15.8491071428571	-2.98794642857143
			15.8491071428571	-3.00959821428571
			15.8491071428571	-3.03125
			15.8274553571429	-3.05290178571429
			15.8274553571429	-3.07455357142857
			15.8274553571429	-3.09620535714286
			15.8058035714286	-3.11785714285714
			15.8058035714286	-3.13950892857143
			15.7841517857143	-3.16116071428571
			15.7841517857143	-3.1828125
			15.7625	-3.20446428571429
			15.7625	-3.22611607142857
			15.7408482142857	-3.24776785714286
			15.7408482142857	-3.26941964285714
			15.7191964285714	-3.29107142857143
			15.7191964285714	-3.31272321428571
			15.6975446428571	-3.334375
			15.6975446428571	-3.35602678571429
			15.6758928571429	-3.37767857142857
			15.6758928571429	-3.39933035714286
			15.6542410714286	-3.42098214285714
			15.6542410714286	-3.44263392857143
			15.6325892857143	-3.46428571428571
			15.6109375	-3.4859375
			15.6109375	-3.50758928571429
			15.5892857142857	-3.52924107142857
			15.5892857142857	-3.55089285714286
			15.5676339285714	-3.57254464285714
			15.5676339285714	-3.59419642857143
			15.5459821428571	-3.61584821428571
			15.5243303571429	-3.6375
			15.5243303571429	-3.65915178571429
			15.5026785714286	-3.68080357142857
			15.5026785714286	-3.70245535714286
			15.5026785714286	-3.72410714285714
			15.4810267857143	-3.72410714285714
			15.4810267857143	-3.74575892857143
			15.459375	-3.76741071428571
			15.459375	-3.7890625
			15.4377232142857	-3.81071428571429
			15.4160714285714	-3.83236607142857
			15.3944196428571	-3.85401785714286
			15.3944196428571	-3.87566964285714
			15.3727678571429	-3.89732142857143
			15.3727678571429	-3.91897321428571
			15.3511160714286	-3.940625
			15.3294642857143	-3.96227678571429
			15.3294642857143	-3.98392857142857
			15.3078125	-4.00558035714286
			15.2861607142857	-4.02723214285714
			15.2861607142857	-4.04888392857143
			15.2645089285714	-4.07053571428571
			15.2428571428571	-4.0921875
			15.2428571428571	-4.11383928571429
			15.2212053571429	-4.13549107142857
			15.2212053571429	-4.15714285714286
			15.1995535714286	-4.15714285714286
			15.1995535714286	-4.17879464285714
			15.1779017857143	-4.20044642857143
			15.15625	-4.22209821428571
			15.15625	-4.24375
			15.1345982142857	-4.26540178571429
			15.1345982142857	-4.28705357142857
			15.1129464285714	-4.30870535714286
			15.0912946428571	-4.30870535714286
			15.0912946428571	-4.33035714285714
			15.0696428571429	-4.35200892857143
			15.0696428571429	-4.37366071428571
			15.0479910714286	-4.3953125
			15.0263392857143	-4.41696428571429
			15.0046875	-4.43861607142857
			15.0046875	-4.46026785714286
			14.9830357142857	-4.48191964285714
			14.9613839285714	-4.50357142857143
			14.9613839285714	-4.52522321428571
			14.9397321428571	-4.546875
			14.9180803571429	-4.56852678571429
			14.8964285714286	-4.59017857142857
			14.8964285714286	-4.61183035714286
			14.8747767857143	-4.63348214285714
			14.8747767857143	-4.65513392857143
			14.8964285714286	-4.67678571428571
			14.8964285714286	-4.6984375
			14.8964285714286	-4.72008928571429
			14.9180803571429	-4.74174107142857
			14.9180803571429	-4.76339285714286
			14.9180803571429	-4.78504464285714
			14.9180803571429	-4.80669642857143
			14.9397321428571	-4.82834821428571
			14.9397321428571	-4.85
			14.9397321428571	-4.87165178571429
			14.9397321428571	-4.89330357142857
			14.9397321428571	-4.91495535714286
			14.9613839285714	-4.93660714285714
			14.9613839285714	-4.95825892857143
			14.9613839285714	-4.97991071428571
			14.9613839285714	-5.0015625
			14.9613839285714	-5.02321428571429
			14.9613839285714	-5.04486607142857
			14.9613839285714	-5.06651785714286
			14.9830357142857	-5.08816964285714
			14.9830357142857	-5.10982142857143
			14.9830357142857	-5.13147321428571
			14.9830357142857	-5.153125
			14.9830357142857	-5.17477678571429
			14.9830357142857	-5.19642857142857
			14.9830357142857	-5.21808035714286
			14.9830357142857	-5.23973214285714
			14.9830357142857	-5.26138392857143
			14.9830357142857	-5.28303571428571
			14.9830357142857	-5.3046875
			14.9830357142857	-5.32633928571429
			14.9830357142857	-5.34799107142857
			15.0046875	-5.34799107142857
			15.0046875	-5.36964285714286
			15.0046875	-5.39129464285714
			15.0263392857143	-5.41294642857143
			15.0263392857143	-5.43459821428571
			15.0263392857143	-5.45625
			15.0263392857143	-5.47790178571429
			15.0263392857143	-5.49955357142857
			15.0263392857143	-5.52120535714286
			15.0263392857143	-5.54285714285714
			15.0263392857143	-5.56450892857143
			15.0263392857143	-5.58616071428571
			15.0263392857143	-5.6078125
			15.0046875	-5.62946428571429
			15.0046875	-5.65111607142857
		</glabella>
		<suture type=matrix rownames=FALSE colnames=FALSE nrow=218 ncol=2 as.numeric=TRUE >
			13.9004464285714	-1.03928571428571
			13.9220982142857	-1.03928571428571
			13.94375	-1.03928571428571
			13.9654017857143	-1.03928571428571
			13.9870535714286	-1.03928571428571
			14.0087053571429	-1.03928571428571
			14.0303571428571	-1.03928571428571
			14.0520089285714	-1.03928571428571
			14.0736607142857	-1.03928571428571
			14.0953125	-1.03928571428571
			14.1169642857143	-1.03928571428571
			14.1169642857143	-1.0609375
			14.1386160714286	-1.0609375
			14.1602678571429	-1.0609375
			14.1819196428571	-1.0609375
			14.2035714285714	-1.0609375
			14.2252232142857	-1.0609375
			14.246875	-1.0609375
			14.2685267857143	-1.0609375
			14.2901785714286	-1.08258928571429
			14.3118303571429	-1.08258928571429
			14.3334821428571	-1.08258928571429
			14.3551339285714	-1.08258928571429
			14.3767857142857	-1.08258928571429
			14.3984375	-1.08258928571429
			14.4200892857143	-1.10424107142857
			14.4417410714286	-1.10424107142857
			14.4633928571429	-1.10424107142857
			14.4850446428571	-1.10424107142857
			14.5066964285714	-1.12589285714286
			14.5283482142857	-1.12589285714286
			14.55	-1.12589285714286
			14.5716517857143	-1.12589285714286
			14.5716517857143	-1.14754464285714
			14.5933035714286	-1.14754464285714
			14.6149553571429	-1.14754464285714
			14.6366071428571	-1.14754464285714
			14.6582589285714	-1.16919642857143
			14.6799107142857	-1.16919642857143
			14.7015625	-1.16919642857143
			14.7232142857143	-1.19084821428571
			14.7448660714286	-1.19084821428571
			14.7665178571429	-1.19084821428571
			14.7665178571429	-1.2125
			14.7881696428571	-1.2125
			14.8098214285714	-1.2125
			14.8314732142857	-1.23415178571429
			14.853125	-1.23415178571429
			14.8747767857143	-1.25580357142857
			14.8964285714286	-1.25580357142857
			14.9180803571429	-1.27745535714286
			14.9397321428571	-1.27745535714286
			14.9613839285714	-1.29910714285714
			14.9830357142857	-1.29910714285714
			15.0046875	-1.32075892857143
			15.0263392857143	-1.32075892857143
			15.0479910714286	-1.34241071428571
			15.0696428571429	-1.3640625
			15.0912946428571	-1.3640625
			15.1129464285714	-1.38571428571429
			15.1345982142857	-1.38571428571429
			15.15625	-1.40736607142857
			15.1779017857143	-1.42901785714286
			15.1995535714286	-1.42901785714286
			15.2212053571429	-1.45066964285714
			15.2212053571429	-1.47232142857143
			15.2428571428571	-1.47232142857143
			15.2645089285714	-1.49397321428571
			15.2861607142857	-1.515625
			15.3078125	-1.515625
			15.3294642857143	-1.53727678571429
			15.3511160714286	-1.55892857142857
			15.3727678571429	-1.58058035714286
			15.3944196428571	-1.60223214285714
			15.4160714285714	-1.62388392857143
			15.4377232142857	-1.64553571428571
			15.459375	-1.6671875
			15.4810267857143	-1.68883928571429
			15.5026785714286	-1.71049107142857
			15.5243303571429	-1.73214285714286
			15.5459821428571	-1.75379464285714
			15.5676339285714	-1.77544642857143
			15.5892857142857	-1.79709821428571
			15.6109375	-1.81875
			15.6109375	-1.84040178571429
			15.6325892857143	-1.86205357142857
			15.6542410714286	-1.88370535714286
			15.6758928571429	-1.90535714285714
			15.6758928571429	-1.92700892857143
			15.6975446428571	-1.94866071428571
			15.6975446428571	-1.9703125
			15.7191964285714	-1.9703125
			15.7408482142857	-1.99196428571429
			15.7408482142857	-2.01361607142857
			15.7625	-2.03526785714286
			15.7841517857143	-2.05691964285714
			15.7841517857143	-2.07857142857143
			15.8058035714286	-2.10022321428571
			15.8058035714286	-2.121875
			15.8274553571429	-2.14352678571429
			15.8274553571429	-2.16517857142857
			15.8491071428571	-2.18683035714286
			15.8707589285714	-2.18683035714286
			15.8707589285714	-2.20848214285714
			15.8924107142857	-2.23013392857143
			15.8924107142857	-2.25178571428571
			15.9140625	-2.2734375
			15.9140625	-2.29508928571429
			15.9357142857143	-2.31674107142857
			15.9357142857143	-2.33839285714286
			15.9573660714286	-2.36004464285714
			15.9573660714286	-2.38169642857143
			15.9790178571429	-2.40334821428571
			15.9790178571429	-2.425
			16.0006696428571	-2.44665178571429
			16.0006696428571	-2.46830357142857
			16.0006696428571	-2.48995535714286
			16.0006696428571	-2.51160714285714
			16.0223214285714	-2.53325892857143
			16.0223214285714	-2.55491071428571
			16.0439732142857	-2.5765625
			16.0439732142857	-2.59821428571429
			16.065625	-2.61986607142857
			16.0872767857143	-2.61986607142857
			16.0872767857143	-2.64151785714286
			16.1089285714286	-2.66316964285714
			16.1305803571429	-2.66316964285714
			16.1522321428571	-2.68482142857143
			16.1738839285714	-2.70647321428571
			16.1955357142857	-2.728125
			16.2171875	-2.74977678571429
			16.2388392857143	-2.77142857142857
			16.2604910714286	-2.77142857142857
			16.2821428571429	-2.79308035714286
			16.3037946428571	-2.81473214285714
			16.3254464285714	-2.83638392857143
			16.3470982142857	-2.85803571428571
			16.36875	-2.8796875
			16.3904017857143	-2.90133928571429
			16.4120535714286	-2.92299107142857
			16.4337053571429	-2.92299107142857
			16.4553571428571	-2.94464285714286
			16.4770089285714	-2.96629464285714
			16.4986607142857	-2.98794642857143
			16.5203125	-3.00959821428571
			16.5203125	-3.03125
			16.5419642857143	-3.05290178571429
			16.5636160714286	-3.07455357142857
			16.5636160714286	-3.09620535714286
			16.5852678571429	-3.11785714285714
			16.6069196428571	-3.11785714285714
			16.6069196428571	-3.13950892857143
			16.6285714285714	-3.16116071428571
			16.6285714285714	-3.1828125
			16.6502232142857	-3.20446428571429
			16.6502232142857	-3.22611607142857
			16.671875	-3.24776785714286
			16.671875	-3.26941964285714
			16.6935267857143	-3.29107142857143
			16.6935267857143	-3.31272321428571
			16.7151785714286	-3.334375
			16.7151785714286	-3.35602678571429
			16.7151785714286	-3.37767857142857
			16.7151785714286	-3.39933035714286
			16.7151785714286	-3.42098214285714
			16.7151785714286	-3.44263392857143
			16.7151785714286	-3.46428571428571
			16.7151785714286	-3.4859375
			16.7151785714286	-3.50758928571429
			16.7151785714286	-3.52924107142857
			16.7151785714286	-3.55089285714286
			16.7151785714286	-3.57254464285714
			16.7151785714286	-3.59419642857143
			16.7368303571429	-3.59419642857143
			16.7584821428571	-3.61584821428571
			16.7801339285714	-3.61584821428571
			16.8017857142857	-3.6375
			16.8234375	-3.6375
			16.8450892857143	-3.6375
			16.8667410714286	-3.6375
			16.8883928571429	-3.6375
			16.9100446428571	-3.65915178571429
			16.9316964285714	-3.65915178571429
			16.9533482142857	-3.65915178571429
			16.975	-3.65915178571429
			16.9966517857143	-3.65915178571429
			17.0183035714286	-3.65915178571429
			17.0399553571429	-3.65915178571429
			17.0616071428571	-3.65915178571429
			17.0832589285714	-3.65915178571429
			17.1049107142857	-3.65915178571429
			17.1265625	-3.65915178571429
			17.1482142857143	-3.65915178571429
			17.1698660714286	-3.68080357142857
			17.1915178571429	-3.68080357142857
			17.2131696428571	-3.68080357142857
			17.2348214285714	-3.68080357142857
			17.2564732142857	-3.68080357142857
			17.278125	-3.70245535714286
			17.2997767857143	-3.70245535714286
			17.3214285714286	-3.70245535714286
			17.3430803571429	-3.70245535714286
			17.3647321428571	-3.72410714285714
			17.3863839285714	-3.72410714285714
			17.4080357142857	-3.72410714285714
			17.4296875	-3.72410714285714
			17.4513392857143	-3.74575892857143
			17.4729910714286	-3.74575892857143
			17.4946428571429	-3.76741071428571
			17.5162946428571	-3.76741071428571
			17.5379464285714	-3.7890625
			17.5595982142857	-3.7890625
			17.58125	-3.7890625
			17.6029017857143	-3.81071428571429
			17.6245535714286	-3.81071428571429
			17.6462053571429	-3.81071428571429
			17.6462053571429	-3.83236607142857
			17.6678571428571	-3.83236607142857
		</suture>
		<anterior type=matrix rownames=FALSE colnames=FALSE nrow=309 ncol=2 as.numeric=TRUE >
			13.9004464285714	-1.03928571428571
			13.9220982142857	-1.03928571428571
			13.94375	-1.03928571428571
			13.9654017857143	-1.03928571428571
			13.9870535714286	-1.03928571428571
			14.0087053571429	-1.03928571428571
			14.0303571428571	-1.03928571428571
			14.0520089285714	-1.0609375
			14.0736607142857	-1.0609375
			14.0953125	-1.0609375
			14.1169642857143	-1.0609375
			14.1386160714286	-1.0609375
			14.1602678571429	-1.0609375
			14.1819196428571	-1.0609375
			14.2035714285714	-1.0609375
			14.2252232142857	-1.0609375
			14.246875	-1.0609375
			14.246875	-1.08258928571429
			14.2685267857143	-1.08258928571429
			14.2901785714286	-1.08258928571429
			14.3118303571429	-1.08258928571429
			14.3334821428571	-1.08258928571429
			14.3551339285714	-1.08258928571429
			14.3767857142857	-1.10424107142857
			14.3984375	-1.10424107142857
			14.4200892857143	-1.10424107142857
			14.4417410714286	-1.10424107142857
			14.4633928571429	-1.12589285714286
			14.4850446428571	-1.12589285714286
			14.5066964285714	-1.12589285714286
			14.5283482142857	-1.12589285714286
			14.55	-1.14754464285714
			14.5716517857143	-1.14754464285714
			14.5933035714286	-1.14754464285714
			14.6149553571429	-1.14754464285714
			14.6366071428571	-1.16919642857143
			14.6582589285714	-1.16919642857143
			14.6799107142857	-1.16919642857143
			14.6799107142857	-1.19084821428571
			14.7015625	-1.19084821428571
			14.7232142857143	-1.19084821428571
			14.7448660714286	-1.19084821428571
			14.7665178571429	-1.2125
			14.7881696428571	-1.2125
			14.8098214285714	-1.2125
			14.8314732142857	-1.23415178571429
			14.853125	-1.23415178571429
			14.853125	-1.25580357142857
			14.8747767857143	-1.25580357142857
			14.8964285714286	-1.25580357142857
			14.9180803571429	-1.27745535714286
			14.9397321428571	-1.27745535714286
			14.9397321428571	-1.29910714285714
			14.9613839285714	-1.29910714285714
			14.9830357142857	-1.29910714285714
			15.0046875	-1.32075892857143
			15.0263392857143	-1.32075892857143
			15.0263392857143	-1.34241071428571
			15.0479910714286	-1.34241071428571
			15.0696428571429	-1.3640625
			15.0912946428571	-1.3640625
			15.1129464285714	-1.38571428571429
			15.1345982142857	-1.38571428571429
			15.15625	-1.40736607142857
			15.1779017857143	-1.42901785714286
			15.1995535714286	-1.42901785714286
			15.2212053571429	-1.45066964285714
			15.2212053571429	-1.47232142857143
			15.2428571428571	-1.47232142857143
			15.2645089285714	-1.49397321428571
			15.2861607142857	-1.515625
			15.3078125	-1.515625
			15.3294642857143	-1.53727678571429
			15.3294642857143	-1.55892857142857
			15.3511160714286	-1.55892857142857
			15.3727678571429	-1.58058035714286
			15.3944196428571	-1.60223214285714
			15.4160714285714	-1.62388392857143
			15.4377232142857	-1.62388392857143
			15.459375	-1.62388392857143
			15.4810267857143	-1.64553571428571
			15.5026785714286	-1.6671875
			15.5243303571429	-1.6671875
			15.5459821428571	-1.68883928571429
			15.5676339285714	-1.68883928571429
			15.5892857142857	-1.71049107142857
			15.6109375	-1.71049107142857
			15.6325892857143	-1.73214285714286
			15.6542410714286	-1.73214285714286
			15.6758928571429	-1.75379464285714
			15.6975446428571	-1.75379464285714
			15.7191964285714	-1.77544642857143
			15.7408482142857	-1.77544642857143
			15.7408482142857	-1.79709821428571
			15.7625	-1.79709821428571
			15.7841517857143	-1.79709821428571
			15.8058035714286	-1.81875
			15.8274553571429	-1.81875
			15.8491071428571	-1.84040178571429
			15.8707589285714	-1.84040178571429
			15.8707589285714	-1.86205357142857
			15.8924107142857	-1.86205357142857
			15.9140625	-1.88370535714286
			15.9357142857143	-1.88370535714286
			15.9573660714286	-1.88370535714286
			15.9573660714286	-1.90535714285714
			15.9790178571429	-1.90535714285714
			16.0006696428571	-1.92700892857143
			16.0223214285714	-1.92700892857143
			16.0439732142857	-1.94866071428571
			16.065625	-1.94866071428571
			16.0872767857143	-1.9703125
			16.1089285714286	-1.9703125
			16.1305803571429	-1.99196428571429
			16.1522321428571	-1.99196428571429
			16.1522321428571	-2.01361607142857
			16.1738839285714	-2.01361607142857
			16.1955357142857	-2.01361607142857
			16.2171875	-2.03526785714286
			16.2388392857143	-2.05691964285714
			16.2604910714286	-2.05691964285714
			16.2821428571429	-2.07857142857143
			16.3037946428571	-2.10022321428571
			16.3254464285714	-2.10022321428571
			16.3254464285714	-2.121875
			16.3470982142857	-2.14352678571429
			16.36875	-2.14352678571429
			16.3904017857143	-2.16517857142857
			16.4120535714286	-2.18683035714286
			16.4337053571429	-2.18683035714286
			16.4553571428571	-2.20848214285714
			16.4553571428571	-2.23013392857143
			16.4770089285714	-2.23013392857143
			16.4986607142857	-2.25178571428571
			16.5203125	-2.2734375
			16.5419642857143	-2.2734375
			16.5419642857143	-2.29508928571429
			16.5636160714286	-2.31674107142857
			16.5852678571429	-2.31674107142857
			16.6069196428571	-2.33839285714286
			16.6285714285714	-2.36004464285714
			16.6502232142857	-2.38169642857143
			16.671875	-2.40334821428571
			16.6935267857143	-2.425
			16.7151785714286	-2.44665178571429
			16.7368303571429	-2.46830357142857
			16.7584821428571	-2.46830357142857
			16.7801339285714	-2.48995535714286
			16.8017857142857	-2.51160714285714
			16.8017857142857	-2.53325892857143
			16.8234375	-2.55491071428571
			16.8450892857143	-2.5765625
			16.8667410714286	-2.59821428571429
			16.8883928571429	-2.61986607142857
			16.9100446428571	-2.61986607142857
			16.9316964285714	-2.64151785714286
			16.9316964285714	-2.66316964285714
			16.9533482142857	-2.68482142857143
			16.975	-2.70647321428571
			16.9966517857143	-2.728125
			17.0183035714286	-2.74977678571429
			17.0183035714286	-2.77142857142857
			17.0399553571429	-2.79308035714286
			17.0616071428571	-2.81473214285714
			17.0832589285714	-2.83638392857143
			17.1049107142857	-2.85803571428571
			17.1049107142857	-2.8796875
			17.1265625	-2.90133928571429
			17.1482142857143	-2.92299107142857
			17.1698660714286	-2.92299107142857
			17.1698660714286	-2.94464285714286
			17.1915178571429	-2.96629464285714
			17.2131696428571	-2.98794642857143
			17.2131696428571	-3.00959821428571
			17.2348214285714	-3.03125
			17.2564732142857	-3.05290178571429
			17.278125	-3.07455357142857
			17.278125	-3.09620535714286
			17.2997767857143	-3.11785714285714
			17.3214285714286	-3.13950892857143
			17.3214285714286	-3.16116071428571
			17.3430803571429	-3.1828125
			17.3647321428571	-3.20446428571429
			17.3647321428571	-3.22611607142857
			17.3863839285714	-3.24776785714286
			17.3863839285714	-3.26941964285714
			17.4080357142857	-3.29107142857143
			17.4080357142857	-3.31272321428571
			17.4296875	-3.334375
			17.4513392857143	-3.35602678571429
			17.4513392857143	-3.37767857142857
			17.4513392857143	-3.39933035714286
			17.4729910714286	-3.42098214285714
			17.4946428571429	-3.44263392857143
			17.4946428571429	-3.46428571428571
			17.5162946428571	-3.4859375
			17.5162946428571	-3.50758928571429
			17.5379464285714	-3.52924107142857
			17.5379464285714	-3.55089285714286
			17.5595982142857	-3.57254464285714
			17.5595982142857	-3.59419642857143
			17.5595982142857	-3.61584821428571
			17.58125	-3.6375
			17.58125	-3.65915178571429
			17.6029017857143	-3.65915178571429
			17.6029017857143	-3.68080357142857
			17.6245535714286	-3.70245535714286
			17.6245535714286	-3.72410714285714
			17.6245535714286	-3.74575892857143
			17.6462053571429	-3.76741071428571
			17.6462053571429	-3.7890625
			17.6678571428571	-3.81071428571429
			17.6678571428571	-3.83236607142857
			17.6678571428571	-3.85401785714286
			17.6895089285714	-3.87566964285714
			17.6895089285714	-3.89732142857143
			17.7111607142857	-3.91897321428571
			17.7111607142857	-3.940625
			17.7111607142857	-3.96227678571429
			17.7328125	-3.98392857142857
			17.7328125	-4.00558035714286
			17.7544642857143	-4.02723214285714
			17.7544642857143	-4.04888392857143
			17.7544642857143	-4.07053571428571
			17.7761160714286	-4.0921875
			17.7761160714286	-4.11383928571429
			17.7977678571429	-4.13549107142857
			17.7977678571429	-4.15714285714286
			17.7977678571429	-4.17879464285714
			17.8194196428571	-4.20044642857143
			17.8194196428571	-4.22209821428571
			17.8194196428571	-4.24375
			17.8410714285714	-4.26540178571429
			17.8410714285714	-4.28705357142857
			17.8410714285714	-4.30870535714286
			17.8627232142857	-4.33035714285714
			17.8627232142857	-4.35200892857143
			17.8627232142857	-4.37366071428571
			17.8627232142857	-4.3953125
			17.884375	-4.41696428571429
			17.884375	-4.43861607142857
			17.884375	-4.46026785714286
			17.9060267857143	-4.48191964285714
			17.9060267857143	-4.50357142857143
			17.9060267857143	-4.52522321428571
			17.9060267857143	-4.546875
			17.9276785714286	-4.56852678571429
			17.9276785714286	-4.59017857142857
			17.9276785714286	-4.61183035714286
			17.9276785714286	-4.63348214285714
			17.9493303571429	-4.65513392857143
			17.9493303571429	-4.67678571428571
			17.9493303571429	-4.6984375
			17.9493303571429	-4.72008928571429
			17.9493303571429	-4.74174107142857
			17.9709821428571	-4.76339285714286
			17.9709821428571	-4.78504464285714
			17.9709821428571	-4.80669642857143
			17.9709821428571	-4.82834821428571
			17.9709821428571	-4.85
			17.9926339285714	-4.87165178571429
			17.9926339285714	-4.89330357142857
			17.9926339285714	-4.91495535714286
			17.9926339285714	-4.93660714285714
			17.9926339285714	-4.95825892857143
			17.9926339285714	-4.97991071428571
			17.9926339285714	-5.0015625
			17.9926339285714	-5.02321428571429
			18.0142857142857	-5.02321428571429
			18.0142857142857	-5.04486607142857
			18.0142857142857	-5.06651785714286
			18.0142857142857	-5.08816964285714
			18.0142857142857	-5.10982142857143
			18.0142857142857	-5.13147321428571
			18.0142857142857	-5.153125
			18.0142857142857	-5.17477678571429
			18.0142857142857	-5.19642857142857
			18.0142857142857	-5.21808035714286
			18.0142857142857	-5.23973214285714
			18.0142857142857	-5.26138392857143
			18.0142857142857	-5.28303571428571
			18.0142857142857	-5.3046875
			18.0142857142857	-5.32633928571429
			18.0142857142857	-5.34799107142857
			18.0142857142857	-5.36964285714286
			18.0142857142857	-5.39129464285714
			18.0142857142857	-5.41294642857143
			18.0142857142857	-5.43459821428571
			18.0142857142857	-5.45625
			17.9926339285714	-5.47790178571429
			17.9926339285714	-5.49955357142857
			17.9926339285714	-5.52120535714286
			17.9926339285714	-5.54285714285714
			17.9926339285714	-5.56450892857143
			17.9926339285714	-5.58616071428571
			17.9709821428571	-5.6078125
			17.9709821428571	-5.62946428571429
			17.9709821428571	-5.65111607142857
			17.9709821428571	-5.67276785714286
			17.9493303571429	-5.69441964285714
			17.9493303571429	-5.71607142857143
			17.9493303571429	-5.73772321428571
			17.9493303571429	-5.759375
			17.9276785714286	-5.78102678571429
			17.9276785714286	-5.80267857142857
			17.9060267857143	-5.82433035714286
			17.9060267857143	-5.84598214285714
			17.9060267857143	-5.86763392857143
			17.884375	-5.88928571428571
		</anterior>
		<posterior type=matrix rownames=FALSE colnames=FALSE nrow=194 ncol=2 as.numeric=TRUE >
			13.9004464285714	-5.88928571428571
			13.9220982142857	-5.88928571428571
			13.94375	-5.88928571428571
			13.9654017857143	-5.9109375
			13.9870535714286	-5.9109375
			14.0087053571429	-5.9109375
			14.0303571428571	-5.9109375
			14.0520089285714	-5.9109375
			14.0736607142857	-5.9109375
			14.0953125	-5.93258928571429
			14.1169642857143	-5.93258928571429
			14.1386160714286	-5.93258928571429
			14.1602678571429	-5.93258928571429
			14.1819196428571	-5.93258928571429
			14.2035714285714	-5.93258928571429
			14.2252232142857	-5.93258928571429
			14.246875	-5.93258928571429
			14.2685267857143	-5.93258928571429
			14.2901785714286	-5.93258928571429
			14.3118303571429	-5.93258928571429
			14.3334821428571	-5.93258928571429
			14.3551339285714	-5.9109375
			14.3767857142857	-5.9109375
			14.3984375	-5.9109375
			14.4200892857143	-5.9109375
			14.4417410714286	-5.9109375
			14.4633928571429	-5.9109375
			14.4850446428571	-5.9109375
			14.4850446428571	-5.88928571428571
			14.5066964285714	-5.88928571428571
			14.5283482142857	-5.88928571428571
			14.55	-5.88928571428571
			14.5716517857143	-5.88928571428571
			14.5933035714286	-5.88928571428571
			14.6149553571429	-5.86763392857143
			14.6366071428571	-5.86763392857143
			14.6582589285714	-5.86763392857143
			14.6799107142857	-5.84598214285714
			14.7015625	-5.84598214285714
			14.7232142857143	-5.82433035714286
			14.7448660714286	-5.82433035714286
			14.7665178571429	-5.82433035714286
			14.7881696428571	-5.80267857142857
			14.8098214285714	-5.80267857142857
			14.8314732142857	-5.78102678571429
			14.853125	-5.78102678571429
			14.853125	-5.759375
			14.8747767857143	-5.759375
			14.8964285714286	-5.73772321428571
			14.9180803571429	-5.73772321428571
			14.9397321428571	-5.71607142857143
			14.9613839285714	-5.71607142857143
			14.9830357142857	-5.69441964285714
			15.0046875	-5.67276785714286
			15.0263392857143	-5.67276785714286
			15.0479910714286	-5.67276785714286
			15.0696428571429	-5.65111607142857
			15.0912946428571	-5.65111607142857
			15.1129464285714	-5.65111607142857
			15.1345982142857	-5.65111607142857
			15.15625	-5.65111607142857
			15.1779017857143	-5.65111607142857
			15.1995535714286	-5.65111607142857
			15.2212053571429	-5.65111607142857
			15.2428571428571	-5.65111607142857
			15.2645089285714	-5.65111607142857
			15.2861607142857	-5.65111607142857
			15.3078125	-5.65111607142857
			15.3294642857143	-5.65111607142857
			15.3511160714286	-5.65111607142857
			15.3727678571429	-5.67276785714286
			15.3944196428571	-5.67276785714286
			15.4160714285714	-5.67276785714286
			15.4377232142857	-5.67276785714286
			15.459375	-5.67276785714286
			15.4810267857143	-5.67276785714286
			15.5026785714286	-5.67276785714286
			15.5243303571429	-5.69441964285714
			15.5459821428571	-5.69441964285714
			15.5676339285714	-5.69441964285714
			15.5892857142857	-5.69441964285714
			15.6109375	-5.69441964285714
			15.6325892857143	-5.69441964285714
			15.6325892857143	-5.71607142857143
			15.6542410714286	-5.71607142857143
			15.6758928571429	-5.71607142857143
			15.6975446428571	-5.71607142857143
			15.7191964285714	-5.73772321428571
			15.7408482142857	-5.73772321428571
			15.7625	-5.73772321428571
			15.7841517857143	-5.73772321428571
			15.7841517857143	-5.759375
			15.8058035714286	-5.759375
			15.8274553571429	-5.759375
			15.8491071428571	-5.759375
			15.8707589285714	-5.759375
			15.8924107142857	-5.78102678571429
			15.9140625	-5.78102678571429
			15.9357142857143	-5.78102678571429
			15.9573660714286	-5.78102678571429
			15.9790178571429	-5.78102678571429
			16.0006696428571	-5.78102678571429
			16.0223214285714	-5.78102678571429
			16.0439732142857	-5.80267857142857
			16.065625	-5.80267857142857
			16.0872767857143	-5.80267857142857
			16.1089285714286	-5.80267857142857
			16.1305803571429	-5.80267857142857
			16.1522321428571	-5.82433035714286
			16.1738839285714	-5.82433035714286
			16.1955357142857	-5.82433035714286
			16.2171875	-5.82433035714286
			16.2388392857143	-5.82433035714286
			16.2604910714286	-5.84598214285714
			16.2821428571429	-5.84598214285714
			16.3037946428571	-5.84598214285714
			16.3254464285714	-5.84598214285714
			16.3470982142857	-5.84598214285714
			16.36875	-5.86763392857143
			16.3904017857143	-5.86763392857143
			16.4120535714286	-5.86763392857143
			16.4337053571429	-5.86763392857143
			16.4553571428571	-5.88928571428571
			16.4770089285714	-5.88928571428571
			16.4986607142857	-5.88928571428571
			16.5203125	-5.88928571428571
			16.5203125	-5.9109375
			16.5419642857143	-5.9109375
			16.5636160714286	-5.9109375
			16.5852678571429	-5.9109375
			16.6069196428571	-5.93258928571429
			16.6285714285714	-5.93258928571429
			16.6502232142857	-5.95424107142857
			16.671875	-5.97589285714286
			16.6935267857143	-5.97589285714286
			16.7151785714286	-5.99754464285714
			16.7368303571429	-5.99754464285714
			16.7584821428571	-6.01919642857143
			16.7801339285714	-6.01919642857143
			16.8017857142857	-6.01919642857143
			16.8234375	-6.04084821428571
			16.8450892857143	-6.04084821428571
			16.8667410714286	-6.0625
			16.8883928571429	-6.0625
			16.9100446428571	-6.08415178571429
			16.9316964285714	-6.08415178571429
			16.9533482142857	-6.10580357142857
			16.975	-6.10580357142857
			16.9966517857143	-6.10580357142857
			17.0183035714286	-6.12745535714286
			17.0399553571429	-6.12745535714286
			17.0616071428571	-6.12745535714286
			17.0616071428571	-6.14910714285714
			17.0832589285714	-6.14910714285714
			17.1049107142857	-6.14910714285714
			17.1265625	-6.14910714285714
			17.1482142857143	-6.17075892857143
			17.1698660714286	-6.17075892857143
			17.1915178571429	-6.19241071428571
			17.2131696428571	-6.19241071428571
			17.2348214285714	-6.19241071428571
			17.2564732142857	-6.19241071428571
			17.2564732142857	-6.2140625
			17.278125	-6.2140625
			17.2997767857143	-6.2140625
			17.3214285714286	-6.2140625
			17.3430803571429	-6.2140625
			17.3430803571429	-6.19241071428571
			17.3647321428571	-6.19241071428571
			17.3863839285714	-6.19241071428571
			17.4080357142857	-6.17075892857143
			17.4296875	-6.17075892857143
			17.4513392857143	-6.14910714285714
			17.4729910714286	-6.14910714285714
			17.4946428571429	-6.14910714285714
			17.5162946428571	-6.12745535714286
			17.5379464285714	-6.12745535714286
			17.5595982142857	-6.10580357142857
			17.58125	-6.10580357142857
			17.6029017857143	-6.08415178571429
			17.6245535714286	-6.08415178571429
			17.6462053571429	-6.0625
			17.6678571428571	-6.04084821428571
			17.6895089285714	-6.04084821428571
			17.7111607142857	-6.01919642857143
			17.7328125	-6.01919642857143
			17.7544642857143	-5.99754464285714
			17.7761160714286	-5.97589285714286
			17.7977678571429	-5.97589285714286
			17.7977678571429	-5.95424107142857
			17.8194196428571	-5.93258928571429
			17.8410714285714	-5.9109375
			17.8627232142857	-5.9109375
			17.884375	-5.88928571428571
		</posterior>
	</curves.scaled>
	<ruler.points type=matrix rownames=TRUE colnames=FALSE nrow=2 ncol=2 as.numeric=TRUE >
		Ruler point 1	596	48
		Ruler point 2	596	272
	</ruler.points>
</shapes>

