<shapes type=list>
	<ruler.pixel type=vector names=FALSE length=1 as.numeric=TRUE >87</ruler.pixel>
	<ruler.interval type=vector names=FALSE length=1 as.numeric=TRUE >3</ruler.interval>
	<scaling.units type=vector names=FALSE length=1 as.numeric=FALSE >mm</scaling.units>
	<scaling type=vector names=FALSE length=1 as.numeric=TRUE >0.0344827586206897</scaling>
	<landmarks.pixel type=matrix rownames=TRUE colnames=FALSE nrow=15 ncol=2 as.numeric=TRUE >
		LM1	193	22
		LM2	193	27
		LM3	193	186
		LM4	193	218
		LM5	267	148
		LM6	266	183
		LM7	266	206
		LM8	266	92
		LM9	277	159
		LM10	193	22
		LM11	295	184
		LM12	329	204
		LM13	193	22
		LM14	304	125
		LM15	347	201
	</landmarks.pixel>
	<landmarks.scaled type=matrix rownames=TRUE colnames=FALSE nrow=15 ncol=2 as.numeric=TRUE >
		LM1	6.6551724137931	-0.758620689655172
		LM2	6.6551724137931	-0.931034482758621
		LM3	6.6551724137931	-6.41379310344828
		LM4	6.6551724137931	-7.51724137931034
		LM5	9.20689655172414	-5.10344827586207
		LM6	9.17241379310345	-6.31034482758621
		LM7	9.17241379310345	-7.10344827586207
		LM8	9.17241379310345	-3.17241379310345
		LM9	9.55172413793103	-5.48275862068965
		LM10	6.6551724137931	-0.758620689655172
		LM11	10.1724137931034	-6.3448275862069
		LM12	11.3448275862069	-7.03448275862069
		LM13	6.6551724137931	-0.758620689655172
		LM14	10.4827586206897	-4.31034482758621
		LM15	11.9655172413793	-6.93103448275862
	</landmarks.scaled>
	<curves.control type=list>
		<glabella type=matrix rownames=FALSE colnames=FALSE nrow=9 ncol=2 as.numeric=TRUE >
			193	27
			217	30
			230	38
			252	56
			255	74
			259	94
			261	115
			268	139
			266	206
		</glabella>
		<suture type=matrix rownames=FALSE colnames=FALSE nrow=17 ncol=2 as.numeric=TRUE >
			193	22
			211	23
			228	32
			244	41
			256	52
			262	68
			266	92
			269	106
			278	114
			286	126
			281	144
			277	152
			277	167
			281	183
			304	187
			322	194
			329	204
		</suture>
		<anterior type=matrix rownames=FALSE colnames=FALSE nrow=9 ncol=2 as.numeric=TRUE >
			193	22
			211	23
			230	27
			258	33
			280	52
			311	74
			330	100
			365	166
			347	201
		</anterior>
		<posterior type=matrix rownames=FALSE colnames=FALSE nrow=9 ncol=2 as.numeric=TRUE >
			193	218
			217	218
			258	213
			265	206
			280	209
			298	205
			321	205
			331	206
			347	201
		</posterior>
	</curves.control>
	<curves.pixel type=list>
		<glabella type=matrix rownames=FALSE colnames=FALSE nrow=210 ncol=2 as.numeric=TRUE >
			193	27
			194	27
			195	27
			196	27
			197	28
			198	28
			199	28
			200	28
			201	28
			202	28
			203	29
			204	29
			205	29
			206	29
			207	29
			208	30
			209	30
			210	30
			211	30
			212	31
			213	31
			214	31
			215	32
			216	32
			217	32
			218	32
			219	33
			220	33
			221	33
			222	34
			223	35
			224	35
			225	35
			226	36
			227	36
			228	37
			229	37
			230	38
			231	39
			232	40
			233	41
			234	41
			235	42
			235	43
			236	43
			237	44
			238	45
			239	46
			240	47
			241	48
			241	49
			242	49
			243	50
			243	51
			244	52
			245	53
			245	54
			246	54
			247	55
			247	56
			248	57
			248	58
			249	59
			250	60
			250	61
			251	62
			251	63
			252	64
			252	65
			253	66
			253	67
			254	68
			254	69
			254	70
			254	71
			255	72
			255	73
			255	74
			255	75
			255	76
			256	77
			256	78
			256	79
			256	80
			256	81
			257	82
			257	83
			257	84
			257	85
			257	86
			257	87
			258	88
			258	89
			258	90
			258	91
			258	92
			258	93
			258	94
			259	95
			259	96
			259	97
			259	98
			259	99
			259	100
			259	101
			260	102
			260	103
			260	104
			260	105
			260	106
			260	107
			260	108
			260	109
			260	110
			261	111
			261	112
			261	113
			261	114
			261	115
			261	116
			262	117
			262	118
			262	119
			262	120
			262	121
			263	122
			263	123
			263	124
			263	125
			263	126
			264	127
			264	128
			264	129
			264	130
			264	131
			264	132
			264	133
			264	134
			265	135
			265	136
			265	137
			265	138
			265	139
			265	140
			265	141
			265	142
			265	143
			265	144
			265	145
			266	146
			266	147
			266	148
			266	149
			266	150
			266	151
			266	152
			266	153
			266	154
			266	155
			266	156
			266	157
			266	158
			266	159
			266	160
			266	161
			266	162
			266	163
			266	164
			266	165
			266	166
			266	167
			266	168
			266	169
			266	170
			266	171
			266	172
			266	173
			266	174
			266	175
			266	176
			266	177
			266	178
			266	179
			266	180
			266	181
			266	182
			266	183
			266	184
			266	185
			266	186
			266	187
			266	188
			266	189
			266	190
			266	191
			266	192
			266	193
			266	194
			266	195
			266	196
			266	197
			266	198
			266	199
			266	200
			266	201
			266	202
			266	203
			266	204
			266	205
			266	206
		</glabella>
		<suture type=matrix rownames=FALSE colnames=FALSE nrow=250 ncol=2 as.numeric=TRUE >
			193	22
			194	22
			195	22
			196	22
			197	22
			198	22
			199	23
			200	23
			201	23
			202	23
			203	23
			204	23
			205	23
			205	24
			206	24
			207	24
			208	24
			209	25
			210	25
			211	25
			212	25
			213	26
			214	26
			215	26
			216	27
			217	27
			218	27
			219	28
			220	28
			221	29
			222	29
			223	29
			223	30
			224	30
			225	30
			225	31
			226	31
			227	31
			227	32
			228	32
			229	32
			229	33
			230	33
			231	34
			232	34
			233	35
			234	36
			235	36
			236	37
			237	37
			238	38
			239	39
			240	39
			241	40
			242	41
			243	42
			244	42
			245	43
			246	44
			247	44
			248	45
			249	46
			250	47
			251	48
			252	49
			253	50
			254	51
			255	51
			256	52
			256	53
			257	54
			257	55
			257	56
			258	56
			258	57
			258	58
			258	59
			259	60
			259	61
			259	62
			260	63
			260	64
			260	65
			260	66
			261	66
			261	67
			261	68
			261	69
			262	70
			262	71
			262	72
			262	73
			262	74
			263	75
			263	76
			263	77
			263	78
			264	79
			264	80
			264	81
			264	82
			264	83
			265	84
			265	85
			265	86
			265	87
			265	88
			266	89
			266	90
			266	91
			266	92
			266	93
			266	94
			267	95
			267	96
			267	97
			268	98
			268	99
			268	100
			269	100
			269	101
			269	102
			270	103
			270	104
			271	105
			271	106
			272	107
			273	108
			274	109
			274	110
			275	111
			276	112
			277	113
			278	114
			279	115
			279	116
			280	117
			280	118
			281	119
			281	120
			281	121
			282	122
			282	123
			282	124
			282	125
			283	126
			283	127
			283	128
			283	129
			283	130
			283	131
			283	132
			283	133
			283	134
			283	135
			283	136
			282	137
			282	138
			282	139
			282	140
			282	141
			281	142
			281	143
			281	144
			281	145
			280	146
			280	147
			279	148
			279	149
			279	150
			279	151
			278	151
			278	152
			278	153
			278	154
			278	155
			278	156
			278	157
			277	158
			277	159
			277	160
			277	161
			277	162
			277	163
			277	164
			277	165
			277	166
			277	167
			277	168
			277	169
			278	169
			278	170
			278	171
			279	172
			279	173
			280	174
			281	175
			282	176
			283	177
			283	178
			284	179
			285	179
			286	180
			287	181
			288	181
			289	182
			290	183
			291	183
			292	184
			293	184
			294	184
			295	185
			296	185
			297	185
			298	186
			299	186
			300	186
			301	186
			302	187
			303	187
			304	187
			305	187
			306	188
			307	188
			308	189
			309	189
			310	190
			311	190
			312	190
			313	191
			314	191
			314	192
			315	192
			316	193
			317	193
			318	194
			319	194
			319	195
			320	195
			321	196
			322	197
			323	198
			324	199
			325	199
			326	200
			326	201
			327	201
			327	202
			328	203
			329	204
		</suture>
		<anterior type=matrix rownames=FALSE colnames=FALSE nrow=252 ncol=2 as.numeric=TRUE >
			193	22
			194	22
			195	22
			196	22
			197	22
			198	22
			199	22
			200	22
			201	23
			202	23
			203	23
			204	23
			205	23
			206	23
			207	23
			208	23
			209	23
			210	24
			211	24
			212	24
			213	24
			214	24
			215	24
			216	24
			217	25
			218	25
			219	25
			220	25
			221	25
			222	25
			223	26
			224	26
			225	26
			226	26
			227	26
			228	27
			229	27
			230	27
			231	27
			232	28
			233	28
			234	28
			235	28
			236	28
			237	29
			238	29
			239	29
			240	30
			241	30
			242	30
			243	31
			244	31
			245	31
			246	32
			247	32
			248	32
			249	33
			250	33
			251	34
			252	34
			253	34
			254	35
			255	35
			256	36
			257	37
			258	37
			259	37
			259	38
			260	38
			261	38
			261	39
			262	39
			263	40
			264	40
			265	41
			266	42
			267	42
			268	43
			269	43
			269	44
			270	44
			271	45
			272	45
			272	46
			273	47
			274	47
			275	48
			276	49
			277	50
			278	51
			279	51
			280	52
			281	53
			282	54
			283	54
			284	55
			285	56
			286	56
			287	57
			288	58
			289	59
			290	60
			291	60
			292	61
			293	62
			294	63
			295	63
			296	64
			297	65
			298	66
			299	66
			299	67
			300	68
			301	69
			302	70
			303	70
			304	71
			305	72
			306	73
			307	74
			308	75
			309	76
			310	77
			311	78
			312	79
			313	80
			314	81
			315	82
			316	83
			317	84
			318	85
			319	86
			319	87
			320	88
			321	89
			322	90
			323	91
			324	92
			325	93
			325	94
			326	95
			327	96
			328	97
			328	98
			329	99
			330	100
			331	101
			331	102
			331	103
			332	104
			332	105
			333	106
			333	107
			334	107
			334	108
			335	109
			335	110
			336	111
			336	112
			336	113
			337	114
			337	115
			338	116
			339	117
			339	118
			339	119
			340	120
			340	121
			341	122
			341	123
			342	124
			342	125
			342	126
			342	127
			343	127
			343	128
			343	129
			344	130
			344	131
			345	132
			345	133
			345	134
			346	135
			346	136
			346	137
			346	138
			347	138
			347	139
			347	140
			348	141
			348	142
			348	143
			349	144
			349	145
			349	146
			349	147
			350	148
			350	149
			350	150
			350	151
			350	152
			351	153
			351	154
			351	155
			351	156
			352	157
			352	158
			352	159
			352	160
			352	161
			352	162
			352	163
			353	164
			353	165
			353	166
			353	167
			353	168
			353	169
			353	170
			353	171
			353	172
			353	173
			353	174
			353	175
			353	176
			353	177
			353	178
			353	179
			353	180
			353	181
			353	182
			353	183
			352	184
			352	185
			352	186
			352	187
			352	188
			352	189
			351	189
			351	190
			351	191
			351	192
			350	193
			350	194
			350	195
			349	195
			349	196
			349	197
			348	198
			348	199
			347	200
			347	201
		</anterior>
		<posterior type=matrix rownames=FALSE colnames=FALSE nrow=158 ncol=2 as.numeric=TRUE >
			193	218
			194	218
			195	218
			196	218
			197	218
			198	218
			199	218
			200	218
			201	218
			202	218
			203	218
			204	218
			205	218
			206	218
			207	218
			208	218
			209	218
			210	217
			211	217
			212	217
			213	217
			214	217
			215	217
			216	217
			217	217
			218	217
			219	217
			220	217
			221	217
			222	217
			223	217
			224	216
			225	216
			226	216
			227	216
			228	216
			229	216
			230	216
			231	216
			232	216
			233	216
			234	216
			235	216
			236	215
			237	215
			238	215
			239	215
			240	215
			241	215
			242	215
			243	215
			244	215
			245	214
			246	214
			247	214
			248	214
			249	214
			250	214
			251	214
			252	214
			253	214
			254	214
			254	213
			255	213
			256	213
			257	213
			258	213
			259	213
			259	212
			260	212
			260	211
			261	211
			262	210
			263	210
			264	209
			265	209
			266	209
			267	208
			268	208
			269	208
			270	208
			271	208
			272	208
			273	208
			274	208
			275	208
			276	208
			277	208
			278	209
			279	209
			280	209
			281	209
			282	209
			283	208
			284	208
			285	208
			286	208
			287	208
			288	207
			289	207
			290	207
			291	207
			292	207
			293	207
			294	207
			295	207
			296	206
			297	206
			298	206
			299	206
			300	206
			301	206
			302	206
			303	206
			304	206
			305	206
			306	205
			307	205
			308	205
			309	205
			310	205
			311	205
			312	205
			313	205
			314	205
			315	205
			316	205
			317	205
			318	205
			319	205
			320	205
			321	205
			322	205
			323	205
			324	205
			325	205
			326	205
			327	205
			328	205
			329	205
			330	205
			331	205
			332	205
			333	204
			334	204
			335	204
			336	204
			337	204
			338	203
			339	203
			340	203
			341	203
			342	202
			343	202
			344	202
			345	202
			346	201
			347	201
		</posterior>
	</curves.pixel>
	<curves.scaled type=list>
		<glabella type=matrix rownames=FALSE colnames=FALSE nrow=210 ncol=2 as.numeric=TRUE >
			6.6551724137931	-0.931034482758621
			6.68965517241379	-0.931034482758621
			6.72413793103448	-0.931034482758621
			6.75862068965517	-0.931034482758621
			6.79310344827586	-0.96551724137931
			6.82758620689655	-0.96551724137931
			6.86206896551724	-0.96551724137931
			6.89655172413793	-0.96551724137931
			6.93103448275862	-0.96551724137931
			6.96551724137931	-0.96551724137931
			7	-1
			7.03448275862069	-1
			7.06896551724138	-1
			7.10344827586207	-1
			7.13793103448276	-1
			7.17241379310345	-1.03448275862069
			7.20689655172414	-1.03448275862069
			7.24137931034483	-1.03448275862069
			7.27586206896552	-1.03448275862069
			7.31034482758621	-1.06896551724138
			7.3448275862069	-1.06896551724138
			7.37931034482759	-1.06896551724138
			7.41379310344828	-1.10344827586207
			7.44827586206897	-1.10344827586207
			7.48275862068965	-1.10344827586207
			7.51724137931034	-1.10344827586207
			7.55172413793103	-1.13793103448276
			7.58620689655172	-1.13793103448276
			7.62068965517241	-1.13793103448276
			7.6551724137931	-1.17241379310345
			7.68965517241379	-1.20689655172414
			7.72413793103448	-1.20689655172414
			7.75862068965517	-1.20689655172414
			7.79310344827586	-1.24137931034483
			7.82758620689655	-1.24137931034483
			7.86206896551724	-1.27586206896552
			7.89655172413793	-1.27586206896552
			7.93103448275862	-1.31034482758621
			7.96551724137931	-1.3448275862069
			8	-1.37931034482759
			8.03448275862069	-1.41379310344828
			8.06896551724138	-1.41379310344828
			8.10344827586207	-1.44827586206897
			8.10344827586207	-1.48275862068966
			8.13793103448276	-1.48275862068966
			8.17241379310345	-1.51724137931034
			8.20689655172414	-1.55172413793103
			8.24137931034483	-1.58620689655172
			8.27586206896552	-1.62068965517241
			8.31034482758621	-1.6551724137931
			8.31034482758621	-1.68965517241379
			8.3448275862069	-1.68965517241379
			8.37931034482759	-1.72413793103448
			8.37931034482759	-1.75862068965517
			8.41379310344828	-1.79310344827586
			8.44827586206897	-1.82758620689655
			8.44827586206897	-1.86206896551724
			8.48275862068965	-1.86206896551724
			8.51724137931035	-1.89655172413793
			8.51724137931035	-1.93103448275862
			8.55172413793103	-1.96551724137931
			8.55172413793103	-2
			8.58620689655172	-2.03448275862069
			8.62068965517241	-2.06896551724138
			8.62068965517241	-2.10344827586207
			8.6551724137931	-2.13793103448276
			8.6551724137931	-2.17241379310345
			8.68965517241379	-2.20689655172414
			8.68965517241379	-2.24137931034483
			8.72413793103448	-2.27586206896552
			8.72413793103448	-2.31034482758621
			8.75862068965517	-2.3448275862069
			8.75862068965517	-2.37931034482759
			8.75862068965517	-2.41379310344828
			8.75862068965517	-2.44827586206897
			8.79310344827586	-2.48275862068966
			8.79310344827586	-2.51724137931034
			8.79310344827586	-2.55172413793103
			8.79310344827586	-2.58620689655172
			8.79310344827586	-2.62068965517241
			8.82758620689655	-2.6551724137931
			8.82758620689655	-2.68965517241379
			8.82758620689655	-2.72413793103448
			8.82758620689655	-2.75862068965517
			8.82758620689655	-2.79310344827586
			8.86206896551724	-2.82758620689655
			8.86206896551724	-2.86206896551724
			8.86206896551724	-2.89655172413793
			8.86206896551724	-2.93103448275862
			8.86206896551724	-2.96551724137931
			8.86206896551724	-3
			8.89655172413793	-3.03448275862069
			8.89655172413793	-3.06896551724138
			8.89655172413793	-3.10344827586207
			8.89655172413793	-3.13793103448276
			8.89655172413793	-3.17241379310345
			8.89655172413793	-3.20689655172414
			8.89655172413793	-3.24137931034483
			8.93103448275862	-3.27586206896552
			8.93103448275862	-3.31034482758621
			8.93103448275862	-3.3448275862069
			8.93103448275862	-3.37931034482759
			8.93103448275862	-3.41379310344828
			8.93103448275862	-3.44827586206897
			8.93103448275862	-3.48275862068966
			8.96551724137931	-3.51724137931034
			8.96551724137931	-3.55172413793103
			8.96551724137931	-3.58620689655172
			8.96551724137931	-3.62068965517241
			8.96551724137931	-3.6551724137931
			8.96551724137931	-3.68965517241379
			8.96551724137931	-3.72413793103448
			8.96551724137931	-3.75862068965517
			8.96551724137931	-3.79310344827586
			9	-3.82758620689655
			9	-3.86206896551724
			9	-3.89655172413793
			9	-3.93103448275862
			9	-3.96551724137931
			9	-4
			9.03448275862069	-4.03448275862069
			9.03448275862069	-4.06896551724138
			9.03448275862069	-4.10344827586207
			9.03448275862069	-4.13793103448276
			9.03448275862069	-4.17241379310345
			9.06896551724138	-4.20689655172414
			9.06896551724138	-4.24137931034483
			9.06896551724138	-4.27586206896552
			9.06896551724138	-4.31034482758621
			9.06896551724138	-4.3448275862069
			9.10344827586207	-4.37931034482759
			9.10344827586207	-4.41379310344828
			9.10344827586207	-4.44827586206897
			9.10344827586207	-4.48275862068965
			9.10344827586207	-4.51724137931035
			9.10344827586207	-4.55172413793103
			9.10344827586207	-4.58620689655172
			9.10344827586207	-4.62068965517241
			9.13793103448276	-4.6551724137931
			9.13793103448276	-4.68965517241379
			9.13793103448276	-4.72413793103448
			9.13793103448276	-4.75862068965517
			9.13793103448276	-4.79310344827586
			9.13793103448276	-4.82758620689655
			9.13793103448276	-4.86206896551724
			9.13793103448276	-4.89655172413793
			9.13793103448276	-4.93103448275862
			9.13793103448276	-4.96551724137931
			9.13793103448276	-5
			9.17241379310345	-5.03448275862069
			9.17241379310345	-5.06896551724138
			9.17241379310345	-5.10344827586207
			9.17241379310345	-5.13793103448276
			9.17241379310345	-5.17241379310345
			9.17241379310345	-5.20689655172414
			9.17241379310345	-5.24137931034483
			9.17241379310345	-5.27586206896552
			9.17241379310345	-5.31034482758621
			9.17241379310345	-5.3448275862069
			9.17241379310345	-5.37931034482759
			9.17241379310345	-5.41379310344828
			9.17241379310345	-5.44827586206897
			9.17241379310345	-5.48275862068965
			9.17241379310345	-5.51724137931035
			9.17241379310345	-5.55172413793103
			9.17241379310345	-5.58620689655172
			9.17241379310345	-5.62068965517241
			9.17241379310345	-5.6551724137931
			9.17241379310345	-5.68965517241379
			9.17241379310345	-5.72413793103448
			9.17241379310345	-5.75862068965517
			9.17241379310345	-5.79310344827586
			9.17241379310345	-5.82758620689655
			9.17241379310345	-5.86206896551724
			9.17241379310345	-5.89655172413793
			9.17241379310345	-5.93103448275862
			9.17241379310345	-5.96551724137931
			9.17241379310345	-6
			9.17241379310345	-6.03448275862069
			9.17241379310345	-6.06896551724138
			9.17241379310345	-6.10344827586207
			9.17241379310345	-6.13793103448276
			9.17241379310345	-6.17241379310345
			9.17241379310345	-6.20689655172414
			9.17241379310345	-6.24137931034483
			9.17241379310345	-6.27586206896552
			9.17241379310345	-6.31034482758621
			9.17241379310345	-6.3448275862069
			9.17241379310345	-6.37931034482759
			9.17241379310345	-6.41379310344828
			9.17241379310345	-6.44827586206897
			9.17241379310345	-6.48275862068965
			9.17241379310345	-6.51724137931034
			9.17241379310345	-6.55172413793103
			9.17241379310345	-6.58620689655172
			9.17241379310345	-6.62068965517241
			9.17241379310345	-6.6551724137931
			9.17241379310345	-6.68965517241379
			9.17241379310345	-6.72413793103448
			9.17241379310345	-6.75862068965517
			9.17241379310345	-6.79310344827586
			9.17241379310345	-6.82758620689655
			9.17241379310345	-6.86206896551724
			9.17241379310345	-6.89655172413793
			9.17241379310345	-6.93103448275862
			9.17241379310345	-6.96551724137931
			9.17241379310345	-7
			9.17241379310345	-7.03448275862069
			9.17241379310345	-7.06896551724138
			9.17241379310345	-7.10344827586207
		</glabella>
		<suture type=matrix rownames=FALSE colnames=FALSE nrow=250 ncol=2 as.numeric=TRUE >
			6.6551724137931	-0.758620689655172
			6.68965517241379	-0.758620689655172
			6.72413793103448	-0.758620689655172
			6.75862068965517	-0.758620689655172
			6.79310344827586	-0.758620689655172
			6.82758620689655	-0.758620689655172
			6.86206896551724	-0.793103448275862
			6.89655172413793	-0.793103448275862
			6.93103448275862	-0.793103448275862
			6.96551724137931	-0.793103448275862
			7	-0.793103448275862
			7.03448275862069	-0.793103448275862
			7.06896551724138	-0.793103448275862
			7.06896551724138	-0.827586206896552
			7.10344827586207	-0.827586206896552
			7.13793103448276	-0.827586206896552
			7.17241379310345	-0.827586206896552
			7.20689655172414	-0.862068965517241
			7.24137931034483	-0.862068965517241
			7.27586206896552	-0.862068965517241
			7.31034482758621	-0.862068965517241
			7.3448275862069	-0.896551724137931
			7.37931034482759	-0.896551724137931
			7.41379310344828	-0.896551724137931
			7.44827586206897	-0.931034482758621
			7.48275862068965	-0.931034482758621
			7.51724137931034	-0.931034482758621
			7.55172413793103	-0.96551724137931
			7.58620689655172	-0.96551724137931
			7.62068965517241	-1
			7.6551724137931	-1
			7.68965517241379	-1
			7.68965517241379	-1.03448275862069
			7.72413793103448	-1.03448275862069
			7.75862068965517	-1.03448275862069
			7.75862068965517	-1.06896551724138
			7.79310344827586	-1.06896551724138
			7.82758620689655	-1.06896551724138
			7.82758620689655	-1.10344827586207
			7.86206896551724	-1.10344827586207
			7.89655172413793	-1.10344827586207
			7.89655172413793	-1.13793103448276
			7.93103448275862	-1.13793103448276
			7.96551724137931	-1.17241379310345
			8	-1.17241379310345
			8.03448275862069	-1.20689655172414
			8.06896551724138	-1.24137931034483
			8.10344827586207	-1.24137931034483
			8.13793103448276	-1.27586206896552
			8.17241379310345	-1.27586206896552
			8.20689655172414	-1.31034482758621
			8.24137931034483	-1.3448275862069
			8.27586206896552	-1.3448275862069
			8.31034482758621	-1.37931034482759
			8.3448275862069	-1.41379310344828
			8.37931034482759	-1.44827586206897
			8.41379310344828	-1.44827586206897
			8.44827586206897	-1.48275862068966
			8.48275862068965	-1.51724137931034
			8.51724137931035	-1.51724137931034
			8.55172413793103	-1.55172413793103
			8.58620689655172	-1.58620689655172
			8.62068965517241	-1.62068965517241
			8.6551724137931	-1.6551724137931
			8.68965517241379	-1.68965517241379
			8.72413793103448	-1.72413793103448
			8.75862068965517	-1.75862068965517
			8.79310344827586	-1.75862068965517
			8.82758620689655	-1.79310344827586
			8.82758620689655	-1.82758620689655
			8.86206896551724	-1.86206896551724
			8.86206896551724	-1.89655172413793
			8.86206896551724	-1.93103448275862
			8.89655172413793	-1.93103448275862
			8.89655172413793	-1.96551724137931
			8.89655172413793	-2
			8.89655172413793	-2.03448275862069
			8.93103448275862	-2.06896551724138
			8.93103448275862	-2.10344827586207
			8.93103448275862	-2.13793103448276
			8.96551724137931	-2.17241379310345
			8.96551724137931	-2.20689655172414
			8.96551724137931	-2.24137931034483
			8.96551724137931	-2.27586206896552
			9	-2.27586206896552
			9	-2.31034482758621
			9	-2.3448275862069
			9	-2.37931034482759
			9.03448275862069	-2.41379310344828
			9.03448275862069	-2.44827586206897
			9.03448275862069	-2.48275862068966
			9.03448275862069	-2.51724137931034
			9.03448275862069	-2.55172413793103
			9.06896551724138	-2.58620689655172
			9.06896551724138	-2.62068965517241
			9.06896551724138	-2.6551724137931
			9.06896551724138	-2.68965517241379
			9.10344827586207	-2.72413793103448
			9.10344827586207	-2.75862068965517
			9.10344827586207	-2.79310344827586
			9.10344827586207	-2.82758620689655
			9.10344827586207	-2.86206896551724
			9.13793103448276	-2.89655172413793
			9.13793103448276	-2.93103448275862
			9.13793103448276	-2.96551724137931
			9.13793103448276	-3
			9.13793103448276	-3.03448275862069
			9.17241379310345	-3.06896551724138
			9.17241379310345	-3.10344827586207
			9.17241379310345	-3.13793103448276
			9.17241379310345	-3.17241379310345
			9.17241379310345	-3.20689655172414
			9.17241379310345	-3.24137931034483
			9.20689655172414	-3.27586206896552
			9.20689655172414	-3.31034482758621
			9.20689655172414	-3.3448275862069
			9.24137931034483	-3.37931034482759
			9.24137931034483	-3.41379310344828
			9.24137931034483	-3.44827586206897
			9.27586206896552	-3.44827586206897
			9.27586206896552	-3.48275862068966
			9.27586206896552	-3.51724137931034
			9.31034482758621	-3.55172413793103
			9.31034482758621	-3.58620689655172
			9.3448275862069	-3.62068965517241
			9.3448275862069	-3.6551724137931
			9.37931034482759	-3.68965517241379
			9.41379310344828	-3.72413793103448
			9.44827586206897	-3.75862068965517
			9.44827586206897	-3.79310344827586
			9.48275862068965	-3.82758620689655
			9.51724137931035	-3.86206896551724
			9.55172413793103	-3.89655172413793
			9.58620689655172	-3.93103448275862
			9.62068965517241	-3.96551724137931
			9.62068965517241	-4
			9.6551724137931	-4.03448275862069
			9.6551724137931	-4.06896551724138
			9.68965517241379	-4.10344827586207
			9.68965517241379	-4.13793103448276
			9.68965517241379	-4.17241379310345
			9.72413793103448	-4.20689655172414
			9.72413793103448	-4.24137931034483
			9.72413793103448	-4.27586206896552
			9.72413793103448	-4.31034482758621
			9.75862068965517	-4.3448275862069
			9.75862068965517	-4.37931034482759
			9.75862068965517	-4.41379310344828
			9.75862068965517	-4.44827586206897
			9.75862068965517	-4.48275862068965
			9.75862068965517	-4.51724137931035
			9.75862068965517	-4.55172413793103
			9.75862068965517	-4.58620689655172
			9.75862068965517	-4.62068965517241
			9.75862068965517	-4.6551724137931
			9.75862068965517	-4.68965517241379
			9.72413793103448	-4.72413793103448
			9.72413793103448	-4.75862068965517
			9.72413793103448	-4.79310344827586
			9.72413793103448	-4.82758620689655
			9.72413793103448	-4.86206896551724
			9.68965517241379	-4.89655172413793
			9.68965517241379	-4.93103448275862
			9.68965517241379	-4.96551724137931
			9.68965517241379	-5
			9.6551724137931	-5.03448275862069
			9.6551724137931	-5.06896551724138
			9.62068965517241	-5.10344827586207
			9.62068965517241	-5.13793103448276
			9.62068965517241	-5.17241379310345
			9.62068965517241	-5.20689655172414
			9.58620689655172	-5.20689655172414
			9.58620689655172	-5.24137931034483
			9.58620689655172	-5.27586206896552
			9.58620689655172	-5.31034482758621
			9.58620689655172	-5.3448275862069
			9.58620689655172	-5.37931034482759
			9.58620689655172	-5.41379310344828
			9.55172413793103	-5.44827586206897
			9.55172413793103	-5.48275862068965
			9.55172413793103	-5.51724137931035
			9.55172413793103	-5.55172413793103
			9.55172413793103	-5.58620689655172
			9.55172413793103	-5.62068965517241
			9.55172413793103	-5.6551724137931
			9.55172413793103	-5.68965517241379
			9.55172413793103	-5.72413793103448
			9.55172413793103	-5.75862068965517
			9.55172413793103	-5.79310344827586
			9.55172413793103	-5.82758620689655
			9.58620689655172	-5.82758620689655
			9.58620689655172	-5.86206896551724
			9.58620689655172	-5.89655172413793
			9.62068965517241	-5.93103448275862
			9.62068965517241	-5.96551724137931
			9.6551724137931	-6
			9.68965517241379	-6.03448275862069
			9.72413793103448	-6.06896551724138
			9.75862068965517	-6.10344827586207
			9.75862068965517	-6.13793103448276
			9.79310344827586	-6.17241379310345
			9.82758620689655	-6.17241379310345
			9.86206896551724	-6.20689655172414
			9.89655172413793	-6.24137931034483
			9.93103448275862	-6.24137931034483
			9.96551724137931	-6.27586206896552
			10	-6.31034482758621
			10.0344827586207	-6.31034482758621
			10.0689655172414	-6.3448275862069
			10.1034482758621	-6.3448275862069
			10.1379310344828	-6.3448275862069
			10.1724137931034	-6.37931034482759
			10.2068965517241	-6.37931034482759
			10.2413793103448	-6.37931034482759
			10.2758620689655	-6.41379310344828
			10.3103448275862	-6.41379310344828
			10.3448275862069	-6.41379310344828
			10.3793103448276	-6.41379310344828
			10.4137931034483	-6.44827586206897
			10.448275862069	-6.44827586206897
			10.4827586206897	-6.44827586206897
			10.5172413793103	-6.44827586206897
			10.551724137931	-6.48275862068965
			10.5862068965517	-6.48275862068965
			10.6206896551724	-6.51724137931034
			10.6551724137931	-6.51724137931034
			10.6896551724138	-6.55172413793103
			10.7241379310345	-6.55172413793103
			10.7586206896552	-6.55172413793103
			10.7931034482759	-6.58620689655172
			10.8275862068966	-6.58620689655172
			10.8275862068966	-6.62068965517241
			10.8620689655172	-6.62068965517241
			10.8965517241379	-6.6551724137931
			10.9310344827586	-6.6551724137931
			10.9655172413793	-6.68965517241379
			11	-6.68965517241379
			11	-6.72413793103448
			11.0344827586207	-6.72413793103448
			11.0689655172414	-6.75862068965517
			11.1034482758621	-6.79310344827586
			11.1379310344828	-6.82758620689655
			11.1724137931034	-6.86206896551724
			11.2068965517241	-6.86206896551724
			11.2413793103448	-6.89655172413793
			11.2413793103448	-6.93103448275862
			11.2758620689655	-6.93103448275862
			11.2758620689655	-6.96551724137931
			11.3103448275862	-7
			11.3448275862069	-7.03448275862069
		</suture>
		<anterior type=matrix rownames=FALSE colnames=FALSE nrow=252 ncol=2 as.numeric=TRUE >
			6.6551724137931	-0.758620689655172
			6.68965517241379	-0.758620689655172
			6.72413793103448	-0.758620689655172
			6.75862068965517	-0.758620689655172
			6.79310344827586	-0.758620689655172
			6.82758620689655	-0.758620689655172
			6.86206896551724	-0.758620689655172
			6.89655172413793	-0.758620689655172
			6.93103448275862	-0.793103448275862
			6.96551724137931	-0.793103448275862
			7	-0.793103448275862
			7.03448275862069	-0.793103448275862
			7.06896551724138	-0.793103448275862
			7.10344827586207	-0.793103448275862
			7.13793103448276	-0.793103448275862
			7.17241379310345	-0.793103448275862
			7.20689655172414	-0.793103448275862
			7.24137931034483	-0.827586206896552
			7.27586206896552	-0.827586206896552
			7.31034482758621	-0.827586206896552
			7.3448275862069	-0.827586206896552
			7.37931034482759	-0.827586206896552
			7.41379310344828	-0.827586206896552
			7.44827586206897	-0.827586206896552
			7.48275862068965	-0.862068965517241
			7.51724137931034	-0.862068965517241
			7.55172413793103	-0.862068965517241
			7.58620689655172	-0.862068965517241
			7.62068965517241	-0.862068965517241
			7.6551724137931	-0.862068965517241
			7.68965517241379	-0.896551724137931
			7.72413793103448	-0.896551724137931
			7.75862068965517	-0.896551724137931
			7.79310344827586	-0.896551724137931
			7.82758620689655	-0.896551724137931
			7.86206896551724	-0.931034482758621
			7.89655172413793	-0.931034482758621
			7.93103448275862	-0.931034482758621
			7.96551724137931	-0.931034482758621
			8	-0.96551724137931
			8.03448275862069	-0.96551724137931
			8.06896551724138	-0.96551724137931
			8.10344827586207	-0.96551724137931
			8.13793103448276	-0.96551724137931
			8.17241379310345	-1
			8.20689655172414	-1
			8.24137931034483	-1
			8.27586206896552	-1.03448275862069
			8.31034482758621	-1.03448275862069
			8.3448275862069	-1.03448275862069
			8.37931034482759	-1.06896551724138
			8.41379310344828	-1.06896551724138
			8.44827586206897	-1.06896551724138
			8.48275862068965	-1.10344827586207
			8.51724137931035	-1.10344827586207
			8.55172413793103	-1.10344827586207
			8.58620689655172	-1.13793103448276
			8.62068965517241	-1.13793103448276
			8.6551724137931	-1.17241379310345
			8.68965517241379	-1.17241379310345
			8.72413793103448	-1.17241379310345
			8.75862068965517	-1.20689655172414
			8.79310344827586	-1.20689655172414
			8.82758620689655	-1.24137931034483
			8.86206896551724	-1.27586206896552
			8.89655172413793	-1.27586206896552
			8.93103448275862	-1.27586206896552
			8.93103448275862	-1.31034482758621
			8.96551724137931	-1.31034482758621
			9	-1.31034482758621
			9	-1.3448275862069
			9.03448275862069	-1.3448275862069
			9.06896551724138	-1.37931034482759
			9.10344827586207	-1.37931034482759
			9.13793103448276	-1.41379310344828
			9.17241379310345	-1.44827586206897
			9.20689655172414	-1.44827586206897
			9.24137931034483	-1.48275862068966
			9.27586206896552	-1.48275862068966
			9.27586206896552	-1.51724137931034
			9.31034482758621	-1.51724137931034
			9.3448275862069	-1.55172413793103
			9.37931034482759	-1.55172413793103
			9.37931034482759	-1.58620689655172
			9.41379310344828	-1.62068965517241
			9.44827586206897	-1.62068965517241
			9.48275862068965	-1.6551724137931
			9.51724137931035	-1.68965517241379
			9.55172413793103	-1.72413793103448
			9.58620689655172	-1.75862068965517
			9.62068965517241	-1.75862068965517
			9.6551724137931	-1.79310344827586
			9.68965517241379	-1.82758620689655
			9.72413793103448	-1.86206896551724
			9.75862068965517	-1.86206896551724
			9.79310344827586	-1.89655172413793
			9.82758620689655	-1.93103448275862
			9.86206896551724	-1.93103448275862
			9.89655172413793	-1.96551724137931
			9.93103448275862	-2
			9.96551724137931	-2.03448275862069
			10	-2.06896551724138
			10.0344827586207	-2.06896551724138
			10.0689655172414	-2.10344827586207
			10.1034482758621	-2.13793103448276
			10.1379310344828	-2.17241379310345
			10.1724137931034	-2.17241379310345
			10.2068965517241	-2.20689655172414
			10.2413793103448	-2.24137931034483
			10.2758620689655	-2.27586206896552
			10.3103448275862	-2.27586206896552
			10.3103448275862	-2.31034482758621
			10.3448275862069	-2.3448275862069
			10.3793103448276	-2.37931034482759
			10.4137931034483	-2.41379310344828
			10.448275862069	-2.41379310344828
			10.4827586206897	-2.44827586206897
			10.5172413793103	-2.48275862068966
			10.551724137931	-2.51724137931034
			10.5862068965517	-2.55172413793103
			10.6206896551724	-2.58620689655172
			10.6551724137931	-2.62068965517241
			10.6896551724138	-2.6551724137931
			10.7241379310345	-2.68965517241379
			10.7586206896552	-2.72413793103448
			10.7931034482759	-2.75862068965517
			10.8275862068966	-2.79310344827586
			10.8620689655172	-2.82758620689655
			10.8965517241379	-2.86206896551724
			10.9310344827586	-2.89655172413793
			10.9655172413793	-2.93103448275862
			11	-2.96551724137931
			11	-3
			11.0344827586207	-3.03448275862069
			11.0689655172414	-3.06896551724138
			11.1034482758621	-3.10344827586207
			11.1379310344828	-3.13793103448276
			11.1724137931034	-3.17241379310345
			11.2068965517241	-3.20689655172414
			11.2068965517241	-3.24137931034483
			11.2413793103448	-3.27586206896552
			11.2758620689655	-3.31034482758621
			11.3103448275862	-3.3448275862069
			11.3103448275862	-3.37931034482759
			11.3448275862069	-3.41379310344828
			11.3793103448276	-3.44827586206897
			11.4137931034483	-3.48275862068966
			11.4137931034483	-3.51724137931034
			11.4137931034483	-3.55172413793103
			11.448275862069	-3.58620689655172
			11.448275862069	-3.62068965517241
			11.4827586206897	-3.6551724137931
			11.4827586206897	-3.68965517241379
			11.5172413793103	-3.68965517241379
			11.5172413793103	-3.72413793103448
			11.551724137931	-3.75862068965517
			11.551724137931	-3.79310344827586
			11.5862068965517	-3.82758620689655
			11.5862068965517	-3.86206896551724
			11.5862068965517	-3.89655172413793
			11.6206896551724	-3.93103448275862
			11.6206896551724	-3.96551724137931
			11.6551724137931	-4
			11.6896551724138	-4.03448275862069
			11.6896551724138	-4.06896551724138
			11.6896551724138	-4.10344827586207
			11.7241379310345	-4.13793103448276
			11.7241379310345	-4.17241379310345
			11.7586206896552	-4.20689655172414
			11.7586206896552	-4.24137931034483
			11.7931034482759	-4.27586206896552
			11.7931034482759	-4.31034482758621
			11.7931034482759	-4.3448275862069
			11.7931034482759	-4.37931034482759
			11.8275862068966	-4.37931034482759
			11.8275862068966	-4.41379310344828
			11.8275862068966	-4.44827586206897
			11.8620689655172	-4.48275862068965
			11.8620689655172	-4.51724137931035
			11.8965517241379	-4.55172413793103
			11.8965517241379	-4.58620689655172
			11.8965517241379	-4.62068965517241
			11.9310344827586	-4.6551724137931
			11.9310344827586	-4.68965517241379
			11.9310344827586	-4.72413793103448
			11.9310344827586	-4.75862068965517
			11.9655172413793	-4.75862068965517
			11.9655172413793	-4.79310344827586
			11.9655172413793	-4.82758620689655
			12	-4.86206896551724
			12	-4.89655172413793
			12	-4.93103448275862
			12.0344827586207	-4.96551724137931
			12.0344827586207	-5
			12.0344827586207	-5.03448275862069
			12.0344827586207	-5.06896551724138
			12.0689655172414	-5.10344827586207
			12.0689655172414	-5.13793103448276
			12.0689655172414	-5.17241379310345
			12.0689655172414	-5.20689655172414
			12.0689655172414	-5.24137931034483
			12.1034482758621	-5.27586206896552
			12.1034482758621	-5.31034482758621
			12.1034482758621	-5.3448275862069
			12.1034482758621	-5.37931034482759
			12.1379310344828	-5.41379310344828
			12.1379310344828	-5.44827586206897
			12.1379310344828	-5.48275862068965
			12.1379310344828	-5.51724137931035
			12.1379310344828	-5.55172413793103
			12.1379310344828	-5.58620689655172
			12.1379310344828	-5.62068965517241
			12.1724137931034	-5.6551724137931
			12.1724137931034	-5.68965517241379
			12.1724137931034	-5.72413793103448
			12.1724137931034	-5.75862068965517
			12.1724137931034	-5.79310344827586
			12.1724137931034	-5.82758620689655
			12.1724137931034	-5.86206896551724
			12.1724137931034	-5.89655172413793
			12.1724137931034	-5.93103448275862
			12.1724137931034	-5.96551724137931
			12.1724137931034	-6
			12.1724137931034	-6.03448275862069
			12.1724137931034	-6.06896551724138
			12.1724137931034	-6.10344827586207
			12.1724137931034	-6.13793103448276
			12.1724137931034	-6.17241379310345
			12.1724137931034	-6.20689655172414
			12.1724137931034	-6.24137931034483
			12.1724137931034	-6.27586206896552
			12.1724137931034	-6.31034482758621
			12.1379310344828	-6.3448275862069
			12.1379310344828	-6.37931034482759
			12.1379310344828	-6.41379310344828
			12.1379310344828	-6.44827586206897
			12.1379310344828	-6.48275862068965
			12.1379310344828	-6.51724137931034
			12.1034482758621	-6.51724137931034
			12.1034482758621	-6.55172413793103
			12.1034482758621	-6.58620689655172
			12.1034482758621	-6.62068965517241
			12.0689655172414	-6.6551724137931
			12.0689655172414	-6.68965517241379
			12.0689655172414	-6.72413793103448
			12.0344827586207	-6.72413793103448
			12.0344827586207	-6.75862068965517
			12.0344827586207	-6.79310344827586
			12	-6.82758620689655
			12	-6.86206896551724
			11.9655172413793	-6.89655172413793
			11.9655172413793	-6.93103448275862
		</anterior>
		<posterior type=matrix rownames=FALSE colnames=FALSE nrow=158 ncol=2 as.numeric=TRUE >
			6.6551724137931	-7.51724137931034
			6.68965517241379	-7.51724137931034
			6.72413793103448	-7.51724137931034
			6.75862068965517	-7.51724137931034
			6.79310344827586	-7.51724137931034
			6.82758620689655	-7.51724137931034
			6.86206896551724	-7.51724137931034
			6.89655172413793	-7.51724137931034
			6.93103448275862	-7.51724137931034
			6.96551724137931	-7.51724137931034
			7	-7.51724137931034
			7.03448275862069	-7.51724137931034
			7.06896551724138	-7.51724137931034
			7.10344827586207	-7.51724137931034
			7.13793103448276	-7.51724137931034
			7.17241379310345	-7.51724137931034
			7.20689655172414	-7.51724137931034
			7.24137931034483	-7.48275862068965
			7.27586206896552	-7.48275862068965
			7.31034482758621	-7.48275862068965
			7.3448275862069	-7.48275862068965
			7.37931034482759	-7.48275862068965
			7.41379310344828	-7.48275862068965
			7.44827586206897	-7.48275862068965
			7.48275862068965	-7.48275862068965
			7.51724137931034	-7.48275862068965
			7.55172413793103	-7.48275862068965
			7.58620689655172	-7.48275862068965
			7.62068965517241	-7.48275862068965
			7.6551724137931	-7.48275862068965
			7.68965517241379	-7.48275862068965
			7.72413793103448	-7.44827586206897
			7.75862068965517	-7.44827586206897
			7.79310344827586	-7.44827586206897
			7.82758620689655	-7.44827586206897
			7.86206896551724	-7.44827586206897
			7.89655172413793	-7.44827586206897
			7.93103448275862	-7.44827586206897
			7.96551724137931	-7.44827586206897
			8	-7.44827586206897
			8.03448275862069	-7.44827586206897
			8.06896551724138	-7.44827586206897
			8.10344827586207	-7.44827586206897
			8.13793103448276	-7.41379310344828
			8.17241379310345	-7.41379310344828
			8.20689655172414	-7.41379310344828
			8.24137931034483	-7.41379310344828
			8.27586206896552	-7.41379310344828
			8.31034482758621	-7.41379310344828
			8.3448275862069	-7.41379310344828
			8.37931034482759	-7.41379310344828
			8.41379310344828	-7.41379310344828
			8.44827586206897	-7.37931034482759
			8.48275862068965	-7.37931034482759
			8.51724137931035	-7.37931034482759
			8.55172413793103	-7.37931034482759
			8.58620689655172	-7.37931034482759
			8.62068965517241	-7.37931034482759
			8.6551724137931	-7.37931034482759
			8.68965517241379	-7.37931034482759
			8.72413793103448	-7.37931034482759
			8.75862068965517	-7.37931034482759
			8.75862068965517	-7.3448275862069
			8.79310344827586	-7.3448275862069
			8.82758620689655	-7.3448275862069
			8.86206896551724	-7.3448275862069
			8.89655172413793	-7.3448275862069
			8.93103448275862	-7.3448275862069
			8.93103448275862	-7.31034482758621
			8.96551724137931	-7.31034482758621
			8.96551724137931	-7.27586206896552
			9	-7.27586206896552
			9.03448275862069	-7.24137931034483
			9.06896551724138	-7.24137931034483
			9.10344827586207	-7.20689655172414
			9.13793103448276	-7.20689655172414
			9.17241379310345	-7.20689655172414
			9.20689655172414	-7.17241379310345
			9.24137931034483	-7.17241379310345
			9.27586206896552	-7.17241379310345
			9.31034482758621	-7.17241379310345
			9.3448275862069	-7.17241379310345
			9.37931034482759	-7.17241379310345
			9.41379310344828	-7.17241379310345
			9.44827586206897	-7.17241379310345
			9.48275862068965	-7.17241379310345
			9.51724137931035	-7.17241379310345
			9.55172413793103	-7.17241379310345
			9.58620689655172	-7.20689655172414
			9.62068965517241	-7.20689655172414
			9.6551724137931	-7.20689655172414
			9.68965517241379	-7.20689655172414
			9.72413793103448	-7.20689655172414
			9.75862068965517	-7.17241379310345
			9.79310344827586	-7.17241379310345
			9.82758620689655	-7.17241379310345
			9.86206896551724	-7.17241379310345
			9.89655172413793	-7.17241379310345
			9.93103448275862	-7.13793103448276
			9.96551724137931	-7.13793103448276
			10	-7.13793103448276
			10.0344827586207	-7.13793103448276
			10.0689655172414	-7.13793103448276
			10.1034482758621	-7.13793103448276
			10.1379310344828	-7.13793103448276
			10.1724137931034	-7.13793103448276
			10.2068965517241	-7.10344827586207
			10.2413793103448	-7.10344827586207
			10.2758620689655	-7.10344827586207
			10.3103448275862	-7.10344827586207
			10.3448275862069	-7.10344827586207
			10.3793103448276	-7.10344827586207
			10.4137931034483	-7.10344827586207
			10.448275862069	-7.10344827586207
			10.4827586206897	-7.10344827586207
			10.5172413793103	-7.10344827586207
			10.551724137931	-7.06896551724138
			10.5862068965517	-7.06896551724138
			10.6206896551724	-7.06896551724138
			10.6551724137931	-7.06896551724138
			10.6896551724138	-7.06896551724138
			10.7241379310345	-7.06896551724138
			10.7586206896552	-7.06896551724138
			10.7931034482759	-7.06896551724138
			10.8275862068966	-7.06896551724138
			10.8620689655172	-7.06896551724138
			10.8965517241379	-7.06896551724138
			10.9310344827586	-7.06896551724138
			10.9655172413793	-7.06896551724138
			11	-7.06896551724138
			11.0344827586207	-7.06896551724138
			11.0689655172414	-7.06896551724138
			11.1034482758621	-7.06896551724138
			11.1379310344828	-7.06896551724138
			11.1724137931034	-7.06896551724138
			11.2068965517241	-7.06896551724138
			11.2413793103448	-7.06896551724138
			11.2758620689655	-7.06896551724138
			11.3103448275862	-7.06896551724138
			11.3448275862069	-7.06896551724138
			11.3793103448276	-7.06896551724138
			11.4137931034483	-7.06896551724138
			11.448275862069	-7.06896551724138
			11.4827586206897	-7.03448275862069
			11.5172413793103	-7.03448275862069
			11.551724137931	-7.03448275862069
			11.5862068965517	-7.03448275862069
			11.6206896551724	-7.03448275862069
			11.6551724137931	-7
			11.6896551724138	-7
			11.7241379310345	-7
			11.7586206896552	-7
			11.7931034482759	-6.96551724137931
			11.8275862068966	-6.96551724137931
			11.8620689655172	-6.96551724137931
			11.8965517241379	-6.96551724137931
			11.9310344827586	-6.93103448275862
			11.9655172413793	-6.93103448275862
		</posterior>
	</curves.scaled>
	<ruler.points type=matrix rownames=TRUE colnames=FALSE nrow=2 ncol=2 as.numeric=TRUE >
		Ruler point 1	10	29
		Ruler point 2	97	29
	</ruler.points>
</shapes>

