<shapes type=list>
	<ruler.pixel type=vector names=FALSE length=1 as.numeric=TRUE >52</ruler.pixel>
	<ruler.interval type=vector names=FALSE length=1 as.numeric=TRUE >3</ruler.interval>
	<scaling.units type=vector names=FALSE length=1 as.numeric=FALSE >mm</scaling.units>
	<scaling type=vector names=FALSE length=1 as.numeric=TRUE >0.0576923076923077</scaling>
	<landmarks.pixel type=matrix rownames=TRUE colnames=FALSE nrow=16 ncol=2 as.numeric=TRUE >
		LM1	136	8
		LM2	136	23
		LM3	136	167
		LM4	136	198
		LM5	183	144
		LM6	185	179
		LM7	188	196
		LM8	175	89
		LM9	184	173
		LM10	136	8
		LM11	204	181
		LM12	238	207
		LM13	136	8
		LM14	217	140
		LM15	271	198
		LM16	278	269
	</landmarks.pixel>
	<landmarks.scaled type=matrix rownames=TRUE colnames=FALSE nrow=16 ncol=2 as.numeric=TRUE >
		LM1	7.84615384615385	-0.461538461538462
		LM2	7.84615384615385	-1.32692307692308
		LM3	7.84615384615385	-9.63461538461539
		LM4	7.84615384615385	-11.4230769230769
		LM5	10.5576923076923	-8.30769230769231
		LM6	10.6730769230769	-10.3269230769231
		LM7	10.8461538461538	-11.3076923076923
		LM8	10.0961538461538	-5.13461538461539
		LM9	10.6153846153846	-9.98076923076923
		LM10	7.84615384615385	-0.461538461538462
		LM11	11.7692307692308	-10.4423076923077
		LM12	13.7307692307692	-11.9423076923077
		LM13	7.84615384615385	-0.461538461538462
		LM14	12.5192307692308	-8.07692307692308
		LM15	15.6346153846154	-11.4230769230769
		LM16	16.0384615384615	-15.5192307692308
	</landmarks.scaled>
	<curves.control type=list>
		<glabella type=matrix rownames=FALSE colnames=FALSE nrow=13 ncol=2 as.numeric=TRUE >
			136	23
			160	28
			180	49
			180	65
			175	85
			176	100
			174	110
			180	126
			182	139
			184	162
			181	179
			185	190
			188	196
		</glabella>
		<suture type=matrix rownames=FALSE colnames=FALSE nrow=15 ncol=2 as.numeric=TRUE >
			136	8
			158	12
			183	29
			186	39
			183	62
			180	86
			183	108
			195	123
			200	136
			202	155
			191	168
			197	181
			214	186
			225	193
			238	207
		</suture>
		<anterior type=matrix rownames=FALSE colnames=FALSE nrow=9 ncol=2 as.numeric=TRUE >
			136	8
			158	12
			183	29
			208	52
			221	73
			240	101
			260	139
			272	174
			271	198
		</anterior>
		<posterior type=matrix rownames=FALSE colnames=FALSE nrow=17 ncol=2 as.numeric=TRUE >
			136	198
			156	204
			178	200
			185	197
			193	195
			210	199
			226	204
			238	207
			250	214
			260	228
			270	249
			275	265
			278	269
			278	251
			277	234
			276	218
			271	198
		</posterior>
	</curves.control>
	<curves.pixel type=list>
		<glabella type=matrix rownames=FALSE colnames=FALSE nrow=196 ncol=2 as.numeric=TRUE >
			136	23
			137	23
			138	24
			139	24
			140	24
			141	24
			142	24
			142	25
			143	25
			144	25
			145	25
			146	26
			147	26
			148	27
			149	27
			150	28
			151	28
			152	28
			153	29
			154	29
			155	30
			156	30
			157	31
			158	31
			159	32
			160	32
			161	33
			162	34
			163	34
			164	35
			165	36
			166	37
			167	37
			168	38
			169	39
			170	40
			171	41
			172	41
			173	42
			173	43
			174	43
			175	44
			176	45
			177	46
			178	47
			179	48
			180	49
			180	50
			180	51
			180	52
			180	53
			180	54
			180	55
			180	56
			180	57
			180	58
			180	59
			179	60
			179	61
			179	62
			179	63
			179	64
			179	65
			179	66
			179	67
			178	68
			178	69
			178	70
			178	71
			178	72
			178	73
			177	74
			177	75
			177	76
			177	77
			177	78
			176	79
			176	80
			176	81
			176	82
			175	83
			175	84
			175	85
			175	86
			175	87
			175	88
			175	89
			175	90
			175	91
			175	92
			175	93
			175	94
			175	95
			175	96
			175	97
			175	98
			175	99
			175	100
			175	101
			175	102
			175	103
			175	104
			175	105
			175	106
			175	107
			174	108
			174	109
			174	110
			175	111
			175	112
			175	113
			176	114
			176	115
			176	116
			176	117
			177	118
			177	119
			177	120
			178	120
			178	121
			178	122
			178	123
			179	124
			179	125
			179	126
			179	127
			180	127
			180	128
			180	129
			180	130
			180	131
			181	132
			181	133
			181	134
			181	135
			182	136
			182	137
			182	138
			182	139
			182	140
			182	141
			182	142
			182	143
			182	144
			182	145
			183	146
			183	147
			183	148
			183	149
			183	150
			183	151
			183	152
			183	153
			183	154
			183	155
			183	156
			183	157
			183	158
			183	159
			183	160
			183	161
			183	162
			183	163
			183	164
			183	165
			183	166
			182	167
			182	168
			182	169
			182	170
			182	171
			182	172
			182	173
			182	174
			182	175
			181	176
			181	177
			181	178
			181	179
			181	180
			182	181
			182	182
			183	183
			183	184
			183	185
			184	186
			184	187
			185	188
			185	189
			185	190
			186	191
			186	192
			187	193
			187	194
			187	195
			188	196
		</glabella>
		<suture type=matrix rownames=FALSE colnames=FALSE nrow=243 ncol=2 as.numeric=TRUE >
			136	8
			137	8
			138	8
			139	9
			140	9
			141	9
			142	9
			143	10
			144	10
			145	10
			146	10
			147	11
			148	11
			149	11
			150	12
			151	12
			152	13
			153	13
			154	13
			155	14
			156	14
			157	15
			158	15
			159	15
			160	16
			161	16
			162	17
			163	17
			164	18
			165	18
			166	19
			167	19
			168	20
			169	20
			170	21
			171	21
			172	22
			173	22
			174	23
			175	24
			176	24
			177	25
			178	25
			179	26
			180	27
			181	27
			182	28
			183	29
			183	30
			183	31
			184	31
			184	32
			184	33
			184	34
			184	35
			184	36
			184	37
			184	38
			184	39
			184	40
			184	41
			184	42
			184	43
			184	44
			184	45
			184	46
			184	47
			184	48
			184	49
			184	50
			184	51
			184	52
			184	53
			184	54
			184	55
			184	56
			184	57
			183	58
			183	59
			183	60
			183	61
			183	62
			183	63
			183	64
			183	65
			183	66
			182	67
			182	68
			182	69
			182	70
			182	71
			182	72
			182	73
			182	74
			182	75
			182	76
			182	77
			182	78
			182	79
			182	80
			182	81
			182	82
			182	83
			182	84
			182	85
			182	86
			182	87
			182	88
			182	89
			182	90
			182	91
			182	92
			182	93
			182	94
			182	95
			182	96
			182	97
			182	98
			182	99
			182	100
			182	101
			182	102
			182	103
			182	104
			183	105
			183	106
			183	107
			183	108
			184	109
			185	110
			185	111
			186	112
			187	113
			188	114
			188	115
			189	116
			190	117
			190	118
			191	119
			191	120
			192	120
			192	121
			193	122
			194	123
			194	124
			195	125
			195	126
			196	126
			196	127
			196	128
			197	129
			197	130
			198	131
			198	132
			199	133
			199	134
			200	135
			200	136
			200	137
			200	138
			200	139
			200	140
			200	141
			200	142
			200	143
			200	144
			200	145
			200	146
			200	147
			200	148
			200	149
			200	150
			199	150
			199	151
			199	152
			199	153
			199	154
			198	155
			198	156
			197	157
			197	158
			197	159
			196	160
			196	161
			195	162
			195	163
			194	164
			193	165
			193	166
			192	167
			191	168
			192	169
			192	170
			193	171
			193	172
			194	173
			195	174
			195	175
			196	175
			197	176
			197	177
			198	178
			199	178
			200	179
			201	180
			202	181
			203	181
			204	182
			205	182
			206	183
			207	183
			208	184
			209	184
			210	185
			211	185
			212	185
			213	186
			214	186
			215	187
			216	187
			217	188
			218	189
			219	190
			220	190
			221	191
			222	191
			222	192
			223	193
			224	193
			225	194
			226	195
			227	196
			228	197
			229	198
			230	199
			231	200
			232	201
			233	202
			234	203
			235	204
			236	205
			237	206
			238	207
		</suture>
		<anterior type=matrix rownames=FALSE colnames=FALSE nrow=231 ncol=2 as.numeric=TRUE >
			136	8
			137	8
			138	8
			139	9
			140	9
			141	9
			142	9
			143	10
			144	10
			145	10
			146	10
			147	11
			148	11
			149	11
			150	12
			151	12
			152	12
			152	13
			153	13
			154	13
			155	14
			156	14
			157	15
			158	15
			159	15
			160	16
			161	16
			162	17
			163	17
			164	18
			165	18
			166	19
			167	19
			168	20
			169	20
			170	21
			171	21
			172	22
			173	22
			174	23
			175	24
			176	24
			177	25
			178	25
			179	26
			179	27
			180	27
			181	28
			182	28
			183	29
			184	30
			185	31
			186	32
			187	33
			188	34
			189	34
			189	35
			190	36
			191	36
			192	37
			192	38
			193	38
			193	39
			194	40
			195	40
			195	41
			196	42
			197	42
			197	43
			198	44
			199	45
			200	46
			201	47
			202	48
			202	49
			203	49
			204	50
			204	51
			205	52
			206	52
			206	53
			207	54
			208	55
			209	56
			210	57
			210	58
			211	59
			212	60
			212	61
			213	62
			214	62
			215	63
			215	64
			216	65
			216	66
			217	67
			218	68
			218	69
			219	70
			219	71
			220	71
			221	72
			221	73
			222	74
			222	75
			223	76
			224	77
			224	78
			225	79
			226	80
			226	81
			227	82
			228	83
			229	84
			229	85
			229	86
			230	86
			230	87
			231	88
			231	89
			232	90
			233	91
			233	92
			234	93
			234	94
			235	94
			235	95
			236	96
			236	97
			237	98
			237	99
			238	99
			238	100
			239	101
			239	102
			240	103
			240	104
			241	105
			242	106
			242	107
			243	108
			244	109
			244	110
			245	111
			245	112
			246	113
			247	114
			247	115
			247	116
			248	117
			249	118
			249	119
			250	120
			250	121
			251	122
			251	123
			252	124
			252	125
			253	126
			254	127
			254	128
			255	129
			255	130
			256	131
			256	132
			257	133
			257	134
			258	135
			258	136
			259	137
			259	138
			260	139
			260	140
			261	141
			261	142
			261	143
			262	144
			262	145
			262	146
			263	147
			263	148
			263	149
			264	150
			264	151
			264	152
			264	153
			265	154
			265	155
			265	156
			265	157
			266	158
			266	159
			266	160
			267	161
			267	162
			267	163
			267	164
			268	165
			268	166
			268	167
			268	168
			268	169
			269	170
			269	171
			269	172
			269	173
			269	174
			269	175
			270	176
			270	177
			270	178
			270	179
			270	180
			270	181
			270	182
			270	183
			271	184
			271	185
			271	186
			271	187
			271	188
			271	189
			271	190
			271	191
			271	192
			271	193
			271	194
			271	195
			271	196
			271	197
			271	198
		</anterior>
		<posterior type=matrix rownames=FALSE colnames=FALSE nrow=246 ncol=2 as.numeric=TRUE >
			136	198
			137	198
			138	199
			139	199
			140	199
			141	199
			142	200
			143	200
			144	200
			145	200
			146	200
			147	200
			148	201
			149	201
			150	201
			151	201
			152	201
			153	201
			154	201
			155	201
			156	201
			157	202
			158	202
			159	202
			160	202
			161	202
			162	202
			163	202
			164	202
			165	201
			166	201
			167	201
			168	201
			169	201
			170	201
			171	201
			172	201
			173	201
			174	201
			175	200
			176	200
			177	200
			178	200
			179	200
			180	199
			181	199
			182	198
			183	198
			184	198
			185	197
			186	197
			187	197
			188	196
			189	196
			190	196
			191	195
			192	195
			193	195
			194	195
			195	195
			196	196
			197	196
			198	196
			199	196
			200	197
			201	197
			202	197
			203	197
			204	198
			205	198
			206	198
			207	199
			208	199
			209	199
			210	199
			211	200
			212	200
			213	200
			214	200
			215	201
			216	201
			217	201
			218	201
			219	202
			220	202
			221	202
			222	203
			223	203
			224	203
			225	204
			226	204
			227	204
			228	205
			229	205
			230	205
			231	205
			232	206
			233	206
			234	207
			235	207
			236	207
			237	208
			238	208
			239	209
			240	209
			241	209
			242	210
			243	210
			244	211
			245	211
			246	212
			247	213
			248	213
			249	213
			249	214
			250	214
			250	215
			251	215
			251	216
			252	217
			252	218
			253	218
			254	219
			254	220
			255	221
			255	222
			256	222
			256	223
			257	224
			257	225
			258	226
			259	227
			259	228
			260	229
			260	230
			261	231
			261	232
			262	233
			262	234
			263	235
			263	236
			264	237
			265	238
			265	239
			266	240
			266	241
			267	242
			267	243
			268	244
			268	245
			269	246
			269	247
			270	248
			270	249
			270	250
			271	251
			271	252
			271	253
			272	254
			272	255
			272	256
			273	257
			273	258
			273	259
			274	260
			274	261
			275	262
			275	263
			275	264
			276	265
			276	266
			277	267
			278	268
			278	269
			278	268
			278	267
			278	266
			278	265
			278	264
			278	263
			278	262
			278	261
			278	260
			278	259
			278	258
			278	257
			278	256
			278	255
			278	254
			278	253
			278	252
			278	251
			278	250
			278	249
			278	248
			278	247
			278	246
			278	245
			277	244
			277	243
			277	242
			277	241
			277	240
			277	239
			277	238
			277	237
			277	236
			277	235
			277	234
			277	233
			277	232
			277	231
			277	230
			277	229
			277	228
			276	228
			276	227
			276	226
			276	225
			276	224
			276	223
			276	222
			276	221
			275	220
			275	219
			275	218
			275	217
			275	216
			275	215
			274	214
			274	213
			274	212
			274	211
			274	210
			273	209
			273	208
			273	207
			273	206
			273	205
			272	204
			272	203
			272	202
			272	201
			271	200
			271	199
			271	198
		</posterior>
	</curves.pixel>
	<curves.scaled type=list>
		<glabella type=matrix rownames=FALSE colnames=FALSE nrow=196 ncol=2 as.numeric=TRUE >
			7.84615384615385	-1.32692307692308
			7.90384615384615	-1.32692307692308
			7.96153846153846	-1.38461538461538
			8.01923076923077	-1.38461538461538
			8.07692307692308	-1.38461538461538
			8.13461538461539	-1.38461538461538
			8.19230769230769	-1.38461538461538
			8.19230769230769	-1.44230769230769
			8.25	-1.44230769230769
			8.30769230769231	-1.44230769230769
			8.36538461538461	-1.44230769230769
			8.42307692307692	-1.5
			8.48076923076923	-1.5
			8.53846153846154	-1.55769230769231
			8.59615384615385	-1.55769230769231
			8.65384615384616	-1.61538461538462
			8.71153846153846	-1.61538461538462
			8.76923076923077	-1.61538461538462
			8.82692307692308	-1.67307692307692
			8.88461538461539	-1.67307692307692
			8.94230769230769	-1.73076923076923
			9	-1.73076923076923
			9.05769230769231	-1.78846153846154
			9.11538461538462	-1.78846153846154
			9.17307692307692	-1.84615384615385
			9.23076923076923	-1.84615384615385
			9.28846153846154	-1.90384615384615
			9.34615384615385	-1.96153846153846
			9.40384615384616	-1.96153846153846
			9.46153846153846	-2.01923076923077
			9.51923076923077	-2.07692307692308
			9.57692307692308	-2.13461538461538
			9.63461538461539	-2.13461538461538
			9.69230769230769	-2.19230769230769
			9.75	-2.25
			9.80769230769231	-2.30769230769231
			9.86538461538462	-2.36538461538462
			9.92307692307692	-2.36538461538462
			9.98076923076923	-2.42307692307692
			9.98076923076923	-2.48076923076923
			10.0384615384615	-2.48076923076923
			10.0961538461538	-2.53846153846154
			10.1538461538462	-2.59615384615385
			10.2115384615385	-2.65384615384615
			10.2692307692308	-2.71153846153846
			10.3269230769231	-2.76923076923077
			10.3846153846154	-2.82692307692308
			10.3846153846154	-2.88461538461538
			10.3846153846154	-2.94230769230769
			10.3846153846154	-3
			10.3846153846154	-3.05769230769231
			10.3846153846154	-3.11538461538462
			10.3846153846154	-3.17307692307692
			10.3846153846154	-3.23076923076923
			10.3846153846154	-3.28846153846154
			10.3846153846154	-3.34615384615385
			10.3846153846154	-3.40384615384615
			10.3269230769231	-3.46153846153846
			10.3269230769231	-3.51923076923077
			10.3269230769231	-3.57692307692308
			10.3269230769231	-3.63461538461539
			10.3269230769231	-3.69230769230769
			10.3269230769231	-3.75
			10.3269230769231	-3.80769230769231
			10.3269230769231	-3.86538461538462
			10.2692307692308	-3.92307692307692
			10.2692307692308	-3.98076923076923
			10.2692307692308	-4.03846153846154
			10.2692307692308	-4.09615384615385
			10.2692307692308	-4.15384615384615
			10.2692307692308	-4.21153846153846
			10.2115384615385	-4.26923076923077
			10.2115384615385	-4.32692307692308
			10.2115384615385	-4.38461538461539
			10.2115384615385	-4.44230769230769
			10.2115384615385	-4.5
			10.1538461538462	-4.55769230769231
			10.1538461538462	-4.61538461538462
			10.1538461538462	-4.67307692307692
			10.1538461538462	-4.73076923076923
			10.0961538461538	-4.78846153846154
			10.0961538461538	-4.84615384615385
			10.0961538461538	-4.90384615384615
			10.0961538461538	-4.96153846153846
			10.0961538461538	-5.01923076923077
			10.0961538461538	-5.07692307692308
			10.0961538461538	-5.13461538461539
			10.0961538461538	-5.19230769230769
			10.0961538461538	-5.25
			10.0961538461538	-5.30769230769231
			10.0961538461538	-5.36538461538462
			10.0961538461538	-5.42307692307692
			10.0961538461538	-5.48076923076923
			10.0961538461538	-5.53846153846154
			10.0961538461538	-5.59615384615385
			10.0961538461538	-5.65384615384615
			10.0961538461538	-5.71153846153846
			10.0961538461538	-5.76923076923077
			10.0961538461538	-5.82692307692308
			10.0961538461538	-5.88461538461539
			10.0961538461538	-5.94230769230769
			10.0961538461538	-6
			10.0961538461538	-6.05769230769231
			10.0961538461538	-6.11538461538462
			10.0961538461538	-6.17307692307692
			10.0384615384615	-6.23076923076923
			10.0384615384615	-6.28846153846154
			10.0384615384615	-6.34615384615385
			10.0961538461538	-6.40384615384615
			10.0961538461538	-6.46153846153846
			10.0961538461538	-6.51923076923077
			10.1538461538462	-6.57692307692308
			10.1538461538462	-6.63461538461539
			10.1538461538462	-6.69230769230769
			10.1538461538462	-6.75
			10.2115384615385	-6.80769230769231
			10.2115384615385	-6.86538461538462
			10.2115384615385	-6.92307692307692
			10.2692307692308	-6.92307692307692
			10.2692307692308	-6.98076923076923
			10.2692307692308	-7.03846153846154
			10.2692307692308	-7.09615384615385
			10.3269230769231	-7.15384615384615
			10.3269230769231	-7.21153846153846
			10.3269230769231	-7.26923076923077
			10.3269230769231	-7.32692307692308
			10.3846153846154	-7.32692307692308
			10.3846153846154	-7.38461538461539
			10.3846153846154	-7.44230769230769
			10.3846153846154	-7.5
			10.3846153846154	-7.55769230769231
			10.4423076923077	-7.61538461538462
			10.4423076923077	-7.67307692307692
			10.4423076923077	-7.73076923076923
			10.4423076923077	-7.78846153846154
			10.5	-7.84615384615385
			10.5	-7.90384615384615
			10.5	-7.96153846153846
			10.5	-8.01923076923077
			10.5	-8.07692307692308
			10.5	-8.13461538461539
			10.5	-8.19230769230769
			10.5	-8.25
			10.5	-8.30769230769231
			10.5	-8.36538461538461
			10.5576923076923	-8.42307692307692
			10.5576923076923	-8.48076923076923
			10.5576923076923	-8.53846153846154
			10.5576923076923	-8.59615384615385
			10.5576923076923	-8.65384615384616
			10.5576923076923	-8.71153846153846
			10.5576923076923	-8.76923076923077
			10.5576923076923	-8.82692307692308
			10.5576923076923	-8.88461538461539
			10.5576923076923	-8.94230769230769
			10.5576923076923	-9
			10.5576923076923	-9.05769230769231
			10.5576923076923	-9.11538461538462
			10.5576923076923	-9.17307692307692
			10.5576923076923	-9.23076923076923
			10.5576923076923	-9.28846153846154
			10.5576923076923	-9.34615384615385
			10.5576923076923	-9.40384615384616
			10.5576923076923	-9.46153846153846
			10.5576923076923	-9.51923076923077
			10.5576923076923	-9.57692307692308
			10.5	-9.63461538461539
			10.5	-9.69230769230769
			10.5	-9.75
			10.5	-9.80769230769231
			10.5	-9.86538461538462
			10.5	-9.92307692307692
			10.5	-9.98076923076923
			10.5	-10.0384615384615
			10.5	-10.0961538461538
			10.4423076923077	-10.1538461538462
			10.4423076923077	-10.2115384615385
			10.4423076923077	-10.2692307692308
			10.4423076923077	-10.3269230769231
			10.4423076923077	-10.3846153846154
			10.5	-10.4423076923077
			10.5	-10.5
			10.5576923076923	-10.5576923076923
			10.5576923076923	-10.6153846153846
			10.5576923076923	-10.6730769230769
			10.6153846153846	-10.7307692307692
			10.6153846153846	-10.7884615384615
			10.6730769230769	-10.8461538461538
			10.6730769230769	-10.9038461538462
			10.6730769230769	-10.9615384615385
			10.7307692307692	-11.0192307692308
			10.7307692307692	-11.0769230769231
			10.7884615384615	-11.1346153846154
			10.7884615384615	-11.1923076923077
			10.7884615384615	-11.25
			10.8461538461538	-11.3076923076923
		</glabella>
		<suture type=matrix rownames=FALSE colnames=FALSE nrow=243 ncol=2 as.numeric=TRUE >
			7.84615384615385	-0.461538461538462
			7.90384615384615	-0.461538461538462
			7.96153846153846	-0.461538461538462
			8.01923076923077	-0.519230769230769
			8.07692307692308	-0.519230769230769
			8.13461538461539	-0.519230769230769
			8.19230769230769	-0.519230769230769
			8.25	-0.576923076923077
			8.30769230769231	-0.576923076923077
			8.36538461538461	-0.576923076923077
			8.42307692307692	-0.576923076923077
			8.48076923076923	-0.634615384615385
			8.53846153846154	-0.634615384615385
			8.59615384615385	-0.634615384615385
			8.65384615384616	-0.692307692307692
			8.71153846153846	-0.692307692307692
			8.76923076923077	-0.75
			8.82692307692308	-0.75
			8.88461538461539	-0.75
			8.94230769230769	-0.807692307692308
			9	-0.807692307692308
			9.05769230769231	-0.865384615384615
			9.11538461538462	-0.865384615384615
			9.17307692307692	-0.865384615384615
			9.23076923076923	-0.923076923076923
			9.28846153846154	-0.923076923076923
			9.34615384615385	-0.980769230769231
			9.40384615384616	-0.980769230769231
			9.46153846153846	-1.03846153846154
			9.51923076923077	-1.03846153846154
			9.57692307692308	-1.09615384615385
			9.63461538461539	-1.09615384615385
			9.69230769230769	-1.15384615384615
			9.75	-1.15384615384615
			9.80769230769231	-1.21153846153846
			9.86538461538462	-1.21153846153846
			9.92307692307692	-1.26923076923077
			9.98076923076923	-1.26923076923077
			10.0384615384615	-1.32692307692308
			10.0961538461538	-1.38461538461538
			10.1538461538462	-1.38461538461538
			10.2115384615385	-1.44230769230769
			10.2692307692308	-1.44230769230769
			10.3269230769231	-1.5
			10.3846153846154	-1.55769230769231
			10.4423076923077	-1.55769230769231
			10.5	-1.61538461538462
			10.5576923076923	-1.67307692307692
			10.5576923076923	-1.73076923076923
			10.5576923076923	-1.78846153846154
			10.6153846153846	-1.78846153846154
			10.6153846153846	-1.84615384615385
			10.6153846153846	-1.90384615384615
			10.6153846153846	-1.96153846153846
			10.6153846153846	-2.01923076923077
			10.6153846153846	-2.07692307692308
			10.6153846153846	-2.13461538461538
			10.6153846153846	-2.19230769230769
			10.6153846153846	-2.25
			10.6153846153846	-2.30769230769231
			10.6153846153846	-2.36538461538462
			10.6153846153846	-2.42307692307692
			10.6153846153846	-2.48076923076923
			10.6153846153846	-2.53846153846154
			10.6153846153846	-2.59615384615385
			10.6153846153846	-2.65384615384615
			10.6153846153846	-2.71153846153846
			10.6153846153846	-2.76923076923077
			10.6153846153846	-2.82692307692308
			10.6153846153846	-2.88461538461538
			10.6153846153846	-2.94230769230769
			10.6153846153846	-3
			10.6153846153846	-3.05769230769231
			10.6153846153846	-3.11538461538462
			10.6153846153846	-3.17307692307692
			10.6153846153846	-3.23076923076923
			10.6153846153846	-3.28846153846154
			10.5576923076923	-3.34615384615385
			10.5576923076923	-3.40384615384615
			10.5576923076923	-3.46153846153846
			10.5576923076923	-3.51923076923077
			10.5576923076923	-3.57692307692308
			10.5576923076923	-3.63461538461539
			10.5576923076923	-3.69230769230769
			10.5576923076923	-3.75
			10.5576923076923	-3.80769230769231
			10.5	-3.86538461538462
			10.5	-3.92307692307692
			10.5	-3.98076923076923
			10.5	-4.03846153846154
			10.5	-4.09615384615385
			10.5	-4.15384615384615
			10.5	-4.21153846153846
			10.5	-4.26923076923077
			10.5	-4.32692307692308
			10.5	-4.38461538461539
			10.5	-4.44230769230769
			10.5	-4.5
			10.5	-4.55769230769231
			10.5	-4.61538461538462
			10.5	-4.67307692307692
			10.5	-4.73076923076923
			10.5	-4.78846153846154
			10.5	-4.84615384615385
			10.5	-4.90384615384615
			10.5	-4.96153846153846
			10.5	-5.01923076923077
			10.5	-5.07692307692308
			10.5	-5.13461538461539
			10.5	-5.19230769230769
			10.5	-5.25
			10.5	-5.30769230769231
			10.5	-5.36538461538462
			10.5	-5.42307692307692
			10.5	-5.48076923076923
			10.5	-5.53846153846154
			10.5	-5.59615384615385
			10.5	-5.65384615384615
			10.5	-5.71153846153846
			10.5	-5.76923076923077
			10.5	-5.82692307692308
			10.5	-5.88461538461539
			10.5	-5.94230769230769
			10.5	-6
			10.5576923076923	-6.05769230769231
			10.5576923076923	-6.11538461538462
			10.5576923076923	-6.17307692307692
			10.5576923076923	-6.23076923076923
			10.6153846153846	-6.28846153846154
			10.6730769230769	-6.34615384615385
			10.6730769230769	-6.40384615384615
			10.7307692307692	-6.46153846153846
			10.7884615384615	-6.51923076923077
			10.8461538461538	-6.57692307692308
			10.8461538461538	-6.63461538461539
			10.9038461538462	-6.69230769230769
			10.9615384615385	-6.75
			10.9615384615385	-6.80769230769231
			11.0192307692308	-6.86538461538462
			11.0192307692308	-6.92307692307692
			11.0769230769231	-6.92307692307692
			11.0769230769231	-6.98076923076923
			11.1346153846154	-7.03846153846154
			11.1923076923077	-7.09615384615385
			11.1923076923077	-7.15384615384615
			11.25	-7.21153846153846
			11.25	-7.26923076923077
			11.3076923076923	-7.26923076923077
			11.3076923076923	-7.32692307692308
			11.3076923076923	-7.38461538461539
			11.3653846153846	-7.44230769230769
			11.3653846153846	-7.5
			11.4230769230769	-7.55769230769231
			11.4230769230769	-7.61538461538462
			11.4807692307692	-7.67307692307692
			11.4807692307692	-7.73076923076923
			11.5384615384615	-7.78846153846154
			11.5384615384615	-7.84615384615385
			11.5384615384615	-7.90384615384615
			11.5384615384615	-7.96153846153846
			11.5384615384615	-8.01923076923077
			11.5384615384615	-8.07692307692308
			11.5384615384615	-8.13461538461539
			11.5384615384615	-8.19230769230769
			11.5384615384615	-8.25
			11.5384615384615	-8.30769230769231
			11.5384615384615	-8.36538461538461
			11.5384615384615	-8.42307692307692
			11.5384615384615	-8.48076923076923
			11.5384615384615	-8.53846153846154
			11.5384615384615	-8.59615384615385
			11.5384615384615	-8.65384615384616
			11.4807692307692	-8.65384615384616
			11.4807692307692	-8.71153846153846
			11.4807692307692	-8.76923076923077
			11.4807692307692	-8.82692307692308
			11.4807692307692	-8.88461538461539
			11.4230769230769	-8.94230769230769
			11.4230769230769	-9
			11.3653846153846	-9.05769230769231
			11.3653846153846	-9.11538461538462
			11.3653846153846	-9.17307692307692
			11.3076923076923	-9.23076923076923
			11.3076923076923	-9.28846153846154
			11.25	-9.34615384615385
			11.25	-9.40384615384616
			11.1923076923077	-9.46153846153846
			11.1346153846154	-9.51923076923077
			11.1346153846154	-9.57692307692308
			11.0769230769231	-9.63461538461539
			11.0192307692308	-9.69230769230769
			11.0769230769231	-9.75
			11.0769230769231	-9.80769230769231
			11.1346153846154	-9.86538461538462
			11.1346153846154	-9.92307692307692
			11.1923076923077	-9.98076923076923
			11.25	-10.0384615384615
			11.25	-10.0961538461538
			11.3076923076923	-10.0961538461538
			11.3653846153846	-10.1538461538462
			11.3653846153846	-10.2115384615385
			11.4230769230769	-10.2692307692308
			11.4807692307692	-10.2692307692308
			11.5384615384615	-10.3269230769231
			11.5961538461538	-10.3846153846154
			11.6538461538462	-10.4423076923077
			11.7115384615385	-10.4423076923077
			11.7692307692308	-10.5
			11.8269230769231	-10.5
			11.8846153846154	-10.5576923076923
			11.9423076923077	-10.5576923076923
			12	-10.6153846153846
			12.0576923076923	-10.6153846153846
			12.1153846153846	-10.6730769230769
			12.1730769230769	-10.6730769230769
			12.2307692307692	-10.6730769230769
			12.2884615384615	-10.7307692307692
			12.3461538461538	-10.7307692307692
			12.4038461538462	-10.7884615384615
			12.4615384615385	-10.7884615384615
			12.5192307692308	-10.8461538461538
			12.5769230769231	-10.9038461538462
			12.6346153846154	-10.9615384615385
			12.6923076923077	-10.9615384615385
			12.75	-11.0192307692308
			12.8076923076923	-11.0192307692308
			12.8076923076923	-11.0769230769231
			12.8653846153846	-11.1346153846154
			12.9230769230769	-11.1346153846154
			12.9807692307692	-11.1923076923077
			13.0384615384615	-11.25
			13.0961538461538	-11.3076923076923
			13.1538461538462	-11.3653846153846
			13.2115384615385	-11.4230769230769
			13.2692307692308	-11.4807692307692
			13.3269230769231	-11.5384615384615
			13.3846153846154	-11.5961538461538
			13.4423076923077	-11.6538461538462
			13.5	-11.7115384615385
			13.5576923076923	-11.7692307692308
			13.6153846153846	-11.8269230769231
			13.6730769230769	-11.8846153846154
			13.7307692307692	-11.9423076923077
		</suture>
		<anterior type=matrix rownames=FALSE colnames=FALSE nrow=231 ncol=2 as.numeric=TRUE >
			7.84615384615385	-0.461538461538462
			7.90384615384615	-0.461538461538462
			7.96153846153846	-0.461538461538462
			8.01923076923077	-0.519230769230769
			8.07692307692308	-0.519230769230769
			8.13461538461539	-0.519230769230769
			8.19230769230769	-0.519230769230769
			8.25	-0.576923076923077
			8.30769230769231	-0.576923076923077
			8.36538461538461	-0.576923076923077
			8.42307692307692	-0.576923076923077
			8.48076923076923	-0.634615384615385
			8.53846153846154	-0.634615384615385
			8.59615384615385	-0.634615384615385
			8.65384615384616	-0.692307692307692
			8.71153846153846	-0.692307692307692
			8.76923076923077	-0.692307692307692
			8.76923076923077	-0.75
			8.82692307692308	-0.75
			8.88461538461539	-0.75
			8.94230769230769	-0.807692307692308
			9	-0.807692307692308
			9.05769230769231	-0.865384615384615
			9.11538461538462	-0.865384615384615
			9.17307692307692	-0.865384615384615
			9.23076923076923	-0.923076923076923
			9.28846153846154	-0.923076923076923
			9.34615384615385	-0.980769230769231
			9.40384615384616	-0.980769230769231
			9.46153846153846	-1.03846153846154
			9.51923076923077	-1.03846153846154
			9.57692307692308	-1.09615384615385
			9.63461538461539	-1.09615384615385
			9.69230769230769	-1.15384615384615
			9.75	-1.15384615384615
			9.80769230769231	-1.21153846153846
			9.86538461538462	-1.21153846153846
			9.92307692307692	-1.26923076923077
			9.98076923076923	-1.26923076923077
			10.0384615384615	-1.32692307692308
			10.0961538461538	-1.38461538461538
			10.1538461538462	-1.38461538461538
			10.2115384615385	-1.44230769230769
			10.2692307692308	-1.44230769230769
			10.3269230769231	-1.5
			10.3269230769231	-1.55769230769231
			10.3846153846154	-1.55769230769231
			10.4423076923077	-1.61538461538462
			10.5	-1.61538461538462
			10.5576923076923	-1.67307692307692
			10.6153846153846	-1.73076923076923
			10.6730769230769	-1.78846153846154
			10.7307692307692	-1.84615384615385
			10.7884615384615	-1.90384615384615
			10.8461538461538	-1.96153846153846
			10.9038461538462	-1.96153846153846
			10.9038461538462	-2.01923076923077
			10.9615384615385	-2.07692307692308
			11.0192307692308	-2.07692307692308
			11.0769230769231	-2.13461538461538
			11.0769230769231	-2.19230769230769
			11.1346153846154	-2.19230769230769
			11.1346153846154	-2.25
			11.1923076923077	-2.30769230769231
			11.25	-2.30769230769231
			11.25	-2.36538461538462
			11.3076923076923	-2.42307692307692
			11.3653846153846	-2.42307692307692
			11.3653846153846	-2.48076923076923
			11.4230769230769	-2.53846153846154
			11.4807692307692	-2.59615384615385
			11.5384615384615	-2.65384615384615
			11.5961538461538	-2.71153846153846
			11.6538461538462	-2.76923076923077
			11.6538461538462	-2.82692307692308
			11.7115384615385	-2.82692307692308
			11.7692307692308	-2.88461538461538
			11.7692307692308	-2.94230769230769
			11.8269230769231	-3
			11.8846153846154	-3
			11.8846153846154	-3.05769230769231
			11.9423076923077	-3.11538461538462
			12	-3.17307692307692
			12.0576923076923	-3.23076923076923
			12.1153846153846	-3.28846153846154
			12.1153846153846	-3.34615384615385
			12.1730769230769	-3.40384615384615
			12.2307692307692	-3.46153846153846
			12.2307692307692	-3.51923076923077
			12.2884615384615	-3.57692307692308
			12.3461538461538	-3.57692307692308
			12.4038461538462	-3.63461538461539
			12.4038461538462	-3.69230769230769
			12.4615384615385	-3.75
			12.4615384615385	-3.80769230769231
			12.5192307692308	-3.86538461538462
			12.5769230769231	-3.92307692307692
			12.5769230769231	-3.98076923076923
			12.6346153846154	-4.03846153846154
			12.6346153846154	-4.09615384615385
			12.6923076923077	-4.09615384615385
			12.75	-4.15384615384615
			12.75	-4.21153846153846
			12.8076923076923	-4.26923076923077
			12.8076923076923	-4.32692307692308
			12.8653846153846	-4.38461538461539
			12.9230769230769	-4.44230769230769
			12.9230769230769	-4.5
			12.9807692307692	-4.55769230769231
			13.0384615384615	-4.61538461538462
			13.0384615384615	-4.67307692307692
			13.0961538461538	-4.73076923076923
			13.1538461538462	-4.78846153846154
			13.2115384615385	-4.84615384615385
			13.2115384615385	-4.90384615384615
			13.2115384615385	-4.96153846153846
			13.2692307692308	-4.96153846153846
			13.2692307692308	-5.01923076923077
			13.3269230769231	-5.07692307692308
			13.3269230769231	-5.13461538461539
			13.3846153846154	-5.19230769230769
			13.4423076923077	-5.25
			13.4423076923077	-5.30769230769231
			13.5	-5.36538461538462
			13.5	-5.42307692307692
			13.5576923076923	-5.42307692307692
			13.5576923076923	-5.48076923076923
			13.6153846153846	-5.53846153846154
			13.6153846153846	-5.59615384615385
			13.6730769230769	-5.65384615384615
			13.6730769230769	-5.71153846153846
			13.7307692307692	-5.71153846153846
			13.7307692307692	-5.76923076923077
			13.7884615384615	-5.82692307692308
			13.7884615384615	-5.88461538461539
			13.8461538461538	-5.94230769230769
			13.8461538461538	-6
			13.9038461538462	-6.05769230769231
			13.9615384615385	-6.11538461538462
			13.9615384615385	-6.17307692307692
			14.0192307692308	-6.23076923076923
			14.0769230769231	-6.28846153846154
			14.0769230769231	-6.34615384615385
			14.1346153846154	-6.40384615384615
			14.1346153846154	-6.46153846153846
			14.1923076923077	-6.51923076923077
			14.25	-6.57692307692308
			14.25	-6.63461538461539
			14.25	-6.69230769230769
			14.3076923076923	-6.75
			14.3653846153846	-6.80769230769231
			14.3653846153846	-6.86538461538462
			14.4230769230769	-6.92307692307692
			14.4230769230769	-6.98076923076923
			14.4807692307692	-7.03846153846154
			14.4807692307692	-7.09615384615385
			14.5384615384615	-7.15384615384615
			14.5384615384615	-7.21153846153846
			14.5961538461538	-7.26923076923077
			14.6538461538462	-7.32692307692308
			14.6538461538462	-7.38461538461539
			14.7115384615385	-7.44230769230769
			14.7115384615385	-7.5
			14.7692307692308	-7.55769230769231
			14.7692307692308	-7.61538461538462
			14.8269230769231	-7.67307692307692
			14.8269230769231	-7.73076923076923
			14.8846153846154	-7.78846153846154
			14.8846153846154	-7.84615384615385
			14.9423076923077	-7.90384615384615
			14.9423076923077	-7.96153846153846
			15	-8.01923076923077
			15	-8.07692307692308
			15.0576923076923	-8.13461538461539
			15.0576923076923	-8.19230769230769
			15.0576923076923	-8.25
			15.1153846153846	-8.30769230769231
			15.1153846153846	-8.36538461538461
			15.1153846153846	-8.42307692307692
			15.1730769230769	-8.48076923076923
			15.1730769230769	-8.53846153846154
			15.1730769230769	-8.59615384615385
			15.2307692307692	-8.65384615384616
			15.2307692307692	-8.71153846153846
			15.2307692307692	-8.76923076923077
			15.2307692307692	-8.82692307692308
			15.2884615384615	-8.88461538461539
			15.2884615384615	-8.94230769230769
			15.2884615384615	-9
			15.2884615384615	-9.05769230769231
			15.3461538461538	-9.11538461538462
			15.3461538461538	-9.17307692307692
			15.3461538461538	-9.23076923076923
			15.4038461538462	-9.28846153846154
			15.4038461538462	-9.34615384615385
			15.4038461538462	-9.40384615384616
			15.4038461538462	-9.46153846153846
			15.4615384615385	-9.51923076923077
			15.4615384615385	-9.57692307692308
			15.4615384615385	-9.63461538461539
			15.4615384615385	-9.69230769230769
			15.4615384615385	-9.75
			15.5192307692308	-9.80769230769231
			15.5192307692308	-9.86538461538462
			15.5192307692308	-9.92307692307692
			15.5192307692308	-9.98076923076923
			15.5192307692308	-10.0384615384615
			15.5192307692308	-10.0961538461538
			15.5769230769231	-10.1538461538462
			15.5769230769231	-10.2115384615385
			15.5769230769231	-10.2692307692308
			15.5769230769231	-10.3269230769231
			15.5769230769231	-10.3846153846154
			15.5769230769231	-10.4423076923077
			15.5769230769231	-10.5
			15.5769230769231	-10.5576923076923
			15.6346153846154	-10.6153846153846
			15.6346153846154	-10.6730769230769
			15.6346153846154	-10.7307692307692
			15.6346153846154	-10.7884615384615
			15.6346153846154	-10.8461538461538
			15.6346153846154	-10.9038461538462
			15.6346153846154	-10.9615384615385
			15.6346153846154	-11.0192307692308
			15.6346153846154	-11.0769230769231
			15.6346153846154	-11.1346153846154
			15.6346153846154	-11.1923076923077
			15.6346153846154	-11.25
			15.6346153846154	-11.3076923076923
			15.6346153846154	-11.3653846153846
			15.6346153846154	-11.4230769230769
		</anterior>
		<posterior type=matrix rownames=FALSE colnames=FALSE nrow=246 ncol=2 as.numeric=TRUE >
			7.84615384615385	-11.4230769230769
			7.90384615384615	-11.4230769230769
			7.96153846153846	-11.4807692307692
			8.01923076923077	-11.4807692307692
			8.07692307692308	-11.4807692307692
			8.13461538461539	-11.4807692307692
			8.19230769230769	-11.5384615384615
			8.25	-11.5384615384615
			8.30769230769231	-11.5384615384615
			8.36538461538461	-11.5384615384615
			8.42307692307692	-11.5384615384615
			8.48076923076923	-11.5384615384615
			8.53846153846154	-11.5961538461538
			8.59615384615385	-11.5961538461538
			8.65384615384616	-11.5961538461538
			8.71153846153846	-11.5961538461538
			8.76923076923077	-11.5961538461538
			8.82692307692308	-11.5961538461538
			8.88461538461539	-11.5961538461538
			8.94230769230769	-11.5961538461538
			9	-11.5961538461538
			9.05769230769231	-11.6538461538462
			9.11538461538462	-11.6538461538462
			9.17307692307692	-11.6538461538462
			9.23076923076923	-11.6538461538462
			9.28846153846154	-11.6538461538462
			9.34615384615385	-11.6538461538462
			9.40384615384616	-11.6538461538462
			9.46153846153846	-11.6538461538462
			9.51923076923077	-11.5961538461538
			9.57692307692308	-11.5961538461538
			9.63461538461539	-11.5961538461538
			9.69230769230769	-11.5961538461538
			9.75	-11.5961538461538
			9.80769230769231	-11.5961538461538
			9.86538461538462	-11.5961538461538
			9.92307692307692	-11.5961538461538
			9.98076923076923	-11.5961538461538
			10.0384615384615	-11.5961538461538
			10.0961538461538	-11.5384615384615
			10.1538461538462	-11.5384615384615
			10.2115384615385	-11.5384615384615
			10.2692307692308	-11.5384615384615
			10.3269230769231	-11.5384615384615
			10.3846153846154	-11.4807692307692
			10.4423076923077	-11.4807692307692
			10.5	-11.4230769230769
			10.5576923076923	-11.4230769230769
			10.6153846153846	-11.4230769230769
			10.6730769230769	-11.3653846153846
			10.7307692307692	-11.3653846153846
			10.7884615384615	-11.3653846153846
			10.8461538461538	-11.3076923076923
			10.9038461538462	-11.3076923076923
			10.9615384615385	-11.3076923076923
			11.0192307692308	-11.25
			11.0769230769231	-11.25
			11.1346153846154	-11.25
			11.1923076923077	-11.25
			11.25	-11.25
			11.3076923076923	-11.3076923076923
			11.3653846153846	-11.3076923076923
			11.4230769230769	-11.3076923076923
			11.4807692307692	-11.3076923076923
			11.5384615384615	-11.3653846153846
			11.5961538461538	-11.3653846153846
			11.6538461538462	-11.3653846153846
			11.7115384615385	-11.3653846153846
			11.7692307692308	-11.4230769230769
			11.8269230769231	-11.4230769230769
			11.8846153846154	-11.4230769230769
			11.9423076923077	-11.4807692307692
			12	-11.4807692307692
			12.0576923076923	-11.4807692307692
			12.1153846153846	-11.4807692307692
			12.1730769230769	-11.5384615384615
			12.2307692307692	-11.5384615384615
			12.2884615384615	-11.5384615384615
			12.3461538461538	-11.5384615384615
			12.4038461538462	-11.5961538461538
			12.4615384615385	-11.5961538461538
			12.5192307692308	-11.5961538461538
			12.5769230769231	-11.5961538461538
			12.6346153846154	-11.6538461538462
			12.6923076923077	-11.6538461538462
			12.75	-11.6538461538462
			12.8076923076923	-11.7115384615385
			12.8653846153846	-11.7115384615385
			12.9230769230769	-11.7115384615385
			12.9807692307692	-11.7692307692308
			13.0384615384615	-11.7692307692308
			13.0961538461538	-11.7692307692308
			13.1538461538462	-11.8269230769231
			13.2115384615385	-11.8269230769231
			13.2692307692308	-11.8269230769231
			13.3269230769231	-11.8269230769231
			13.3846153846154	-11.8846153846154
			13.4423076923077	-11.8846153846154
			13.5	-11.9423076923077
			13.5576923076923	-11.9423076923077
			13.6153846153846	-11.9423076923077
			13.6730769230769	-12
			13.7307692307692	-12
			13.7884615384615	-12.0576923076923
			13.8461538461538	-12.0576923076923
			13.9038461538462	-12.0576923076923
			13.9615384615385	-12.1153846153846
			14.0192307692308	-12.1153846153846
			14.0769230769231	-12.1730769230769
			14.1346153846154	-12.1730769230769
			14.1923076923077	-12.2307692307692
			14.25	-12.2884615384615
			14.3076923076923	-12.2884615384615
			14.3653846153846	-12.2884615384615
			14.3653846153846	-12.3461538461538
			14.4230769230769	-12.3461538461538
			14.4230769230769	-12.4038461538462
			14.4807692307692	-12.4038461538462
			14.4807692307692	-12.4615384615385
			14.5384615384615	-12.5192307692308
			14.5384615384615	-12.5769230769231
			14.5961538461538	-12.5769230769231
			14.6538461538462	-12.6346153846154
			14.6538461538462	-12.6923076923077
			14.7115384615385	-12.75
			14.7115384615385	-12.8076923076923
			14.7692307692308	-12.8076923076923
			14.7692307692308	-12.8653846153846
			14.8269230769231	-12.9230769230769
			14.8269230769231	-12.9807692307692
			14.8846153846154	-13.0384615384615
			14.9423076923077	-13.0961538461538
			14.9423076923077	-13.1538461538462
			15	-13.2115384615385
			15	-13.2692307692308
			15.0576923076923	-13.3269230769231
			15.0576923076923	-13.3846153846154
			15.1153846153846	-13.4423076923077
			15.1153846153846	-13.5
			15.1730769230769	-13.5576923076923
			15.1730769230769	-13.6153846153846
			15.2307692307692	-13.6730769230769
			15.2884615384615	-13.7307692307692
			15.2884615384615	-13.7884615384615
			15.3461538461538	-13.8461538461538
			15.3461538461538	-13.9038461538462
			15.4038461538462	-13.9615384615385
			15.4038461538462	-14.0192307692308
			15.4615384615385	-14.0769230769231
			15.4615384615385	-14.1346153846154
			15.5192307692308	-14.1923076923077
			15.5192307692308	-14.25
			15.5769230769231	-14.3076923076923
			15.5769230769231	-14.3653846153846
			15.5769230769231	-14.4230769230769
			15.6346153846154	-14.4807692307692
			15.6346153846154	-14.5384615384615
			15.6346153846154	-14.5961538461538
			15.6923076923077	-14.6538461538462
			15.6923076923077	-14.7115384615385
			15.6923076923077	-14.7692307692308
			15.75	-14.8269230769231
			15.75	-14.8846153846154
			15.75	-14.9423076923077
			15.8076923076923	-15
			15.8076923076923	-15.0576923076923
			15.8653846153846	-15.1153846153846
			15.8653846153846	-15.1730769230769
			15.8653846153846	-15.2307692307692
			15.9230769230769	-15.2884615384615
			15.9230769230769	-15.3461538461538
			15.9807692307692	-15.4038461538462
			16.0384615384615	-15.4615384615385
			16.0384615384615	-15.5192307692308
			16.0384615384615	-15.4615384615385
			16.0384615384615	-15.4038461538462
			16.0384615384615	-15.3461538461538
			16.0384615384615	-15.2884615384615
			16.0384615384615	-15.2307692307692
			16.0384615384615	-15.1730769230769
			16.0384615384615	-15.1153846153846
			16.0384615384615	-15.0576923076923
			16.0384615384615	-15
			16.0384615384615	-14.9423076923077
			16.0384615384615	-14.8846153846154
			16.0384615384615	-14.8269230769231
			16.0384615384615	-14.7692307692308
			16.0384615384615	-14.7115384615385
			16.0384615384615	-14.6538461538462
			16.0384615384615	-14.5961538461538
			16.0384615384615	-14.5384615384615
			16.0384615384615	-14.4807692307692
			16.0384615384615	-14.4230769230769
			16.0384615384615	-14.3653846153846
			16.0384615384615	-14.3076923076923
			16.0384615384615	-14.25
			16.0384615384615	-14.1923076923077
			16.0384615384615	-14.1346153846154
			15.9807692307692	-14.0769230769231
			15.9807692307692	-14.0192307692308
			15.9807692307692	-13.9615384615385
			15.9807692307692	-13.9038461538462
			15.9807692307692	-13.8461538461538
			15.9807692307692	-13.7884615384615
			15.9807692307692	-13.7307692307692
			15.9807692307692	-13.6730769230769
			15.9807692307692	-13.6153846153846
			15.9807692307692	-13.5576923076923
			15.9807692307692	-13.5
			15.9807692307692	-13.4423076923077
			15.9807692307692	-13.3846153846154
			15.9807692307692	-13.3269230769231
			15.9807692307692	-13.2692307692308
			15.9807692307692	-13.2115384615385
			15.9807692307692	-13.1538461538462
			15.9230769230769	-13.1538461538462
			15.9230769230769	-13.0961538461538
			15.9230769230769	-13.0384615384615
			15.9230769230769	-12.9807692307692
			15.9230769230769	-12.9230769230769
			15.9230769230769	-12.8653846153846
			15.9230769230769	-12.8076923076923
			15.9230769230769	-12.75
			15.8653846153846	-12.6923076923077
			15.8653846153846	-12.6346153846154
			15.8653846153846	-12.5769230769231
			15.8653846153846	-12.5192307692308
			15.8653846153846	-12.4615384615385
			15.8653846153846	-12.4038461538462
			15.8076923076923	-12.3461538461538
			15.8076923076923	-12.2884615384615
			15.8076923076923	-12.2307692307692
			15.8076923076923	-12.1730769230769
			15.8076923076923	-12.1153846153846
			15.75	-12.0576923076923
			15.75	-12
			15.75	-11.9423076923077
			15.75	-11.8846153846154
			15.75	-11.8269230769231
			15.6923076923077	-11.7692307692308
			15.6923076923077	-11.7115384615385
			15.6923076923077	-11.6538461538462
			15.6923076923077	-11.5961538461538
			15.6346153846154	-11.5384615384615
			15.6346153846154	-11.4807692307692
			15.6346153846154	-11.4230769230769
		</posterior>
	</curves.scaled>
	<ruler.points type=matrix rownames=TRUE colnames=FALSE nrow=2 ncol=2 as.numeric=TRUE >
		Ruler point 1	197	28
		Ruler point 2	249	28
	</ruler.points>
</shapes>

