<shapes type=list>
	<ruler.pixel type=vector names=FALSE length=1 as.numeric=TRUE >41</ruler.pixel>
	<ruler.interval type=vector names=FALSE length=1 as.numeric=TRUE >1</ruler.interval>
	<scaling.units type=vector names=FALSE length=1 as.numeric=FALSE >mm</scaling.units>
	<scaling type=vector names=FALSE length=1 as.numeric=TRUE >0.024390243902439</scaling>
	<landmarks.pixel type=matrix rownames=TRUE colnames=FALSE nrow=16 ncol=2 as.numeric=TRUE >
		LM1	315	31
		LM2	315	38
		LM3	315	323
		LM4	315	373
		LM5	417	146
		LM6	411	329
		LM7	411	362
		LM8	437	216
		LM9	445	286
		LM10	315	31
		LM11	432	325
		LM12	494	367
		LM13	315	31
		LM14	481	251
		LM15	586	373
		LM16	582	420
	</landmarks.pixel>
	<landmarks.scaled type=matrix rownames=TRUE colnames=FALSE nrow=16 ncol=2 as.numeric=TRUE >
		LM1	7.68292682926829	-0.75609756097561
		LM2	7.68292682926829	-0.926829268292683
		LM3	7.68292682926829	-7.8780487804878
		LM4	7.68292682926829	-9.09756097560976
		LM5	10.1707317073171	-3.5609756097561
		LM6	10.0243902439024	-8.02439024390244
		LM7	10.0243902439024	-8.82926829268293
		LM8	10.6585365853659	-5.26829268292683
		LM9	10.8536585365854	-6.97560975609756
		LM10	7.68292682926829	-0.75609756097561
		LM11	10.5365853658537	-7.92682926829268
		LM12	12.0487804878049	-8.95121951219512
		LM13	7.68292682926829	-0.75609756097561
		LM14	11.7317073170732	-6.1219512195122
		LM15	14.2926829268293	-9.09756097560976
		LM16	14.1951219512195	-10.2439024390244
	</landmarks.scaled>
	<curves.control type=list>
		<glabella type=matrix rownames=FALSE colnames=FALSE nrow=15 ncol=2 as.numeric=TRUE >
			315	38
			358	40
			380	60
			406	76
			415	124
			419	146
			417	169
			415	207
			410	231
			413	253
			417	280
			418	303
			411	329
			417	345
			411	362
		</glabella>
		<suture type=matrix rownames=FALSE colnames=FALSE nrow=23 ncol=2 as.numeric=TRUE >
			315	31
			349	35
			411	57
			432	74
			443	103
			441	128
			435	157
			424	186
			432	210
			435	219
			455	223
			470	236
			468	253
			465	274
			450	283
			433	289
			429	304
			430	316
			431	325
			433	339
			456	348
			482	352
			494	367
		</suture>
		<anterior type=matrix rownames=FALSE colnames=FALSE nrow=11 ncol=2 as.numeric=TRUE >
			315	31
			349	35
			411	57
			449	83
			485	121
			520	164
			555	222
			568	261
			577	300
			583	335
			586	373
		</anterior>
		<posterior type=matrix rownames=FALSE colnames=FALSE nrow=11 ncol=2 as.numeric=TRUE >
			315	373
			362	378
			411	363
			448	370
			495	367
			554	364
			566	380
			576	399
			582	420
			587	394
			586	373
		</posterior>
	</curves.control>
	<curves.pixel type=list>
		<glabella type=matrix rownames=FALSE colnames=FALSE nrow=377 ncol=2 as.numeric=TRUE >
			315	38
			316	38
			317	38
			318	38
			319	38
			320	38
			321	38
			322	38
			323	39
			324	39
			325	39
			326	39
			327	39
			328	39
			329	39
			330	39
			331	39
			332	40
			333	40
			334	40
			335	40
			336	40
			337	40
			337	41
			338	41
			339	41
			340	41
			341	41
			342	41
			342	42
			343	42
			344	42
			345	42
			346	42
			346	43
			347	43
			348	43
			349	43
			350	44
			351	44
			352	44
			353	45
			354	45
			355	45
			356	46
			357	46
			358	47
			359	47
			360	47
			361	48
			362	48
			363	49
			364	49
			365	50
			366	50
			367	51
			368	51
			369	52
			370	53
			371	53
			372	54
			373	55
			374	55
			375	56
			376	57
			377	58
			378	58
			379	59
			380	60
			381	60
			382	61
			383	62
			384	62
			385	63
			386	64
			387	65
			387	66
			388	66
			389	67
			390	68
			391	69
			392	70
			393	71
			394	72
			394	73
			395	74
			396	75
			397	76
			397	77
			398	78
			399	79
			400	80
			400	81
			401	82
			401	83
			402	84
			402	85
			403	86
			403	87
			404	88
			404	89
			405	90
			405	91
			406	92
			406	93
			406	94
			407	95
			407	96
			408	97
			408	98
			408	99
			409	100
			409	101
			410	102
			410	103
			410	104
			410	105
			411	106
			411	107
			411	108
			411	109
			412	109
			412	110
			412	111
			412	112
			413	113
			413	114
			413	115
			413	116
			413	117
			414	117
			414	118
			414	119
			414	120
			414	121
			415	122
			415	123
			415	124
			415	125
			415	126
			416	127
			416	128
			416	129
			416	130
			416	131
			416	132
			416	133
			416	134
			417	135
			417	136
			417	137
			417	138
			417	139
			417	140
			417	141
			417	142
			417	143
			417	144
			417	145
			417	146
			418	147
			418	148
			418	149
			418	150
			418	151
			418	152
			418	153
			418	154
			418	155
			418	156
			418	157
			418	158
			418	159
			418	160
			418	161
			417	162
			417	163
			417	164
			417	165
			417	166
			417	167
			417	168
			417	169
			417	170
			417	171
			417	172
			417	173
			417	174
			417	175
			417	176
			417	177
			416	178
			416	179
			416	180
			416	181
			416	182
			416	183
			416	184
			416	185
			416	186
			416	187
			416	188
			416	189
			416	190
			415	191
			415	192
			415	193
			415	194
			415	195
			415	196
			415	197
			415	198
			415	199
			415	200
			414	201
			414	202
			414	203
			414	204
			414	205
			414	206
			414	207
			414	208
			414	209
			413	210
			413	211
			413	212
			413	213
			413	214
			413	215
			413	216
			413	217
			412	218
			412	219
			412	220
			412	221
			412	222
			411	223
			411	224
			411	225
			411	226
			411	227
			411	228
			410	229
			410	230
			410	231
			410	232
			410	233
			410	234
			410	235
			411	236
			411	237
			411	238
			411	239
			411	240
			411	241
			411	242
			412	242
			412	243
			412	244
			412	245
			412	246
			412	247
			412	248
			412	249
			413	250
			413	251
			413	252
			413	253
			413	254
			413	255
			414	256
			414	257
			414	258
			414	259
			414	260
			414	261
			414	262
			415	263
			415	264
			415	265
			415	266
			415	267
			415	268
			415	269
			416	270
			416	271
			416	272
			416	273
			416	274
			416	275
			416	276
			417	277
			417	278
			417	279
			417	280
			417	281
			417	282
			417	283
			417	284
			417	285
			417	286
			417	287
			417	288
			417	289
			417	290
			417	291
			417	292
			417	293
			417	294
			417	295
			417	296
			417	297
			417	298
			416	299
			416	300
			416	301
			416	302
			416	303
			416	304
			416	305
			416	306
			416	307
			415	308
			415	309
			415	310
			415	311
			415	312
			415	313
			414	314
			414	315
			414	316
			414	317
			414	318
			413	319
			413	320
			413	321
			413	322
			413	323
			412	324
			412	325
			412	326
			411	327
			411	328
			411	329
			411	330
			412	331
			412	332
			412	333
			413	334
			413	335
			413	336
			413	337
			413	338
			414	339
			414	340
			414	341
			414	342
			414	343
			414	344
			414	345
			414	346
			414	347
			414	348
			414	349
			414	350
			414	351
			414	352
			413	353
			413	354
			413	355
			413	356
			413	357
			412	358
			412	359
			412	360
			411	361
			411	362
		</glabella>
		<suture type=matrix rownames=FALSE colnames=FALSE nrow=471 ncol=2 as.numeric=TRUE >
			315	31
			316	31
			317	31
			318	31
			319	31
			320	32
			321	32
			322	32
			323	32
			324	32
			325	32
			326	33
			327	33
			328	33
			329	33
			330	33
			331	34
			332	34
			333	34
			334	34
			335	34
			336	35
			337	35
			338	35
			339	35
			340	36
			341	36
			342	36
			343	36
			344	37
			345	37
			346	37
			347	37
			348	37
			349	38
			350	38
			351	38
			352	38
			353	39
			354	39
			355	39
			356	40
			357	40
			358	40
			359	40
			360	41
			361	41
			362	41
			363	41
			364	42
			365	42
			366	42
			367	43
			368	43
			369	43
			370	44
			371	44
			372	44
			373	44
			374	45
			375	45
			376	45
			377	46
			378	46
			379	46
			380	47
			381	47
			382	47
			383	48
			384	48
			385	48
			386	49
			387	49
			388	49
			389	50
			390	50
			391	50
			392	50
			393	51
			394	51
			395	51
			396	52
			397	52
			398	53
			399	53
			400	53
			401	54
			402	54
			403	54
			404	55
			405	55
			406	55
			407	56
			408	56
			409	56
			410	57
			411	57
			412	58
			413	58
			414	59
			414	60
			415	61
			416	61
			417	62
			418	63
			418	64
			419	65
			420	65
			421	66
			422	67
			422	68
			423	69
			424	70
			425	70
			425	71
			426	72
			427	73
			427	74
			428	75
			429	76
			429	77
			430	78
			431	79
			431	80
			432	81
			433	82
			433	83
			434	84
			434	85
			435	86
			436	87
			436	88
			437	89
			437	90
			438	91
			438	92
			439	93
			439	94
			440	95
			440	96
			441	97
			441	98
			441	99
			442	100
			442	101
			443	102
			443	103
			443	104
			443	105
			443	106
			443	107
			443	108
			443	109
			442	110
			442	111
			442	112
			442	113
			442	114
			442	115
			442	116
			442	117
			441	118
			441	119
			441	120
			441	121
			441	122
			441	123
			441	124
			441	125
			440	126
			440	127
			440	128
			440	129
			440	130
			440	131
			440	132
			439	133
			439	134
			439	135
			439	136
			439	137
			439	138
			438	139
			438	140
			438	141
			438	142
			438	143
			437	144
			437	145
			437	146
			437	147
			437	148
			437	149
			436	150
			436	151
			436	152
			436	153
			436	154
			435	155
			435	156
			435	157
			435	158
			434	159
			434	160
			434	161
			433	161
			433	162
			433	163
			433	164
			432	165
			432	166
			432	167
			432	168
			431	169
			431	170
			431	171
			430	172
			430	173
			430	174
			430	175
			430	176
			430	177
			429	178
			429	179
			429	180
			429	181
			429	182
			429	183
			429	184
			429	185
			429	186
			429	187
			429	188
			429	189
			429	190
			429	191
			429	192
			429	193
			429	194
			429	195
			429	196
			429	197
			429	198
			429	199
			430	200
			430	201
			430	202
			430	203
			430	204
			431	205
			431	206
			431	207
			431	208
			432	209
			432	210
			432	211
			433	211
			433	212
			433	213
			434	213
			434	214
			435	215
			436	215
			436	216
			437	216
			438	217
			439	217
			440	218
			441	219
			442	219
			443	219
			444	220
			445	220
			446	221
			447	221
			448	221
			449	222
			450	222
			451	222
			452	222
			453	223
			454	223
			455	223
			456	224
			457	225
			458	226
			459	226
			460	227
			460	228
			461	229
			462	230
			463	231
			463	232
			464	233
			464	234
			465	235
			465	236
			466	237
			466	238
			467	239
			467	240
			467	241
			467	242
			468	242
			468	243
			468	244
			468	245
			468	246
			468	247
			468	248
			468	249
			468	250
			468	251
			468	252
			468	253
			468	254
			468	255
			468	256
			467	256
			467	257
			467	258
			467	259
			466	260
			466	261
			466	262
			466	263
			465	264
			465	265
			464	266
			464	267
			464	268
			463	269
			463	270
			462	271
			461	272
			461	273
			460	274
			459	275
			458	276
			457	277
			456	278
			455	279
			455	280
			454	281
			453	281
			452	282
			451	282
			451	283
			450	283
			449	283
			448	284
			447	284
			446	285
			445	285
			444	286
			443	286
			442	287
			441	287
			440	288
			439	289
			438	290
			437	291
			436	291
			435	292
			435	293
			434	294
			433	295
			433	296
			432	297
			431	298
			431	299
			431	300
			430	301
			430	302
			429	303
			429	304
			429	305
			429	306
			429	307
			429	308
			429	309
			430	310
			430	311
			430	312
			430	313
			430	314
			430	315
			430	316
			430	317
			430	318
			430	319
			430	320
			431	321
			431	322
			431	323
			431	324
			431	325
			431	326
			431	327
			432	328
			432	329
			432	330
			433	331
			433	332
			434	332
			434	333
			435	334
			436	335
			436	336
			437	337
			438	337
			439	338
			439	339
			440	340
			441	340
			442	341
			443	342
			444	342
			445	343
			446	343
			447	344
			448	344
			449	345
			450	345
			451	346
			452	346
			453	347
			454	347
			455	348
			456	348
			457	348
			458	348
			459	348
			459	349
			460	349
			461	349
			462	349
			463	349
			464	350
			465	350
			466	350
			467	350
			468	351
			469	351
			470	351
			471	352
			472	352
			473	352
			474	353
			475	353
			476	354
			477	354
			478	355
			479	355
			480	356
			481	356
			482	357
			483	357
			483	358
			484	358
			485	359
			486	359
			487	360
			488	361
			489	362
			490	363
			491	363
			492	364
			492	365
			493	366
			494	367
		</suture>
		<anterior type=matrix rownames=FALSE colnames=FALSE nrow=438 ncol=2 as.numeric=TRUE >
			315	31
			316	31
			317	31
			318	31
			319	32
			320	32
			321	32
			322	32
			323	32
			324	32
			325	32
			325	33
			326	33
			327	33
			328	33
			329	33
			330	33
			331	34
			332	34
			333	34
			334	34
			335	34
			336	35
			337	35
			338	35
			339	35
			340	35
			341	36
			342	36
			343	36
			344	36
			345	37
			346	37
			347	37
			348	37
			349	38
			350	38
			351	38
			352	38
			353	39
			354	39
			355	39
			356	40
			357	40
			358	40
			359	40
			360	41
			361	41
			362	41
			363	41
			364	42
			365	42
			366	42
			367	43
			368	43
			369	43
			370	44
			371	44
			372	44
			373	44
			374	45
			375	45
			376	45
			377	46
			378	46
			379	46
			380	47
			381	47
			382	47
			383	48
			384	48
			385	48
			386	49
			387	49
			388	49
			389	49
			390	50
			391	50
			392	50
			393	51
			394	51
			395	52
			396	52
			397	52
			398	52
			399	53
			400	53
			401	53
			402	54
			403	54
			404	55
			405	55
			406	55
			407	56
			408	56
			409	56
			410	57
			411	57
			412	57
			412	58
			413	58
			413	59
			414	59
			415	60
			416	60
			417	61
			418	62
			419	63
			420	63
			421	64
			422	65
			423	66
			424	67
			425	67
			426	68
			427	69
			428	69
			429	70
			430	71
			431	71
			431	72
			432	73
			433	73
			434	74
			435	75
			436	75
			437	76
			438	77
			438	78
			439	78
			440	79
			441	80
			442	80
			443	81
			444	82
			445	83
			446	84
			447	85
			448	86
			449	87
			450	88
			451	89
			452	89
			453	90
			454	91
			455	92
			456	93
			457	94
			458	94
			459	95
			459	96
			460	96
			461	97
			462	98
			462	99
			463	99
			464	100
			465	101
			466	102
			467	103
			468	104
			469	105
			470	105
			471	106
			471	107
			472	108
			473	109
			474	110
			475	111
			476	112
			477	112
			478	113
			478	114
			479	115
			480	116
			481	117
			482	118
			483	119
			484	120
			485	121
			485	122
			486	123
			487	124
			488	125
			489	126
			490	127
			491	128
			491	129
			492	130
			493	131
			494	132
			495	133
			496	134
			496	135
			497	136
			498	137
			499	138
			499	139
			500	140
			501	141
			501	142
			502	143
			503	144
			504	145
			505	146
			505	147
			506	148
			507	149
			507	150
			508	151
			509	152
			510	153
			510	154
			511	155
			512	156
			513	157
			513	158
			514	159
			515	160
			516	161
			516	162
			517	163
			517	164
			518	165
			519	166
			520	167
			520	168
			521	169
			521	170
			522	170
			522	171
			523	172
			523	173
			524	173
			524	174
			525	175
			525	176
			526	177
			527	177
			527	178
			528	179
			528	180
			529	180
			529	181
			530	182
			530	183
			531	184
			532	185
			532	186
			533	187
			534	188
			534	189
			535	190
			536	191
			536	192
			537	193
			538	194
			538	195
			539	196
			539	197
			540	198
			541	199
			541	200
			542	201
			543	202
			543	203
			544	204
			545	205
			545	206
			546	207
			546	208
			547	209
			548	210
			548	211
			549	212
			550	213
			550	214
			551	215
			552	216
			552	217
			553	218
			553	219
			554	220
			555	221
			555	222
			555	223
			556	224
			556	225
			556	226
			557	227
			557	228
			557	229
			558	230
			558	231
			558	232
			559	233
			559	234
			559	235
			560	236
			560	237
			560	238
			561	239
			561	240
			561	241
			561	242
			562	242
			562	243
			562	244
			562	245
			563	246
			563	247
			563	248
			564	249
			564	250
			564	251
			564	252
			565	253
			565	254
			565	255
			565	256
			566	257
			566	258
			567	259
			567	260
			567	261
			567	262
			568	263
			568	264
			568	265
			568	266
			569	267
			569	268
			569	269
			570	270
			570	271
			570	272
			570	273
			570	274
			571	275
			571	276
			571	277
			572	278
			572	279
			572	280
			572	281
			573	282
			573	283
			573	284
			573	285
			574	286
			574	287
			574	288
			574	289
			575	290
			575	291
			575	292
			575	293
			576	294
			576	295
			576	296
			576	297
			577	298
			577	299
			577	300
			577	301
			577	302
			578	303
			578	304
			578	305
			578	306
			578	307
			578	308
			578	309
			579	310
			579	311
			579	312
			579	313
			579	314
			579	315
			580	316
			580	317
			580	318
			580	319
			580	320
			580	321
			580	322
			581	323
			581	324
			581	325
			581	326
			581	327
			581	328
			581	329
			582	330
			582	331
			582	332
			582	333
			582	334
			582	335
			582	336
			582	337
			582	338
			583	338
			583	339
			583	340
			583	341
			583	342
			583	343
			583	344
			583	345
			583	346
			584	347
			584	348
			584	349
			584	350
			584	351
			584	352
			584	353
			584	354
			584	355
			584	356
			585	357
			585	358
			585	359
			585	360
			585	361
			585	362
			585	363
			585	364
			585	365
			585	366
			585	367
			586	368
			586	369
			586	370
			586	371
			586	372
			586	373
		</anterior>
		<posterior type=matrix rownames=FALSE colnames=FALSE nrow=345 ncol=2 as.numeric=TRUE >
			315	373
			316	373
			317	373
			318	373
			319	373
			320	373
			320	374
			321	374
			322	374
			323	374
			324	374
			325	374
			326	374
			327	374
			328	374
			329	374
			330	374
			331	374
			332	374
			333	374
			334	374
			335	374
			336	374
			337	374
			338	374
			339	374
			340	374
			341	374
			342	374
			343	374
			344	374
			345	374
			346	374
			347	374
			348	374
			349	374
			350	374
			351	374
			352	374
			353	374
			354	374
			355	374
			356	374
			357	374
			358	373
			359	373
			360	373
			361	373
			362	373
			363	373
			364	373
			365	373
			366	373
			367	373
			368	372
			369	372
			370	372
			371	372
			372	372
			373	372
			374	372
			375	371
			376	371
			377	371
			378	371
			379	371
			380	371
			381	370
			382	370
			383	370
			384	370
			385	370
			386	369
			387	369
			388	369
			389	369
			390	369
			391	368
			392	368
			393	368
			394	368
			395	367
			396	367
			397	367
			398	367
			399	366
			400	366
			401	366
			402	366
			403	365
			404	365
			405	365
			406	364
			407	364
			408	364
			409	364
			410	363
			411	363
			412	363
			413	363
			414	363
			414	364
			415	364
			416	364
			417	364
			418	364
			419	364
			420	365
			421	365
			422	365
			423	365
			424	365
			425	365
			426	365
			427	365
			428	366
			429	366
			430	366
			431	366
			432	366
			433	366
			434	366
			435	366
			436	366
			437	367
			438	367
			439	367
			440	367
			441	367
			442	367
			443	367
			444	367
			445	367
			446	367
			447	367
			448	367
			449	367
			450	367
			451	368
			452	368
			453	368
			454	368
			455	368
			456	368
			457	368
			458	368
			459	368
			460	368
			461	368
			462	368
			463	368
			464	368
			465	368
			466	368
			467	368
			468	368
			469	368
			470	368
			471	368
			472	368
			473	368
			474	368
			475	368
			476	368
			477	368
			478	368
			479	368
			480	368
			481	368
			482	368
			483	368
			484	368
			485	368
			486	368
			486	367
			487	367
			488	367
			489	367
			490	367
			491	367
			492	367
			493	367
			494	367
			495	367
			496	367
			497	367
			498	367
			499	367
			500	367
			501	367
			502	367
			503	367
			504	367
			505	367
			506	367
			507	367
			508	367
			509	367
			510	367
			511	367
			512	367
			513	367
			514	367
			515	367
			516	367
			517	367
			518	367
			519	367
			520	367
			521	367
			522	367
			523	367
			524	367
			525	367
			526	367
			527	367
			528	367
			529	367
			530	367
			531	367
			532	367
			533	367
			534	368
			535	368
			536	368
			537	368
			538	368
			539	368
			540	368
			541	369
			542	369
			543	369
			544	369
			545	369
			546	370
			547	370
			548	370
			549	370
			550	370
			550	371
			551	371
			552	371
			553	371
			554	372
			555	372
			556	373
			557	373
			558	374
			559	374
			560	375
			561	376
			562	376
			563	377
			564	377
			564	378
			565	379
			566	380
			567	381
			567	382
			568	383
			568	384
			569	385
			569	386
			569	387
			570	388
			570	389
			571	390
			571	391
			572	391
			572	392
			572	393
			573	394
			573	395
			574	396
			574	397
			574	398
			575	399
			575	400
			576	401
			576	402
			576	403
			577	404
			577	405
			577	406
			578	407
			578	408
			578	409
			579	410
			579	411
			579	412
			580	413
			580	414
			580	415
			581	416
			581	417
			581	418
			582	419
			582	420
			582	419
			582	418
			583	417
			583	416
			583	415
			583	414
			583	413
			583	412
			584	411
			584	410
			584	409
			584	408
			584	407
			584	406
			584	405
			585	404
			585	403
			585	402
			585	401
			585	400
			585	399
			585	398
			585	397
			585	396
			586	395
			586	394
			586	393
			586	392
			586	391
			586	390
			586	389
			586	388
			586	387
			586	386
			586	385
			586	384
			586	383
			586	382
			586	381
			586	380
			586	379
			586	378
			586	377
			586	376
			586	375
			586	374
			586	373
		</posterior>
	</curves.pixel>
	<curves.scaled type=list>
		<glabella type=matrix rownames=FALSE colnames=FALSE nrow=377 ncol=2 as.numeric=TRUE >
			7.68292682926829	-0.926829268292683
			7.70731707317073	-0.926829268292683
			7.73170731707317	-0.926829268292683
			7.75609756097561	-0.926829268292683
			7.78048780487805	-0.926829268292683
			7.80487804878049	-0.926829268292683
			7.82926829268293	-0.926829268292683
			7.85365853658537	-0.926829268292683
			7.8780487804878	-0.951219512195122
			7.90243902439024	-0.951219512195122
			7.92682926829268	-0.951219512195122
			7.95121951219512	-0.951219512195122
			7.97560975609756	-0.951219512195122
			8	-0.951219512195122
			8.02439024390244	-0.951219512195122
			8.04878048780488	-0.951219512195122
			8.07317073170732	-0.951219512195122
			8.09756097560976	-0.975609756097561
			8.1219512195122	-0.975609756097561
			8.14634146341463	-0.975609756097561
			8.17073170731707	-0.975609756097561
			8.19512195121951	-0.975609756097561
			8.21951219512195	-0.975609756097561
			8.21951219512195	-1
			8.24390243902439	-1
			8.26829268292683	-1
			8.29268292682927	-1
			8.31707317073171	-1
			8.34146341463415	-1
			8.34146341463415	-1.02439024390244
			8.36585365853658	-1.02439024390244
			8.39024390243902	-1.02439024390244
			8.41463414634146	-1.02439024390244
			8.4390243902439	-1.02439024390244
			8.4390243902439	-1.04878048780488
			8.46341463414634	-1.04878048780488
			8.48780487804878	-1.04878048780488
			8.51219512195122	-1.04878048780488
			8.53658536585366	-1.07317073170732
			8.5609756097561	-1.07317073170732
			8.58536585365854	-1.07317073170732
			8.60975609756098	-1.09756097560976
			8.63414634146342	-1.09756097560976
			8.65853658536585	-1.09756097560976
			8.68292682926829	-1.1219512195122
			8.70731707317073	-1.1219512195122
			8.73170731707317	-1.14634146341463
			8.75609756097561	-1.14634146341463
			8.78048780487805	-1.14634146341463
			8.80487804878049	-1.17073170731707
			8.82926829268293	-1.17073170731707
			8.85365853658537	-1.19512195121951
			8.87804878048781	-1.19512195121951
			8.90243902439024	-1.21951219512195
			8.92682926829268	-1.21951219512195
			8.95121951219512	-1.24390243902439
			8.97560975609756	-1.24390243902439
			9	-1.26829268292683
			9.02439024390244	-1.29268292682927
			9.04878048780488	-1.29268292682927
			9.07317073170732	-1.31707317073171
			9.09756097560976	-1.34146341463415
			9.1219512195122	-1.34146341463415
			9.14634146341463	-1.36585365853659
			9.17073170731707	-1.39024390243902
			9.19512195121951	-1.41463414634146
			9.21951219512195	-1.41463414634146
			9.24390243902439	-1.4390243902439
			9.26829268292683	-1.46341463414634
			9.29268292682927	-1.46341463414634
			9.31707317073171	-1.48780487804878
			9.34146341463415	-1.51219512195122
			9.36585365853659	-1.51219512195122
			9.39024390243902	-1.53658536585366
			9.41463414634146	-1.5609756097561
			9.4390243902439	-1.58536585365854
			9.4390243902439	-1.60975609756098
			9.46341463414634	-1.60975609756098
			9.48780487804878	-1.63414634146341
			9.51219512195122	-1.65853658536585
			9.53658536585366	-1.68292682926829
			9.5609756097561	-1.70731707317073
			9.58536585365854	-1.73170731707317
			9.60975609756098	-1.75609756097561
			9.60975609756098	-1.78048780487805
			9.63414634146342	-1.80487804878049
			9.65853658536585	-1.82926829268293
			9.68292682926829	-1.85365853658537
			9.68292682926829	-1.8780487804878
			9.70731707317073	-1.90243902439024
			9.73170731707317	-1.92682926829268
			9.75609756097561	-1.95121951219512
			9.75609756097561	-1.97560975609756
			9.78048780487805	-2
			9.78048780487805	-2.02439024390244
			9.80487804878049	-2.04878048780488
			9.80487804878049	-2.07317073170732
			9.82926829268293	-2.09756097560976
			9.82926829268293	-2.1219512195122
			9.85365853658537	-2.14634146341463
			9.85365853658537	-2.17073170731707
			9.87804878048781	-2.19512195121951
			9.87804878048781	-2.21951219512195
			9.90243902439024	-2.24390243902439
			9.90243902439024	-2.26829268292683
			9.90243902439024	-2.29268292682927
			9.92682926829268	-2.31707317073171
			9.92682926829268	-2.34146341463415
			9.95121951219512	-2.36585365853659
			9.95121951219512	-2.39024390243902
			9.95121951219512	-2.41463414634146
			9.97560975609756	-2.4390243902439
			9.97560975609756	-2.46341463414634
			10	-2.48780487804878
			10	-2.51219512195122
			10	-2.53658536585366
			10	-2.5609756097561
			10.0243902439024	-2.58536585365854
			10.0243902439024	-2.60975609756098
			10.0243902439024	-2.63414634146341
			10.0243902439024	-2.65853658536585
			10.0487804878049	-2.65853658536585
			10.0487804878049	-2.68292682926829
			10.0487804878049	-2.70731707317073
			10.0487804878049	-2.73170731707317
			10.0731707317073	-2.75609756097561
			10.0731707317073	-2.78048780487805
			10.0731707317073	-2.80487804878049
			10.0731707317073	-2.82926829268293
			10.0731707317073	-2.85365853658537
			10.0975609756098	-2.85365853658537
			10.0975609756098	-2.8780487804878
			10.0975609756098	-2.90243902439024
			10.0975609756098	-2.92682926829268
			10.0975609756098	-2.95121951219512
			10.1219512195122	-2.97560975609756
			10.1219512195122	-3
			10.1219512195122	-3.02439024390244
			10.1219512195122	-3.04878048780488
			10.1219512195122	-3.07317073170732
			10.1463414634146	-3.09756097560976
			10.1463414634146	-3.1219512195122
			10.1463414634146	-3.14634146341463
			10.1463414634146	-3.17073170731707
			10.1463414634146	-3.19512195121951
			10.1463414634146	-3.21951219512195
			10.1463414634146	-3.24390243902439
			10.1463414634146	-3.26829268292683
			10.1707317073171	-3.29268292682927
			10.1707317073171	-3.31707317073171
			10.1707317073171	-3.34146341463415
			10.1707317073171	-3.36585365853659
			10.1707317073171	-3.39024390243902
			10.1707317073171	-3.41463414634146
			10.1707317073171	-3.4390243902439
			10.1707317073171	-3.46341463414634
			10.1707317073171	-3.48780487804878
			10.1707317073171	-3.51219512195122
			10.1707317073171	-3.53658536585366
			10.1707317073171	-3.5609756097561
			10.1951219512195	-3.58536585365854
			10.1951219512195	-3.60975609756098
			10.1951219512195	-3.63414634146341
			10.1951219512195	-3.65853658536585
			10.1951219512195	-3.68292682926829
			10.1951219512195	-3.70731707317073
			10.1951219512195	-3.73170731707317
			10.1951219512195	-3.75609756097561
			10.1951219512195	-3.78048780487805
			10.1951219512195	-3.80487804878049
			10.1951219512195	-3.82926829268293
			10.1951219512195	-3.85365853658537
			10.1951219512195	-3.87804878048781
			10.1951219512195	-3.90243902439024
			10.1951219512195	-3.92682926829268
			10.1707317073171	-3.95121951219512
			10.1707317073171	-3.97560975609756
			10.1707317073171	-4
			10.1707317073171	-4.02439024390244
			10.1707317073171	-4.04878048780488
			10.1707317073171	-4.07317073170732
			10.1707317073171	-4.09756097560976
			10.1707317073171	-4.1219512195122
			10.1707317073171	-4.14634146341463
			10.1707317073171	-4.17073170731707
			10.1707317073171	-4.19512195121951
			10.1707317073171	-4.21951219512195
			10.1707317073171	-4.24390243902439
			10.1707317073171	-4.26829268292683
			10.1707317073171	-4.29268292682927
			10.1707317073171	-4.31707317073171
			10.1463414634146	-4.34146341463415
			10.1463414634146	-4.36585365853659
			10.1463414634146	-4.39024390243902
			10.1463414634146	-4.41463414634146
			10.1463414634146	-4.4390243902439
			10.1463414634146	-4.46341463414634
			10.1463414634146	-4.48780487804878
			10.1463414634146	-4.51219512195122
			10.1463414634146	-4.53658536585366
			10.1463414634146	-4.5609756097561
			10.1463414634146	-4.58536585365854
			10.1463414634146	-4.60975609756098
			10.1463414634146	-4.63414634146342
			10.1219512195122	-4.65853658536585
			10.1219512195122	-4.68292682926829
			10.1219512195122	-4.70731707317073
			10.1219512195122	-4.73170731707317
			10.1219512195122	-4.75609756097561
			10.1219512195122	-4.78048780487805
			10.1219512195122	-4.80487804878049
			10.1219512195122	-4.82926829268293
			10.1219512195122	-4.85365853658537
			10.1219512195122	-4.8780487804878
			10.0975609756098	-4.90243902439024
			10.0975609756098	-4.92682926829268
			10.0975609756098	-4.95121951219512
			10.0975609756098	-4.97560975609756
			10.0975609756098	-5
			10.0975609756098	-5.02439024390244
			10.0975609756098	-5.04878048780488
			10.0975609756098	-5.07317073170732
			10.0975609756098	-5.09756097560976
			10.0731707317073	-5.1219512195122
			10.0731707317073	-5.14634146341463
			10.0731707317073	-5.17073170731707
			10.0731707317073	-5.19512195121951
			10.0731707317073	-5.21951219512195
			10.0731707317073	-5.24390243902439
			10.0731707317073	-5.26829268292683
			10.0731707317073	-5.29268292682927
			10.0487804878049	-5.31707317073171
			10.0487804878049	-5.34146341463415
			10.0487804878049	-5.36585365853659
			10.0487804878049	-5.39024390243902
			10.0487804878049	-5.41463414634146
			10.0243902439024	-5.4390243902439
			10.0243902439024	-5.46341463414634
			10.0243902439024	-5.48780487804878
			10.0243902439024	-5.51219512195122
			10.0243902439024	-5.53658536585366
			10.0243902439024	-5.5609756097561
			10	-5.58536585365854
			10	-5.60975609756098
			10	-5.63414634146342
			10	-5.65853658536585
			10	-5.68292682926829
			10	-5.70731707317073
			10	-5.73170731707317
			10.0243902439024	-5.75609756097561
			10.0243902439024	-5.78048780487805
			10.0243902439024	-5.80487804878049
			10.0243902439024	-5.82926829268293
			10.0243902439024	-5.85365853658537
			10.0243902439024	-5.8780487804878
			10.0243902439024	-5.90243902439024
			10.0487804878049	-5.90243902439024
			10.0487804878049	-5.92682926829268
			10.0487804878049	-5.95121951219512
			10.0487804878049	-5.97560975609756
			10.0487804878049	-6
			10.0487804878049	-6.02439024390244
			10.0487804878049	-6.04878048780488
			10.0487804878049	-6.07317073170732
			10.0731707317073	-6.09756097560976
			10.0731707317073	-6.1219512195122
			10.0731707317073	-6.14634146341463
			10.0731707317073	-6.17073170731707
			10.0731707317073	-6.19512195121951
			10.0731707317073	-6.21951219512195
			10.0975609756098	-6.24390243902439
			10.0975609756098	-6.26829268292683
			10.0975609756098	-6.29268292682927
			10.0975609756098	-6.31707317073171
			10.0975609756098	-6.34146341463415
			10.0975609756098	-6.36585365853659
			10.0975609756098	-6.39024390243902
			10.1219512195122	-6.41463414634146
			10.1219512195122	-6.4390243902439
			10.1219512195122	-6.46341463414634
			10.1219512195122	-6.48780487804878
			10.1219512195122	-6.51219512195122
			10.1219512195122	-6.53658536585366
			10.1219512195122	-6.5609756097561
			10.1463414634146	-6.58536585365854
			10.1463414634146	-6.60975609756098
			10.1463414634146	-6.63414634146342
			10.1463414634146	-6.65853658536585
			10.1463414634146	-6.68292682926829
			10.1463414634146	-6.70731707317073
			10.1463414634146	-6.73170731707317
			10.1707317073171	-6.75609756097561
			10.1707317073171	-6.78048780487805
			10.1707317073171	-6.80487804878049
			10.1707317073171	-6.82926829268293
			10.1707317073171	-6.85365853658537
			10.1707317073171	-6.8780487804878
			10.1707317073171	-6.90243902439024
			10.1707317073171	-6.92682926829268
			10.1707317073171	-6.95121951219512
			10.1707317073171	-6.97560975609756
			10.1707317073171	-7
			10.1707317073171	-7.02439024390244
			10.1707317073171	-7.04878048780488
			10.1707317073171	-7.07317073170732
			10.1707317073171	-7.09756097560976
			10.1707317073171	-7.1219512195122
			10.1707317073171	-7.14634146341463
			10.1707317073171	-7.17073170731707
			10.1707317073171	-7.19512195121951
			10.1707317073171	-7.21951219512195
			10.1707317073171	-7.24390243902439
			10.1707317073171	-7.26829268292683
			10.1463414634146	-7.29268292682927
			10.1463414634146	-7.31707317073171
			10.1463414634146	-7.34146341463415
			10.1463414634146	-7.36585365853659
			10.1463414634146	-7.39024390243902
			10.1463414634146	-7.41463414634146
			10.1463414634146	-7.4390243902439
			10.1463414634146	-7.46341463414634
			10.1463414634146	-7.48780487804878
			10.1219512195122	-7.51219512195122
			10.1219512195122	-7.53658536585366
			10.1219512195122	-7.5609756097561
			10.1219512195122	-7.58536585365854
			10.1219512195122	-7.60975609756098
			10.1219512195122	-7.63414634146342
			10.0975609756098	-7.65853658536585
			10.0975609756098	-7.68292682926829
			10.0975609756098	-7.70731707317073
			10.0975609756098	-7.73170731707317
			10.0975609756098	-7.75609756097561
			10.0731707317073	-7.78048780487805
			10.0731707317073	-7.80487804878049
			10.0731707317073	-7.82926829268293
			10.0731707317073	-7.85365853658537
			10.0731707317073	-7.8780487804878
			10.0487804878049	-7.90243902439024
			10.0487804878049	-7.92682926829268
			10.0487804878049	-7.95121951219512
			10.0243902439024	-7.97560975609756
			10.0243902439024	-8
			10.0243902439024	-8.02439024390244
			10.0243902439024	-8.04878048780488
			10.0487804878049	-8.07317073170732
			10.0487804878049	-8.09756097560976
			10.0487804878049	-8.1219512195122
			10.0731707317073	-8.14634146341463
			10.0731707317073	-8.17073170731707
			10.0731707317073	-8.19512195121951
			10.0731707317073	-8.21951219512195
			10.0731707317073	-8.24390243902439
			10.0975609756098	-8.26829268292683
			10.0975609756098	-8.29268292682927
			10.0975609756098	-8.31707317073171
			10.0975609756098	-8.34146341463415
			10.0975609756098	-8.36585365853658
			10.0975609756098	-8.39024390243902
			10.0975609756098	-8.41463414634146
			10.0975609756098	-8.4390243902439
			10.0975609756098	-8.46341463414634
			10.0975609756098	-8.48780487804878
			10.0975609756098	-8.51219512195122
			10.0975609756098	-8.53658536585366
			10.0975609756098	-8.5609756097561
			10.0975609756098	-8.58536585365854
			10.0731707317073	-8.60975609756098
			10.0731707317073	-8.63414634146342
			10.0731707317073	-8.65853658536585
			10.0731707317073	-8.68292682926829
			10.0731707317073	-8.70731707317073
			10.0487804878049	-8.73170731707317
			10.0487804878049	-8.75609756097561
			10.0487804878049	-8.78048780487805
			10.0243902439024	-8.80487804878049
			10.0243902439024	-8.82926829268293
		</glabella>
		<suture type=matrix rownames=FALSE colnames=FALSE nrow=471 ncol=2 as.numeric=TRUE >
			7.68292682926829	-0.75609756097561
			7.70731707317073	-0.75609756097561
			7.73170731707317	-0.75609756097561
			7.75609756097561	-0.75609756097561
			7.78048780487805	-0.75609756097561
			7.80487804878049	-0.780487804878049
			7.82926829268293	-0.780487804878049
			7.85365853658537	-0.780487804878049
			7.8780487804878	-0.780487804878049
			7.90243902439024	-0.780487804878049
			7.92682926829268	-0.780487804878049
			7.95121951219512	-0.804878048780488
			7.97560975609756	-0.804878048780488
			8	-0.804878048780488
			8.02439024390244	-0.804878048780488
			8.04878048780488	-0.804878048780488
			8.07317073170732	-0.829268292682927
			8.09756097560976	-0.829268292682927
			8.1219512195122	-0.829268292682927
			8.14634146341463	-0.829268292682927
			8.17073170731707	-0.829268292682927
			8.19512195121951	-0.853658536585366
			8.21951219512195	-0.853658536585366
			8.24390243902439	-0.853658536585366
			8.26829268292683	-0.853658536585366
			8.29268292682927	-0.878048780487805
			8.31707317073171	-0.878048780487805
			8.34146341463415	-0.878048780487805
			8.36585365853658	-0.878048780487805
			8.39024390243902	-0.902439024390244
			8.41463414634146	-0.902439024390244
			8.4390243902439	-0.902439024390244
			8.46341463414634	-0.902439024390244
			8.48780487804878	-0.902439024390244
			8.51219512195122	-0.926829268292683
			8.53658536585366	-0.926829268292683
			8.5609756097561	-0.926829268292683
			8.58536585365854	-0.926829268292683
			8.60975609756098	-0.951219512195122
			8.63414634146342	-0.951219512195122
			8.65853658536585	-0.951219512195122
			8.68292682926829	-0.975609756097561
			8.70731707317073	-0.975609756097561
			8.73170731707317	-0.975609756097561
			8.75609756097561	-0.975609756097561
			8.78048780487805	-1
			8.80487804878049	-1
			8.82926829268293	-1
			8.85365853658537	-1
			8.87804878048781	-1.02439024390244
			8.90243902439024	-1.02439024390244
			8.92682926829268	-1.02439024390244
			8.95121951219512	-1.04878048780488
			8.97560975609756	-1.04878048780488
			9	-1.04878048780488
			9.02439024390244	-1.07317073170732
			9.04878048780488	-1.07317073170732
			9.07317073170732	-1.07317073170732
			9.09756097560976	-1.07317073170732
			9.1219512195122	-1.09756097560976
			9.14634146341463	-1.09756097560976
			9.17073170731707	-1.09756097560976
			9.19512195121951	-1.1219512195122
			9.21951219512195	-1.1219512195122
			9.24390243902439	-1.1219512195122
			9.26829268292683	-1.14634146341463
			9.29268292682927	-1.14634146341463
			9.31707317073171	-1.14634146341463
			9.34146341463415	-1.17073170731707
			9.36585365853659	-1.17073170731707
			9.39024390243902	-1.17073170731707
			9.41463414634146	-1.19512195121951
			9.4390243902439	-1.19512195121951
			9.46341463414634	-1.19512195121951
			9.48780487804878	-1.21951219512195
			9.51219512195122	-1.21951219512195
			9.53658536585366	-1.21951219512195
			9.5609756097561	-1.21951219512195
			9.58536585365854	-1.24390243902439
			9.60975609756098	-1.24390243902439
			9.63414634146342	-1.24390243902439
			9.65853658536585	-1.26829268292683
			9.68292682926829	-1.26829268292683
			9.70731707317073	-1.29268292682927
			9.73170731707317	-1.29268292682927
			9.75609756097561	-1.29268292682927
			9.78048780487805	-1.31707317073171
			9.80487804878049	-1.31707317073171
			9.82926829268293	-1.31707317073171
			9.85365853658537	-1.34146341463415
			9.87804878048781	-1.34146341463415
			9.90243902439024	-1.34146341463415
			9.92682926829268	-1.36585365853659
			9.95121951219512	-1.36585365853659
			9.97560975609756	-1.36585365853659
			10	-1.39024390243902
			10.0243902439024	-1.39024390243902
			10.0487804878049	-1.41463414634146
			10.0731707317073	-1.41463414634146
			10.0975609756098	-1.4390243902439
			10.0975609756098	-1.46341463414634
			10.1219512195122	-1.48780487804878
			10.1463414634146	-1.48780487804878
			10.1707317073171	-1.51219512195122
			10.1951219512195	-1.53658536585366
			10.1951219512195	-1.5609756097561
			10.219512195122	-1.58536585365854
			10.2439024390244	-1.58536585365854
			10.2682926829268	-1.60975609756098
			10.2926829268293	-1.63414634146341
			10.2926829268293	-1.65853658536585
			10.3170731707317	-1.68292682926829
			10.3414634146341	-1.70731707317073
			10.3658536585366	-1.70731707317073
			10.3658536585366	-1.73170731707317
			10.390243902439	-1.75609756097561
			10.4146341463415	-1.78048780487805
			10.4146341463415	-1.80487804878049
			10.4390243902439	-1.82926829268293
			10.4634146341463	-1.85365853658537
			10.4634146341463	-1.8780487804878
			10.4878048780488	-1.90243902439024
			10.5121951219512	-1.92682926829268
			10.5121951219512	-1.95121951219512
			10.5365853658537	-1.97560975609756
			10.5609756097561	-2
			10.5609756097561	-2.02439024390244
			10.5853658536585	-2.04878048780488
			10.5853658536585	-2.07317073170732
			10.609756097561	-2.09756097560976
			10.6341463414634	-2.1219512195122
			10.6341463414634	-2.14634146341463
			10.6585365853659	-2.17073170731707
			10.6585365853659	-2.19512195121951
			10.6829268292683	-2.21951219512195
			10.6829268292683	-2.24390243902439
			10.7073170731707	-2.26829268292683
			10.7073170731707	-2.29268292682927
			10.7317073170732	-2.31707317073171
			10.7317073170732	-2.34146341463415
			10.7560975609756	-2.36585365853659
			10.7560975609756	-2.39024390243902
			10.7560975609756	-2.41463414634146
			10.780487804878	-2.4390243902439
			10.780487804878	-2.46341463414634
			10.8048780487805	-2.48780487804878
			10.8048780487805	-2.51219512195122
			10.8048780487805	-2.53658536585366
			10.8048780487805	-2.5609756097561
			10.8048780487805	-2.58536585365854
			10.8048780487805	-2.60975609756098
			10.8048780487805	-2.63414634146341
			10.8048780487805	-2.65853658536585
			10.780487804878	-2.68292682926829
			10.780487804878	-2.70731707317073
			10.780487804878	-2.73170731707317
			10.780487804878	-2.75609756097561
			10.780487804878	-2.78048780487805
			10.780487804878	-2.80487804878049
			10.780487804878	-2.82926829268293
			10.780487804878	-2.85365853658537
			10.7560975609756	-2.8780487804878
			10.7560975609756	-2.90243902439024
			10.7560975609756	-2.92682926829268
			10.7560975609756	-2.95121951219512
			10.7560975609756	-2.97560975609756
			10.7560975609756	-3
			10.7560975609756	-3.02439024390244
			10.7560975609756	-3.04878048780488
			10.7317073170732	-3.07317073170732
			10.7317073170732	-3.09756097560976
			10.7317073170732	-3.1219512195122
			10.7317073170732	-3.14634146341463
			10.7317073170732	-3.17073170731707
			10.7317073170732	-3.19512195121951
			10.7317073170732	-3.21951219512195
			10.7073170731707	-3.24390243902439
			10.7073170731707	-3.26829268292683
			10.7073170731707	-3.29268292682927
			10.7073170731707	-3.31707317073171
			10.7073170731707	-3.34146341463415
			10.7073170731707	-3.36585365853659
			10.6829268292683	-3.39024390243902
			10.6829268292683	-3.41463414634146
			10.6829268292683	-3.4390243902439
			10.6829268292683	-3.46341463414634
			10.6829268292683	-3.48780487804878
			10.6585365853659	-3.51219512195122
			10.6585365853659	-3.53658536585366
			10.6585365853659	-3.5609756097561
			10.6585365853659	-3.58536585365854
			10.6585365853659	-3.60975609756098
			10.6585365853659	-3.63414634146341
			10.6341463414634	-3.65853658536585
			10.6341463414634	-3.68292682926829
			10.6341463414634	-3.70731707317073
			10.6341463414634	-3.73170731707317
			10.6341463414634	-3.75609756097561
			10.609756097561	-3.78048780487805
			10.609756097561	-3.80487804878049
			10.609756097561	-3.82926829268293
			10.609756097561	-3.85365853658537
			10.5853658536585	-3.87804878048781
			10.5853658536585	-3.90243902439024
			10.5853658536585	-3.92682926829268
			10.5609756097561	-3.92682926829268
			10.5609756097561	-3.95121951219512
			10.5609756097561	-3.97560975609756
			10.5609756097561	-4
			10.5365853658537	-4.02439024390244
			10.5365853658537	-4.04878048780488
			10.5365853658537	-4.07317073170732
			10.5365853658537	-4.09756097560976
			10.5121951219512	-4.1219512195122
			10.5121951219512	-4.14634146341463
			10.5121951219512	-4.17073170731707
			10.4878048780488	-4.19512195121951
			10.4878048780488	-4.21951219512195
			10.4878048780488	-4.24390243902439
			10.4878048780488	-4.26829268292683
			10.4878048780488	-4.29268292682927
			10.4878048780488	-4.31707317073171
			10.4634146341463	-4.34146341463415
			10.4634146341463	-4.36585365853659
			10.4634146341463	-4.39024390243902
			10.4634146341463	-4.41463414634146
			10.4634146341463	-4.4390243902439
			10.4634146341463	-4.46341463414634
			10.4634146341463	-4.48780487804878
			10.4634146341463	-4.51219512195122
			10.4634146341463	-4.53658536585366
			10.4634146341463	-4.5609756097561
			10.4634146341463	-4.58536585365854
			10.4634146341463	-4.60975609756098
			10.4634146341463	-4.63414634146342
			10.4634146341463	-4.65853658536585
			10.4634146341463	-4.68292682926829
			10.4634146341463	-4.70731707317073
			10.4634146341463	-4.73170731707317
			10.4634146341463	-4.75609756097561
			10.4634146341463	-4.78048780487805
			10.4634146341463	-4.80487804878049
			10.4634146341463	-4.82926829268293
			10.4634146341463	-4.85365853658537
			10.4878048780488	-4.8780487804878
			10.4878048780488	-4.90243902439024
			10.4878048780488	-4.92682926829268
			10.4878048780488	-4.95121951219512
			10.4878048780488	-4.97560975609756
			10.5121951219512	-5
			10.5121951219512	-5.02439024390244
			10.5121951219512	-5.04878048780488
			10.5121951219512	-5.07317073170732
			10.5365853658537	-5.09756097560976
			10.5365853658537	-5.1219512195122
			10.5365853658537	-5.14634146341463
			10.5609756097561	-5.14634146341463
			10.5609756097561	-5.17073170731707
			10.5609756097561	-5.19512195121951
			10.5853658536585	-5.19512195121951
			10.5853658536585	-5.21951219512195
			10.609756097561	-5.24390243902439
			10.6341463414634	-5.24390243902439
			10.6341463414634	-5.26829268292683
			10.6585365853659	-5.26829268292683
			10.6829268292683	-5.29268292682927
			10.7073170731707	-5.29268292682927
			10.7317073170732	-5.31707317073171
			10.7560975609756	-5.34146341463415
			10.780487804878	-5.34146341463415
			10.8048780487805	-5.34146341463415
			10.8292682926829	-5.36585365853659
			10.8536585365854	-5.36585365853659
			10.8780487804878	-5.39024390243902
			10.9024390243902	-5.39024390243902
			10.9268292682927	-5.39024390243902
			10.9512195121951	-5.41463414634146
			10.9756097560976	-5.41463414634146
			11	-5.41463414634146
			11.0243902439024	-5.41463414634146
			11.0487804878049	-5.4390243902439
			11.0731707317073	-5.4390243902439
			11.0975609756098	-5.4390243902439
			11.1219512195122	-5.46341463414634
			11.1463414634146	-5.48780487804878
			11.1707317073171	-5.51219512195122
			11.1951219512195	-5.51219512195122
			11.219512195122	-5.53658536585366
			11.219512195122	-5.5609756097561
			11.2439024390244	-5.58536585365854
			11.2682926829268	-5.60975609756098
			11.2926829268293	-5.63414634146342
			11.2926829268293	-5.65853658536585
			11.3170731707317	-5.68292682926829
			11.3170731707317	-5.70731707317073
			11.3414634146341	-5.73170731707317
			11.3414634146341	-5.75609756097561
			11.3658536585366	-5.78048780487805
			11.3658536585366	-5.80487804878049
			11.390243902439	-5.82926829268293
			11.390243902439	-5.85365853658537
			11.390243902439	-5.8780487804878
			11.390243902439	-5.90243902439024
			11.4146341463415	-5.90243902439024
			11.4146341463415	-5.92682926829268
			11.4146341463415	-5.95121951219512
			11.4146341463415	-5.97560975609756
			11.4146341463415	-6
			11.4146341463415	-6.02439024390244
			11.4146341463415	-6.04878048780488
			11.4146341463415	-6.07317073170732
			11.4146341463415	-6.09756097560976
			11.4146341463415	-6.1219512195122
			11.4146341463415	-6.14634146341463
			11.4146341463415	-6.17073170731707
			11.4146341463415	-6.19512195121951
			11.4146341463415	-6.21951219512195
			11.4146341463415	-6.24390243902439
			11.390243902439	-6.24390243902439
			11.390243902439	-6.26829268292683
			11.390243902439	-6.29268292682927
			11.390243902439	-6.31707317073171
			11.3658536585366	-6.34146341463415
			11.3658536585366	-6.36585365853659
			11.3658536585366	-6.39024390243902
			11.3658536585366	-6.41463414634146
			11.3414634146341	-6.4390243902439
			11.3414634146341	-6.46341463414634
			11.3170731707317	-6.48780487804878
			11.3170731707317	-6.51219512195122
			11.3170731707317	-6.53658536585366
			11.2926829268293	-6.5609756097561
			11.2926829268293	-6.58536585365854
			11.2682926829268	-6.60975609756098
			11.2439024390244	-6.63414634146342
			11.2439024390244	-6.65853658536585
			11.219512195122	-6.68292682926829
			11.1951219512195	-6.70731707317073
			11.1707317073171	-6.73170731707317
			11.1463414634146	-6.75609756097561
			11.1219512195122	-6.78048780487805
			11.0975609756098	-6.80487804878049
			11.0975609756098	-6.82926829268293
			11.0731707317073	-6.85365853658537
			11.0487804878049	-6.85365853658537
			11.0243902439024	-6.8780487804878
			11	-6.8780487804878
			11	-6.90243902439024
			10.9756097560976	-6.90243902439024
			10.9512195121951	-6.90243902439024
			10.9268292682927	-6.92682926829268
			10.9024390243902	-6.92682926829268
			10.8780487804878	-6.95121951219512
			10.8536585365854	-6.95121951219512
			10.8292682926829	-6.97560975609756
			10.8048780487805	-6.97560975609756
			10.780487804878	-7
			10.7560975609756	-7
			10.7317073170732	-7.02439024390244
			10.7073170731707	-7.04878048780488
			10.6829268292683	-7.07317073170732
			10.6585365853659	-7.09756097560976
			10.6341463414634	-7.09756097560976
			10.609756097561	-7.1219512195122
			10.609756097561	-7.14634146341463
			10.5853658536585	-7.17073170731707
			10.5609756097561	-7.19512195121951
			10.5609756097561	-7.21951219512195
			10.5365853658537	-7.24390243902439
			10.5121951219512	-7.26829268292683
			10.5121951219512	-7.29268292682927
			10.5121951219512	-7.31707317073171
			10.4878048780488	-7.34146341463415
			10.4878048780488	-7.36585365853659
			10.4634146341463	-7.39024390243902
			10.4634146341463	-7.41463414634146
			10.4634146341463	-7.4390243902439
			10.4634146341463	-7.46341463414634
			10.4634146341463	-7.48780487804878
			10.4634146341463	-7.51219512195122
			10.4634146341463	-7.53658536585366
			10.4878048780488	-7.5609756097561
			10.4878048780488	-7.58536585365854
			10.4878048780488	-7.60975609756098
			10.4878048780488	-7.63414634146342
			10.4878048780488	-7.65853658536585
			10.4878048780488	-7.68292682926829
			10.4878048780488	-7.70731707317073
			10.4878048780488	-7.73170731707317
			10.4878048780488	-7.75609756097561
			10.4878048780488	-7.78048780487805
			10.4878048780488	-7.80487804878049
			10.5121951219512	-7.82926829268293
			10.5121951219512	-7.85365853658537
			10.5121951219512	-7.8780487804878
			10.5121951219512	-7.90243902439024
			10.5121951219512	-7.92682926829268
			10.5121951219512	-7.95121951219512
			10.5121951219512	-7.97560975609756
			10.5365853658537	-8
			10.5365853658537	-8.02439024390244
			10.5365853658537	-8.04878048780488
			10.5609756097561	-8.07317073170732
			10.5609756097561	-8.09756097560976
			10.5853658536585	-8.09756097560976
			10.5853658536585	-8.1219512195122
			10.609756097561	-8.14634146341463
			10.6341463414634	-8.17073170731707
			10.6341463414634	-8.19512195121951
			10.6585365853659	-8.21951219512195
			10.6829268292683	-8.21951219512195
			10.7073170731707	-8.24390243902439
			10.7073170731707	-8.26829268292683
			10.7317073170732	-8.29268292682927
			10.7560975609756	-8.29268292682927
			10.780487804878	-8.31707317073171
			10.8048780487805	-8.34146341463415
			10.8292682926829	-8.34146341463415
			10.8536585365854	-8.36585365853658
			10.8780487804878	-8.36585365853658
			10.9024390243902	-8.39024390243902
			10.9268292682927	-8.39024390243902
			10.9512195121951	-8.41463414634146
			10.9756097560976	-8.41463414634146
			11	-8.4390243902439
			11.0243902439024	-8.4390243902439
			11.0487804878049	-8.46341463414634
			11.0731707317073	-8.46341463414634
			11.0975609756098	-8.48780487804878
			11.1219512195122	-8.48780487804878
			11.1463414634146	-8.48780487804878
			11.1707317073171	-8.48780487804878
			11.1951219512195	-8.48780487804878
			11.1951219512195	-8.51219512195122
			11.219512195122	-8.51219512195122
			11.2439024390244	-8.51219512195122
			11.2682926829268	-8.51219512195122
			11.2926829268293	-8.51219512195122
			11.3170731707317	-8.53658536585366
			11.3414634146341	-8.53658536585366
			11.3658536585366	-8.53658536585366
			11.390243902439	-8.53658536585366
			11.4146341463415	-8.5609756097561
			11.4390243902439	-8.5609756097561
			11.4634146341463	-8.5609756097561
			11.4878048780488	-8.58536585365854
			11.5121951219512	-8.58536585365854
			11.5365853658537	-8.58536585365854
			11.5609756097561	-8.60975609756098
			11.5853658536585	-8.60975609756098
			11.609756097561	-8.63414634146342
			11.6341463414634	-8.63414634146342
			11.6585365853659	-8.65853658536585
			11.6829268292683	-8.65853658536585
			11.7073170731707	-8.68292682926829
			11.7317073170732	-8.68292682926829
			11.7560975609756	-8.70731707317073
			11.780487804878	-8.70731707317073
			11.780487804878	-8.73170731707317
			11.8048780487805	-8.73170731707317
			11.8292682926829	-8.75609756097561
			11.8536585365854	-8.75609756097561
			11.8780487804878	-8.78048780487805
			11.9024390243902	-8.80487804878049
			11.9268292682927	-8.82926829268293
			11.9512195121951	-8.85365853658537
			11.9756097560976	-8.85365853658537
			12	-8.87804878048781
			12	-8.90243902439024
			12.0243902439024	-8.92682926829268
			12.0487804878049	-8.95121951219512
		</suture>
		<anterior type=matrix rownames=FALSE colnames=FALSE nrow=438 ncol=2 as.numeric=TRUE >
			7.68292682926829	-0.75609756097561
			7.70731707317073	-0.75609756097561
			7.73170731707317	-0.75609756097561
			7.75609756097561	-0.75609756097561
			7.78048780487805	-0.780487804878049
			7.80487804878049	-0.780487804878049
			7.82926829268293	-0.780487804878049
			7.85365853658537	-0.780487804878049
			7.8780487804878	-0.780487804878049
			7.90243902439024	-0.780487804878049
			7.92682926829268	-0.780487804878049
			7.92682926829268	-0.804878048780488
			7.95121951219512	-0.804878048780488
			7.97560975609756	-0.804878048780488
			8	-0.804878048780488
			8.02439024390244	-0.804878048780488
			8.04878048780488	-0.804878048780488
			8.07317073170732	-0.829268292682927
			8.09756097560976	-0.829268292682927
			8.1219512195122	-0.829268292682927
			8.14634146341463	-0.829268292682927
			8.17073170731707	-0.829268292682927
			8.19512195121951	-0.853658536585366
			8.21951219512195	-0.853658536585366
			8.24390243902439	-0.853658536585366
			8.26829268292683	-0.853658536585366
			8.29268292682927	-0.853658536585366
			8.31707317073171	-0.878048780487805
			8.34146341463415	-0.878048780487805
			8.36585365853658	-0.878048780487805
			8.39024390243902	-0.878048780487805
			8.41463414634146	-0.902439024390244
			8.4390243902439	-0.902439024390244
			8.46341463414634	-0.902439024390244
			8.48780487804878	-0.902439024390244
			8.51219512195122	-0.926829268292683
			8.53658536585366	-0.926829268292683
			8.5609756097561	-0.926829268292683
			8.58536585365854	-0.926829268292683
			8.60975609756098	-0.951219512195122
			8.63414634146342	-0.951219512195122
			8.65853658536585	-0.951219512195122
			8.68292682926829	-0.975609756097561
			8.70731707317073	-0.975609756097561
			8.73170731707317	-0.975609756097561
			8.75609756097561	-0.975609756097561
			8.78048780487805	-1
			8.80487804878049	-1
			8.82926829268293	-1
			8.85365853658537	-1
			8.87804878048781	-1.02439024390244
			8.90243902439024	-1.02439024390244
			8.92682926829268	-1.02439024390244
			8.95121951219512	-1.04878048780488
			8.97560975609756	-1.04878048780488
			9	-1.04878048780488
			9.02439024390244	-1.07317073170732
			9.04878048780488	-1.07317073170732
			9.07317073170732	-1.07317073170732
			9.09756097560976	-1.07317073170732
			9.1219512195122	-1.09756097560976
			9.14634146341463	-1.09756097560976
			9.17073170731707	-1.09756097560976
			9.19512195121951	-1.1219512195122
			9.21951219512195	-1.1219512195122
			9.24390243902439	-1.1219512195122
			9.26829268292683	-1.14634146341463
			9.29268292682927	-1.14634146341463
			9.31707317073171	-1.14634146341463
			9.34146341463415	-1.17073170731707
			9.36585365853659	-1.17073170731707
			9.39024390243902	-1.17073170731707
			9.41463414634146	-1.19512195121951
			9.4390243902439	-1.19512195121951
			9.46341463414634	-1.19512195121951
			9.48780487804878	-1.19512195121951
			9.51219512195122	-1.21951219512195
			9.53658536585366	-1.21951219512195
			9.5609756097561	-1.21951219512195
			9.58536585365854	-1.24390243902439
			9.60975609756098	-1.24390243902439
			9.63414634146342	-1.26829268292683
			9.65853658536585	-1.26829268292683
			9.68292682926829	-1.26829268292683
			9.70731707317073	-1.26829268292683
			9.73170731707317	-1.29268292682927
			9.75609756097561	-1.29268292682927
			9.78048780487805	-1.29268292682927
			9.80487804878049	-1.31707317073171
			9.82926829268293	-1.31707317073171
			9.85365853658537	-1.34146341463415
			9.87804878048781	-1.34146341463415
			9.90243902439024	-1.34146341463415
			9.92682926829268	-1.36585365853659
			9.95121951219512	-1.36585365853659
			9.97560975609756	-1.36585365853659
			10	-1.39024390243902
			10.0243902439024	-1.39024390243902
			10.0487804878049	-1.39024390243902
			10.0487804878049	-1.41463414634146
			10.0731707317073	-1.41463414634146
			10.0731707317073	-1.4390243902439
			10.0975609756098	-1.4390243902439
			10.1219512195122	-1.46341463414634
			10.1463414634146	-1.46341463414634
			10.1707317073171	-1.48780487804878
			10.1951219512195	-1.51219512195122
			10.219512195122	-1.53658536585366
			10.2439024390244	-1.53658536585366
			10.2682926829268	-1.5609756097561
			10.2926829268293	-1.58536585365854
			10.3170731707317	-1.60975609756098
			10.3414634146341	-1.63414634146341
			10.3658536585366	-1.63414634146341
			10.390243902439	-1.65853658536585
			10.4146341463415	-1.68292682926829
			10.4390243902439	-1.68292682926829
			10.4634146341463	-1.70731707317073
			10.4878048780488	-1.73170731707317
			10.5121951219512	-1.73170731707317
			10.5121951219512	-1.75609756097561
			10.5365853658537	-1.78048780487805
			10.5609756097561	-1.78048780487805
			10.5853658536585	-1.80487804878049
			10.609756097561	-1.82926829268293
			10.6341463414634	-1.82926829268293
			10.6585365853659	-1.85365853658537
			10.6829268292683	-1.8780487804878
			10.6829268292683	-1.90243902439024
			10.7073170731707	-1.90243902439024
			10.7317073170732	-1.92682926829268
			10.7560975609756	-1.95121951219512
			10.780487804878	-1.95121951219512
			10.8048780487805	-1.97560975609756
			10.8292682926829	-2
			10.8536585365854	-2.02439024390244
			10.8780487804878	-2.04878048780488
			10.9024390243902	-2.07317073170732
			10.9268292682927	-2.09756097560976
			10.9512195121951	-2.1219512195122
			10.9756097560976	-2.14634146341463
			11	-2.17073170731707
			11.0243902439024	-2.17073170731707
			11.0487804878049	-2.19512195121951
			11.0731707317073	-2.21951219512195
			11.0975609756098	-2.24390243902439
			11.1219512195122	-2.26829268292683
			11.1463414634146	-2.29268292682927
			11.1707317073171	-2.29268292682927
			11.1951219512195	-2.31707317073171
			11.1951219512195	-2.34146341463415
			11.219512195122	-2.34146341463415
			11.2439024390244	-2.36585365853659
			11.2682926829268	-2.39024390243902
			11.2682926829268	-2.41463414634146
			11.2926829268293	-2.41463414634146
			11.3170731707317	-2.4390243902439
			11.3414634146341	-2.46341463414634
			11.3658536585366	-2.48780487804878
			11.390243902439	-2.51219512195122
			11.4146341463415	-2.53658536585366
			11.4390243902439	-2.5609756097561
			11.4634146341463	-2.5609756097561
			11.4878048780488	-2.58536585365854
			11.4878048780488	-2.60975609756098
			11.5121951219512	-2.63414634146341
			11.5365853658537	-2.65853658536585
			11.5609756097561	-2.68292682926829
			11.5853658536585	-2.70731707317073
			11.609756097561	-2.73170731707317
			11.6341463414634	-2.73170731707317
			11.6585365853659	-2.75609756097561
			11.6585365853659	-2.78048780487805
			11.6829268292683	-2.80487804878049
			11.7073170731707	-2.82926829268293
			11.7317073170732	-2.85365853658537
			11.7560975609756	-2.8780487804878
			11.780487804878	-2.90243902439024
			11.8048780487805	-2.92682926829268
			11.8292682926829	-2.95121951219512
			11.8292682926829	-2.97560975609756
			11.8536585365854	-3
			11.8780487804878	-3.02439024390244
			11.9024390243902	-3.04878048780488
			11.9268292682927	-3.07317073170732
			11.9512195121951	-3.09756097560976
			11.9756097560976	-3.1219512195122
			11.9756097560976	-3.14634146341463
			12	-3.17073170731707
			12.0243902439024	-3.19512195121951
			12.0487804878049	-3.21951219512195
			12.0731707317073	-3.24390243902439
			12.0975609756098	-3.26829268292683
			12.0975609756098	-3.29268292682927
			12.1219512195122	-3.31707317073171
			12.1463414634146	-3.34146341463415
			12.1707317073171	-3.36585365853659
			12.1707317073171	-3.39024390243902
			12.1951219512195	-3.41463414634146
			12.219512195122	-3.4390243902439
			12.219512195122	-3.46341463414634
			12.2439024390244	-3.48780487804878
			12.2682926829268	-3.51219512195122
			12.2926829268293	-3.53658536585366
			12.3170731707317	-3.5609756097561
			12.3170731707317	-3.58536585365854
			12.3414634146341	-3.60975609756098
			12.3658536585366	-3.63414634146341
			12.3658536585366	-3.65853658536585
			12.390243902439	-3.68292682926829
			12.4146341463415	-3.70731707317073
			12.4390243902439	-3.73170731707317
			12.4390243902439	-3.75609756097561
			12.4634146341463	-3.78048780487805
			12.4878048780488	-3.80487804878049
			12.5121951219512	-3.82926829268293
			12.5121951219512	-3.85365853658537
			12.5365853658537	-3.87804878048781
			12.5609756097561	-3.90243902439024
			12.5853658536585	-3.92682926829268
			12.5853658536585	-3.95121951219512
			12.609756097561	-3.97560975609756
			12.609756097561	-4
			12.6341463414634	-4.02439024390244
			12.6585365853659	-4.04878048780488
			12.6829268292683	-4.07317073170732
			12.6829268292683	-4.09756097560976
			12.7073170731707	-4.1219512195122
			12.7073170731707	-4.14634146341463
			12.7317073170732	-4.14634146341463
			12.7317073170732	-4.17073170731707
			12.7560975609756	-4.19512195121951
			12.7560975609756	-4.21951219512195
			12.780487804878	-4.21951219512195
			12.780487804878	-4.24390243902439
			12.8048780487805	-4.26829268292683
			12.8048780487805	-4.29268292682927
			12.8292682926829	-4.31707317073171
			12.8536585365854	-4.31707317073171
			12.8536585365854	-4.34146341463415
			12.8780487804878	-4.36585365853659
			12.8780487804878	-4.39024390243902
			12.9024390243902	-4.39024390243902
			12.9024390243902	-4.41463414634146
			12.9268292682927	-4.4390243902439
			12.9268292682927	-4.46341463414634
			12.9512195121951	-4.48780487804878
			12.9756097560976	-4.51219512195122
			12.9756097560976	-4.53658536585366
			13	-4.5609756097561
			13.0243902439024	-4.58536585365854
			13.0243902439024	-4.60975609756098
			13.0487804878049	-4.63414634146342
			13.0731707317073	-4.65853658536585
			13.0731707317073	-4.68292682926829
			13.0975609756098	-4.70731707317073
			13.1219512195122	-4.73170731707317
			13.1219512195122	-4.75609756097561
			13.1463414634146	-4.78048780487805
			13.1463414634146	-4.80487804878049
			13.1707317073171	-4.82926829268293
			13.1951219512195	-4.85365853658537
			13.1951219512195	-4.8780487804878
			13.219512195122	-4.90243902439024
			13.2439024390244	-4.92682926829268
			13.2439024390244	-4.95121951219512
			13.2682926829268	-4.97560975609756
			13.2926829268293	-5
			13.2926829268293	-5.02439024390244
			13.3170731707317	-5.04878048780488
			13.3170731707317	-5.07317073170732
			13.3414634146341	-5.09756097560976
			13.3658536585366	-5.1219512195122
			13.3658536585366	-5.14634146341463
			13.390243902439	-5.17073170731707
			13.4146341463415	-5.19512195121951
			13.4146341463415	-5.21951219512195
			13.4390243902439	-5.24390243902439
			13.4634146341463	-5.26829268292683
			13.4634146341463	-5.29268292682927
			13.4878048780488	-5.31707317073171
			13.4878048780488	-5.34146341463415
			13.5121951219512	-5.36585365853659
			13.5365853658537	-5.39024390243902
			13.5365853658537	-5.41463414634146
			13.5365853658537	-5.4390243902439
			13.5609756097561	-5.46341463414634
			13.5609756097561	-5.48780487804878
			13.5609756097561	-5.51219512195122
			13.5853658536585	-5.53658536585366
			13.5853658536585	-5.5609756097561
			13.5853658536585	-5.58536585365854
			13.609756097561	-5.60975609756098
			13.609756097561	-5.63414634146342
			13.609756097561	-5.65853658536585
			13.6341463414634	-5.68292682926829
			13.6341463414634	-5.70731707317073
			13.6341463414634	-5.73170731707317
			13.6585365853659	-5.75609756097561
			13.6585365853659	-5.78048780487805
			13.6585365853659	-5.80487804878049
			13.6829268292683	-5.82926829268293
			13.6829268292683	-5.85365853658537
			13.6829268292683	-5.8780487804878
			13.6829268292683	-5.90243902439024
			13.7073170731707	-5.90243902439024
			13.7073170731707	-5.92682926829268
			13.7073170731707	-5.95121951219512
			13.7073170731707	-5.97560975609756
			13.7317073170732	-6
			13.7317073170732	-6.02439024390244
			13.7317073170732	-6.04878048780488
			13.7560975609756	-6.07317073170732
			13.7560975609756	-6.09756097560976
			13.7560975609756	-6.1219512195122
			13.7560975609756	-6.14634146341463
			13.780487804878	-6.17073170731707
			13.780487804878	-6.19512195121951
			13.780487804878	-6.21951219512195
			13.780487804878	-6.24390243902439
			13.8048780487805	-6.26829268292683
			13.8048780487805	-6.29268292682927
			13.8292682926829	-6.31707317073171
			13.8292682926829	-6.34146341463415
			13.8292682926829	-6.36585365853659
			13.8292682926829	-6.39024390243902
			13.8536585365854	-6.41463414634146
			13.8536585365854	-6.4390243902439
			13.8536585365854	-6.46341463414634
			13.8536585365854	-6.48780487804878
			13.8780487804878	-6.51219512195122
			13.8780487804878	-6.53658536585366
			13.8780487804878	-6.5609756097561
			13.9024390243902	-6.58536585365854
			13.9024390243902	-6.60975609756098
			13.9024390243902	-6.63414634146342
			13.9024390243902	-6.65853658536585
			13.9024390243902	-6.68292682926829
			13.9268292682927	-6.70731707317073
			13.9268292682927	-6.73170731707317
			13.9268292682927	-6.75609756097561
			13.9512195121951	-6.78048780487805
			13.9512195121951	-6.80487804878049
			13.9512195121951	-6.82926829268293
			13.9512195121951	-6.85365853658537
			13.9756097560976	-6.8780487804878
			13.9756097560976	-6.90243902439024
			13.9756097560976	-6.92682926829268
			13.9756097560976	-6.95121951219512
			14	-6.97560975609756
			14	-7
			14	-7.02439024390244
			14	-7.04878048780488
			14.0243902439024	-7.07317073170732
			14.0243902439024	-7.09756097560976
			14.0243902439024	-7.1219512195122
			14.0243902439024	-7.14634146341463
			14.0487804878049	-7.17073170731707
			14.0487804878049	-7.19512195121951
			14.0487804878049	-7.21951219512195
			14.0487804878049	-7.24390243902439
			14.0731707317073	-7.26829268292683
			14.0731707317073	-7.29268292682927
			14.0731707317073	-7.31707317073171
			14.0731707317073	-7.34146341463415
			14.0731707317073	-7.36585365853659
			14.0975609756098	-7.39024390243902
			14.0975609756098	-7.41463414634146
			14.0975609756098	-7.4390243902439
			14.0975609756098	-7.46341463414634
			14.0975609756098	-7.48780487804878
			14.0975609756098	-7.51219512195122
			14.0975609756098	-7.53658536585366
			14.1219512195122	-7.5609756097561
			14.1219512195122	-7.58536585365854
			14.1219512195122	-7.60975609756098
			14.1219512195122	-7.63414634146342
			14.1219512195122	-7.65853658536585
			14.1219512195122	-7.68292682926829
			14.1463414634146	-7.70731707317073
			14.1463414634146	-7.73170731707317
			14.1463414634146	-7.75609756097561
			14.1463414634146	-7.78048780487805
			14.1463414634146	-7.80487804878049
			14.1463414634146	-7.82926829268293
			14.1463414634146	-7.85365853658537
			14.1707317073171	-7.8780487804878
			14.1707317073171	-7.90243902439024
			14.1707317073171	-7.92682926829268
			14.1707317073171	-7.95121951219512
			14.1707317073171	-7.97560975609756
			14.1707317073171	-8
			14.1707317073171	-8.02439024390244
			14.1951219512195	-8.04878048780488
			14.1951219512195	-8.07317073170732
			14.1951219512195	-8.09756097560976
			14.1951219512195	-8.1219512195122
			14.1951219512195	-8.14634146341463
			14.1951219512195	-8.17073170731707
			14.1951219512195	-8.19512195121951
			14.1951219512195	-8.21951219512195
			14.1951219512195	-8.24390243902439
			14.219512195122	-8.24390243902439
			14.219512195122	-8.26829268292683
			14.219512195122	-8.29268292682927
			14.219512195122	-8.31707317073171
			14.219512195122	-8.34146341463415
			14.219512195122	-8.36585365853658
			14.219512195122	-8.39024390243902
			14.219512195122	-8.41463414634146
			14.219512195122	-8.4390243902439
			14.2439024390244	-8.46341463414634
			14.2439024390244	-8.48780487804878
			14.2439024390244	-8.51219512195122
			14.2439024390244	-8.53658536585366
			14.2439024390244	-8.5609756097561
			14.2439024390244	-8.58536585365854
			14.2439024390244	-8.60975609756098
			14.2439024390244	-8.63414634146342
			14.2439024390244	-8.65853658536585
			14.2439024390244	-8.68292682926829
			14.2682926829268	-8.70731707317073
			14.2682926829268	-8.73170731707317
			14.2682926829268	-8.75609756097561
			14.2682926829268	-8.78048780487805
			14.2682926829268	-8.80487804878049
			14.2682926829268	-8.82926829268293
			14.2682926829268	-8.85365853658537
			14.2682926829268	-8.87804878048781
			14.2682926829268	-8.90243902439024
			14.2682926829268	-8.92682926829268
			14.2682926829268	-8.95121951219512
			14.2926829268293	-8.97560975609756
			14.2926829268293	-9
			14.2926829268293	-9.02439024390244
			14.2926829268293	-9.04878048780488
			14.2926829268293	-9.07317073170732
			14.2926829268293	-9.09756097560976
		</anterior>
		<posterior type=matrix rownames=FALSE colnames=FALSE nrow=345 ncol=2 as.numeric=TRUE >
			7.68292682926829	-9.09756097560976
			7.70731707317073	-9.09756097560976
			7.73170731707317	-9.09756097560976
			7.75609756097561	-9.09756097560976
			7.78048780487805	-9.09756097560976
			7.80487804878049	-9.09756097560976
			7.80487804878049	-9.1219512195122
			7.82926829268293	-9.1219512195122
			7.85365853658537	-9.1219512195122
			7.8780487804878	-9.1219512195122
			7.90243902439024	-9.1219512195122
			7.92682926829268	-9.1219512195122
			7.95121951219512	-9.1219512195122
			7.97560975609756	-9.1219512195122
			8	-9.1219512195122
			8.02439024390244	-9.1219512195122
			8.04878048780488	-9.1219512195122
			8.07317073170732	-9.1219512195122
			8.09756097560976	-9.1219512195122
			8.1219512195122	-9.1219512195122
			8.14634146341463	-9.1219512195122
			8.17073170731707	-9.1219512195122
			8.19512195121951	-9.1219512195122
			8.21951219512195	-9.1219512195122
			8.24390243902439	-9.1219512195122
			8.26829268292683	-9.1219512195122
			8.29268292682927	-9.1219512195122
			8.31707317073171	-9.1219512195122
			8.34146341463415	-9.1219512195122
			8.36585365853658	-9.1219512195122
			8.39024390243902	-9.1219512195122
			8.41463414634146	-9.1219512195122
			8.4390243902439	-9.1219512195122
			8.46341463414634	-9.1219512195122
			8.48780487804878	-9.1219512195122
			8.51219512195122	-9.1219512195122
			8.53658536585366	-9.1219512195122
			8.5609756097561	-9.1219512195122
			8.58536585365854	-9.1219512195122
			8.60975609756098	-9.1219512195122
			8.63414634146342	-9.1219512195122
			8.65853658536585	-9.1219512195122
			8.68292682926829	-9.1219512195122
			8.70731707317073	-9.1219512195122
			8.73170731707317	-9.09756097560976
			8.75609756097561	-9.09756097560976
			8.78048780487805	-9.09756097560976
			8.80487804878049	-9.09756097560976
			8.82926829268293	-9.09756097560976
			8.85365853658537	-9.09756097560976
			8.87804878048781	-9.09756097560976
			8.90243902439024	-9.09756097560976
			8.92682926829268	-9.09756097560976
			8.95121951219512	-9.09756097560976
			8.97560975609756	-9.07317073170732
			9	-9.07317073170732
			9.02439024390244	-9.07317073170732
			9.04878048780488	-9.07317073170732
			9.07317073170732	-9.07317073170732
			9.09756097560976	-9.07317073170732
			9.1219512195122	-9.07317073170732
			9.14634146341463	-9.04878048780488
			9.17073170731707	-9.04878048780488
			9.19512195121951	-9.04878048780488
			9.21951219512195	-9.04878048780488
			9.24390243902439	-9.04878048780488
			9.26829268292683	-9.04878048780488
			9.29268292682927	-9.02439024390244
			9.31707317073171	-9.02439024390244
			9.34146341463415	-9.02439024390244
			9.36585365853659	-9.02439024390244
			9.39024390243902	-9.02439024390244
			9.41463414634146	-9
			9.4390243902439	-9
			9.46341463414634	-9
			9.48780487804878	-9
			9.51219512195122	-9
			9.53658536585366	-8.97560975609756
			9.5609756097561	-8.97560975609756
			9.58536585365854	-8.97560975609756
			9.60975609756098	-8.97560975609756
			9.63414634146342	-8.95121951219512
			9.65853658536585	-8.95121951219512
			9.68292682926829	-8.95121951219512
			9.70731707317073	-8.95121951219512
			9.73170731707317	-8.92682926829268
			9.75609756097561	-8.92682926829268
			9.78048780487805	-8.92682926829268
			9.80487804878049	-8.92682926829268
			9.82926829268293	-8.90243902439024
			9.85365853658537	-8.90243902439024
			9.87804878048781	-8.90243902439024
			9.90243902439024	-8.87804878048781
			9.92682926829268	-8.87804878048781
			9.95121951219512	-8.87804878048781
			9.97560975609756	-8.87804878048781
			10	-8.85365853658537
			10.0243902439024	-8.85365853658537
			10.0487804878049	-8.85365853658537
			10.0731707317073	-8.85365853658537
			10.0975609756098	-8.85365853658537
			10.0975609756098	-8.87804878048781
			10.1219512195122	-8.87804878048781
			10.1463414634146	-8.87804878048781
			10.1707317073171	-8.87804878048781
			10.1951219512195	-8.87804878048781
			10.219512195122	-8.87804878048781
			10.2439024390244	-8.90243902439024
			10.2682926829268	-8.90243902439024
			10.2926829268293	-8.90243902439024
			10.3170731707317	-8.90243902439024
			10.3414634146341	-8.90243902439024
			10.3658536585366	-8.90243902439024
			10.390243902439	-8.90243902439024
			10.4146341463415	-8.90243902439024
			10.4390243902439	-8.92682926829268
			10.4634146341463	-8.92682926829268
			10.4878048780488	-8.92682926829268
			10.5121951219512	-8.92682926829268
			10.5365853658537	-8.92682926829268
			10.5609756097561	-8.92682926829268
			10.5853658536585	-8.92682926829268
			10.609756097561	-8.92682926829268
			10.6341463414634	-8.92682926829268
			10.6585365853659	-8.95121951219512
			10.6829268292683	-8.95121951219512
			10.7073170731707	-8.95121951219512
			10.7317073170732	-8.95121951219512
			10.7560975609756	-8.95121951219512
			10.780487804878	-8.95121951219512
			10.8048780487805	-8.95121951219512
			10.8292682926829	-8.95121951219512
			10.8536585365854	-8.95121951219512
			10.8780487804878	-8.95121951219512
			10.9024390243902	-8.95121951219512
			10.9268292682927	-8.95121951219512
			10.9512195121951	-8.95121951219512
			10.9756097560976	-8.95121951219512
			11	-8.97560975609756
			11.0243902439024	-8.97560975609756
			11.0487804878049	-8.97560975609756
			11.0731707317073	-8.97560975609756
			11.0975609756098	-8.97560975609756
			11.1219512195122	-8.97560975609756
			11.1463414634146	-8.97560975609756
			11.1707317073171	-8.97560975609756
			11.1951219512195	-8.97560975609756
			11.219512195122	-8.97560975609756
			11.2439024390244	-8.97560975609756
			11.2682926829268	-8.97560975609756
			11.2926829268293	-8.97560975609756
			11.3170731707317	-8.97560975609756
			11.3414634146341	-8.97560975609756
			11.3658536585366	-8.97560975609756
			11.390243902439	-8.97560975609756
			11.4146341463415	-8.97560975609756
			11.4390243902439	-8.97560975609756
			11.4634146341463	-8.97560975609756
			11.4878048780488	-8.97560975609756
			11.5121951219512	-8.97560975609756
			11.5365853658537	-8.97560975609756
			11.5609756097561	-8.97560975609756
			11.5853658536585	-8.97560975609756
			11.609756097561	-8.97560975609756
			11.6341463414634	-8.97560975609756
			11.6585365853659	-8.97560975609756
			11.6829268292683	-8.97560975609756
			11.7073170731707	-8.97560975609756
			11.7317073170732	-8.97560975609756
			11.7560975609756	-8.97560975609756
			11.780487804878	-8.97560975609756
			11.8048780487805	-8.97560975609756
			11.8292682926829	-8.97560975609756
			11.8536585365854	-8.97560975609756
			11.8536585365854	-8.95121951219512
			11.8780487804878	-8.95121951219512
			11.9024390243902	-8.95121951219512
			11.9268292682927	-8.95121951219512
			11.9512195121951	-8.95121951219512
			11.9756097560976	-8.95121951219512
			12	-8.95121951219512
			12.0243902439024	-8.95121951219512
			12.0487804878049	-8.95121951219512
			12.0731707317073	-8.95121951219512
			12.0975609756098	-8.95121951219512
			12.1219512195122	-8.95121951219512
			12.1463414634146	-8.95121951219512
			12.1707317073171	-8.95121951219512
			12.1951219512195	-8.95121951219512
			12.219512195122	-8.95121951219512
			12.2439024390244	-8.95121951219512
			12.2682926829268	-8.95121951219512
			12.2926829268293	-8.95121951219512
			12.3170731707317	-8.95121951219512
			12.3414634146341	-8.95121951219512
			12.3658536585366	-8.95121951219512
			12.390243902439	-8.95121951219512
			12.4146341463415	-8.95121951219512
			12.4390243902439	-8.95121951219512
			12.4634146341463	-8.95121951219512
			12.4878048780488	-8.95121951219512
			12.5121951219512	-8.95121951219512
			12.5365853658537	-8.95121951219512
			12.5609756097561	-8.95121951219512
			12.5853658536585	-8.95121951219512
			12.609756097561	-8.95121951219512
			12.6341463414634	-8.95121951219512
			12.6585365853659	-8.95121951219512
			12.6829268292683	-8.95121951219512
			12.7073170731707	-8.95121951219512
			12.7317073170732	-8.95121951219512
			12.7560975609756	-8.95121951219512
			12.780487804878	-8.95121951219512
			12.8048780487805	-8.95121951219512
			12.8292682926829	-8.95121951219512
			12.8536585365854	-8.95121951219512
			12.8780487804878	-8.95121951219512
			12.9024390243902	-8.95121951219512
			12.9268292682927	-8.95121951219512
			12.9512195121951	-8.95121951219512
			12.9756097560976	-8.95121951219512
			13	-8.95121951219512
			13.0243902439024	-8.97560975609756
			13.0487804878049	-8.97560975609756
			13.0731707317073	-8.97560975609756
			13.0975609756098	-8.97560975609756
			13.1219512195122	-8.97560975609756
			13.1463414634146	-8.97560975609756
			13.1707317073171	-8.97560975609756
			13.1951219512195	-9
			13.219512195122	-9
			13.2439024390244	-9
			13.2682926829268	-9
			13.2926829268293	-9
			13.3170731707317	-9.02439024390244
			13.3414634146341	-9.02439024390244
			13.3658536585366	-9.02439024390244
			13.390243902439	-9.02439024390244
			13.4146341463415	-9.02439024390244
			13.4146341463415	-9.04878048780488
			13.4390243902439	-9.04878048780488
			13.4634146341463	-9.04878048780488
			13.4878048780488	-9.04878048780488
			13.5121951219512	-9.07317073170732
			13.5365853658537	-9.07317073170732
			13.5609756097561	-9.09756097560976
			13.5853658536585	-9.09756097560976
			13.609756097561	-9.1219512195122
			13.6341463414634	-9.1219512195122
			13.6585365853659	-9.14634146341463
			13.6829268292683	-9.17073170731707
			13.7073170731707	-9.17073170731707
			13.7317073170732	-9.19512195121951
			13.7560975609756	-9.19512195121951
			13.7560975609756	-9.21951219512195
			13.780487804878	-9.24390243902439
			13.8048780487805	-9.26829268292683
			13.8292682926829	-9.29268292682927
			13.8292682926829	-9.31707317073171
			13.8536585365854	-9.34146341463415
			13.8536585365854	-9.36585365853659
			13.8780487804878	-9.39024390243902
			13.8780487804878	-9.41463414634146
			13.8780487804878	-9.4390243902439
			13.9024390243902	-9.46341463414634
			13.9024390243902	-9.48780487804878
			13.9268292682927	-9.51219512195122
			13.9268292682927	-9.53658536585366
			13.9512195121951	-9.53658536585366
			13.9512195121951	-9.5609756097561
			13.9512195121951	-9.58536585365854
			13.9756097560976	-9.60975609756098
			13.9756097560976	-9.63414634146342
			14	-9.65853658536585
			14	-9.68292682926829
			14	-9.70731707317073
			14.0243902439024	-9.73170731707317
			14.0243902439024	-9.75609756097561
			14.0487804878049	-9.78048780487805
			14.0487804878049	-9.80487804878049
			14.0487804878049	-9.82926829268293
			14.0731707317073	-9.85365853658537
			14.0731707317073	-9.87804878048781
			14.0731707317073	-9.90243902439024
			14.0975609756098	-9.92682926829268
			14.0975609756098	-9.95121951219512
			14.0975609756098	-9.97560975609756
			14.1219512195122	-10
			14.1219512195122	-10.0243902439024
			14.1219512195122	-10.0487804878049
			14.1463414634146	-10.0731707317073
			14.1463414634146	-10.0975609756098
			14.1463414634146	-10.1219512195122
			14.1707317073171	-10.1463414634146
			14.1707317073171	-10.1707317073171
			14.1707317073171	-10.1951219512195
			14.1951219512195	-10.219512195122
			14.1951219512195	-10.2439024390244
			14.1951219512195	-10.219512195122
			14.1951219512195	-10.1951219512195
			14.219512195122	-10.1707317073171
			14.219512195122	-10.1463414634146
			14.219512195122	-10.1219512195122
			14.219512195122	-10.0975609756098
			14.219512195122	-10.0731707317073
			14.219512195122	-10.0487804878049
			14.2439024390244	-10.0243902439024
			14.2439024390244	-10
			14.2439024390244	-9.97560975609756
			14.2439024390244	-9.95121951219512
			14.2439024390244	-9.92682926829268
			14.2439024390244	-9.90243902439024
			14.2439024390244	-9.87804878048781
			14.2682926829268	-9.85365853658537
			14.2682926829268	-9.82926829268293
			14.2682926829268	-9.80487804878049
			14.2682926829268	-9.78048780487805
			14.2682926829268	-9.75609756097561
			14.2682926829268	-9.73170731707317
			14.2682926829268	-9.70731707317073
			14.2682926829268	-9.68292682926829
			14.2682926829268	-9.65853658536585
			14.2926829268293	-9.63414634146342
			14.2926829268293	-9.60975609756098
			14.2926829268293	-9.58536585365854
			14.2926829268293	-9.5609756097561
			14.2926829268293	-9.53658536585366
			14.2926829268293	-9.51219512195122
			14.2926829268293	-9.48780487804878
			14.2926829268293	-9.46341463414634
			14.2926829268293	-9.4390243902439
			14.2926829268293	-9.41463414634146
			14.2926829268293	-9.39024390243902
			14.2926829268293	-9.36585365853659
			14.2926829268293	-9.34146341463415
			14.2926829268293	-9.31707317073171
			14.2926829268293	-9.29268292682927
			14.2926829268293	-9.26829268292683
			14.2926829268293	-9.24390243902439
			14.2926829268293	-9.21951219512195
			14.2926829268293	-9.19512195121951
			14.2926829268293	-9.17073170731707
			14.2926829268293	-9.14634146341463
			14.2926829268293	-9.1219512195122
			14.2926829268293	-9.09756097560976
		</posterior>
	</curves.scaled>
	<ruler.points type=matrix rownames=TRUE colnames=FALSE nrow=2 ncol=2 as.numeric=TRUE >
		Ruler point 1	289	454
		Ruler point 2	330	454
	</ruler.points>
</shapes>

