<shapes type=list>
	<ruler.pixel type=vector names=FALSE length=1 as.numeric=TRUE >52</ruler.pixel>
	<ruler.interval type=vector names=FALSE length=1 as.numeric=TRUE >2</ruler.interval>
	<scaling.units type=vector names=FALSE length=1 as.numeric=FALSE >mm</scaling.units>
	<scaling type=vector names=FALSE length=1 as.numeric=TRUE >0.0384615384615385</scaling>
	<landmarks.pixel type=matrix rownames=TRUE colnames=FALSE nrow=16 ncol=2 as.numeric=TRUE >
		LM1	195	1
		LM2	195	3
		LM3	192	113
		LM4	192	141
		LM5	271	39
		LM6	222	118
		LM7	230	128
		LM8	265	75
		LM9	264	126
		LM10	195	1
		LM11	282	125
		LM12	282	127
		LM13	195	1
		LM14	290	100
		LM15	363	141
		LM16	369	221
	</landmarks.pixel>
	<landmarks.scaled type=matrix rownames=TRUE colnames=FALSE nrow=16 ncol=2 as.numeric=TRUE >
		LM1	7.5	-0.0384615384615385
		LM2	7.5	-0.115384615384615
		LM3	7.38461538461539	-4.34615384615385
		LM4	7.38461538461539	-5.42307692307692
		LM5	10.4230769230769	-1.5
		LM6	8.53846153846154	-4.53846153846154
		LM7	8.84615384615385	-4.92307692307692
		LM8	10.1923076923077	-2.88461538461538
		LM9	10.1538461538462	-4.84615384615385
		LM10	7.5	-0.0384615384615385
		LM11	10.8461538461538	-4.80769230769231
		LM12	10.8461538461538	-4.88461538461539
		LM13	7.5	-0.0384615384615385
		LM14	11.1538461538462	-3.84615384615385
		LM15	13.9615384615385	-5.42307692307692
		LM16	14.1923076923077	-8.5
	</landmarks.scaled>
	<curves.control type=list>
		<glabella type=matrix rownames=FALSE colnames=FALSE nrow=13 ncol=2 as.numeric=TRUE >
			195	3
			246	10
			266	30
			279	38
			266	47
			253	67
			239	79
			233	94
			227	108
			225	113
			221	118
			233	121
			230	128
		</glabella>
		<suture type=matrix rownames=FALSE colnames=FALSE nrow=11 ncol=2 as.numeric=TRUE >
			195	1
			266	10
			281	38
			272	55
			269	63
			267	76
			260	80
			295	82
			279	120
			280	123
			282	127
		</suture>
		<anterior type=matrix rownames=FALSE colnames=FALSE nrow=5 ncol=2 as.numeric=TRUE >
			195	1
			275	9
			322	71
			349	99
			363	141
		</anterior>
		<posterior type=matrix rownames=FALSE colnames=FALSE nrow=15 ncol=2 as.numeric=TRUE >
			192	141
			213	142
			220	135
			231	129
			238	125
			262	135
			318	121
			333	118
			352	153
			363	188
			368	222
			378	211
			368	162
			366	154
			363	141
		</posterior>
	</curves.control>
	<curves.pixel type=list>
		<glabella type=matrix rownames=FALSE colnames=FALSE nrow=191 ncol=2 as.numeric=TRUE >
			195	3
			196	3
			197	3
			198	3
			199	4
			200	4
			201	4
			202	4
			203	4
			204	4
			205	5
			206	5
			207	5
			208	5
			209	5
			210	5
			211	6
			212	6
			213	6
			214	6
			215	7
			216	7
			217	7
			218	7
			219	7
			220	8
			221	8
			222	8
			223	8
			224	9
			225	9
			226	9
			227	9
			228	10
			229	10
			230	11
			231	11
			232	11
			233	12
			234	12
			235	12
			236	13
			237	13
			238	13
			239	14
			240	14
			241	14
			242	15
			243	15
			244	16
			245	16
			246	16
			246	17
			247	17
			248	18
			249	18
			250	18
			251	19
			252	20
			253	20
			254	21
			255	21
			256	22
			257	22
			257	23
			258	24
			259	24
			260	25
			261	25
			261	26
			262	26
			263	27
			264	28
			265	29
			266	30
			267	31
			268	31
			268	32
			269	32
			270	33
			271	34
			271	35
			272	36
			272	37
			272	38
			272	39
			272	40
			272	41
			271	42
			271	43
			270	43
			270	44
			269	45
			268	45
			267	46
			266	47
			265	48
			265	49
			264	50
			263	51
			263	52
			262	53
			262	54
			261	54
			260	55
			260	56
			259	57
			258	58
			258	59
			257	59
			257	60
			256	61
			255	62
			255	63
			254	63
			254	64
			253	65
			252	66
			251	67
			250	68
			249	69
			248	70
			247	71
			247	72
			246	72
			245	73
			244	74
			244	75
			243	76
			242	76
			241	77
			241	78
			240	78
			239	79
			239	80
			238	81
			238	82
			237	83
			237	84
			236	85
			236	86
			236	87
			235	88
			235	89
			234	90
			234	91
			234	92
			233	93
			233	94
			232	95
			232	96
			232	97
			231	98
			231	99
			230	100
			230	101
			230	102
			229	103
			229	104
			228	105
			228	106
			227	107
			227	108
			227	109
			226	110
			226	111
			225	112
			224	113
			224	114
			223	115
			223	116
			222	116
			222	117
			221	118
			222	118
			223	119
			224	119
			225	119
			226	120
			227	120
			227	121
			228	121
			229	121
			229	122
			230	122
			230	123
			230	124
			231	125
			231	126
			230	127
			230	128
		</glabella>
		<suture type=matrix rownames=FALSE colnames=FALSE nrow=204 ncol=2 as.numeric=TRUE >
			195	1
			196	1
			197	1
			198	1
			199	2
			200	2
			201	2
			202	2
			203	2
			204	2
			205	2
			206	3
			207	3
			208	3
			209	3
			210	3
			211	3
			212	4
			213	4
			214	4
			215	4
			216	4
			217	4
			218	5
			219	5
			220	5
			221	5
			222	6
			223	6
			224	6
			225	6
			226	7
			227	7
			228	7
			229	7
			230	7
			231	8
			232	8
			233	8
			234	9
			235	9
			236	9
			237	9
			238	10
			239	10
			240	10
			241	10
			241	11
			242	11
			243	11
			244	11
			244	12
			245	12
			246	12
			247	13
			248	13
			249	14
			250	14
			251	14
			252	15
			253	15
			254	16
			255	16
			256	17
			257	17
			258	17
			259	18
			260	19
			261	19
			262	20
			263	20
			264	21
			265	22
			266	22
			267	23
			268	23
			268	24
			269	25
			270	25
			271	26
			272	26
			272	27
			273	28
			274	28
			274	29
			275	30
			276	30
			276	31
			277	32
			277	33
			278	33
			278	34
			279	35
			280	36
			280	37
			281	38
			280	39
			280	40
			279	41
			279	42
			278	43
			278	44
			277	45
			277	46
			276	47
			276	48
			275	49
			275	50
			275	51
			274	51
			274	52
			273	53
			273	54
			273	55
			272	55
			272	56
			272	57
			271	57
			271	58
			271	59
			270	59
			270	60
			270	61
			269	62
			269	63
			269	64
			269	65
			268	66
			268	67
			268	68
			268	69
			267	70
			267	71
			267	72
			266	73
			265	74
			265	75
			265	76
			264	76
			264	77
			263	78
			262	79
			261	80
			260	80
			261	80
			262	80
			263	80
			264	80
			265	80
			265	81
			266	81
			267	81
			268	81
			269	81
			270	82
			271	82
			272	82
			273	83
			274	83
			275	84
			276	84
			277	85
			278	86
			279	87
			280	88
			281	89
			281	90
			282	91
			283	92
			283	93
			283	94
			284	95
			284	96
			284	97
			284	98
			284	99
			284	100
			284	101
			284	102
			284	103
			284	104
			284	105
			283	106
			283	107
			283	108
			283	109
			283	110
			282	111
			282	112
			282	113
			281	114
			281	115
			281	116
			280	117
			280	118
			279	119
			279	120
			279	121
			280	122
			280	123
			281	124
			281	125
			282	126
			282	127
		</suture>
		<anterior type=matrix rownames=FALSE colnames=FALSE nrow=221 ncol=2 as.numeric=TRUE >
			195	1
			196	1
			197	1
			198	1
			199	1
			200	2
			201	2
			202	2
			203	2
			204	2
			205	2
			206	2
			207	3
			208	3
			209	3
			210	3
			211	3
			212	3
			213	4
			214	4
			215	4
			216	4
			217	4
			218	4
			219	5
			220	5
			221	5
			222	5
			222	6
			223	6
			224	6
			225	6
			226	7
			227	7
			228	7
			229	7
			230	7
			230	8
			231	8
			232	8
			233	8
			233	9
			234	9
			235	9
			236	9
			237	10
			238	10
			239	10
			240	11
			241	11
			242	11
			243	12
			244	12
			245	13
			246	13
			247	13
			248	14
			249	14
			250	14
			251	15
			252	15
			253	16
			254	16
			255	16
			255	17
			256	17
			257	18
			258	18
			259	19
			260	19
			261	19
			262	20
			263	20
			263	21
			264	21
			265	22
			266	22
			267	23
			268	23
			269	24
			270	24
			271	25
			272	26
			273	26
			274	27
			275	28
			276	28
			277	29
			278	29
			279	30
			280	31
			281	31
			282	32
			283	33
			284	33
			285	34
			286	35
			287	35
			288	36
			289	37
			290	38
			291	39
			292	40
			293	41
			294	41
			294	42
			295	42
			296	43
			297	44
			298	45
			299	46
			300	47
			301	48
			302	48
			302	49
			303	50
			304	50
			305	51
			305	52
			306	53
			307	53
			308	54
			308	55
			309	56
			310	56
			310	57
			311	58
			312	59
			313	59
			313	60
			314	61
			315	62
			315	63
			316	63
			317	64
			317	65
			318	66
			319	67
			319	68
			320	68
			321	69
			321	70
			322	71
			323	72
			323	73
			324	73
			325	74
			326	75
			326	76
			327	77
			328	77
			329	78
			329	79
			330	80
			331	81
			331	82
			332	82
			333	83
			333	84
			334	85
			335	86
			335	87
			336	88
			337	89
			338	90
			339	91
			339	92
			340	93
			340	94
			341	94
			341	95
			342	96
			342	97
			343	98
			344	99
			344	100
			345	100
			345	101
			346	102
			346	103
			346	104
			347	105
			348	106
			349	107
			349	108
			350	109
			350	110
			350	111
			351	111
			351	112
			351	113
			352	113
			352	114
			352	115
			353	115
			353	116
			353	117
			354	118
			354	119
			355	120
			355	121
			356	122
			356	123
			357	124
			357	125
			357	126
			358	127
			358	128
			359	129
			359	130
			359	131
			360	132
			360	133
			361	134
			361	135
			361	136
			362	137
			362	138
			362	139
			363	140
			363	141
		</anterior>
		<posterior type=matrix rownames=FALSE colnames=FALSE nrow=328 ncol=2 as.numeric=TRUE >
			192	141
			193	141
			194	141
			195	141
			196	141
			197	141
			198	141
			199	141
			200	141
			201	141
			202	141
			203	141
			204	141
			205	141
			206	141
			207	140
			208	140
			209	140
			210	140
			211	140
			212	139
			213	139
			214	139
			215	138
			216	138
			217	137
			218	137
			219	136
			220	135
			221	134
			222	134
			223	133
			224	133
			225	132
			226	131
			227	131
			228	130
			229	130
			230	129
			231	129
			232	128
			233	128
			234	127
			235	127
			235	126
			236	126
			237	126
			238	125
			239	125
			240	126
			241	126
			242	127
			243	127
			244	127
			245	127
			246	128
			247	128
			248	128
			249	128
			250	128
			251	128
			252	129
			253	129
			254	129
			255	129
			256	129
			257	129
			258	129
			259	129
			260	129
			261	129
			262	129
			263	129
			264	129
			265	129
			266	129
			267	129
			268	129
			269	129
			270	129
			271	129
			272	129
			273	129
			274	129
			275	129
			276	129
			277	129
			278	128
			279	128
			280	128
			281	128
			282	128
			283	128
			284	128
			285	128
			286	127
			287	127
			288	127
			289	127
			290	127
			291	127
			292	126
			293	126
			294	126
			295	126
			296	126
			297	126
			298	125
			299	125
			300	125
			301	125
			302	125
			303	124
			304	124
			305	124
			306	124
			307	123
			308	123
			309	123
			310	123
			311	123
			312	122
			313	122
			314	122
			315	122
			316	121
			317	121
			318	121
			319	121
			320	121
			321	121
			322	121
			323	121
			324	121
			325	122
			326	122
			327	123
			328	123
			329	124
			330	124
			330	125
			331	125
			332	126
			333	126
			333	127
			334	128
			335	128
			335	129
			336	130
			337	130
			338	131
			338	132
			339	133
			340	134
			341	135
			341	136
			342	137
			343	138
			344	139
			344	140
			345	141
			346	142
			346	143
			347	144
			347	145
			348	145
			348	146
			349	147
			349	148
			350	149
			350	150
			351	151
			352	152
			352	153
			352	154
			353	155
			353	156
			353	157
			354	158
			354	159
			354	160
			354	161
			355	162
			355	163
			355	164
			356	165
			356	166
			356	167
			356	168
			357	168
			357	169
			357	170
			357	171
			358	172
			358	173
			358	174
			358	175
			359	176
			359	177
			359	178
			359	179
			360	180
			360	181
			360	182
			360	183
			361	184
			361	185
			361	186
			361	187
			362	188
			362	189
			362	190
			362	191
			362	192
			363	193
			363	194
			363	195
			363	196
			363	197
			364	197
			364	198
			364	199
			364	200
			364	201
			365	202
			365	203
			365	204
			365	205
			365	206
			365	207
			366	208
			366	209
			366	210
			366	211
			366	212
			367	213
			367	214
			367	215
			367	216
			367	217
			367	218
			367	219
			368	219
			368	220
			368	221
			368	222
			369	221
			370	220
			370	219
			370	218
			371	217
			371	216
			372	215
			372	214
			372	213
			372	212
			372	211
			372	210
			373	209
			373	208
			373	207
			373	206
			373	205
			373	204
			373	203
			373	202
			373	201
			373	200
			373	199
			373	198
			373	197
			373	196
			373	195
			373	194
			373	193
			373	192
			372	191
			372	190
			372	189
			372	188
			372	187
			372	186
			372	185
			372	184
			372	183
			371	182
			371	181
			371	180
			371	179
			371	178
			371	177
			370	176
			370	175
			370	174
			370	173
			370	172
			370	171
			370	170
			369	169
			369	168
			369	167
			369	166
			369	165
			368	164
			368	163
			368	162
			368	161
			368	160
			367	160
			367	159
			367	158
			367	157
			366	156
			366	155
			366	154
			366	153
			366	152
			365	151
			365	150
			365	149
			365	148
			364	147
			364	146
			364	145
			364	144
			363	143
			363	142
			363	141
		</posterior>
	</curves.pixel>
	<curves.scaled type=list>
		<glabella type=matrix rownames=FALSE colnames=FALSE nrow=191 ncol=2 as.numeric=TRUE >
			7.5	-0.115384615384615
			7.53846153846154	-0.115384615384615
			7.57692307692308	-0.115384615384615
			7.61538461538462	-0.115384615384615
			7.65384615384615	-0.153846153846154
			7.69230769230769	-0.153846153846154
			7.73076923076923	-0.153846153846154
			7.76923076923077	-0.153846153846154
			7.80769230769231	-0.153846153846154
			7.84615384615385	-0.153846153846154
			7.88461538461539	-0.192307692307692
			7.92307692307692	-0.192307692307692
			7.96153846153846	-0.192307692307692
			8	-0.192307692307692
			8.03846153846154	-0.192307692307692
			8.07692307692308	-0.192307692307692
			8.11538461538461	-0.230769230769231
			8.15384615384616	-0.230769230769231
			8.19230769230769	-0.230769230769231
			8.23076923076923	-0.230769230769231
			8.26923076923077	-0.269230769230769
			8.30769230769231	-0.269230769230769
			8.34615384615385	-0.269230769230769
			8.38461538461539	-0.269230769230769
			8.42307692307692	-0.269230769230769
			8.46153846153846	-0.307692307692308
			8.5	-0.307692307692308
			8.53846153846154	-0.307692307692308
			8.57692307692308	-0.307692307692308
			8.61538461538462	-0.346153846153846
			8.65384615384616	-0.346153846153846
			8.69230769230769	-0.346153846153846
			8.73076923076923	-0.346153846153846
			8.76923076923077	-0.384615384615385
			8.80769230769231	-0.384615384615385
			8.84615384615385	-0.423076923076923
			8.88461538461539	-0.423076923076923
			8.92307692307692	-0.423076923076923
			8.96153846153846	-0.461538461538462
			9	-0.461538461538462
			9.03846153846154	-0.461538461538462
			9.07692307692308	-0.5
			9.11538461538462	-0.5
			9.15384615384616	-0.5
			9.19230769230769	-0.538461538461539
			9.23076923076923	-0.538461538461539
			9.26923076923077	-0.538461538461539
			9.30769230769231	-0.576923076923077
			9.34615384615385	-0.576923076923077
			9.38461538461539	-0.615384615384615
			9.42307692307692	-0.615384615384615
			9.46153846153846	-0.615384615384615
			9.46153846153846	-0.653846153846154
			9.5	-0.653846153846154
			9.53846153846154	-0.692307692307692
			9.57692307692308	-0.692307692307692
			9.61538461538462	-0.692307692307692
			9.65384615384616	-0.730769230769231
			9.69230769230769	-0.769230769230769
			9.73076923076923	-0.769230769230769
			9.76923076923077	-0.807692307692308
			9.80769230769231	-0.807692307692308
			9.84615384615385	-0.846153846153846
			9.88461538461539	-0.846153846153846
			9.88461538461539	-0.884615384615385
			9.92307692307692	-0.923076923076923
			9.96153846153846	-0.923076923076923
			10	-0.961538461538462
			10.0384615384615	-0.961538461538462
			10.0384615384615	-1
			10.0769230769231	-1
			10.1153846153846	-1.03846153846154
			10.1538461538462	-1.07692307692308
			10.1923076923077	-1.11538461538462
			10.2307692307692	-1.15384615384615
			10.2692307692308	-1.19230769230769
			10.3076923076923	-1.19230769230769
			10.3076923076923	-1.23076923076923
			10.3461538461538	-1.23076923076923
			10.3846153846154	-1.26923076923077
			10.4230769230769	-1.30769230769231
			10.4230769230769	-1.34615384615385
			10.4615384615385	-1.38461538461538
			10.4615384615385	-1.42307692307692
			10.4615384615385	-1.46153846153846
			10.4615384615385	-1.5
			10.4615384615385	-1.53846153846154
			10.4615384615385	-1.57692307692308
			10.4230769230769	-1.61538461538462
			10.4230769230769	-1.65384615384615
			10.3846153846154	-1.65384615384615
			10.3846153846154	-1.69230769230769
			10.3461538461538	-1.73076923076923
			10.3076923076923	-1.73076923076923
			10.2692307692308	-1.76923076923077
			10.2307692307692	-1.80769230769231
			10.1923076923077	-1.84615384615385
			10.1923076923077	-1.88461538461538
			10.1538461538462	-1.92307692307692
			10.1153846153846	-1.96153846153846
			10.1153846153846	-2
			10.0769230769231	-2.03846153846154
			10.0769230769231	-2.07692307692308
			10.0384615384615	-2.07692307692308
			10	-2.11538461538462
			10	-2.15384615384615
			9.96153846153846	-2.19230769230769
			9.92307692307692	-2.23076923076923
			9.92307692307692	-2.26923076923077
			9.88461538461539	-2.26923076923077
			9.88461538461539	-2.30769230769231
			9.84615384615385	-2.34615384615385
			9.80769230769231	-2.38461538461538
			9.80769230769231	-2.42307692307692
			9.76923076923077	-2.42307692307692
			9.76923076923077	-2.46153846153846
			9.73076923076923	-2.5
			9.69230769230769	-2.53846153846154
			9.65384615384616	-2.57692307692308
			9.61538461538462	-2.61538461538462
			9.57692307692308	-2.65384615384615
			9.53846153846154	-2.69230769230769
			9.5	-2.73076923076923
			9.5	-2.76923076923077
			9.46153846153846	-2.76923076923077
			9.42307692307692	-2.80769230769231
			9.38461538461539	-2.84615384615385
			9.38461538461539	-2.88461538461538
			9.34615384615385	-2.92307692307692
			9.30769230769231	-2.92307692307692
			9.26923076923077	-2.96153846153846
			9.26923076923077	-3
			9.23076923076923	-3
			9.19230769230769	-3.03846153846154
			9.19230769230769	-3.07692307692308
			9.15384615384616	-3.11538461538462
			9.15384615384616	-3.15384615384615
			9.11538461538462	-3.19230769230769
			9.11538461538462	-3.23076923076923
			9.07692307692308	-3.26923076923077
			9.07692307692308	-3.30769230769231
			9.07692307692308	-3.34615384615385
			9.03846153846154	-3.38461538461539
			9.03846153846154	-3.42307692307692
			9	-3.46153846153846
			9	-3.5
			9	-3.53846153846154
			8.96153846153846	-3.57692307692308
			8.96153846153846	-3.61538461538462
			8.92307692307692	-3.65384615384615
			8.92307692307692	-3.69230769230769
			8.92307692307692	-3.73076923076923
			8.88461538461539	-3.76923076923077
			8.88461538461539	-3.80769230769231
			8.84615384615385	-3.84615384615385
			8.84615384615385	-3.88461538461539
			8.84615384615385	-3.92307692307692
			8.80769230769231	-3.96153846153846
			8.80769230769231	-4
			8.76923076923077	-4.03846153846154
			8.76923076923077	-4.07692307692308
			8.73076923076923	-4.11538461538462
			8.73076923076923	-4.15384615384615
			8.73076923076923	-4.19230769230769
			8.69230769230769	-4.23076923076923
			8.69230769230769	-4.26923076923077
			8.65384615384616	-4.30769230769231
			8.61538461538462	-4.34615384615385
			8.61538461538462	-4.38461538461539
			8.57692307692308	-4.42307692307692
			8.57692307692308	-4.46153846153846
			8.53846153846154	-4.46153846153846
			8.53846153846154	-4.5
			8.5	-4.53846153846154
			8.53846153846154	-4.53846153846154
			8.57692307692308	-4.57692307692308
			8.61538461538462	-4.57692307692308
			8.65384615384616	-4.57692307692308
			8.69230769230769	-4.61538461538462
			8.73076923076923	-4.61538461538462
			8.73076923076923	-4.65384615384615
			8.76923076923077	-4.65384615384615
			8.80769230769231	-4.65384615384615
			8.80769230769231	-4.69230769230769
			8.84615384615385	-4.69230769230769
			8.84615384615385	-4.73076923076923
			8.84615384615385	-4.76923076923077
			8.88461538461539	-4.80769230769231
			8.88461538461539	-4.84615384615385
			8.84615384615385	-4.88461538461539
			8.84615384615385	-4.92307692307692
		</glabella>
		<suture type=matrix rownames=FALSE colnames=FALSE nrow=204 ncol=2 as.numeric=TRUE >
			7.5	-0.0384615384615385
			7.53846153846154	-0.0384615384615385
			7.57692307692308	-0.0384615384615385
			7.61538461538462	-0.0384615384615385
			7.65384615384615	-0.0769230769230769
			7.69230769230769	-0.0769230769230769
			7.73076923076923	-0.0769230769230769
			7.76923076923077	-0.0769230769230769
			7.80769230769231	-0.0769230769230769
			7.84615384615385	-0.0769230769230769
			7.88461538461539	-0.0769230769230769
			7.92307692307692	-0.115384615384615
			7.96153846153846	-0.115384615384615
			8	-0.115384615384615
			8.03846153846154	-0.115384615384615
			8.07692307692308	-0.115384615384615
			8.11538461538461	-0.115384615384615
			8.15384615384616	-0.153846153846154
			8.19230769230769	-0.153846153846154
			8.23076923076923	-0.153846153846154
			8.26923076923077	-0.153846153846154
			8.30769230769231	-0.153846153846154
			8.34615384615385	-0.153846153846154
			8.38461538461539	-0.192307692307692
			8.42307692307692	-0.192307692307692
			8.46153846153846	-0.192307692307692
			8.5	-0.192307692307692
			8.53846153846154	-0.230769230769231
			8.57692307692308	-0.230769230769231
			8.61538461538462	-0.230769230769231
			8.65384615384616	-0.230769230769231
			8.69230769230769	-0.269230769230769
			8.73076923076923	-0.269230769230769
			8.76923076923077	-0.269230769230769
			8.80769230769231	-0.269230769230769
			8.84615384615385	-0.269230769230769
			8.88461538461539	-0.307692307692308
			8.92307692307692	-0.307692307692308
			8.96153846153846	-0.307692307692308
			9	-0.346153846153846
			9.03846153846154	-0.346153846153846
			9.07692307692308	-0.346153846153846
			9.11538461538462	-0.346153846153846
			9.15384615384616	-0.384615384615385
			9.19230769230769	-0.384615384615385
			9.23076923076923	-0.384615384615385
			9.26923076923077	-0.384615384615385
			9.26923076923077	-0.423076923076923
			9.30769230769231	-0.423076923076923
			9.34615384615385	-0.423076923076923
			9.38461538461539	-0.423076923076923
			9.38461538461539	-0.461538461538462
			9.42307692307692	-0.461538461538462
			9.46153846153846	-0.461538461538462
			9.5	-0.5
			9.53846153846154	-0.5
			9.57692307692308	-0.538461538461539
			9.61538461538462	-0.538461538461539
			9.65384615384616	-0.538461538461539
			9.69230769230769	-0.576923076923077
			9.73076923076923	-0.576923076923077
			9.76923076923077	-0.615384615384615
			9.80769230769231	-0.615384615384615
			9.84615384615385	-0.653846153846154
			9.88461538461539	-0.653846153846154
			9.92307692307692	-0.653846153846154
			9.96153846153846	-0.692307692307692
			10	-0.730769230769231
			10.0384615384615	-0.730769230769231
			10.0769230769231	-0.769230769230769
			10.1153846153846	-0.769230769230769
			10.1538461538462	-0.807692307692308
			10.1923076923077	-0.846153846153846
			10.2307692307692	-0.846153846153846
			10.2692307692308	-0.884615384615385
			10.3076923076923	-0.884615384615385
			10.3076923076923	-0.923076923076923
			10.3461538461538	-0.961538461538462
			10.3846153846154	-0.961538461538462
			10.4230769230769	-1
			10.4615384615385	-1
			10.4615384615385	-1.03846153846154
			10.5	-1.07692307692308
			10.5384615384615	-1.07692307692308
			10.5384615384615	-1.11538461538462
			10.5769230769231	-1.15384615384615
			10.6153846153846	-1.15384615384615
			10.6153846153846	-1.19230769230769
			10.6538461538462	-1.23076923076923
			10.6538461538462	-1.26923076923077
			10.6923076923077	-1.26923076923077
			10.6923076923077	-1.30769230769231
			10.7307692307692	-1.34615384615385
			10.7692307692308	-1.38461538461538
			10.7692307692308	-1.42307692307692
			10.8076923076923	-1.46153846153846
			10.7692307692308	-1.5
			10.7692307692308	-1.53846153846154
			10.7307692307692	-1.57692307692308
			10.7307692307692	-1.61538461538462
			10.6923076923077	-1.65384615384615
			10.6923076923077	-1.69230769230769
			10.6538461538462	-1.73076923076923
			10.6538461538462	-1.76923076923077
			10.6153846153846	-1.80769230769231
			10.6153846153846	-1.84615384615385
			10.5769230769231	-1.88461538461538
			10.5769230769231	-1.92307692307692
			10.5769230769231	-1.96153846153846
			10.5384615384615	-1.96153846153846
			10.5384615384615	-2
			10.5	-2.03846153846154
			10.5	-2.07692307692308
			10.5	-2.11538461538462
			10.4615384615385	-2.11538461538462
			10.4615384615385	-2.15384615384615
			10.4615384615385	-2.19230769230769
			10.4230769230769	-2.19230769230769
			10.4230769230769	-2.23076923076923
			10.4230769230769	-2.26923076923077
			10.3846153846154	-2.26923076923077
			10.3846153846154	-2.30769230769231
			10.3846153846154	-2.34615384615385
			10.3461538461538	-2.38461538461538
			10.3461538461538	-2.42307692307692
			10.3461538461538	-2.46153846153846
			10.3461538461538	-2.5
			10.3076923076923	-2.53846153846154
			10.3076923076923	-2.57692307692308
			10.3076923076923	-2.61538461538462
			10.3076923076923	-2.65384615384615
			10.2692307692308	-2.69230769230769
			10.2692307692308	-2.73076923076923
			10.2692307692308	-2.76923076923077
			10.2307692307692	-2.80769230769231
			10.1923076923077	-2.84615384615385
			10.1923076923077	-2.88461538461538
			10.1923076923077	-2.92307692307692
			10.1538461538462	-2.92307692307692
			10.1538461538462	-2.96153846153846
			10.1153846153846	-3
			10.0769230769231	-3.03846153846154
			10.0384615384615	-3.07692307692308
			10	-3.07692307692308
			10.0384615384615	-3.07692307692308
			10.0769230769231	-3.07692307692308
			10.1153846153846	-3.07692307692308
			10.1538461538462	-3.07692307692308
			10.1923076923077	-3.07692307692308
			10.1923076923077	-3.11538461538462
			10.2307692307692	-3.11538461538462
			10.2692307692308	-3.11538461538462
			10.3076923076923	-3.11538461538462
			10.3461538461538	-3.11538461538462
			10.3846153846154	-3.15384615384615
			10.4230769230769	-3.15384615384615
			10.4615384615385	-3.15384615384615
			10.5	-3.19230769230769
			10.5384615384615	-3.19230769230769
			10.5769230769231	-3.23076923076923
			10.6153846153846	-3.23076923076923
			10.6538461538462	-3.26923076923077
			10.6923076923077	-3.30769230769231
			10.7307692307692	-3.34615384615385
			10.7692307692308	-3.38461538461539
			10.8076923076923	-3.42307692307692
			10.8076923076923	-3.46153846153846
			10.8461538461538	-3.5
			10.8846153846154	-3.53846153846154
			10.8846153846154	-3.57692307692308
			10.8846153846154	-3.61538461538462
			10.9230769230769	-3.65384615384615
			10.9230769230769	-3.69230769230769
			10.9230769230769	-3.73076923076923
			10.9230769230769	-3.76923076923077
			10.9230769230769	-3.80769230769231
			10.9230769230769	-3.84615384615385
			10.9230769230769	-3.88461538461539
			10.9230769230769	-3.92307692307692
			10.9230769230769	-3.96153846153846
			10.9230769230769	-4
			10.9230769230769	-4.03846153846154
			10.8846153846154	-4.07692307692308
			10.8846153846154	-4.11538461538462
			10.8846153846154	-4.15384615384615
			10.8846153846154	-4.19230769230769
			10.8846153846154	-4.23076923076923
			10.8461538461538	-4.26923076923077
			10.8461538461538	-4.30769230769231
			10.8461538461538	-4.34615384615385
			10.8076923076923	-4.38461538461539
			10.8076923076923	-4.42307692307692
			10.8076923076923	-4.46153846153846
			10.7692307692308	-4.5
			10.7692307692308	-4.53846153846154
			10.7307692307692	-4.57692307692308
			10.7307692307692	-4.61538461538462
			10.7307692307692	-4.65384615384615
			10.7692307692308	-4.69230769230769
			10.7692307692308	-4.73076923076923
			10.8076923076923	-4.76923076923077
			10.8076923076923	-4.80769230769231
			10.8461538461538	-4.84615384615385
			10.8461538461538	-4.88461538461539
		</suture>
		<anterior type=matrix rownames=FALSE colnames=FALSE nrow=221 ncol=2 as.numeric=TRUE >
			7.5	-0.0384615384615385
			7.53846153846154	-0.0384615384615385
			7.57692307692308	-0.0384615384615385
			7.61538461538462	-0.0384615384615385
			7.65384615384615	-0.0384615384615385
			7.69230769230769	-0.0769230769230769
			7.73076923076923	-0.0769230769230769
			7.76923076923077	-0.0769230769230769
			7.80769230769231	-0.0769230769230769
			7.84615384615385	-0.0769230769230769
			7.88461538461539	-0.0769230769230769
			7.92307692307692	-0.0769230769230769
			7.96153846153846	-0.115384615384615
			8	-0.115384615384615
			8.03846153846154	-0.115384615384615
			8.07692307692308	-0.115384615384615
			8.11538461538461	-0.115384615384615
			8.15384615384616	-0.115384615384615
			8.19230769230769	-0.153846153846154
			8.23076923076923	-0.153846153846154
			8.26923076923077	-0.153846153846154
			8.30769230769231	-0.153846153846154
			8.34615384615385	-0.153846153846154
			8.38461538461539	-0.153846153846154
			8.42307692307692	-0.192307692307692
			8.46153846153846	-0.192307692307692
			8.5	-0.192307692307692
			8.53846153846154	-0.192307692307692
			8.53846153846154	-0.230769230769231
			8.57692307692308	-0.230769230769231
			8.61538461538462	-0.230769230769231
			8.65384615384616	-0.230769230769231
			8.69230769230769	-0.269230769230769
			8.73076923076923	-0.269230769230769
			8.76923076923077	-0.269230769230769
			8.80769230769231	-0.269230769230769
			8.84615384615385	-0.269230769230769
			8.84615384615385	-0.307692307692308
			8.88461538461539	-0.307692307692308
			8.92307692307692	-0.307692307692308
			8.96153846153846	-0.307692307692308
			8.96153846153846	-0.346153846153846
			9	-0.346153846153846
			9.03846153846154	-0.346153846153846
			9.07692307692308	-0.346153846153846
			9.11538461538462	-0.384615384615385
			9.15384615384616	-0.384615384615385
			9.19230769230769	-0.384615384615385
			9.23076923076923	-0.423076923076923
			9.26923076923077	-0.423076923076923
			9.30769230769231	-0.423076923076923
			9.34615384615385	-0.461538461538462
			9.38461538461539	-0.461538461538462
			9.42307692307692	-0.5
			9.46153846153846	-0.5
			9.5	-0.5
			9.53846153846154	-0.538461538461539
			9.57692307692308	-0.538461538461539
			9.61538461538462	-0.538461538461539
			9.65384615384616	-0.576923076923077
			9.69230769230769	-0.576923076923077
			9.73076923076923	-0.615384615384615
			9.76923076923077	-0.615384615384615
			9.80769230769231	-0.615384615384615
			9.80769230769231	-0.653846153846154
			9.84615384615385	-0.653846153846154
			9.88461538461539	-0.692307692307692
			9.92307692307692	-0.692307692307692
			9.96153846153846	-0.730769230769231
			10	-0.730769230769231
			10.0384615384615	-0.730769230769231
			10.0769230769231	-0.769230769230769
			10.1153846153846	-0.769230769230769
			10.1153846153846	-0.807692307692308
			10.1538461538462	-0.807692307692308
			10.1923076923077	-0.846153846153846
			10.2307692307692	-0.846153846153846
			10.2692307692308	-0.884615384615385
			10.3076923076923	-0.884615384615385
			10.3461538461538	-0.923076923076923
			10.3846153846154	-0.923076923076923
			10.4230769230769	-0.961538461538462
			10.4615384615385	-1
			10.5	-1
			10.5384615384615	-1.03846153846154
			10.5769230769231	-1.07692307692308
			10.6153846153846	-1.07692307692308
			10.6538461538462	-1.11538461538462
			10.6923076923077	-1.11538461538462
			10.7307692307692	-1.15384615384615
			10.7692307692308	-1.19230769230769
			10.8076923076923	-1.19230769230769
			10.8461538461538	-1.23076923076923
			10.8846153846154	-1.26923076923077
			10.9230769230769	-1.26923076923077
			10.9615384615385	-1.30769230769231
			11	-1.34615384615385
			11.0384615384615	-1.34615384615385
			11.0769230769231	-1.38461538461538
			11.1153846153846	-1.42307692307692
			11.1538461538462	-1.46153846153846
			11.1923076923077	-1.5
			11.2307692307692	-1.53846153846154
			11.2692307692308	-1.57692307692308
			11.3076923076923	-1.57692307692308
			11.3076923076923	-1.61538461538462
			11.3461538461538	-1.61538461538462
			11.3846153846154	-1.65384615384615
			11.4230769230769	-1.69230769230769
			11.4615384615385	-1.73076923076923
			11.5	-1.76923076923077
			11.5384615384615	-1.80769230769231
			11.5769230769231	-1.84615384615385
			11.6153846153846	-1.84615384615385
			11.6153846153846	-1.88461538461538
			11.6538461538462	-1.92307692307692
			11.6923076923077	-1.92307692307692
			11.7307692307692	-1.96153846153846
			11.7307692307692	-2
			11.7692307692308	-2.03846153846154
			11.8076923076923	-2.03846153846154
			11.8461538461538	-2.07692307692308
			11.8461538461538	-2.11538461538462
			11.8846153846154	-2.15384615384615
			11.9230769230769	-2.15384615384615
			11.9230769230769	-2.19230769230769
			11.9615384615385	-2.23076923076923
			12	-2.26923076923077
			12.0384615384615	-2.26923076923077
			12.0384615384615	-2.30769230769231
			12.0769230769231	-2.34615384615385
			12.1153846153846	-2.38461538461538
			12.1153846153846	-2.42307692307692
			12.1538461538462	-2.42307692307692
			12.1923076923077	-2.46153846153846
			12.1923076923077	-2.5
			12.2307692307692	-2.53846153846154
			12.2692307692308	-2.57692307692308
			12.2692307692308	-2.61538461538462
			12.3076923076923	-2.61538461538462
			12.3461538461538	-2.65384615384615
			12.3461538461538	-2.69230769230769
			12.3846153846154	-2.73076923076923
			12.4230769230769	-2.76923076923077
			12.4230769230769	-2.80769230769231
			12.4615384615385	-2.80769230769231
			12.5	-2.84615384615385
			12.5384615384615	-2.88461538461538
			12.5384615384615	-2.92307692307692
			12.5769230769231	-2.96153846153846
			12.6153846153846	-2.96153846153846
			12.6538461538462	-3
			12.6538461538462	-3.03846153846154
			12.6923076923077	-3.07692307692308
			12.7307692307692	-3.11538461538462
			12.7307692307692	-3.15384615384615
			12.7692307692308	-3.15384615384615
			12.8076923076923	-3.19230769230769
			12.8076923076923	-3.23076923076923
			12.8461538461538	-3.26923076923077
			12.8846153846154	-3.30769230769231
			12.8846153846154	-3.34615384615385
			12.9230769230769	-3.38461538461539
			12.9615384615385	-3.42307692307692
			13	-3.46153846153846
			13.0384615384615	-3.5
			13.0384615384615	-3.53846153846154
			13.0769230769231	-3.57692307692308
			13.0769230769231	-3.61538461538462
			13.1153846153846	-3.61538461538462
			13.1153846153846	-3.65384615384615
			13.1538461538462	-3.69230769230769
			13.1538461538462	-3.73076923076923
			13.1923076923077	-3.76923076923077
			13.2307692307692	-3.80769230769231
			13.2307692307692	-3.84615384615385
			13.2692307692308	-3.84615384615385
			13.2692307692308	-3.88461538461539
			13.3076923076923	-3.92307692307692
			13.3076923076923	-3.96153846153846
			13.3076923076923	-4
			13.3461538461538	-4.03846153846154
			13.3846153846154	-4.07692307692308
			13.4230769230769	-4.11538461538462
			13.4230769230769	-4.15384615384615
			13.4615384615385	-4.19230769230769
			13.4615384615385	-4.23076923076923
			13.4615384615385	-4.26923076923077
			13.5	-4.26923076923077
			13.5	-4.30769230769231
			13.5	-4.34615384615385
			13.5384615384615	-4.34615384615385
			13.5384615384615	-4.38461538461539
			13.5384615384615	-4.42307692307692
			13.5769230769231	-4.42307692307692
			13.5769230769231	-4.46153846153846
			13.5769230769231	-4.5
			13.6153846153846	-4.53846153846154
			13.6153846153846	-4.57692307692308
			13.6538461538462	-4.61538461538462
			13.6538461538462	-4.65384615384615
			13.6923076923077	-4.69230769230769
			13.6923076923077	-4.73076923076923
			13.7307692307692	-4.76923076923077
			13.7307692307692	-4.80769230769231
			13.7307692307692	-4.84615384615385
			13.7692307692308	-4.88461538461539
			13.7692307692308	-4.92307692307692
			13.8076923076923	-4.96153846153846
			13.8076923076923	-5
			13.8076923076923	-5.03846153846154
			13.8461538461538	-5.07692307692308
			13.8461538461538	-5.11538461538462
			13.8846153846154	-5.15384615384615
			13.8846153846154	-5.19230769230769
			13.8846153846154	-5.23076923076923
			13.9230769230769	-5.26923076923077
			13.9230769230769	-5.30769230769231
			13.9230769230769	-5.34615384615385
			13.9615384615385	-5.38461538461539
			13.9615384615385	-5.42307692307692
		</anterior>
		<posterior type=matrix rownames=FALSE colnames=FALSE nrow=328 ncol=2 as.numeric=TRUE >
			7.38461538461539	-5.42307692307692
			7.42307692307692	-5.42307692307692
			7.46153846153846	-5.42307692307692
			7.5	-5.42307692307692
			7.53846153846154	-5.42307692307692
			7.57692307692308	-5.42307692307692
			7.61538461538462	-5.42307692307692
			7.65384615384615	-5.42307692307692
			7.69230769230769	-5.42307692307692
			7.73076923076923	-5.42307692307692
			7.76923076923077	-5.42307692307692
			7.80769230769231	-5.42307692307692
			7.84615384615385	-5.42307692307692
			7.88461538461539	-5.42307692307692
			7.92307692307692	-5.42307692307692
			7.96153846153846	-5.38461538461539
			8	-5.38461538461539
			8.03846153846154	-5.38461538461539
			8.07692307692308	-5.38461538461539
			8.11538461538461	-5.38461538461539
			8.15384615384616	-5.34615384615385
			8.19230769230769	-5.34615384615385
			8.23076923076923	-5.34615384615385
			8.26923076923077	-5.30769230769231
			8.30769230769231	-5.30769230769231
			8.34615384615385	-5.26923076923077
			8.38461538461539	-5.26923076923077
			8.42307692307692	-5.23076923076923
			8.46153846153846	-5.19230769230769
			8.5	-5.15384615384615
			8.53846153846154	-5.15384615384615
			8.57692307692308	-5.11538461538462
			8.61538461538462	-5.11538461538462
			8.65384615384616	-5.07692307692308
			8.69230769230769	-5.03846153846154
			8.73076923076923	-5.03846153846154
			8.76923076923077	-5
			8.80769230769231	-5
			8.84615384615385	-4.96153846153846
			8.88461538461539	-4.96153846153846
			8.92307692307692	-4.92307692307692
			8.96153846153846	-4.92307692307692
			9	-4.88461538461539
			9.03846153846154	-4.88461538461539
			9.03846153846154	-4.84615384615385
			9.07692307692308	-4.84615384615385
			9.11538461538462	-4.84615384615385
			9.15384615384616	-4.80769230769231
			9.19230769230769	-4.80769230769231
			9.23076923076923	-4.84615384615385
			9.26923076923077	-4.84615384615385
			9.30769230769231	-4.88461538461539
			9.34615384615385	-4.88461538461539
			9.38461538461539	-4.88461538461539
			9.42307692307692	-4.88461538461539
			9.46153846153846	-4.92307692307692
			9.5	-4.92307692307692
			9.53846153846154	-4.92307692307692
			9.57692307692308	-4.92307692307692
			9.61538461538462	-4.92307692307692
			9.65384615384616	-4.92307692307692
			9.69230769230769	-4.96153846153846
			9.73076923076923	-4.96153846153846
			9.76923076923077	-4.96153846153846
			9.80769230769231	-4.96153846153846
			9.84615384615385	-4.96153846153846
			9.88461538461539	-4.96153846153846
			9.92307692307692	-4.96153846153846
			9.96153846153846	-4.96153846153846
			10	-4.96153846153846
			10.0384615384615	-4.96153846153846
			10.0769230769231	-4.96153846153846
			10.1153846153846	-4.96153846153846
			10.1538461538462	-4.96153846153846
			10.1923076923077	-4.96153846153846
			10.2307692307692	-4.96153846153846
			10.2692307692308	-4.96153846153846
			10.3076923076923	-4.96153846153846
			10.3461538461538	-4.96153846153846
			10.3846153846154	-4.96153846153846
			10.4230769230769	-4.96153846153846
			10.4615384615385	-4.96153846153846
			10.5	-4.96153846153846
			10.5384615384615	-4.96153846153846
			10.5769230769231	-4.96153846153846
			10.6153846153846	-4.96153846153846
			10.6538461538462	-4.96153846153846
			10.6923076923077	-4.92307692307692
			10.7307692307692	-4.92307692307692
			10.7692307692308	-4.92307692307692
			10.8076923076923	-4.92307692307692
			10.8461538461538	-4.92307692307692
			10.8846153846154	-4.92307692307692
			10.9230769230769	-4.92307692307692
			10.9615384615385	-4.92307692307692
			11	-4.88461538461539
			11.0384615384615	-4.88461538461539
			11.0769230769231	-4.88461538461539
			11.1153846153846	-4.88461538461539
			11.1538461538462	-4.88461538461539
			11.1923076923077	-4.88461538461539
			11.2307692307692	-4.84615384615385
			11.2692307692308	-4.84615384615385
			11.3076923076923	-4.84615384615385
			11.3461538461538	-4.84615384615385
			11.3846153846154	-4.84615384615385
			11.4230769230769	-4.84615384615385
			11.4615384615385	-4.80769230769231
			11.5	-4.80769230769231
			11.5384615384615	-4.80769230769231
			11.5769230769231	-4.80769230769231
			11.6153846153846	-4.80769230769231
			11.6538461538462	-4.76923076923077
			11.6923076923077	-4.76923076923077
			11.7307692307692	-4.76923076923077
			11.7692307692308	-4.76923076923077
			11.8076923076923	-4.73076923076923
			11.8461538461538	-4.73076923076923
			11.8846153846154	-4.73076923076923
			11.9230769230769	-4.73076923076923
			11.9615384615385	-4.73076923076923
			12	-4.69230769230769
			12.0384615384615	-4.69230769230769
			12.0769230769231	-4.69230769230769
			12.1153846153846	-4.69230769230769
			12.1538461538462	-4.65384615384615
			12.1923076923077	-4.65384615384615
			12.2307692307692	-4.65384615384615
			12.2692307692308	-4.65384615384615
			12.3076923076923	-4.65384615384615
			12.3461538461538	-4.65384615384615
			12.3846153846154	-4.65384615384615
			12.4230769230769	-4.65384615384615
			12.4615384615385	-4.65384615384615
			12.5	-4.69230769230769
			12.5384615384615	-4.69230769230769
			12.5769230769231	-4.73076923076923
			12.6153846153846	-4.73076923076923
			12.6538461538462	-4.76923076923077
			12.6923076923077	-4.76923076923077
			12.6923076923077	-4.80769230769231
			12.7307692307692	-4.80769230769231
			12.7692307692308	-4.84615384615385
			12.8076923076923	-4.84615384615385
			12.8076923076923	-4.88461538461539
			12.8461538461538	-4.92307692307692
			12.8846153846154	-4.92307692307692
			12.8846153846154	-4.96153846153846
			12.9230769230769	-5
			12.9615384615385	-5
			13	-5.03846153846154
			13	-5.07692307692308
			13.0384615384615	-5.11538461538462
			13.0769230769231	-5.15384615384615
			13.1153846153846	-5.19230769230769
			13.1153846153846	-5.23076923076923
			13.1538461538462	-5.26923076923077
			13.1923076923077	-5.30769230769231
			13.2307692307692	-5.34615384615385
			13.2307692307692	-5.38461538461539
			13.2692307692308	-5.42307692307692
			13.3076923076923	-5.46153846153846
			13.3076923076923	-5.5
			13.3461538461538	-5.53846153846154
			13.3461538461538	-5.57692307692308
			13.3846153846154	-5.57692307692308
			13.3846153846154	-5.61538461538462
			13.4230769230769	-5.65384615384615
			13.4230769230769	-5.69230769230769
			13.4615384615385	-5.73076923076923
			13.4615384615385	-5.76923076923077
			13.5	-5.80769230769231
			13.5384615384615	-5.84615384615385
			13.5384615384615	-5.88461538461539
			13.5384615384615	-5.92307692307692
			13.5769230769231	-5.96153846153846
			13.5769230769231	-6
			13.5769230769231	-6.03846153846154
			13.6153846153846	-6.07692307692308
			13.6153846153846	-6.11538461538462
			13.6153846153846	-6.15384615384615
			13.6153846153846	-6.19230769230769
			13.6538461538462	-6.23076923076923
			13.6538461538462	-6.26923076923077
			13.6538461538462	-6.30769230769231
			13.6923076923077	-6.34615384615385
			13.6923076923077	-6.38461538461539
			13.6923076923077	-6.42307692307692
			13.6923076923077	-6.46153846153846
			13.7307692307692	-6.46153846153846
			13.7307692307692	-6.5
			13.7307692307692	-6.53846153846154
			13.7307692307692	-6.57692307692308
			13.7692307692308	-6.61538461538462
			13.7692307692308	-6.65384615384615
			13.7692307692308	-6.69230769230769
			13.7692307692308	-6.73076923076923
			13.8076923076923	-6.76923076923077
			13.8076923076923	-6.80769230769231
			13.8076923076923	-6.84615384615385
			13.8076923076923	-6.88461538461539
			13.8461538461538	-6.92307692307692
			13.8461538461538	-6.96153846153846
			13.8461538461538	-7
			13.8461538461538	-7.03846153846154
			13.8846153846154	-7.07692307692308
			13.8846153846154	-7.11538461538462
			13.8846153846154	-7.15384615384615
			13.8846153846154	-7.19230769230769
			13.9230769230769	-7.23076923076923
			13.9230769230769	-7.26923076923077
			13.9230769230769	-7.30769230769231
			13.9230769230769	-7.34615384615385
			13.9230769230769	-7.38461538461539
			13.9615384615385	-7.42307692307692
			13.9615384615385	-7.46153846153846
			13.9615384615385	-7.5
			13.9615384615385	-7.53846153846154
			13.9615384615385	-7.57692307692308
			14	-7.57692307692308
			14	-7.61538461538462
			14	-7.65384615384615
			14	-7.69230769230769
			14	-7.73076923076923
			14.0384615384615	-7.76923076923077
			14.0384615384615	-7.80769230769231
			14.0384615384615	-7.84615384615385
			14.0384615384615	-7.88461538461539
			14.0384615384615	-7.92307692307692
			14.0384615384615	-7.96153846153846
			14.0769230769231	-8
			14.0769230769231	-8.03846153846154
			14.0769230769231	-8.07692307692308
			14.0769230769231	-8.11538461538461
			14.0769230769231	-8.15384615384616
			14.1153846153846	-8.19230769230769
			14.1153846153846	-8.23076923076923
			14.1153846153846	-8.26923076923077
			14.1153846153846	-8.30769230769231
			14.1153846153846	-8.34615384615385
			14.1153846153846	-8.38461538461539
			14.1153846153846	-8.42307692307692
			14.1538461538462	-8.42307692307692
			14.1538461538462	-8.46153846153846
			14.1538461538462	-8.5
			14.1538461538462	-8.53846153846154
			14.1923076923077	-8.5
			14.2307692307692	-8.46153846153846
			14.2307692307692	-8.42307692307692
			14.2307692307692	-8.38461538461539
			14.2692307692308	-8.34615384615385
			14.2692307692308	-8.30769230769231
			14.3076923076923	-8.26923076923077
			14.3076923076923	-8.23076923076923
			14.3076923076923	-8.19230769230769
			14.3076923076923	-8.15384615384616
			14.3076923076923	-8.11538461538461
			14.3076923076923	-8.07692307692308
			14.3461538461538	-8.03846153846154
			14.3461538461538	-8
			14.3461538461538	-7.96153846153846
			14.3461538461538	-7.92307692307692
			14.3461538461538	-7.88461538461539
			14.3461538461538	-7.84615384615385
			14.3461538461538	-7.80769230769231
			14.3461538461538	-7.76923076923077
			14.3461538461538	-7.73076923076923
			14.3461538461538	-7.69230769230769
			14.3461538461538	-7.65384615384615
			14.3461538461538	-7.61538461538462
			14.3461538461538	-7.57692307692308
			14.3461538461538	-7.53846153846154
			14.3461538461538	-7.5
			14.3461538461538	-7.46153846153846
			14.3461538461538	-7.42307692307692
			14.3461538461538	-7.38461538461539
			14.3076923076923	-7.34615384615385
			14.3076923076923	-7.30769230769231
			14.3076923076923	-7.26923076923077
			14.3076923076923	-7.23076923076923
			14.3076923076923	-7.19230769230769
			14.3076923076923	-7.15384615384615
			14.3076923076923	-7.11538461538462
			14.3076923076923	-7.07692307692308
			14.3076923076923	-7.03846153846154
			14.2692307692308	-7
			14.2692307692308	-6.96153846153846
			14.2692307692308	-6.92307692307692
			14.2692307692308	-6.88461538461539
			14.2692307692308	-6.84615384615385
			14.2692307692308	-6.80769230769231
			14.2307692307692	-6.76923076923077
			14.2307692307692	-6.73076923076923
			14.2307692307692	-6.69230769230769
			14.2307692307692	-6.65384615384615
			14.2307692307692	-6.61538461538462
			14.2307692307692	-6.57692307692308
			14.2307692307692	-6.53846153846154
			14.1923076923077	-6.5
			14.1923076923077	-6.46153846153846
			14.1923076923077	-6.42307692307692
			14.1923076923077	-6.38461538461539
			14.1923076923077	-6.34615384615385
			14.1538461538462	-6.30769230769231
			14.1538461538462	-6.26923076923077
			14.1538461538462	-6.23076923076923
			14.1538461538462	-6.19230769230769
			14.1538461538462	-6.15384615384615
			14.1153846153846	-6.15384615384615
			14.1153846153846	-6.11538461538462
			14.1153846153846	-6.07692307692308
			14.1153846153846	-6.03846153846154
			14.0769230769231	-6
			14.0769230769231	-5.96153846153846
			14.0769230769231	-5.92307692307692
			14.0769230769231	-5.88461538461539
			14.0769230769231	-5.84615384615385
			14.0384615384615	-5.80769230769231
			14.0384615384615	-5.76923076923077
			14.0384615384615	-5.73076923076923
			14.0384615384615	-5.69230769230769
			14	-5.65384615384615
			14	-5.61538461538462
			14	-5.57692307692308
			14	-5.53846153846154
			13.9615384615385	-5.5
			13.9615384615385	-5.46153846153846
			13.9615384615385	-5.42307692307692
		</posterior>
	</curves.scaled>
	<ruler.points type=matrix rownames=TRUE colnames=FALSE nrow=2 ncol=2 as.numeric=TRUE >
		Ruler point 1	323	530
		Ruler point 2	375	530
	</ruler.points>
</shapes>

