<shapes type=list>
	<ruler.pixel type=vector names=FALSE length=1 as.numeric=TRUE >183</ruler.pixel>
	<ruler.interval type=vector names=FALSE length=1 as.numeric=TRUE >26.09</ruler.interval>
	<scaling.units type=vector names=FALSE length=1 as.numeric=FALSE >mm</scaling.units>
	<scaling type=vector names=FALSE length=1 as.numeric=TRUE >0.142568306010929</scaling>
	<landmarks.pixel type=matrix rownames=TRUE colnames=FALSE nrow=16 ncol=2 as.numeric=TRUE >
		LM1	280	1174
		LM2	280	1174
		LM3	280	1328
		LM4	280	1356
		LM5	367	1233
		LM6	330	1335
		LM7	333	1356
		LM8	374	1249
		LM9	384	1320
		LM10	280	1174
		LM11	417	1307
		LM12	444	1310
		LM13	280	1174
		LM14	416	1297
		LM15	459	1356
		LM16	455	1379
	</landmarks.pixel>
	<landmarks.scaled type=matrix rownames=TRUE colnames=FALSE nrow=16 ncol=2 as.numeric=TRUE >
		LM1	39.9191256830601	-167.375191256831
		LM2	39.9191256830601	-167.375191256831
		LM3	39.9191256830601	-189.330710382514
		LM4	39.9191256830601	-193.32262295082
		LM5	52.3225683060109	-175.786721311475
		LM6	47.0475409836066	-190.32868852459
		LM7	47.4752459016393	-193.32262295082
		LM8	53.3205464480874	-178.06781420765
		LM9	54.7462295081967	-188.190163934426
		LM10	39.9191256830601	-167.375191256831
		LM11	59.4509836065574	-186.336775956284
		LM12	63.3003278688525	-186.764480874317
		LM13	39.9191256830601	-167.375191256831
		LM14	59.3084153005464	-184.911092896175
		LM15	65.4388524590164	-193.32262295082
		LM16	64.8685792349727	-196.601693989071
	</landmarks.scaled>
	<curves.control type=list>
		<glabella type=matrix rownames=FALSE colnames=FALSE nrow=9 ncol=2 as.numeric=TRUE >
			280	1174
			334	1177
			366	1215
			377	1236
			333	1314
			336	1321
			329	1335
			339	1345
			333	1356
		</glabella>
		<suture type=matrix rownames=FALSE colnames=FALSE nrow=21 ncol=2 as.numeric=TRUE >
			280	1174
			337	1180
			366	1215
			371	1232
			363	1251
			362	1256
			366	1258
			368	1249
			373	1248
			378	1250
			391	1263
			423	1298
			386	1316
			382	1315
			380	1324
			387	1332
			401	1326
			409	1321
			417	1307
			422	1303
			444	1310
		</suture>
		<anterior type=matrix rownames=FALSE colnames=FALSE nrow=9 ncol=2 as.numeric=TRUE >
			280	1174
			334	1177
			366	1215
			396	1230
			422	1269
			437	1292
			444	1310
			456	1332
			459	1356
		</anterior>
		<posterior type=matrix rownames=FALSE colnames=FALSE nrow=11 ncol=2 as.numeric=TRUE >
			280	1356
			294	1357
			315	1358
			332	1356
			348	1355
			381	1353
			408	1358
			429	1366
			446	1378
			464	1387
			459	1356
		</posterior>
	</curves.control>
	<curves.pixel type=list>
		<glabella type=matrix rownames=FALSE colnames=FALSE nrow=241 ncol=2 as.numeric=TRUE >
			280	1174
			281	1174
			282	1174
			283	1174
			284	1174
			285	1174
			286	1174
			287	1175
			288	1175
			289	1175
			290	1175
			291	1175
			292	1175
			293	1175
			294	1175
			295	1176
			296	1176
			297	1176
			298	1176
			299	1176
			300	1176
			301	1177
			302	1177
			303	1177
			304	1177
			305	1177
			306	1178
			307	1178
			308	1178
			309	1179
			310	1179
			311	1179
			312	1179
			313	1180
			314	1180
			315	1180
			316	1181
			317	1181
			318	1181
			319	1182
			320	1182
			321	1182
			322	1183
			323	1183
			323	1184
			324	1184
			325	1184
			326	1185
			327	1185
			328	1185
			329	1186
			330	1186
			330	1187
			331	1187
			332	1188
			333	1188
			334	1188
			335	1189
			336	1190
			337	1190
			338	1191
			339	1192
			340	1192
			341	1193
			342	1193
			343	1194
			344	1195
			345	1195
			346	1196
			347	1197
			348	1198
			349	1199
			350	1199
			351	1200
			352	1201
			353	1202
			354	1203
			355	1204
			356	1204
			357	1205
			357	1206
			358	1206
			359	1207
			360	1208
			360	1209
			361	1209
			362	1210
			362	1211
			363	1212
			364	1212
			364	1213
			365	1214
			366	1215
			366	1216
			367	1217
			367	1218
			367	1219
			368	1220
			368	1221
			368	1222
			368	1223
			368	1224
			368	1225
			368	1226
			368	1227
			368	1228
			368	1229
			368	1230
			368	1231
			368	1232
			368	1233
			367	1234
			367	1235
			367	1236
			367	1237
			367	1238
			366	1239
			366	1240
			366	1241
			366	1242
			365	1243
			365	1244
			365	1245
			365	1246
			364	1247
			364	1248
			364	1249
			363	1250
			363	1251
			363	1252
			362	1253
			362	1254
			362	1255
			361	1256
			361	1257
			360	1258
			360	1259
			360	1260
			359	1261
			359	1262
			359	1263
			358	1264
			358	1265
			357	1266
			357	1267
			356	1268
			356	1269
			355	1270
			355	1271
			354	1272
			354	1273
			354	1274
			353	1275
			353	1276
			352	1277
			352	1278
			351	1279
			351	1280
			350	1281
			350	1282
			349	1283
			349	1284
			348	1285
			348	1286
			347	1287
			347	1288
			346	1289
			346	1290
			346	1291
			345	1291
			345	1292
			344	1293
			344	1294
			344	1295
			343	1295
			343	1296
			342	1297
			342	1298
			341	1299
			341	1300
			340	1300
			340	1301
			340	1302
			339	1303
			339	1304
			338	1305
			338	1306
			337	1306
			337	1307
			336	1308
			336	1309
			335	1310
			335	1311
			334	1312
			334	1313
			333	1313
			333	1314
			333	1315
			334	1316
			334	1317
			334	1318
			334	1319
			334	1320
			334	1321
			334	1322
			333	1323
			333	1324
			333	1325
			333	1326
			332	1327
			332	1328
			332	1329
			331	1330
			331	1331
			330	1332
			330	1333
			329	1334
			329	1335
			330	1336
			331	1337
			331	1338
			332	1339
			333	1339
			333	1340
			334	1341
			334	1342
			334	1343
			335	1343
			335	1344
			335	1345
			335	1346
			335	1347
			335	1348
			335	1349
			335	1350
			335	1351
			335	1352
			334	1353
			334	1354
			333	1355
			333	1356
		</glabella>
		<suture type=matrix rownames=FALSE colnames=FALSE nrow=309 ncol=2 as.numeric=TRUE >
			280	1174
			281	1174
			282	1174
			283	1174
			284	1174
			285	1175
			286	1175
			287	1175
			288	1175
			289	1175
			290	1175
			291	1176
			292	1176
			293	1176
			294	1176
			295	1176
			296	1176
			297	1177
			298	1177
			299	1177
			300	1177
			301	1177
			302	1178
			303	1178
			304	1178
			305	1178
			306	1179
			307	1179
			308	1179
			309	1179
			310	1180
			311	1180
			312	1180
			313	1181
			314	1181
			315	1181
			316	1182
			317	1182
			318	1182
			319	1183
			320	1183
			321	1183
			322	1184
			323	1184
			324	1184
			325	1185
			326	1186
			327	1186
			328	1186
			329	1187
			330	1187
			331	1188
			332	1188
			333	1189
			334	1189
			335	1190
			336	1190
			337	1191
			338	1192
			339	1192
			340	1193
			341	1193
			342	1194
			343	1194
			344	1195
			344	1196
			345	1196
			346	1197
			347	1197
			348	1198
			349	1199
			350	1199
			350	1200
			351	1201
			352	1201
			353	1202
			354	1203
			355	1203
			355	1204
			356	1205
			357	1205
			358	1206
			358	1207
			359	1208
			360	1208
			361	1209
			361	1210
			362	1211
			363	1211
			364	1212
			364	1213
			365	1214
			366	1215
			366	1216
			367	1217
			367	1218
			367	1219
			367	1220
			367	1221
			367	1222
			368	1223
			368	1224
			368	1225
			368	1226
			368	1227
			368	1228
			368	1229
			368	1230
			368	1231
			368	1232
			368	1233
			368	1234
			367	1235
			367	1236
			367	1237
			367	1238
			367	1239
			367	1240
			366	1241
			366	1242
			366	1243
			365	1244
			365	1245
			365	1246
			364	1247
			364	1248
			364	1249
			363	1250
			363	1251
			363	1252
			363	1253
			363	1254
			363	1255
			364	1256
			365	1257
			366	1257
			367	1256
			367	1255
			367	1254
			368	1253
			368	1252
			369	1251
			370	1250
			370	1249
			371	1249
			372	1248
			373	1248
			374	1248
			375	1249
			376	1250
			377	1251
			378	1251
			379	1252
			380	1253
			381	1254
			382	1255
			383	1255
			383	1256
			384	1256
			385	1257
			386	1258
			387	1259
			388	1260
			389	1261
			390	1262
			391	1263
			392	1264
			393	1265
			394	1266
			395	1267
			395	1268
			396	1268
			396	1269
			396	1270
			397	1270
			397	1271
			398	1271
			398	1272
			399	1273
			399	1274
			400	1275
			401	1276
			401	1277
			402	1278
			403	1279
			403	1280
			403	1281
			404	1282
			404	1283
			405	1284
			405	1285
			405	1286
			405	1287
			406	1288
			406	1289
			406	1290
			406	1291
			406	1292
			406	1293
			406	1294
			406	1295
			405	1296
			405	1297
			405	1298
			405	1299
			404	1300
			404	1301
			403	1302
			403	1303
			402	1303
			401	1304
			401	1305
			400	1306
			399	1307
			399	1308
			398	1308
			397	1309
			396	1310
			395	1311
			394	1312
			393	1312
			392	1313
			391	1313
			391	1314
			390	1314
			389	1314
			388	1315
			387	1315
			387	1316
			386	1316
			385	1316
			384	1316
			383	1317
			382	1318
			382	1319
			381	1320
			381	1321
			380	1322
			380	1323
			380	1324
			381	1325
			382	1326
			383	1327
			384	1327
			385	1328
			386	1328
			387	1328
			388	1328
			389	1329
			390	1329
			391	1329
			392	1328
			393	1328
			394	1328
			395	1328
			396	1328
			397	1328
			398	1327
			399	1327
			400	1326
			401	1326
			402	1325
			403	1325
			404	1324
			405	1323
			406	1322
			407	1321
			408	1320
			409	1319
			409	1318
			410	1318
			411	1317
			411	1316
			412	1315
			413	1314
			413	1313
			414	1312
			414	1311
			415	1310
			416	1309
			416	1308
			417	1307
			418	1306
			419	1306
			420	1306
			421	1306
			422	1306
			423	1306
			424	1306
			425	1306
			426	1306
			427	1306
			428	1306
			429	1306
			430	1306
			431	1307
			432	1307
			433	1307
			434	1307
			435	1307
			436	1308
			437	1308
			438	1308
			439	1308
			440	1309
			441	1309
			442	1309
			443	1310
			444	1310
		</suture>
		<anterior type=matrix rownames=FALSE colnames=FALSE nrow=253 ncol=2 as.numeric=TRUE >
			280	1174
			281	1174
			282	1174
			283	1174
			284	1174
			285	1174
			286	1174
			287	1175
			288	1175
			289	1175
			290	1175
			291	1175
			292	1175
			293	1175
			294	1175
			295	1176
			296	1176
			297	1176
			298	1176
			299	1176
			300	1176
			301	1177
			302	1177
			303	1177
			304	1177
			305	1177
			305	1178
			306	1178
			307	1178
			308	1178
			309	1179
			310	1179
			311	1179
			312	1179
			312	1180
			313	1180
			314	1180
			315	1180
			316	1181
			317	1181
			318	1181
			318	1182
			319	1182
			320	1182
			321	1182
			322	1183
			323	1183
			324	1184
			325	1184
			326	1185
			327	1185
			328	1186
			329	1186
			330	1186
			331	1187
			332	1187
			333	1188
			334	1188
			335	1189
			336	1190
			337	1191
			338	1191
			339	1191
			339	1192
			340	1192
			341	1193
			342	1193
			343	1194
			344	1195
			345	1196
			346	1196
			347	1197
			348	1198
			349	1199
			350	1199
			351	1200
			352	1201
			353	1202
			354	1202
			354	1203
			355	1204
			356	1204
			357	1205
			358	1206
			358	1207
			359	1208
			360	1208
			361	1209
			361	1210
			362	1211
			363	1212
			364	1212
			364	1213
			365	1214
			366	1215
			367	1215
			367	1216
			368	1216
			369	1216
			369	1217
			370	1217
			371	1218
			372	1218
			373	1219
			374	1220
			375	1220
			376	1221
			377	1221
			377	1222
			378	1222
			379	1223
			380	1223
			381	1224
			382	1225
			383	1226
			384	1226
			385	1227
			386	1228
			387	1229
			388	1230
			389	1230
			390	1231
			391	1232
			392	1233
			392	1234
			393	1234
			394	1235
			395	1236
			396	1237
			397	1238
			398	1239
			399	1240
			400	1241
			401	1242
			402	1243
			402	1244
			403	1245
			404	1246
			405	1247
			406	1248
			407	1249
			408	1250
			409	1251
			410	1252
			411	1253
			411	1254
			412	1255
			413	1256
			413	1257
			414	1257
			414	1258
			415	1259
			415	1260
			416	1260
			416	1261
			417	1262
			418	1263
			419	1264
			419	1265
			420	1266
			420	1267
			421	1268
			422	1269
			423	1270
			423	1271
			424	1272
			425	1273
			425	1274
			426	1275
			427	1276
			427	1277
			428	1278
			428	1279
			429	1280
			430	1281
			430	1282
			431	1283
			431	1284
			432	1285
			433	1286
			433	1287
			434	1288
			434	1289
			435	1290
			435	1291
			436	1292
			436	1293
			437	1294
			437	1295
			438	1296
			438	1297
			439	1298
			439	1299
			440	1300
			440	1301
			440	1302
			441	1302
			441	1303
			442	1304
			442	1305
			442	1306
			443	1307
			443	1308
			443	1309
			444	1309
			444	1310
			445	1311
			445	1312
			446	1313
			446	1314
			447	1315
			447	1316
			448	1317
			448	1318
			448	1319
			449	1319
			449	1320
			449	1321
			450	1322
			450	1323
			451	1324
			451	1325
			451	1326
			452	1327
			452	1328
			452	1329
			453	1330
			453	1331
			454	1332
			454	1333
			454	1334
			455	1335
			455	1336
			455	1337
			455	1338
			456	1339
			456	1340
			456	1341
			456	1342
			457	1343
			457	1344
			457	1345
			457	1346
			458	1347
			458	1348
			458	1349
			458	1350
			458	1351
			458	1352
			459	1353
			459	1354
			459	1355
			459	1356
		</anterior>
		<posterior type=matrix rownames=FALSE colnames=FALSE nrow=202 ncol=2 as.numeric=TRUE >
			280	1356
			281	1356
			282	1356
			283	1356
			284	1356
			285	1356
			286	1356
			287	1356
			288	1357
			289	1357
			290	1357
			291	1357
			292	1357
			293	1357
			294	1357
			295	1357
			296	1357
			297	1357
			298	1357
			299	1357
			300	1357
			301	1357
			302	1357
			303	1357
			304	1357
			305	1358
			306	1358
			307	1358
			308	1358
			309	1358
			310	1358
			311	1358
			312	1358
			313	1358
			314	1358
			315	1358
			316	1358
			317	1358
			318	1358
			319	1358
			320	1357
			321	1357
			322	1357
			323	1357
			324	1357
			325	1357
			326	1357
			327	1357
			328	1357
			329	1356
			330	1356
			331	1356
			332	1356
			333	1356
			334	1356
			335	1356
			336	1356
			337	1356
			338	1356
			339	1356
			340	1356
			341	1355
			342	1355
			343	1355
			344	1355
			345	1355
			346	1355
			347	1355
			348	1355
			349	1355
			350	1355
			351	1355
			352	1355
			353	1355
			354	1355
			355	1355
			356	1355
			357	1355
			358	1355
			359	1355
			360	1355
			361	1354
			362	1354
			363	1354
			364	1354
			365	1354
			366	1354
			367	1354
			368	1354
			369	1354
			370	1354
			371	1354
			372	1354
			373	1355
			374	1355
			375	1355
			376	1355
			377	1355
			378	1355
			379	1355
			380	1355
			381	1355
			382	1355
			383	1355
			384	1355
			385	1355
			386	1355
			387	1355
			388	1355
			389	1355
			390	1356
			391	1356
			392	1356
			393	1356
			394	1356
			395	1356
			396	1356
			397	1356
			398	1356
			399	1357
			400	1357
			401	1357
			402	1357
			403	1357
			404	1357
			405	1358
			406	1358
			407	1358
			408	1358
			409	1358
			410	1359
			411	1359
			412	1360
			413	1360
			414	1360
			414	1361
			415	1361
			416	1361
			417	1362
			418	1362
			419	1363
			420	1363
			421	1363
			422	1364
			423	1365
			424	1365
			425	1366
			426	1366
			427	1366
			428	1367
			429	1367
			430	1368
			431	1368
			432	1369
			433	1370
			434	1371
			435	1371
			436	1372
			437	1372
			438	1373
			439	1373
			440	1374
			441	1375
			442	1375
			443	1376
			444	1377
			445	1377
			446	1378
			447	1378
			448	1379
			449	1379
			450	1380
			451	1380
			452	1380
			453	1380
			454	1380
			455	1380
			456	1379
			457	1379
			457	1378
			458	1377
			459	1376
			459	1375
			459	1374
			460	1373
			460	1372
			460	1371
			460	1370
			460	1369
			460	1368
			460	1367
			460	1366
			460	1365
			460	1364
			460	1363
			460	1362
			460	1361
			460	1360
			459	1359
			459	1358
			459	1357
			459	1356
		</posterior>
	</curves.pixel>
	<curves.scaled type=list>
		<glabella type=matrix rownames=FALSE colnames=FALSE nrow=241 ncol=2 as.numeric=TRUE >
			39.9191256830601	-167.375191256831
			40.061693989071	-167.375191256831
			40.204262295082	-167.375191256831
			40.3468306010929	-167.375191256831
			40.4893989071038	-167.375191256831
			40.6319672131148	-167.375191256831
			40.7745355191257	-167.375191256831
			40.9171038251366	-167.517759562842
			41.0596721311475	-167.517759562842
			41.2022404371585	-167.517759562842
			41.3448087431694	-167.517759562842
			41.4873770491803	-167.517759562842
			41.6299453551913	-167.517759562842
			41.7725136612022	-167.517759562842
			41.9150819672131	-167.517759562842
			42.057650273224	-167.660327868852
			42.200218579235	-167.660327868852
			42.3427868852459	-167.660327868852
			42.4853551912568	-167.660327868852
			42.6279234972678	-167.660327868852
			42.7704918032787	-167.660327868852
			42.9130601092896	-167.802896174863
			43.0556284153005	-167.802896174863
			43.1981967213115	-167.802896174863
			43.3407650273224	-167.802896174863
			43.4833333333333	-167.802896174863
			43.6259016393443	-167.945464480874
			43.7684699453552	-167.945464480874
			43.9110382513661	-167.945464480874
			44.0536065573771	-168.088032786885
			44.196174863388	-168.088032786885
			44.3387431693989	-168.088032786885
			44.4813114754098	-168.088032786885
			44.6238797814208	-168.230601092896
			44.7664480874317	-168.230601092896
			44.9090163934426	-168.230601092896
			45.0515846994535	-168.373169398907
			45.1941530054645	-168.373169398907
			45.3367213114754	-168.373169398907
			45.4792896174863	-168.515737704918
			45.6218579234973	-168.515737704918
			45.7644262295082	-168.515737704918
			45.9069945355191	-168.658306010929
			46.0495628415301	-168.658306010929
			46.0495628415301	-168.80087431694
			46.192131147541	-168.80087431694
			46.3346994535519	-168.80087431694
			46.4772677595628	-168.943442622951
			46.6198360655738	-168.943442622951
			46.7624043715847	-168.943442622951
			46.9049726775956	-169.086010928962
			47.0475409836066	-169.086010928962
			47.0475409836066	-169.228579234973
			47.1901092896175	-169.228579234973
			47.3326775956284	-169.371147540984
			47.4752459016393	-169.371147540984
			47.6178142076503	-169.371147540984
			47.7603825136612	-169.513715846995
			47.9029508196721	-169.656284153005
			48.0455191256831	-169.656284153005
			48.188087431694	-169.798852459016
			48.3306557377049	-169.941420765027
			48.4732240437158	-169.941420765027
			48.6157923497268	-170.083989071038
			48.7583606557377	-170.083989071038
			48.9009289617486	-170.226557377049
			49.0434972677596	-170.36912568306
			49.1860655737705	-170.36912568306
			49.3286338797814	-170.511693989071
			49.4712021857924	-170.654262295082
			49.6137704918033	-170.796830601093
			49.7563387978142	-170.939398907104
			49.8989071038251	-170.939398907104
			50.0414754098361	-171.081967213115
			50.184043715847	-171.224535519126
			50.3266120218579	-171.367103825137
			50.4691803278688	-171.509672131148
			50.6117486338798	-171.652240437158
			50.7543169398907	-171.652240437158
			50.8968852459016	-171.794808743169
			50.8968852459016	-171.93737704918
			51.0394535519126	-171.93737704918
			51.1820218579235	-172.079945355191
			51.3245901639344	-172.222513661202
			51.3245901639344	-172.365081967213
			51.4671584699454	-172.365081967213
			51.6097267759563	-172.507650273224
			51.6097267759563	-172.650218579235
			51.7522950819672	-172.792786885246
			51.8948633879781	-172.792786885246
			51.8948633879781	-172.935355191257
			52.0374316939891	-173.077923497268
			52.18	-173.220491803279
			52.18	-173.36306010929
			52.3225683060109	-173.505628415301
			52.3225683060109	-173.648196721311
			52.3225683060109	-173.790765027322
			52.4651366120219	-173.933333333333
			52.4651366120219	-174.075901639344
			52.4651366120219	-174.218469945355
			52.4651366120219	-174.361038251366
			52.4651366120219	-174.503606557377
			52.4651366120219	-174.646174863388
			52.4651366120219	-174.788743169399
			52.4651366120219	-174.93131147541
			52.4651366120219	-175.073879781421
			52.4651366120219	-175.216448087432
			52.4651366120219	-175.359016393443
			52.4651366120219	-175.501584699454
			52.4651366120219	-175.644153005464
			52.4651366120219	-175.786721311475
			52.3225683060109	-175.929289617486
			52.3225683060109	-176.071857923497
			52.3225683060109	-176.214426229508
			52.3225683060109	-176.356994535519
			52.3225683060109	-176.49956284153
			52.18	-176.642131147541
			52.18	-176.784699453552
			52.18	-176.927267759563
			52.18	-177.069836065574
			52.0374316939891	-177.212404371585
			52.0374316939891	-177.354972677596
			52.0374316939891	-177.497540983607
			52.0374316939891	-177.640109289617
			51.8948633879781	-177.782677595628
			51.8948633879781	-177.925245901639
			51.8948633879781	-178.06781420765
			51.7522950819672	-178.210382513661
			51.7522950819672	-178.352950819672
			51.7522950819672	-178.495519125683
			51.6097267759563	-178.638087431694
			51.6097267759563	-178.780655737705
			51.6097267759563	-178.923224043716
			51.4671584699454	-179.065792349727
			51.4671584699454	-179.208360655738
			51.3245901639344	-179.350928961749
			51.3245901639344	-179.49349726776
			51.3245901639344	-179.63606557377
			51.1820218579235	-179.778633879781
			51.1820218579235	-179.921202185792
			51.1820218579235	-180.063770491803
			51.0394535519126	-180.206338797814
			51.0394535519126	-180.348907103825
			50.8968852459016	-180.491475409836
			50.8968852459016	-180.634043715847
			50.7543169398907	-180.776612021858
			50.7543169398907	-180.919180327869
			50.6117486338798	-181.06174863388
			50.6117486338798	-181.204316939891
			50.4691803278688	-181.346885245902
			50.4691803278688	-181.489453551913
			50.4691803278688	-181.632021857923
			50.3266120218579	-181.774590163934
			50.3266120218579	-181.917158469945
			50.184043715847	-182.059726775956
			50.184043715847	-182.202295081967
			50.0414754098361	-182.344863387978
			50.0414754098361	-182.487431693989
			49.8989071038251	-182.63
			49.8989071038251	-182.772568306011
			49.7563387978142	-182.915136612022
			49.7563387978142	-183.057704918033
			49.6137704918033	-183.200273224044
			49.6137704918033	-183.342841530055
			49.4712021857924	-183.485409836066
			49.4712021857924	-183.627978142077
			49.3286338797814	-183.770546448087
			49.3286338797814	-183.913114754098
			49.3286338797814	-184.055683060109
			49.1860655737705	-184.055683060109
			49.1860655737705	-184.19825136612
			49.0434972677596	-184.340819672131
			49.0434972677596	-184.483387978142
			49.0434972677596	-184.625956284153
			48.9009289617486	-184.625956284153
			48.9009289617486	-184.768524590164
			48.7583606557377	-184.911092896175
			48.7583606557377	-185.053661202186
			48.6157923497268	-185.196229508197
			48.6157923497268	-185.338797814208
			48.4732240437158	-185.338797814208
			48.4732240437158	-185.481366120219
			48.4732240437158	-185.62393442623
			48.3306557377049	-185.76650273224
			48.3306557377049	-185.909071038251
			48.188087431694	-186.051639344262
			48.188087431694	-186.194207650273
			48.0455191256831	-186.194207650273
			48.0455191256831	-186.336775956284
			47.9029508196721	-186.479344262295
			47.9029508196721	-186.621912568306
			47.7603825136612	-186.764480874317
			47.7603825136612	-186.907049180328
			47.6178142076503	-187.049617486339
			47.6178142076503	-187.19218579235
			47.4752459016393	-187.19218579235
			47.4752459016393	-187.334754098361
			47.4752459016393	-187.477322404372
			47.6178142076503	-187.619890710383
			47.6178142076503	-187.762459016393
			47.6178142076503	-187.905027322404
			47.6178142076503	-188.047595628415
			47.6178142076503	-188.190163934426
			47.6178142076503	-188.332732240437
			47.6178142076503	-188.475300546448
			47.4752459016393	-188.617868852459
			47.4752459016393	-188.76043715847
			47.4752459016393	-188.903005464481
			47.4752459016393	-189.045573770492
			47.3326775956284	-189.188142076503
			47.3326775956284	-189.330710382514
			47.3326775956284	-189.473278688525
			47.1901092896175	-189.615846994536
			47.1901092896175	-189.758415300546
			47.0475409836066	-189.900983606557
			47.0475409836066	-190.043551912568
			46.9049726775956	-190.186120218579
			46.9049726775956	-190.32868852459
			47.0475409836066	-190.471256830601
			47.1901092896175	-190.613825136612
			47.1901092896175	-190.756393442623
			47.3326775956284	-190.898961748634
			47.4752459016393	-190.898961748634
			47.4752459016393	-191.041530054645
			47.6178142076503	-191.184098360656
			47.6178142076503	-191.326666666667
			47.6178142076503	-191.469234972678
			47.7603825136612	-191.469234972678
			47.7603825136612	-191.611803278689
			47.7603825136612	-191.754371584699
			47.7603825136612	-191.89693989071
			47.7603825136612	-192.039508196721
			47.7603825136612	-192.182076502732
			47.7603825136612	-192.324644808743
			47.7603825136612	-192.467213114754
			47.7603825136612	-192.609781420765
			47.7603825136612	-192.752349726776
			47.6178142076503	-192.894918032787
			47.6178142076503	-193.037486338798
			47.4752459016393	-193.180054644809
			47.4752459016393	-193.32262295082
		</glabella>
		<suture type=matrix rownames=FALSE colnames=FALSE nrow=309 ncol=2 as.numeric=TRUE >
			39.9191256830601	-167.375191256831
			40.061693989071	-167.375191256831
			40.204262295082	-167.375191256831
			40.3468306010929	-167.375191256831
			40.4893989071038	-167.375191256831
			40.6319672131148	-167.517759562842
			40.7745355191257	-167.517759562842
			40.9171038251366	-167.517759562842
			41.0596721311475	-167.517759562842
			41.2022404371585	-167.517759562842
			41.3448087431694	-167.517759562842
			41.4873770491803	-167.660327868852
			41.6299453551913	-167.660327868852
			41.7725136612022	-167.660327868852
			41.9150819672131	-167.660327868852
			42.057650273224	-167.660327868852
			42.200218579235	-167.660327868852
			42.3427868852459	-167.802896174863
			42.4853551912568	-167.802896174863
			42.6279234972678	-167.802896174863
			42.7704918032787	-167.802896174863
			42.9130601092896	-167.802896174863
			43.0556284153005	-167.945464480874
			43.1981967213115	-167.945464480874
			43.3407650273224	-167.945464480874
			43.4833333333333	-167.945464480874
			43.6259016393443	-168.088032786885
			43.7684699453552	-168.088032786885
			43.9110382513661	-168.088032786885
			44.0536065573771	-168.088032786885
			44.196174863388	-168.230601092896
			44.3387431693989	-168.230601092896
			44.4813114754098	-168.230601092896
			44.6238797814208	-168.373169398907
			44.7664480874317	-168.373169398907
			44.9090163934426	-168.373169398907
			45.0515846994535	-168.515737704918
			45.1941530054645	-168.515737704918
			45.3367213114754	-168.515737704918
			45.4792896174863	-168.658306010929
			45.6218579234973	-168.658306010929
			45.7644262295082	-168.658306010929
			45.9069945355191	-168.80087431694
			46.0495628415301	-168.80087431694
			46.192131147541	-168.80087431694
			46.3346994535519	-168.943442622951
			46.4772677595628	-169.086010928962
			46.6198360655738	-169.086010928962
			46.7624043715847	-169.086010928962
			46.9049726775956	-169.228579234973
			47.0475409836066	-169.228579234973
			47.1901092896175	-169.371147540984
			47.3326775956284	-169.371147540984
			47.4752459016393	-169.513715846995
			47.6178142076503	-169.513715846995
			47.7603825136612	-169.656284153005
			47.9029508196721	-169.656284153005
			48.0455191256831	-169.798852459016
			48.188087431694	-169.941420765027
			48.3306557377049	-169.941420765027
			48.4732240437158	-170.083989071038
			48.6157923497268	-170.083989071038
			48.7583606557377	-170.226557377049
			48.9009289617486	-170.226557377049
			49.0434972677596	-170.36912568306
			49.0434972677596	-170.511693989071
			49.1860655737705	-170.511693989071
			49.3286338797814	-170.654262295082
			49.4712021857924	-170.654262295082
			49.6137704918033	-170.796830601093
			49.7563387978142	-170.939398907104
			49.8989071038251	-170.939398907104
			49.8989071038251	-171.081967213115
			50.0414754098361	-171.224535519126
			50.184043715847	-171.224535519126
			50.3266120218579	-171.367103825137
			50.4691803278688	-171.509672131148
			50.6117486338798	-171.509672131148
			50.6117486338798	-171.652240437158
			50.7543169398907	-171.794808743169
			50.8968852459016	-171.794808743169
			51.0394535519126	-171.93737704918
			51.0394535519126	-172.079945355191
			51.1820218579235	-172.222513661202
			51.3245901639344	-172.222513661202
			51.4671584699454	-172.365081967213
			51.4671584699454	-172.507650273224
			51.6097267759563	-172.650218579235
			51.7522950819672	-172.650218579235
			51.8948633879781	-172.792786885246
			51.8948633879781	-172.935355191257
			52.0374316939891	-173.077923497268
			52.18	-173.220491803279
			52.18	-173.36306010929
			52.3225683060109	-173.505628415301
			52.3225683060109	-173.648196721311
			52.3225683060109	-173.790765027322
			52.3225683060109	-173.933333333333
			52.3225683060109	-174.075901639344
			52.3225683060109	-174.218469945355
			52.4651366120219	-174.361038251366
			52.4651366120219	-174.503606557377
			52.4651366120219	-174.646174863388
			52.4651366120219	-174.788743169399
			52.4651366120219	-174.93131147541
			52.4651366120219	-175.073879781421
			52.4651366120219	-175.216448087432
			52.4651366120219	-175.359016393443
			52.4651366120219	-175.501584699454
			52.4651366120219	-175.644153005464
			52.4651366120219	-175.786721311475
			52.4651366120219	-175.929289617486
			52.3225683060109	-176.071857923497
			52.3225683060109	-176.214426229508
			52.3225683060109	-176.356994535519
			52.3225683060109	-176.49956284153
			52.3225683060109	-176.642131147541
			52.3225683060109	-176.784699453552
			52.18	-176.927267759563
			52.18	-177.069836065574
			52.18	-177.212404371585
			52.0374316939891	-177.354972677596
			52.0374316939891	-177.497540983607
			52.0374316939891	-177.640109289617
			51.8948633879781	-177.782677595628
			51.8948633879781	-177.925245901639
			51.8948633879781	-178.06781420765
			51.7522950819672	-178.210382513661
			51.7522950819672	-178.352950819672
			51.7522950819672	-178.495519125683
			51.7522950819672	-178.638087431694
			51.7522950819672	-178.780655737705
			51.7522950819672	-178.923224043716
			51.8948633879781	-179.065792349727
			52.0374316939891	-179.208360655738
			52.18	-179.208360655738
			52.3225683060109	-179.065792349727
			52.3225683060109	-178.923224043716
			52.3225683060109	-178.780655737705
			52.4651366120219	-178.638087431694
			52.4651366120219	-178.495519125683
			52.6077049180328	-178.352950819672
			52.7502732240437	-178.210382513661
			52.7502732240437	-178.06781420765
			52.8928415300546	-178.06781420765
			53.0354098360656	-177.925245901639
			53.1779781420765	-177.925245901639
			53.3205464480874	-177.925245901639
			53.4631147540984	-178.06781420765
			53.6056830601093	-178.210382513661
			53.7482513661202	-178.352950819672
			53.8908196721311	-178.352950819672
			54.0333879781421	-178.495519125683
			54.175956284153	-178.638087431694
			54.3185245901639	-178.780655737705
			54.4610928961749	-178.923224043716
			54.6036612021858	-178.923224043716
			54.6036612021858	-179.065792349727
			54.7462295081967	-179.065792349727
			54.8887978142076	-179.208360655738
			55.0313661202186	-179.350928961749
			55.1739344262295	-179.49349726776
			55.3165027322404	-179.63606557377
			55.4590710382514	-179.778633879781
			55.6016393442623	-179.921202185792
			55.7442076502732	-180.063770491803
			55.8867759562842	-180.206338797814
			56.0293442622951	-180.348907103825
			56.171912568306	-180.491475409836
			56.3144808743169	-180.634043715847
			56.3144808743169	-180.776612021858
			56.4570491803279	-180.776612021858
			56.4570491803279	-180.919180327869
			56.4570491803279	-181.06174863388
			56.5996174863388	-181.06174863388
			56.5996174863388	-181.204316939891
			56.7421857923497	-181.204316939891
			56.7421857923497	-181.346885245902
			56.8847540983607	-181.489453551913
			56.8847540983607	-181.632021857923
			57.0273224043716	-181.774590163934
			57.1698907103825	-181.917158469945
			57.1698907103825	-182.059726775956
			57.3124590163934	-182.202295081967
			57.4550273224044	-182.344863387978
			57.4550273224044	-182.487431693989
			57.4550273224044	-182.63
			57.5975956284153	-182.772568306011
			57.5975956284153	-182.915136612022
			57.7401639344262	-183.057704918033
			57.7401639344262	-183.200273224044
			57.7401639344262	-183.342841530055
			57.7401639344262	-183.485409836066
			57.8827322404372	-183.627978142077
			57.8827322404372	-183.770546448087
			57.8827322404372	-183.913114754098
			57.8827322404372	-184.055683060109
			57.8827322404372	-184.19825136612
			57.8827322404372	-184.340819672131
			57.8827322404372	-184.483387978142
			57.8827322404372	-184.625956284153
			57.7401639344262	-184.768524590164
			57.7401639344262	-184.911092896175
			57.7401639344262	-185.053661202186
			57.7401639344262	-185.196229508197
			57.5975956284153	-185.338797814208
			57.5975956284153	-185.481366120219
			57.4550273224044	-185.62393442623
			57.4550273224044	-185.76650273224
			57.3124590163934	-185.76650273224
			57.1698907103825	-185.909071038251
			57.1698907103825	-186.051639344262
			57.0273224043716	-186.194207650273
			56.8847540983607	-186.336775956284
			56.8847540983607	-186.479344262295
			56.7421857923497	-186.479344262295
			56.5996174863388	-186.621912568306
			56.4570491803279	-186.764480874317
			56.3144808743169	-186.907049180328
			56.171912568306	-187.049617486339
			56.0293442622951	-187.049617486339
			55.8867759562842	-187.19218579235
			55.7442076502732	-187.19218579235
			55.7442076502732	-187.334754098361
			55.6016393442623	-187.334754098361
			55.4590710382514	-187.334754098361
			55.3165027322404	-187.477322404372
			55.1739344262295	-187.477322404372
			55.1739344262295	-187.619890710383
			55.0313661202186	-187.619890710383
			54.8887978142076	-187.619890710383
			54.7462295081967	-187.619890710383
			54.6036612021858	-187.762459016393
			54.4610928961749	-187.905027322404
			54.4610928961749	-188.047595628415
			54.3185245901639	-188.190163934426
			54.3185245901639	-188.332732240437
			54.175956284153	-188.475300546448
			54.175956284153	-188.617868852459
			54.175956284153	-188.76043715847
			54.3185245901639	-188.903005464481
			54.4610928961749	-189.045573770492
			54.6036612021858	-189.188142076503
			54.7462295081967	-189.188142076503
			54.8887978142076	-189.330710382514
			55.0313661202186	-189.330710382514
			55.1739344262295	-189.330710382514
			55.3165027322404	-189.330710382514
			55.4590710382514	-189.473278688525
			55.6016393442623	-189.473278688525
			55.7442076502732	-189.473278688525
			55.8867759562842	-189.330710382514
			56.0293442622951	-189.330710382514
			56.171912568306	-189.330710382514
			56.3144808743169	-189.330710382514
			56.4570491803279	-189.330710382514
			56.5996174863388	-189.330710382514
			56.7421857923497	-189.188142076503
			56.8847540983607	-189.188142076503
			57.0273224043716	-189.045573770492
			57.1698907103825	-189.045573770492
			57.3124590163934	-188.903005464481
			57.4550273224044	-188.903005464481
			57.5975956284153	-188.76043715847
			57.7401639344262	-188.617868852459
			57.8827322404372	-188.475300546448
			58.0253005464481	-188.332732240437
			58.167868852459	-188.190163934426
			58.3104371584699	-188.047595628415
			58.3104371584699	-187.905027322404
			58.4530054644809	-187.905027322404
			58.5955737704918	-187.762459016393
			58.5955737704918	-187.619890710383
			58.7381420765027	-187.477322404372
			58.8807103825137	-187.334754098361
			58.8807103825137	-187.19218579235
			59.0232786885246	-187.049617486339
			59.0232786885246	-186.907049180328
			59.1658469945355	-186.764480874317
			59.3084153005464	-186.621912568306
			59.3084153005464	-186.479344262295
			59.4509836065574	-186.336775956284
			59.5935519125683	-186.194207650273
			59.7361202185792	-186.194207650273
			59.8786885245902	-186.194207650273
			60.0212568306011	-186.194207650273
			60.163825136612	-186.194207650273
			60.3063934426229	-186.194207650273
			60.4489617486339	-186.194207650273
			60.5915300546448	-186.194207650273
			60.7340983606557	-186.194207650273
			60.8766666666667	-186.194207650273
			61.0192349726776	-186.194207650273
			61.1618032786885	-186.194207650273
			61.3043715846995	-186.194207650273
			61.4469398907104	-186.336775956284
			61.5895081967213	-186.336775956284
			61.7320765027322	-186.336775956284
			61.8746448087432	-186.336775956284
			62.0172131147541	-186.336775956284
			62.159781420765	-186.479344262295
			62.302349726776	-186.479344262295
			62.4449180327869	-186.479344262295
			62.5874863387978	-186.479344262295
			62.7300546448087	-186.621912568306
			62.8726229508197	-186.621912568306
			63.0151912568306	-186.621912568306
			63.1577595628415	-186.764480874317
			63.3003278688525	-186.764480874317
		</suture>
		<anterior type=matrix rownames=FALSE colnames=FALSE nrow=253 ncol=2 as.numeric=TRUE >
			39.9191256830601	-167.375191256831
			40.061693989071	-167.375191256831
			40.204262295082	-167.375191256831
			40.3468306010929	-167.375191256831
			40.4893989071038	-167.375191256831
			40.6319672131148	-167.375191256831
			40.7745355191257	-167.375191256831
			40.9171038251366	-167.517759562842
			41.0596721311475	-167.517759562842
			41.2022404371585	-167.517759562842
			41.3448087431694	-167.517759562842
			41.4873770491803	-167.517759562842
			41.6299453551913	-167.517759562842
			41.7725136612022	-167.517759562842
			41.9150819672131	-167.517759562842
			42.057650273224	-167.660327868852
			42.200218579235	-167.660327868852
			42.3427868852459	-167.660327868852
			42.4853551912568	-167.660327868852
			42.6279234972678	-167.660327868852
			42.7704918032787	-167.660327868852
			42.9130601092896	-167.802896174863
			43.0556284153005	-167.802896174863
			43.1981967213115	-167.802896174863
			43.3407650273224	-167.802896174863
			43.4833333333333	-167.802896174863
			43.4833333333333	-167.945464480874
			43.6259016393443	-167.945464480874
			43.7684699453552	-167.945464480874
			43.9110382513661	-167.945464480874
			44.0536065573771	-168.088032786885
			44.196174863388	-168.088032786885
			44.3387431693989	-168.088032786885
			44.4813114754098	-168.088032786885
			44.4813114754098	-168.230601092896
			44.6238797814208	-168.230601092896
			44.7664480874317	-168.230601092896
			44.9090163934426	-168.230601092896
			45.0515846994535	-168.373169398907
			45.1941530054645	-168.373169398907
			45.3367213114754	-168.373169398907
			45.3367213114754	-168.515737704918
			45.4792896174863	-168.515737704918
			45.6218579234973	-168.515737704918
			45.7644262295082	-168.515737704918
			45.9069945355191	-168.658306010929
			46.0495628415301	-168.658306010929
			46.192131147541	-168.80087431694
			46.3346994535519	-168.80087431694
			46.4772677595628	-168.943442622951
			46.6198360655738	-168.943442622951
			46.7624043715847	-169.086010928962
			46.9049726775956	-169.086010928962
			47.0475409836066	-169.086010928962
			47.1901092896175	-169.228579234973
			47.3326775956284	-169.228579234973
			47.4752459016393	-169.371147540984
			47.6178142076503	-169.371147540984
			47.7603825136612	-169.513715846995
			47.9029508196721	-169.656284153005
			48.0455191256831	-169.798852459016
			48.188087431694	-169.798852459016
			48.3306557377049	-169.798852459016
			48.3306557377049	-169.941420765027
			48.4732240437158	-169.941420765027
			48.6157923497268	-170.083989071038
			48.7583606557377	-170.083989071038
			48.9009289617486	-170.226557377049
			49.0434972677596	-170.36912568306
			49.1860655737705	-170.511693989071
			49.3286338797814	-170.511693989071
			49.4712021857924	-170.654262295082
			49.6137704918033	-170.796830601093
			49.7563387978142	-170.939398907104
			49.8989071038251	-170.939398907104
			50.0414754098361	-171.081967213115
			50.184043715847	-171.224535519126
			50.3266120218579	-171.367103825137
			50.4691803278688	-171.367103825137
			50.4691803278688	-171.509672131148
			50.6117486338798	-171.652240437158
			50.7543169398907	-171.652240437158
			50.8968852459016	-171.794808743169
			51.0394535519126	-171.93737704918
			51.0394535519126	-172.079945355191
			51.1820218579235	-172.222513661202
			51.3245901639344	-172.222513661202
			51.4671584699454	-172.365081967213
			51.4671584699454	-172.507650273224
			51.6097267759563	-172.650218579235
			51.7522950819672	-172.792786885246
			51.8948633879781	-172.792786885246
			51.8948633879781	-172.935355191257
			52.0374316939891	-173.077923497268
			52.18	-173.220491803279
			52.3225683060109	-173.220491803279
			52.3225683060109	-173.36306010929
			52.4651366120219	-173.36306010929
			52.6077049180328	-173.36306010929
			52.6077049180328	-173.505628415301
			52.7502732240437	-173.505628415301
			52.8928415300546	-173.648196721311
			53.0354098360656	-173.648196721311
			53.1779781420765	-173.790765027322
			53.3205464480874	-173.933333333333
			53.4631147540984	-173.933333333333
			53.6056830601093	-174.075901639344
			53.7482513661202	-174.075901639344
			53.7482513661202	-174.218469945355
			53.8908196721311	-174.218469945355
			54.0333879781421	-174.361038251366
			54.175956284153	-174.361038251366
			54.3185245901639	-174.503606557377
			54.4610928961749	-174.646174863388
			54.6036612021858	-174.788743169399
			54.7462295081967	-174.788743169399
			54.8887978142076	-174.93131147541
			55.0313661202186	-175.073879781421
			55.1739344262295	-175.216448087432
			55.3165027322404	-175.359016393443
			55.4590710382514	-175.359016393443
			55.6016393442623	-175.501584699454
			55.7442076502732	-175.644153005464
			55.8867759562842	-175.786721311475
			55.8867759562842	-175.929289617486
			56.0293442622951	-175.929289617486
			56.171912568306	-176.071857923497
			56.3144808743169	-176.214426229508
			56.4570491803279	-176.356994535519
			56.5996174863388	-176.49956284153
			56.7421857923497	-176.642131147541
			56.8847540983607	-176.784699453552
			57.0273224043716	-176.927267759563
			57.1698907103825	-177.069836065574
			57.3124590163934	-177.212404371585
			57.3124590163934	-177.354972677596
			57.4550273224044	-177.497540983607
			57.5975956284153	-177.640109289617
			57.7401639344262	-177.782677595628
			57.8827322404372	-177.925245901639
			58.0253005464481	-178.06781420765
			58.167868852459	-178.210382513661
			58.3104371584699	-178.352950819672
			58.4530054644809	-178.495519125683
			58.5955737704918	-178.638087431694
			58.5955737704918	-178.780655737705
			58.7381420765027	-178.923224043716
			58.8807103825137	-179.065792349727
			58.8807103825137	-179.208360655738
			59.0232786885246	-179.208360655738
			59.0232786885246	-179.350928961749
			59.1658469945355	-179.49349726776
			59.1658469945355	-179.63606557377
			59.3084153005464	-179.63606557377
			59.3084153005464	-179.778633879781
			59.4509836065574	-179.921202185792
			59.5935519125683	-180.063770491803
			59.7361202185792	-180.206338797814
			59.7361202185792	-180.348907103825
			59.8786885245902	-180.491475409836
			59.8786885245902	-180.634043715847
			60.0212568306011	-180.776612021858
			60.163825136612	-180.919180327869
			60.3063934426229	-181.06174863388
			60.3063934426229	-181.204316939891
			60.4489617486339	-181.346885245902
			60.5915300546448	-181.489453551913
			60.5915300546448	-181.632021857923
			60.7340983606557	-181.774590163934
			60.8766666666667	-181.917158469945
			60.8766666666667	-182.059726775956
			61.0192349726776	-182.202295081967
			61.0192349726776	-182.344863387978
			61.1618032786885	-182.487431693989
			61.3043715846995	-182.63
			61.3043715846995	-182.772568306011
			61.4469398907104	-182.915136612022
			61.4469398907104	-183.057704918033
			61.5895081967213	-183.200273224044
			61.7320765027322	-183.342841530055
			61.7320765027322	-183.485409836066
			61.8746448087432	-183.627978142077
			61.8746448087432	-183.770546448087
			62.0172131147541	-183.913114754098
			62.0172131147541	-184.055683060109
			62.159781420765	-184.19825136612
			62.159781420765	-184.340819672131
			62.302349726776	-184.483387978142
			62.302349726776	-184.625956284153
			62.4449180327869	-184.768524590164
			62.4449180327869	-184.911092896175
			62.5874863387978	-185.053661202186
			62.5874863387978	-185.196229508197
			62.7300546448087	-185.338797814208
			62.7300546448087	-185.481366120219
			62.7300546448087	-185.62393442623
			62.8726229508197	-185.62393442623
			62.8726229508197	-185.76650273224
			63.0151912568306	-185.909071038251
			63.0151912568306	-186.051639344262
			63.0151912568306	-186.194207650273
			63.1577595628415	-186.336775956284
			63.1577595628415	-186.479344262295
			63.1577595628415	-186.621912568306
			63.3003278688525	-186.621912568306
			63.3003278688525	-186.764480874317
			63.4428961748634	-186.907049180328
			63.4428961748634	-187.049617486339
			63.5854644808743	-187.19218579235
			63.5854644808743	-187.334754098361
			63.7280327868852	-187.477322404372
			63.7280327868852	-187.619890710383
			63.8706010928962	-187.762459016393
			63.8706010928962	-187.905027322404
			63.8706010928962	-188.047595628415
			64.0131693989071	-188.047595628415
			64.0131693989071	-188.190163934426
			64.0131693989071	-188.332732240437
			64.155737704918	-188.475300546448
			64.155737704918	-188.617868852459
			64.298306010929	-188.76043715847
			64.298306010929	-188.903005464481
			64.298306010929	-189.045573770492
			64.4408743169399	-189.188142076503
			64.4408743169399	-189.330710382514
			64.4408743169399	-189.473278688525
			64.5834426229508	-189.615846994536
			64.5834426229508	-189.758415300546
			64.7260109289617	-189.900983606557
			64.7260109289617	-190.043551912568
			64.7260109289617	-190.186120218579
			64.8685792349727	-190.32868852459
			64.8685792349727	-190.471256830601
			64.8685792349727	-190.613825136612
			64.8685792349727	-190.756393442623
			65.0111475409836	-190.898961748634
			65.0111475409836	-191.041530054645
			65.0111475409836	-191.184098360656
			65.0111475409836	-191.326666666667
			65.1537158469945	-191.469234972678
			65.1537158469945	-191.611803278689
			65.1537158469945	-191.754371584699
			65.1537158469945	-191.89693989071
			65.2962841530055	-192.039508196721
			65.2962841530055	-192.182076502732
			65.2962841530055	-192.324644808743
			65.2962841530055	-192.467213114754
			65.2962841530055	-192.609781420765
			65.2962841530055	-192.752349726776
			65.4388524590164	-192.894918032787
			65.4388524590164	-193.037486338798
			65.4388524590164	-193.180054644809
			65.4388524590164	-193.32262295082
		</anterior>
		<posterior type=matrix rownames=FALSE colnames=FALSE nrow=202 ncol=2 as.numeric=TRUE >
			39.9191256830601	-193.32262295082
			40.061693989071	-193.32262295082
			40.204262295082	-193.32262295082
			40.3468306010929	-193.32262295082
			40.4893989071038	-193.32262295082
			40.6319672131148	-193.32262295082
			40.7745355191257	-193.32262295082
			40.9171038251366	-193.32262295082
			41.0596721311475	-193.465191256831
			41.2022404371585	-193.465191256831
			41.3448087431694	-193.465191256831
			41.4873770491803	-193.465191256831
			41.6299453551913	-193.465191256831
			41.7725136612022	-193.465191256831
			41.9150819672131	-193.465191256831
			42.057650273224	-193.465191256831
			42.200218579235	-193.465191256831
			42.3427868852459	-193.465191256831
			42.4853551912568	-193.465191256831
			42.6279234972678	-193.465191256831
			42.7704918032787	-193.465191256831
			42.9130601092896	-193.465191256831
			43.0556284153005	-193.465191256831
			43.1981967213115	-193.465191256831
			43.3407650273224	-193.465191256831
			43.4833333333333	-193.607759562842
			43.6259016393443	-193.607759562842
			43.7684699453552	-193.607759562842
			43.9110382513661	-193.607759562842
			44.0536065573771	-193.607759562842
			44.196174863388	-193.607759562842
			44.3387431693989	-193.607759562842
			44.4813114754098	-193.607759562842
			44.6238797814208	-193.607759562842
			44.7664480874317	-193.607759562842
			44.9090163934426	-193.607759562842
			45.0515846994535	-193.607759562842
			45.1941530054645	-193.607759562842
			45.3367213114754	-193.607759562842
			45.4792896174863	-193.607759562842
			45.6218579234973	-193.465191256831
			45.7644262295082	-193.465191256831
			45.9069945355191	-193.465191256831
			46.0495628415301	-193.465191256831
			46.192131147541	-193.465191256831
			46.3346994535519	-193.465191256831
			46.4772677595628	-193.465191256831
			46.6198360655738	-193.465191256831
			46.7624043715847	-193.465191256831
			46.9049726775956	-193.32262295082
			47.0475409836066	-193.32262295082
			47.1901092896175	-193.32262295082
			47.3326775956284	-193.32262295082
			47.4752459016393	-193.32262295082
			47.6178142076503	-193.32262295082
			47.7603825136612	-193.32262295082
			47.9029508196721	-193.32262295082
			48.0455191256831	-193.32262295082
			48.188087431694	-193.32262295082
			48.3306557377049	-193.32262295082
			48.4732240437158	-193.32262295082
			48.6157923497268	-193.180054644809
			48.7583606557377	-193.180054644809
			48.9009289617486	-193.180054644809
			49.0434972677596	-193.180054644809
			49.1860655737705	-193.180054644809
			49.3286338797814	-193.180054644809
			49.4712021857924	-193.180054644809
			49.6137704918033	-193.180054644809
			49.7563387978142	-193.180054644809
			49.8989071038251	-193.180054644809
			50.0414754098361	-193.180054644809
			50.184043715847	-193.180054644809
			50.3266120218579	-193.180054644809
			50.4691803278688	-193.180054644809
			50.6117486338798	-193.180054644809
			50.7543169398907	-193.180054644809
			50.8968852459016	-193.180054644809
			51.0394535519126	-193.180054644809
			51.1820218579235	-193.180054644809
			51.3245901639344	-193.180054644809
			51.4671584699454	-193.037486338798
			51.6097267759563	-193.037486338798
			51.7522950819672	-193.037486338798
			51.8948633879781	-193.037486338798
			52.0374316939891	-193.037486338798
			52.18	-193.037486338798
			52.3225683060109	-193.037486338798
			52.4651366120219	-193.037486338798
			52.6077049180328	-193.037486338798
			52.7502732240437	-193.037486338798
			52.8928415300546	-193.037486338798
			53.0354098360656	-193.037486338798
			53.1779781420765	-193.180054644809
			53.3205464480874	-193.180054644809
			53.4631147540984	-193.180054644809
			53.6056830601093	-193.180054644809
			53.7482513661202	-193.180054644809
			53.8908196721311	-193.180054644809
			54.0333879781421	-193.180054644809
			54.175956284153	-193.180054644809
			54.3185245901639	-193.180054644809
			54.4610928961749	-193.180054644809
			54.6036612021858	-193.180054644809
			54.7462295081967	-193.180054644809
			54.8887978142076	-193.180054644809
			55.0313661202186	-193.180054644809
			55.1739344262295	-193.180054644809
			55.3165027322404	-193.180054644809
			55.4590710382514	-193.180054644809
			55.6016393442623	-193.32262295082
			55.7442076502732	-193.32262295082
			55.8867759562842	-193.32262295082
			56.0293442622951	-193.32262295082
			56.171912568306	-193.32262295082
			56.3144808743169	-193.32262295082
			56.4570491803279	-193.32262295082
			56.5996174863388	-193.32262295082
			56.7421857923497	-193.32262295082
			56.8847540983607	-193.465191256831
			57.0273224043716	-193.465191256831
			57.1698907103825	-193.465191256831
			57.3124590163934	-193.465191256831
			57.4550273224044	-193.465191256831
			57.5975956284153	-193.465191256831
			57.7401639344262	-193.607759562842
			57.8827322404372	-193.607759562842
			58.0253005464481	-193.607759562842
			58.167868852459	-193.607759562842
			58.3104371584699	-193.607759562842
			58.4530054644809	-193.750327868852
			58.5955737704918	-193.750327868852
			58.7381420765027	-193.892896174863
			58.8807103825137	-193.892896174863
			59.0232786885246	-193.892896174863
			59.0232786885246	-194.035464480874
			59.1658469945355	-194.035464480874
			59.3084153005464	-194.035464480874
			59.4509836065574	-194.178032786885
			59.5935519125683	-194.178032786885
			59.7361202185792	-194.320601092896
			59.8786885245902	-194.320601092896
			60.0212568306011	-194.320601092896
			60.163825136612	-194.463169398907
			60.3063934426229	-194.605737704918
			60.4489617486339	-194.605737704918
			60.5915300546448	-194.748306010929
			60.7340983606557	-194.748306010929
			60.8766666666667	-194.748306010929
			61.0192349726776	-194.89087431694
			61.1618032786885	-194.89087431694
			61.3043715846995	-195.033442622951
			61.4469398907104	-195.033442622951
			61.5895081967213	-195.176010928962
			61.7320765027322	-195.318579234973
			61.8746448087432	-195.461147540984
			62.0172131147541	-195.461147540984
			62.159781420765	-195.603715846995
			62.302349726776	-195.603715846995
			62.4449180327869	-195.746284153005
			62.5874863387978	-195.746284153005
			62.7300546448087	-195.888852459016
			62.8726229508197	-196.031420765027
			63.0151912568306	-196.031420765027
			63.1577595628415	-196.173989071038
			63.3003278688525	-196.316557377049
			63.4428961748634	-196.316557377049
			63.5854644808743	-196.45912568306
			63.7280327868852	-196.45912568306
			63.8706010928962	-196.601693989071
			64.0131693989071	-196.601693989071
			64.155737704918	-196.744262295082
			64.298306010929	-196.744262295082
			64.4408743169399	-196.744262295082
			64.5834426229508	-196.744262295082
			64.7260109289617	-196.744262295082
			64.8685792349727	-196.744262295082
			65.0111475409836	-196.601693989071
			65.1537158469945	-196.601693989071
			65.1537158469945	-196.45912568306
			65.2962841530055	-196.316557377049
			65.4388524590164	-196.173989071038
			65.4388524590164	-196.031420765027
			65.4388524590164	-195.888852459016
			65.5814207650273	-195.746284153005
			65.5814207650273	-195.603715846995
			65.5814207650273	-195.461147540984
			65.5814207650273	-195.318579234973
			65.5814207650273	-195.176010928962
			65.5814207650273	-195.033442622951
			65.5814207650273	-194.89087431694
			65.5814207650273	-194.748306010929
			65.5814207650273	-194.605737704918
			65.5814207650273	-194.463169398907
			65.5814207650273	-194.320601092896
			65.5814207650273	-194.178032786885
			65.5814207650273	-194.035464480874
			65.5814207650273	-193.892896174863
			65.4388524590164	-193.750327868852
			65.4388524590164	-193.607759562842
			65.4388524590164	-193.465191256831
			65.4388524590164	-193.32262295082
		</posterior>
	</curves.scaled>
	<ruler.points type=matrix rownames=TRUE colnames=FALSE nrow=2 ncol=2 as.numeric=TRUE >
		Ruler point 1	230	1174
		Ruler point 2	230	1357
	</ruler.points>
</shapes>

