<shapes type=list>
	<ruler.pixel type=vector names=FALSE length=1 as.numeric=TRUE >37</ruler.pixel>
	<ruler.interval type=vector names=FALSE length=1 as.numeric=TRUE >0.5</ruler.interval>
	<scaling.units type=vector names=FALSE length=1 as.numeric=FALSE >mm</scaling.units>
	<scaling type=vector names=FALSE length=1 as.numeric=TRUE >0.0135135135135135</scaling>
	<landmarks.pixel type=matrix rownames=TRUE colnames=FALSE nrow=16 ncol=2 as.numeric=TRUE >
		LM1	144	16
		LM2	143	53
		LM3	143	228
		LM4	144	272
		LM5	215	211
		LM6	216	240
		LM7	205	259
		LM8	221	113
		LM9	235	194
		LM10	144	16
		LM11	258	240
		LM12	291	268
		LM13	144	16
		LM14	263	154
		LM15	344	272
		LM16	338	294
	</landmarks.pixel>
	<landmarks.scaled type=matrix rownames=TRUE colnames=FALSE nrow=16 ncol=2 as.numeric=TRUE >
		LM1	1.94594594594595	-0.216216216216216
		LM2	1.93243243243243	-0.716216216216216
		LM3	1.93243243243243	-3.08108108108108
		LM4	1.94594594594595	-3.67567567567568
		LM5	2.90540540540541	-2.85135135135135
		LM6	2.91891891891892	-3.24324324324324
		LM7	2.77027027027027	-3.5
		LM8	2.98648648648649	-1.52702702702703
		LM9	3.17567567567568	-2.62162162162162
		LM10	1.94594594594595	-0.216216216216216
		LM11	3.48648648648649	-3.24324324324324
		LM12	3.93243243243243	-3.62162162162162
		LM13	1.94594594594595	-0.216216216216216
		LM14	3.55405405405405	-2.08108108108108
		LM15	4.64864864864865	-3.67567567567568
		LM16	4.56756756756757	-3.97297297297297
	</landmarks.scaled>
	<curves.control type=list>
		<glabella type=matrix rownames=FALSE colnames=FALSE nrow=9 ncol=2 as.numeric=TRUE >
			143	53
			185	48
			201	117
			197	130
			209	153
			217	186
			213	229
			214	250
			205	259
		</glabella>
		<suture type=matrix rownames=FALSE colnames=FALSE nrow=17 ncol=2 as.numeric=TRUE >
			144	16
			229	20
			236	51
			233	81
			229	96
			227	108
			217	116
			230	128
			228	127
			248	152
			230	177
			222	190
			225	207
			229	231
			268	255
			283	265
			291	268
		</suture>
		<anterior type=matrix rownames=FALSE colnames=FALSE nrow=9 ncol=2 as.numeric=TRUE >
			144	16
			200	16
			246	45
			290	71
			311	122
			333	164
			339	206
			344	245
			344	272
		</anterior>
		<posterior type=matrix rownames=FALSE colnames=FALSE nrow=13 ncol=2 as.numeric=TRUE >
			144	272
			163	272
			181	266
			195	263
			208	259
			236	256
			260	259
			289	266
			317	282
			328	288
			337	295
			342	288
			344	272
		</posterior>
	</curves.control>
	<curves.pixel type=list>
		<glabella type=matrix rownames=FALSE colnames=FALSE nrow=236 ncol=2 as.numeric=TRUE >
			143	53
			144	53
			145	53
			146	53
			147	53
			148	53
			149	53
			150	53
			151	53
			152	53
			153	53
			154	53
			155	53
			156	53
			157	53
			158	54
			159	54
			160	54
			161	55
			162	55
			163	56
			164	56
			165	56
			166	57
			167	57
			168	58
			169	59
			170	59
			171	60
			172	61
			173	61
			174	62
			175	63
			176	64
			177	65
			178	66
			179	67
			180	68
			180	69
			181	69
			182	70
			182	71
			183	72
			183	73
			184	73
			184	74
			185	75
			185	76
			186	77
			186	78
			187	78
			188	79
			188	80
			189	81
			189	82
			190	83
			190	84
			190	85
			191	86
			191	87
			192	88
			192	89
			193	90
			193	91
			193	92
			194	93
			194	94
			195	95
			195	96
			195	97
			195	98
			196	98
			196	99
			196	100
			197	101
			197	102
			197	103
			197	104
			198	105
			198	106
			199	107
			199	108
			199	109
			199	110
			200	111
			200	112
			200	113
			200	114
			201	115
			201	116
			201	117
			201	118
			201	119
			200	120
			200	121
			200	122
			200	123
			200	124
			200	125
			200	126
			200	127
			200	128
			200	129
			200	130
			201	130
			201	131
			201	132
			201	133
			201	134
			202	135
			202	136
			202	137
			203	138
			203	139
			203	140
			204	141
			204	142
			204	143
			205	143
			205	144
			205	145
			206	146
			206	147
			206	148
			207	149
			208	150
			208	151
			209	152
			209	153
			209	154
			209	155
			210	156
			210	157
			210	158
			210	159
			210	160
			211	160
			211	161
			211	162
			211	163
			211	164
			211	165
			212	166
			212	167
			212	168
			212	169
			212	170
			212	171
			213	172
			213	173
			213	174
			213	175
			213	176
			213	177
			213	178
			213	179
			213	180
			213	181
			214	182
			214	183
			214	184
			214	185
			214	186
			214	187
			214	188
			214	189
			214	190
			214	191
			214	192
			214	193
			214	194
			214	195
			214	196
			214	197
			214	198
			214	199
			214	200
			214	201
			214	202
			214	203
			214	204
			214	205
			214	206
			214	207
			214	208
			214	209
			214	210
			214	211
			214	212
			214	213
			214	214
			214	215
			214	216
			214	217
			214	218
			214	219
			214	220
			214	221
			214	222
			214	223
			213	224
			213	225
			213	226
			213	227
			213	228
			213	229
			213	230
			213	231
			213	232
			213	233
			213	234
			213	235
			213	236
			213	237
			213	238
			213	239
			213	240
			213	241
			212	242
			212	243
			212	244
			212	245
			212	246
			212	247
			211	248
			211	249
			210	250
			210	251
			210	252
			209	253
			209	254
			208	255
			207	256
			206	257
			206	258
			205	259
		</glabella>
		<suture type=matrix rownames=FALSE colnames=FALSE nrow=365 ncol=2 as.numeric=TRUE >
			144	16
			145	16
			146	16
			147	16
			148	16
			149	16
			150	16
			151	16
			152	16
			153	17
			154	17
			155	17
			156	17
			157	17
			158	17
			159	17
			160	17
			161	17
			162	17
			163	17
			164	17
			165	18
			166	18
			167	18
			168	18
			169	18
			170	18
			171	18
			172	18
			173	18
			174	19
			175	19
			176	19
			177	19
			178	19
			179	19
			180	19
			181	20
			182	20
			183	20
			184	20
			185	20
			186	21
			187	21
			188	21
			189	21
			190	21
			191	22
			192	22
			193	22
			194	22
			195	22
			196	23
			197	23
			198	23
			199	23
			200	24
			201	24
			202	24
			203	24
			204	25
			205	25
			206	26
			207	26
			208	26
			209	27
			210	27
			211	27
			212	28
			213	28
			214	28
			214	29
			215	29
			216	30
			217	30
			218	30
			218	31
			219	31
			220	32
			221	32
			222	33
			223	34
			224	34
			225	35
			226	35
			226	36
			227	37
			228	37
			228	38
			229	38
			229	39
			230	40
			231	40
			231	41
			232	42
			232	43
			233	44
			234	45
			234	46
			235	47
			235	48
			236	49
			236	50
			236	51
			236	52
			236	53
			236	54
			236	55
			235	56
			235	57
			235	58
			235	59
			235	60
			235	61
			235	62
			235	63
			235	64
			234	65
			234	66
			234	67
			234	68
			234	69
			234	70
			234	71
			234	72
			233	72
			233	73
			233	74
			233	75
			233	76
			233	77
			233	78
			232	79
			232	80
			232	81
			232	82
			232	83
			232	84
			232	85
			231	85
			231	86
			231	87
			231	88
			231	89
			231	90
			230	90
			230	91
			230	92
			230	93
			230	94
			229	95
			229	96
			229	97
			229	98
			228	99
			228	100
			228	101
			227	102
			227	103
			227	104
			226	104
			226	105
			226	106
			225	106
			225	107
			225	108
			224	108
			224	109
			223	109
			223	110
			222	111
			222	112
			221	112
			220	113
			220	114
			219	114
			218	115
			218	116
			217	116
			218	117
			219	118
			220	119
			221	120
			222	120
			222	121
			223	122
			224	122
			224	123
			225	123
			225	124
			226	124
			226	125
			227	125
			227	126
			228	126
			228	127
			229	128
			230	129
			230	130
			231	131
			231	132
			232	132
			232	133
			233	134
			233	135
			234	136
			235	137
			235	138
			235	139
			236	140
			236	141
			237	142
			237	143
			237	144
			238	145
			238	146
			238	147
			238	148
			238	149
			238	150
			238	151
			239	152
			239	153
			239	154
			238	155
			238	156
			238	157
			238	158
			238	159
			238	160
			238	161
			237	162
			237	163
			237	164
			236	165
			236	166
			235	167
			235	168
			235	169
			234	170
			234	171
			233	172
			233	173
			232	174
			232	175
			231	175
			231	176
			230	177
			230	178
			229	178
			229	179
			228	180
			228	181
			227	182
			227	183
			227	184
			226	185
			226	186
			226	187
			225	188
			225	189
			225	190
			225	191
			225	192
			224	193
			224	194
			224	195
			224	196
			224	197
			224	198
			224	199
			224	200
			224	201
			224	202
			224	203
			225	204
			225	205
			225	206
			225	207
			225	208
			225	209
			226	210
			226	211
			226	212
			226	213
			227	213
			227	214
			227	215
			228	216
			228	217
			229	218
			229	219
			230	220
			231	221
			231	222
			232	223
			233	224
			233	225
			233	226
			234	226
			234	227
			235	228
			236	229
			237	230
			238	231
			239	232
			239	233
			240	234
			241	234
			242	235
			242	236
			243	237
			244	237
			245	238
			246	239
			247	240
			248	241
			249	242
			250	243
			251	243
			251	244
			252	244
			253	245
			254	245
			254	246
			255	246
			256	247
			257	247
			257	248
			258	248
			259	249
			260	250
			261	251
			262	251
			263	252
			264	253
			265	253
			266	254
			267	255
			268	255
			269	256
			270	256
			270	257
			271	257
			272	258
			273	258
			273	259
			274	259
			275	259
			276	260
			277	261
			278	262
			279	262
			280	263
			281	263
			282	264
			283	264
			284	265
			285	265
			286	266
			287	266
			288	267
			289	267
			290	268
			291	268
		</suture>
		<anterior type=matrix rownames=FALSE colnames=FALSE nrow=346 ncol=2 as.numeric=TRUE >
			144	16
			145	16
			146	16
			147	16
			148	16
			149	16
			150	16
			151	16
			152	16
			153	16
			154	16
			155	16
			156	16
			157	16
			158	16
			159	17
			160	17
			161	17
			162	17
			163	17
			164	17
			165	17
			166	17
			167	17
			168	17
			169	18
			170	18
			171	18
			172	18
			173	18
			174	18
			175	18
			176	19
			177	19
			178	19
			179	19
			180	19
			181	19
			182	20
			183	20
			184	20
			185	20
			186	20
			187	21
			188	21
			189	21
			190	21
			191	22
			192	22
			193	22
			194	22
			195	23
			196	23
			197	23
			198	23
			199	24
			200	24
			201	24
			202	25
			203	25
			204	25
			205	26
			206	26
			207	26
			208	26
			209	27
			210	27
			211	28
			212	28
			213	29
			214	29
			215	29
			216	29
			216	30
			217	30
			218	30
			218	31
			219	31
			220	31
			221	32
			222	32
			223	32
			224	33
			225	34
			226	34
			227	35
			228	35
			229	35
			230	36
			231	36
			232	37
			233	37
			233	38
			234	38
			235	39
			236	39
			237	40
			238	40
			239	41
			240	42
			241	42
			242	43
			243	43
			244	44
			245	45
			246	45
			247	46
			248	46
			249	47
			250	48
			251	48
			252	49
			253	49
			254	50
			255	51
			256	51
			257	52
			258	53
			259	54
			260	55
			261	55
			262	56
			263	56
			263	57
			264	57
			265	58
			266	59
			267	60
			268	61
			269	62
			270	63
			271	63
			271	64
			272	65
			273	65
			274	66
			275	67
			276	68
			277	69
			278	70
			279	71
			279	72
			280	73
			281	73
			282	74
			282	75
			283	76
			284	77
			285	78
			285	79
			286	80
			287	80
			288	81
			288	82
			289	83
			290	84
			290	85
			291	86
			292	87
			292	88
			293	89
			294	90
			294	91
			295	92
			296	93
			296	94
			297	95
			298	96
			298	97
			299	98
			299	99
			300	100
			301	101
			301	102
			302	103
			302	104
			303	105
			303	106
			304	107
			305	108
			305	109
			306	110
			306	111
			307	112
			307	113
			308	114
			308	115
			308	116
			309	117
			309	118
			310	119
			310	120
			310	121
			311	122
			312	123
			312	124
			313	125
			313	126
			313	127
			314	128
			314	129
			315	129
			315	130
			316	131
			316	132
			316	133
			317	133
			317	134
			317	135
			318	136
			318	137
			319	138
			319	139
			320	140
			320	141
			321	142
			321	143
			321	144
			322	145
			322	146
			323	147
			323	148
			324	149
			324	150
			324	151
			325	152
			325	153
			325	154
			326	155
			326	156
			327	157
			327	158
			327	159
			328	160
			328	161
			328	162
			329	163
			329	164
			329	165
			330	166
			330	167
			330	168
			331	169
			331	170
			331	171
			331	172
			332	173
			332	174
			332	175
			333	176
			333	177
			333	178
			333	179
			334	180
			334	181
			334	182
			334	183
			335	184
			335	185
			335	186
			335	187
			336	188
			336	189
			336	190
			336	191
			336	192
			337	193
			337	194
			337	195
			337	196
			338	197
			338	198
			338	199
			338	200
			338	201
			338	202
			339	203
			339	204
			339	205
			339	206
			339	207
			339	208
			339	209
			340	210
			340	211
			340	212
			340	213
			340	214
			340	215
			340	216
			340	217
			341	218
			341	219
			341	220
			341	221
			341	222
			341	223
			341	224
			341	225
			341	226
			341	227
			342	228
			342	229
			342	230
			342	231
			342	232
			342	233
			342	234
			342	235
			342	236
			342	237
			342	238
			343	239
			343	240
			343	241
			343	242
			343	243
			343	244
			343	245
			343	246
			343	247
			343	248
			343	249
			343	250
			343	251
			343	252
			343	253
			344	254
			344	255
			344	256
			344	257
			344	258
			344	259
			344	260
			344	261
			344	262
			344	263
			344	264
			344	265
			344	266
			344	267
			344	268
			344	269
			344	270
			344	271
			344	272
		</anterior>
		<posterior type=matrix rownames=FALSE colnames=FALSE nrow=226 ncol=2 as.numeric=TRUE >
			144	272
			145	272
			146	272
			147	272
			148	272
			149	272
			150	272
			151	272
			152	272
			153	272
			154	272
			155	271
			156	271
			157	271
			158	271
			159	271
			160	271
			161	271
			162	271
			163	270
			164	270
			165	270
			166	270
			167	270
			168	270
			169	269
			170	269
			171	269
			172	269
			172	268
			173	268
			174	268
			175	268
			176	267
			177	267
			178	267
			179	267
			180	266
			181	266
			182	266
			183	266
			184	265
			185	265
			186	265
			187	265
			188	264
			189	264
			190	264
			191	264
			192	264
			192	263
			193	263
			194	263
			195	263
			196	262
			197	262
			198	262
			199	262
			200	261
			201	261
			202	261
			203	260
			204	260
			205	260
			206	260
			207	259
			208	259
			209	259
			210	259
			211	259
			212	259
			213	259
			214	258
			215	258
			216	258
			217	258
			218	258
			219	258
			220	258
			221	258
			222	258
			223	258
			224	258
			225	258
			226	258
			227	258
			228	258
			229	258
			230	258
			231	258
			232	258
			233	258
			234	258
			235	258
			236	258
			237	258
			238	258
			239	258
			240	258
			241	258
			242	258
			243	258
			244	258
			245	258
			246	258
			247	258
			248	258
			249	258
			250	258
			251	258
			252	258
			253	258
			254	258
			255	258
			256	259
			257	259
			258	259
			259	259
			260	259
			261	259
			262	259
			262	260
			263	260
			264	260
			265	260
			266	261
			267	261
			268	261
			269	261
			270	262
			271	262
			272	262
			273	263
			274	263
			275	263
			276	264
			277	264
			278	264
			279	264
			279	265
			280	265
			281	265
			282	266
			283	266
			284	267
			285	267
			286	267
			287	267
			287	268
			288	268
			289	268
			290	269
			291	269
			292	270
			293	270
			294	270
			295	271
			296	271
			297	272
			298	272
			299	273
			300	273
			301	274
			302	274
			303	275
			304	275
			305	276
			306	276
			307	276
			307	277
			308	277
			309	278
			310	278
			311	279
			312	279
			313	280
			314	280
			315	281
			316	281
			317	282
			318	282
			318	283
			319	283
			320	284
			321	284
			322	285
			323	285
			324	286
			325	287
			326	287
			327	288
			328	289
			329	289
			330	290
			331	291
			332	291
			333	292
			334	292
			334	293
			335	294
			336	294
			337	295
			337	294
			338	294
			338	293
			339	292
			339	291
			340	290
			340	289
			340	288
			341	287
			341	286
			341	285
			342	284
			342	283
			342	282
			343	281
			343	280
			343	279
			343	278
			343	277
			343	276
			344	275
			344	274
			344	273
			344	272
		</posterior>
	</curves.pixel>
	<curves.scaled type=list>
		<glabella type=matrix rownames=FALSE colnames=FALSE nrow=236 ncol=2 as.numeric=TRUE >
			1.93243243243243	-0.716216216216216
			1.94594594594595	-0.716216216216216
			1.95945945945946	-0.716216216216216
			1.97297297297297	-0.716216216216216
			1.98648648648649	-0.716216216216216
			2	-0.716216216216216
			2.01351351351351	-0.716216216216216
			2.02702702702703	-0.716216216216216
			2.04054054054054	-0.716216216216216
			2.05405405405405	-0.716216216216216
			2.06756756756757	-0.716216216216216
			2.08108108108108	-0.716216216216216
			2.09459459459459	-0.716216216216216
			2.10810810810811	-0.716216216216216
			2.12162162162162	-0.716216216216216
			2.13513513513514	-0.72972972972973
			2.14864864864865	-0.72972972972973
			2.16216216216216	-0.72972972972973
			2.17567567567568	-0.743243243243243
			2.18918918918919	-0.743243243243243
			2.2027027027027	-0.756756756756757
			2.21621621621622	-0.756756756756757
			2.22972972972973	-0.756756756756757
			2.24324324324324	-0.77027027027027
			2.25675675675676	-0.77027027027027
			2.27027027027027	-0.783783783783784
			2.28378378378378	-0.797297297297297
			2.2972972972973	-0.797297297297297
			2.31081081081081	-0.810810810810811
			2.32432432432432	-0.824324324324324
			2.33783783783784	-0.824324324324324
			2.35135135135135	-0.837837837837838
			2.36486486486486	-0.851351351351351
			2.37837837837838	-0.864864864864865
			2.39189189189189	-0.878378378378378
			2.40540540540541	-0.891891891891892
			2.41891891891892	-0.905405405405405
			2.43243243243243	-0.918918918918919
			2.43243243243243	-0.932432432432432
			2.44594594594595	-0.932432432432432
			2.45945945945946	-0.945945945945946
			2.45945945945946	-0.95945945945946
			2.47297297297297	-0.972972972972973
			2.47297297297297	-0.986486486486487
			2.48648648648649	-0.986486486486487
			2.48648648648649	-1
			2.5	-1.01351351351351
			2.5	-1.02702702702703
			2.51351351351351	-1.04054054054054
			2.51351351351351	-1.05405405405405
			2.52702702702703	-1.05405405405405
			2.54054054054054	-1.06756756756757
			2.54054054054054	-1.08108108108108
			2.55405405405405	-1.09459459459459
			2.55405405405405	-1.10810810810811
			2.56756756756757	-1.12162162162162
			2.56756756756757	-1.13513513513514
			2.56756756756757	-1.14864864864865
			2.58108108108108	-1.16216216216216
			2.58108108108108	-1.17567567567568
			2.59459459459459	-1.18918918918919
			2.59459459459459	-1.2027027027027
			2.60810810810811	-1.21621621621622
			2.60810810810811	-1.22972972972973
			2.60810810810811	-1.24324324324324
			2.62162162162162	-1.25675675675676
			2.62162162162162	-1.27027027027027
			2.63513513513514	-1.28378378378378
			2.63513513513514	-1.2972972972973
			2.63513513513514	-1.31081081081081
			2.63513513513514	-1.32432432432432
			2.64864864864865	-1.32432432432432
			2.64864864864865	-1.33783783783784
			2.64864864864865	-1.35135135135135
			2.66216216216216	-1.36486486486486
			2.66216216216216	-1.37837837837838
			2.66216216216216	-1.39189189189189
			2.66216216216216	-1.40540540540541
			2.67567567567568	-1.41891891891892
			2.67567567567568	-1.43243243243243
			2.68918918918919	-1.44594594594595
			2.68918918918919	-1.45945945945946
			2.68918918918919	-1.47297297297297
			2.68918918918919	-1.48648648648649
			2.7027027027027	-1.5
			2.7027027027027	-1.51351351351351
			2.7027027027027	-1.52702702702703
			2.7027027027027	-1.54054054054054
			2.71621621621622	-1.55405405405405
			2.71621621621622	-1.56756756756757
			2.71621621621622	-1.58108108108108
			2.71621621621622	-1.59459459459459
			2.71621621621622	-1.60810810810811
			2.7027027027027	-1.62162162162162
			2.7027027027027	-1.63513513513514
			2.7027027027027	-1.64864864864865
			2.7027027027027	-1.66216216216216
			2.7027027027027	-1.67567567567568
			2.7027027027027	-1.68918918918919
			2.7027027027027	-1.7027027027027
			2.7027027027027	-1.71621621621622
			2.7027027027027	-1.72972972972973
			2.7027027027027	-1.74324324324324
			2.7027027027027	-1.75675675675676
			2.71621621621622	-1.75675675675676
			2.71621621621622	-1.77027027027027
			2.71621621621622	-1.78378378378378
			2.71621621621622	-1.7972972972973
			2.71621621621622	-1.81081081081081
			2.72972972972973	-1.82432432432432
			2.72972972972973	-1.83783783783784
			2.72972972972973	-1.85135135135135
			2.74324324324324	-1.86486486486486
			2.74324324324324	-1.87837837837838
			2.74324324324324	-1.89189189189189
			2.75675675675676	-1.90540540540541
			2.75675675675676	-1.91891891891892
			2.75675675675676	-1.93243243243243
			2.77027027027027	-1.93243243243243
			2.77027027027027	-1.94594594594595
			2.77027027027027	-1.95945945945946
			2.78378378378378	-1.97297297297297
			2.78378378378378	-1.98648648648649
			2.78378378378378	-2
			2.7972972972973	-2.01351351351351
			2.81081081081081	-2.02702702702703
			2.81081081081081	-2.04054054054054
			2.82432432432432	-2.05405405405405
			2.82432432432432	-2.06756756756757
			2.82432432432432	-2.08108108108108
			2.82432432432432	-2.09459459459459
			2.83783783783784	-2.10810810810811
			2.83783783783784	-2.12162162162162
			2.83783783783784	-2.13513513513514
			2.83783783783784	-2.14864864864865
			2.83783783783784	-2.16216216216216
			2.85135135135135	-2.16216216216216
			2.85135135135135	-2.17567567567568
			2.85135135135135	-2.18918918918919
			2.85135135135135	-2.2027027027027
			2.85135135135135	-2.21621621621622
			2.85135135135135	-2.22972972972973
			2.86486486486486	-2.24324324324324
			2.86486486486486	-2.25675675675676
			2.86486486486486	-2.27027027027027
			2.86486486486486	-2.28378378378378
			2.86486486486486	-2.2972972972973
			2.86486486486486	-2.31081081081081
			2.87837837837838	-2.32432432432432
			2.87837837837838	-2.33783783783784
			2.87837837837838	-2.35135135135135
			2.87837837837838	-2.36486486486486
			2.87837837837838	-2.37837837837838
			2.87837837837838	-2.39189189189189
			2.87837837837838	-2.40540540540541
			2.87837837837838	-2.41891891891892
			2.87837837837838	-2.43243243243243
			2.87837837837838	-2.44594594594595
			2.89189189189189	-2.45945945945946
			2.89189189189189	-2.47297297297297
			2.89189189189189	-2.48648648648649
			2.89189189189189	-2.5
			2.89189189189189	-2.51351351351351
			2.89189189189189	-2.52702702702703
			2.89189189189189	-2.54054054054054
			2.89189189189189	-2.55405405405405
			2.89189189189189	-2.56756756756757
			2.89189189189189	-2.58108108108108
			2.89189189189189	-2.59459459459459
			2.89189189189189	-2.60810810810811
			2.89189189189189	-2.62162162162162
			2.89189189189189	-2.63513513513514
			2.89189189189189	-2.64864864864865
			2.89189189189189	-2.66216216216216
			2.89189189189189	-2.67567567567568
			2.89189189189189	-2.68918918918919
			2.89189189189189	-2.7027027027027
			2.89189189189189	-2.71621621621622
			2.89189189189189	-2.72972972972973
			2.89189189189189	-2.74324324324324
			2.89189189189189	-2.75675675675676
			2.89189189189189	-2.77027027027027
			2.89189189189189	-2.78378378378378
			2.89189189189189	-2.7972972972973
			2.89189189189189	-2.81081081081081
			2.89189189189189	-2.82432432432432
			2.89189189189189	-2.83783783783784
			2.89189189189189	-2.85135135135135
			2.89189189189189	-2.86486486486486
			2.89189189189189	-2.87837837837838
			2.89189189189189	-2.89189189189189
			2.89189189189189	-2.90540540540541
			2.89189189189189	-2.91891891891892
			2.89189189189189	-2.93243243243243
			2.89189189189189	-2.94594594594595
			2.89189189189189	-2.95945945945946
			2.89189189189189	-2.97297297297297
			2.89189189189189	-2.98648648648649
			2.89189189189189	-3
			2.89189189189189	-3.01351351351351
			2.87837837837838	-3.02702702702703
			2.87837837837838	-3.04054054054054
			2.87837837837838	-3.05405405405405
			2.87837837837838	-3.06756756756757
			2.87837837837838	-3.08108108108108
			2.87837837837838	-3.09459459459459
			2.87837837837838	-3.10810810810811
			2.87837837837838	-3.12162162162162
			2.87837837837838	-3.13513513513514
			2.87837837837838	-3.14864864864865
			2.87837837837838	-3.16216216216216
			2.87837837837838	-3.17567567567568
			2.87837837837838	-3.18918918918919
			2.87837837837838	-3.2027027027027
			2.87837837837838	-3.21621621621622
			2.87837837837838	-3.22972972972973
			2.87837837837838	-3.24324324324324
			2.87837837837838	-3.25675675675676
			2.86486486486486	-3.27027027027027
			2.86486486486486	-3.28378378378378
			2.86486486486486	-3.2972972972973
			2.86486486486486	-3.31081081081081
			2.86486486486486	-3.32432432432432
			2.86486486486486	-3.33783783783784
			2.85135135135135	-3.35135135135135
			2.85135135135135	-3.36486486486486
			2.83783783783784	-3.37837837837838
			2.83783783783784	-3.39189189189189
			2.83783783783784	-3.40540540540541
			2.82432432432432	-3.41891891891892
			2.82432432432432	-3.43243243243243
			2.81081081081081	-3.44594594594595
			2.7972972972973	-3.45945945945946
			2.78378378378378	-3.47297297297297
			2.78378378378378	-3.48648648648649
			2.77027027027027	-3.5
		</glabella>
		<suture type=matrix rownames=FALSE colnames=FALSE nrow=365 ncol=2 as.numeric=TRUE >
			1.94594594594595	-0.216216216216216
			1.95945945945946	-0.216216216216216
			1.97297297297297	-0.216216216216216
			1.98648648648649	-0.216216216216216
			2	-0.216216216216216
			2.01351351351351	-0.216216216216216
			2.02702702702703	-0.216216216216216
			2.04054054054054	-0.216216216216216
			2.05405405405405	-0.216216216216216
			2.06756756756757	-0.22972972972973
			2.08108108108108	-0.22972972972973
			2.09459459459459	-0.22972972972973
			2.10810810810811	-0.22972972972973
			2.12162162162162	-0.22972972972973
			2.13513513513514	-0.22972972972973
			2.14864864864865	-0.22972972972973
			2.16216216216216	-0.22972972972973
			2.17567567567568	-0.22972972972973
			2.18918918918919	-0.22972972972973
			2.2027027027027	-0.22972972972973
			2.21621621621622	-0.22972972972973
			2.22972972972973	-0.243243243243243
			2.24324324324324	-0.243243243243243
			2.25675675675676	-0.243243243243243
			2.27027027027027	-0.243243243243243
			2.28378378378378	-0.243243243243243
			2.2972972972973	-0.243243243243243
			2.31081081081081	-0.243243243243243
			2.32432432432432	-0.243243243243243
			2.33783783783784	-0.243243243243243
			2.35135135135135	-0.256756756756757
			2.36486486486486	-0.256756756756757
			2.37837837837838	-0.256756756756757
			2.39189189189189	-0.256756756756757
			2.40540540540541	-0.256756756756757
			2.41891891891892	-0.256756756756757
			2.43243243243243	-0.256756756756757
			2.44594594594595	-0.27027027027027
			2.45945945945946	-0.27027027027027
			2.47297297297297	-0.27027027027027
			2.48648648648649	-0.27027027027027
			2.5	-0.27027027027027
			2.51351351351351	-0.283783783783784
			2.52702702702703	-0.283783783783784
			2.54054054054054	-0.283783783783784
			2.55405405405405	-0.283783783783784
			2.56756756756757	-0.283783783783784
			2.58108108108108	-0.297297297297297
			2.59459459459459	-0.297297297297297
			2.60810810810811	-0.297297297297297
			2.62162162162162	-0.297297297297297
			2.63513513513514	-0.297297297297297
			2.64864864864865	-0.310810810810811
			2.66216216216216	-0.310810810810811
			2.67567567567568	-0.310810810810811
			2.68918918918919	-0.310810810810811
			2.7027027027027	-0.324324324324324
			2.71621621621622	-0.324324324324324
			2.72972972972973	-0.324324324324324
			2.74324324324324	-0.324324324324324
			2.75675675675676	-0.337837837837838
			2.77027027027027	-0.337837837837838
			2.78378378378378	-0.351351351351351
			2.7972972972973	-0.351351351351351
			2.81081081081081	-0.351351351351351
			2.82432432432432	-0.364864864864865
			2.83783783783784	-0.364864864864865
			2.85135135135135	-0.364864864864865
			2.86486486486486	-0.378378378378378
			2.87837837837838	-0.378378378378378
			2.89189189189189	-0.378378378378378
			2.89189189189189	-0.391891891891892
			2.90540540540541	-0.391891891891892
			2.91891891891892	-0.405405405405405
			2.93243243243243	-0.405405405405405
			2.94594594594595	-0.405405405405405
			2.94594594594595	-0.418918918918919
			2.95945945945946	-0.418918918918919
			2.97297297297297	-0.432432432432432
			2.98648648648649	-0.432432432432432
			3	-0.445945945945946
			3.01351351351351	-0.459459459459459
			3.02702702702703	-0.459459459459459
			3.04054054054054	-0.472972972972973
			3.05405405405405	-0.472972972972973
			3.05405405405405	-0.486486486486487
			3.06756756756757	-0.5
			3.08108108108108	-0.5
			3.08108108108108	-0.513513513513514
			3.09459459459459	-0.513513513513514
			3.09459459459459	-0.527027027027027
			3.10810810810811	-0.540540540540541
			3.12162162162162	-0.540540540540541
			3.12162162162162	-0.554054054054054
			3.13513513513514	-0.567567567567568
			3.13513513513514	-0.581081081081081
			3.14864864864865	-0.594594594594595
			3.16216216216216	-0.608108108108108
			3.16216216216216	-0.621621621621622
			3.17567567567568	-0.635135135135135
			3.17567567567568	-0.648648648648649
			3.18918918918919	-0.662162162162162
			3.18918918918919	-0.675675675675676
			3.18918918918919	-0.689189189189189
			3.18918918918919	-0.702702702702703
			3.18918918918919	-0.716216216216216
			3.18918918918919	-0.72972972972973
			3.18918918918919	-0.743243243243243
			3.17567567567568	-0.756756756756757
			3.17567567567568	-0.77027027027027
			3.17567567567568	-0.783783783783784
			3.17567567567568	-0.797297297297297
			3.17567567567568	-0.810810810810811
			3.17567567567568	-0.824324324324324
			3.17567567567568	-0.837837837837838
			3.17567567567568	-0.851351351351351
			3.17567567567568	-0.864864864864865
			3.16216216216216	-0.878378378378378
			3.16216216216216	-0.891891891891892
			3.16216216216216	-0.905405405405405
			3.16216216216216	-0.918918918918919
			3.16216216216216	-0.932432432432432
			3.16216216216216	-0.945945945945946
			3.16216216216216	-0.95945945945946
			3.16216216216216	-0.972972972972973
			3.14864864864865	-0.972972972972973
			3.14864864864865	-0.986486486486487
			3.14864864864865	-1
			3.14864864864865	-1.01351351351351
			3.14864864864865	-1.02702702702703
			3.14864864864865	-1.04054054054054
			3.14864864864865	-1.05405405405405
			3.13513513513514	-1.06756756756757
			3.13513513513514	-1.08108108108108
			3.13513513513514	-1.09459459459459
			3.13513513513514	-1.10810810810811
			3.13513513513514	-1.12162162162162
			3.13513513513514	-1.13513513513514
			3.13513513513514	-1.14864864864865
			3.12162162162162	-1.14864864864865
			3.12162162162162	-1.16216216216216
			3.12162162162162	-1.17567567567568
			3.12162162162162	-1.18918918918919
			3.12162162162162	-1.2027027027027
			3.12162162162162	-1.21621621621622
			3.10810810810811	-1.21621621621622
			3.10810810810811	-1.22972972972973
			3.10810810810811	-1.24324324324324
			3.10810810810811	-1.25675675675676
			3.10810810810811	-1.27027027027027
			3.09459459459459	-1.28378378378378
			3.09459459459459	-1.2972972972973
			3.09459459459459	-1.31081081081081
			3.09459459459459	-1.32432432432432
			3.08108108108108	-1.33783783783784
			3.08108108108108	-1.35135135135135
			3.08108108108108	-1.36486486486486
			3.06756756756757	-1.37837837837838
			3.06756756756757	-1.39189189189189
			3.06756756756757	-1.40540540540541
			3.05405405405405	-1.40540540540541
			3.05405405405405	-1.41891891891892
			3.05405405405405	-1.43243243243243
			3.04054054054054	-1.43243243243243
			3.04054054054054	-1.44594594594595
			3.04054054054054	-1.45945945945946
			3.02702702702703	-1.45945945945946
			3.02702702702703	-1.47297297297297
			3.01351351351351	-1.47297297297297
			3.01351351351351	-1.48648648648649
			3	-1.5
			3	-1.51351351351351
			2.98648648648649	-1.51351351351351
			2.97297297297297	-1.52702702702703
			2.97297297297297	-1.54054054054054
			2.95945945945946	-1.54054054054054
			2.94594594594595	-1.55405405405405
			2.94594594594595	-1.56756756756757
			2.93243243243243	-1.56756756756757
			2.94594594594595	-1.58108108108108
			2.95945945945946	-1.59459459459459
			2.97297297297297	-1.60810810810811
			2.98648648648649	-1.62162162162162
			3	-1.62162162162162
			3	-1.63513513513514
			3.01351351351351	-1.64864864864865
			3.02702702702703	-1.64864864864865
			3.02702702702703	-1.66216216216216
			3.04054054054054	-1.66216216216216
			3.04054054054054	-1.67567567567568
			3.05405405405405	-1.67567567567568
			3.05405405405405	-1.68918918918919
			3.06756756756757	-1.68918918918919
			3.06756756756757	-1.7027027027027
			3.08108108108108	-1.7027027027027
			3.08108108108108	-1.71621621621622
			3.09459459459459	-1.72972972972973
			3.10810810810811	-1.74324324324324
			3.10810810810811	-1.75675675675676
			3.12162162162162	-1.77027027027027
			3.12162162162162	-1.78378378378378
			3.13513513513514	-1.78378378378378
			3.13513513513514	-1.7972972972973
			3.14864864864865	-1.81081081081081
			3.14864864864865	-1.82432432432432
			3.16216216216216	-1.83783783783784
			3.17567567567568	-1.85135135135135
			3.17567567567568	-1.86486486486486
			3.17567567567568	-1.87837837837838
			3.18918918918919	-1.89189189189189
			3.18918918918919	-1.90540540540541
			3.2027027027027	-1.91891891891892
			3.2027027027027	-1.93243243243243
			3.2027027027027	-1.94594594594595
			3.21621621621622	-1.95945945945946
			3.21621621621622	-1.97297297297297
			3.21621621621622	-1.98648648648649
			3.21621621621622	-2
			3.21621621621622	-2.01351351351351
			3.21621621621622	-2.02702702702703
			3.21621621621622	-2.04054054054054
			3.22972972972973	-2.05405405405405
			3.22972972972973	-2.06756756756757
			3.22972972972973	-2.08108108108108
			3.21621621621622	-2.09459459459459
			3.21621621621622	-2.10810810810811
			3.21621621621622	-2.12162162162162
			3.21621621621622	-2.13513513513514
			3.21621621621622	-2.14864864864865
			3.21621621621622	-2.16216216216216
			3.21621621621622	-2.17567567567568
			3.2027027027027	-2.18918918918919
			3.2027027027027	-2.2027027027027
			3.2027027027027	-2.21621621621622
			3.18918918918919	-2.22972972972973
			3.18918918918919	-2.24324324324324
			3.17567567567568	-2.25675675675676
			3.17567567567568	-2.27027027027027
			3.17567567567568	-2.28378378378378
			3.16216216216216	-2.2972972972973
			3.16216216216216	-2.31081081081081
			3.14864864864865	-2.32432432432432
			3.14864864864865	-2.33783783783784
			3.13513513513514	-2.35135135135135
			3.13513513513514	-2.36486486486486
			3.12162162162162	-2.36486486486486
			3.12162162162162	-2.37837837837838
			3.10810810810811	-2.39189189189189
			3.10810810810811	-2.40540540540541
			3.09459459459459	-2.40540540540541
			3.09459459459459	-2.41891891891892
			3.08108108108108	-2.43243243243243
			3.08108108108108	-2.44594594594595
			3.06756756756757	-2.45945945945946
			3.06756756756757	-2.47297297297297
			3.06756756756757	-2.48648648648649
			3.05405405405405	-2.5
			3.05405405405405	-2.51351351351351
			3.05405405405405	-2.52702702702703
			3.04054054054054	-2.54054054054054
			3.04054054054054	-2.55405405405405
			3.04054054054054	-2.56756756756757
			3.04054054054054	-2.58108108108108
			3.04054054054054	-2.59459459459459
			3.02702702702703	-2.60810810810811
			3.02702702702703	-2.62162162162162
			3.02702702702703	-2.63513513513514
			3.02702702702703	-2.64864864864865
			3.02702702702703	-2.66216216216216
			3.02702702702703	-2.67567567567568
			3.02702702702703	-2.68918918918919
			3.02702702702703	-2.7027027027027
			3.02702702702703	-2.71621621621622
			3.02702702702703	-2.72972972972973
			3.02702702702703	-2.74324324324324
			3.04054054054054	-2.75675675675676
			3.04054054054054	-2.77027027027027
			3.04054054054054	-2.78378378378378
			3.04054054054054	-2.7972972972973
			3.04054054054054	-2.81081081081081
			3.04054054054054	-2.82432432432432
			3.05405405405405	-2.83783783783784
			3.05405405405405	-2.85135135135135
			3.05405405405405	-2.86486486486486
			3.05405405405405	-2.87837837837838
			3.06756756756757	-2.87837837837838
			3.06756756756757	-2.89189189189189
			3.06756756756757	-2.90540540540541
			3.08108108108108	-2.91891891891892
			3.08108108108108	-2.93243243243243
			3.09459459459459	-2.94594594594595
			3.09459459459459	-2.95945945945946
			3.10810810810811	-2.97297297297297
			3.12162162162162	-2.98648648648649
			3.12162162162162	-3
			3.13513513513514	-3.01351351351351
			3.14864864864865	-3.02702702702703
			3.14864864864865	-3.04054054054054
			3.14864864864865	-3.05405405405405
			3.16216216216216	-3.05405405405405
			3.16216216216216	-3.06756756756757
			3.17567567567568	-3.08108108108108
			3.18918918918919	-3.09459459459459
			3.2027027027027	-3.10810810810811
			3.21621621621622	-3.12162162162162
			3.22972972972973	-3.13513513513514
			3.22972972972973	-3.14864864864865
			3.24324324324324	-3.16216216216216
			3.25675675675676	-3.16216216216216
			3.27027027027027	-3.17567567567568
			3.27027027027027	-3.18918918918919
			3.28378378378378	-3.2027027027027
			3.2972972972973	-3.2027027027027
			3.31081081081081	-3.21621621621622
			3.32432432432432	-3.22972972972973
			3.33783783783784	-3.24324324324324
			3.35135135135135	-3.25675675675676
			3.36486486486486	-3.27027027027027
			3.37837837837838	-3.28378378378378
			3.39189189189189	-3.28378378378378
			3.39189189189189	-3.2972972972973
			3.40540540540541	-3.2972972972973
			3.41891891891892	-3.31081081081081
			3.43243243243243	-3.31081081081081
			3.43243243243243	-3.32432432432432
			3.44594594594595	-3.32432432432432
			3.45945945945946	-3.33783783783784
			3.47297297297297	-3.33783783783784
			3.47297297297297	-3.35135135135135
			3.48648648648649	-3.35135135135135
			3.5	-3.36486486486486
			3.51351351351351	-3.37837837837838
			3.52702702702703	-3.39189189189189
			3.54054054054054	-3.39189189189189
			3.55405405405405	-3.40540540540541
			3.56756756756757	-3.41891891891892
			3.58108108108108	-3.41891891891892
			3.59459459459459	-3.43243243243243
			3.60810810810811	-3.44594594594595
			3.62162162162162	-3.44594594594595
			3.63513513513514	-3.45945945945946
			3.64864864864865	-3.45945945945946
			3.64864864864865	-3.47297297297297
			3.66216216216216	-3.47297297297297
			3.67567567567568	-3.48648648648649
			3.68918918918919	-3.48648648648649
			3.68918918918919	-3.5
			3.7027027027027	-3.5
			3.71621621621622	-3.5
			3.72972972972973	-3.51351351351351
			3.74324324324324	-3.52702702702703
			3.75675675675676	-3.54054054054054
			3.77027027027027	-3.54054054054054
			3.78378378378378	-3.55405405405405
			3.7972972972973	-3.55405405405405
			3.81081081081081	-3.56756756756757
			3.82432432432432	-3.56756756756757
			3.83783783783784	-3.58108108108108
			3.85135135135135	-3.58108108108108
			3.86486486486486	-3.59459459459459
			3.87837837837838	-3.59459459459459
			3.89189189189189	-3.60810810810811
			3.90540540540541	-3.60810810810811
			3.91891891891892	-3.62162162162162
			3.93243243243243	-3.62162162162162
		</suture>
		<anterior type=matrix rownames=FALSE colnames=FALSE nrow=346 ncol=2 as.numeric=TRUE >
			1.94594594594595	-0.216216216216216
			1.95945945945946	-0.216216216216216
			1.97297297297297	-0.216216216216216
			1.98648648648649	-0.216216216216216
			2	-0.216216216216216
			2.01351351351351	-0.216216216216216
			2.02702702702703	-0.216216216216216
			2.04054054054054	-0.216216216216216
			2.05405405405405	-0.216216216216216
			2.06756756756757	-0.216216216216216
			2.08108108108108	-0.216216216216216
			2.09459459459459	-0.216216216216216
			2.10810810810811	-0.216216216216216
			2.12162162162162	-0.216216216216216
			2.13513513513514	-0.216216216216216
			2.14864864864865	-0.22972972972973
			2.16216216216216	-0.22972972972973
			2.17567567567568	-0.22972972972973
			2.18918918918919	-0.22972972972973
			2.2027027027027	-0.22972972972973
			2.21621621621622	-0.22972972972973
			2.22972972972973	-0.22972972972973
			2.24324324324324	-0.22972972972973
			2.25675675675676	-0.22972972972973
			2.27027027027027	-0.22972972972973
			2.28378378378378	-0.243243243243243
			2.2972972972973	-0.243243243243243
			2.31081081081081	-0.243243243243243
			2.32432432432432	-0.243243243243243
			2.33783783783784	-0.243243243243243
			2.35135135135135	-0.243243243243243
			2.36486486486486	-0.243243243243243
			2.37837837837838	-0.256756756756757
			2.39189189189189	-0.256756756756757
			2.40540540540541	-0.256756756756757
			2.41891891891892	-0.256756756756757
			2.43243243243243	-0.256756756756757
			2.44594594594595	-0.256756756756757
			2.45945945945946	-0.27027027027027
			2.47297297297297	-0.27027027027027
			2.48648648648649	-0.27027027027027
			2.5	-0.27027027027027
			2.51351351351351	-0.27027027027027
			2.52702702702703	-0.283783783783784
			2.54054054054054	-0.283783783783784
			2.55405405405405	-0.283783783783784
			2.56756756756757	-0.283783783783784
			2.58108108108108	-0.297297297297297
			2.59459459459459	-0.297297297297297
			2.60810810810811	-0.297297297297297
			2.62162162162162	-0.297297297297297
			2.63513513513514	-0.310810810810811
			2.64864864864865	-0.310810810810811
			2.66216216216216	-0.310810810810811
			2.67567567567568	-0.310810810810811
			2.68918918918919	-0.324324324324324
			2.7027027027027	-0.324324324324324
			2.71621621621622	-0.324324324324324
			2.72972972972973	-0.337837837837838
			2.74324324324324	-0.337837837837838
			2.75675675675676	-0.337837837837838
			2.77027027027027	-0.351351351351351
			2.78378378378378	-0.351351351351351
			2.7972972972973	-0.351351351351351
			2.81081081081081	-0.351351351351351
			2.82432432432432	-0.364864864864865
			2.83783783783784	-0.364864864864865
			2.85135135135135	-0.378378378378378
			2.86486486486486	-0.378378378378378
			2.87837837837838	-0.391891891891892
			2.89189189189189	-0.391891891891892
			2.90540540540541	-0.391891891891892
			2.91891891891892	-0.391891891891892
			2.91891891891892	-0.405405405405405
			2.93243243243243	-0.405405405405405
			2.94594594594595	-0.405405405405405
			2.94594594594595	-0.418918918918919
			2.95945945945946	-0.418918918918919
			2.97297297297297	-0.418918918918919
			2.98648648648649	-0.432432432432432
			3	-0.432432432432432
			3.01351351351351	-0.432432432432432
			3.02702702702703	-0.445945945945946
			3.04054054054054	-0.459459459459459
			3.05405405405405	-0.459459459459459
			3.06756756756757	-0.472972972972973
			3.08108108108108	-0.472972972972973
			3.09459459459459	-0.472972972972973
			3.10810810810811	-0.486486486486487
			3.12162162162162	-0.486486486486487
			3.13513513513514	-0.5
			3.14864864864865	-0.5
			3.14864864864865	-0.513513513513514
			3.16216216216216	-0.513513513513514
			3.17567567567568	-0.527027027027027
			3.18918918918919	-0.527027027027027
			3.2027027027027	-0.540540540540541
			3.21621621621622	-0.540540540540541
			3.22972972972973	-0.554054054054054
			3.24324324324324	-0.567567567567568
			3.25675675675676	-0.567567567567568
			3.27027027027027	-0.581081081081081
			3.28378378378378	-0.581081081081081
			3.2972972972973	-0.594594594594595
			3.31081081081081	-0.608108108108108
			3.32432432432432	-0.608108108108108
			3.33783783783784	-0.621621621621622
			3.35135135135135	-0.621621621621622
			3.36486486486486	-0.635135135135135
			3.37837837837838	-0.648648648648649
			3.39189189189189	-0.648648648648649
			3.40540540540541	-0.662162162162162
			3.41891891891892	-0.662162162162162
			3.43243243243243	-0.675675675675676
			3.44594594594595	-0.689189189189189
			3.45945945945946	-0.689189189189189
			3.47297297297297	-0.702702702702703
			3.48648648648649	-0.716216216216216
			3.5	-0.72972972972973
			3.51351351351351	-0.743243243243243
			3.52702702702703	-0.743243243243243
			3.54054054054054	-0.756756756756757
			3.55405405405405	-0.756756756756757
			3.55405405405405	-0.77027027027027
			3.56756756756757	-0.77027027027027
			3.58108108108108	-0.783783783783784
			3.59459459459459	-0.797297297297297
			3.60810810810811	-0.810810810810811
			3.62162162162162	-0.824324324324324
			3.63513513513514	-0.837837837837838
			3.64864864864865	-0.851351351351351
			3.66216216216216	-0.851351351351351
			3.66216216216216	-0.864864864864865
			3.67567567567568	-0.878378378378378
			3.68918918918919	-0.878378378378378
			3.7027027027027	-0.891891891891892
			3.71621621621622	-0.905405405405405
			3.72972972972973	-0.918918918918919
			3.74324324324324	-0.932432432432432
			3.75675675675676	-0.945945945945946
			3.77027027027027	-0.95945945945946
			3.77027027027027	-0.972972972972973
			3.78378378378378	-0.986486486486487
			3.7972972972973	-0.986486486486487
			3.81081081081081	-1
			3.81081081081081	-1.01351351351351
			3.82432432432432	-1.02702702702703
			3.83783783783784	-1.04054054054054
			3.85135135135135	-1.05405405405405
			3.85135135135135	-1.06756756756757
			3.86486486486486	-1.08108108108108
			3.87837837837838	-1.08108108108108
			3.89189189189189	-1.09459459459459
			3.89189189189189	-1.10810810810811
			3.90540540540541	-1.12162162162162
			3.91891891891892	-1.13513513513514
			3.91891891891892	-1.14864864864865
			3.93243243243243	-1.16216216216216
			3.94594594594595	-1.17567567567568
			3.94594594594595	-1.18918918918919
			3.95945945945946	-1.2027027027027
			3.97297297297297	-1.21621621621622
			3.97297297297297	-1.22972972972973
			3.98648648648649	-1.24324324324324
			4	-1.25675675675676
			4	-1.27027027027027
			4.01351351351351	-1.28378378378378
			4.02702702702703	-1.2972972972973
			4.02702702702703	-1.31081081081081
			4.04054054054054	-1.32432432432432
			4.04054054054054	-1.33783783783784
			4.05405405405405	-1.35135135135135
			4.06756756756757	-1.36486486486486
			4.06756756756757	-1.37837837837838
			4.08108108108108	-1.39189189189189
			4.08108108108108	-1.40540540540541
			4.09459459459459	-1.41891891891892
			4.09459459459459	-1.43243243243243
			4.10810810810811	-1.44594594594595
			4.12162162162162	-1.45945945945946
			4.12162162162162	-1.47297297297297
			4.13513513513514	-1.48648648648649
			4.13513513513514	-1.5
			4.14864864864865	-1.51351351351351
			4.14864864864865	-1.52702702702703
			4.16216216216216	-1.54054054054054
			4.16216216216216	-1.55405405405405
			4.16216216216216	-1.56756756756757
			4.17567567567568	-1.58108108108108
			4.17567567567568	-1.59459459459459
			4.18918918918919	-1.60810810810811
			4.18918918918919	-1.62162162162162
			4.18918918918919	-1.63513513513514
			4.2027027027027	-1.64864864864865
			4.21621621621622	-1.66216216216216
			4.21621621621622	-1.67567567567568
			4.22972972972973	-1.68918918918919
			4.22972972972973	-1.7027027027027
			4.22972972972973	-1.71621621621622
			4.24324324324324	-1.72972972972973
			4.24324324324324	-1.74324324324324
			4.25675675675676	-1.74324324324324
			4.25675675675676	-1.75675675675676
			4.27027027027027	-1.77027027027027
			4.27027027027027	-1.78378378378378
			4.27027027027027	-1.7972972972973
			4.28378378378378	-1.7972972972973
			4.28378378378378	-1.81081081081081
			4.28378378378378	-1.82432432432432
			4.2972972972973	-1.83783783783784
			4.2972972972973	-1.85135135135135
			4.31081081081081	-1.86486486486486
			4.31081081081081	-1.87837837837838
			4.32432432432432	-1.89189189189189
			4.32432432432432	-1.90540540540541
			4.33783783783784	-1.91891891891892
			4.33783783783784	-1.93243243243243
			4.33783783783784	-1.94594594594595
			4.35135135135135	-1.95945945945946
			4.35135135135135	-1.97297297297297
			4.36486486486486	-1.98648648648649
			4.36486486486486	-2
			4.37837837837838	-2.01351351351351
			4.37837837837838	-2.02702702702703
			4.37837837837838	-2.04054054054054
			4.39189189189189	-2.05405405405405
			4.39189189189189	-2.06756756756757
			4.39189189189189	-2.08108108108108
			4.40540540540541	-2.09459459459459
			4.40540540540541	-2.10810810810811
			4.41891891891892	-2.12162162162162
			4.41891891891892	-2.13513513513514
			4.41891891891892	-2.14864864864865
			4.43243243243243	-2.16216216216216
			4.43243243243243	-2.17567567567568
			4.43243243243243	-2.18918918918919
			4.44594594594595	-2.2027027027027
			4.44594594594595	-2.21621621621622
			4.44594594594595	-2.22972972972973
			4.45945945945946	-2.24324324324324
			4.45945945945946	-2.25675675675676
			4.45945945945946	-2.27027027027027
			4.47297297297297	-2.28378378378378
			4.47297297297297	-2.2972972972973
			4.47297297297297	-2.31081081081081
			4.47297297297297	-2.32432432432432
			4.48648648648649	-2.33783783783784
			4.48648648648649	-2.35135135135135
			4.48648648648649	-2.36486486486486
			4.5	-2.37837837837838
			4.5	-2.39189189189189
			4.5	-2.40540540540541
			4.5	-2.41891891891892
			4.51351351351351	-2.43243243243243
			4.51351351351351	-2.44594594594595
			4.51351351351351	-2.45945945945946
			4.51351351351351	-2.47297297297297
			4.52702702702703	-2.48648648648649
			4.52702702702703	-2.5
			4.52702702702703	-2.51351351351351
			4.52702702702703	-2.52702702702703
			4.54054054054054	-2.54054054054054
			4.54054054054054	-2.55405405405405
			4.54054054054054	-2.56756756756757
			4.54054054054054	-2.58108108108108
			4.54054054054054	-2.59459459459459
			4.55405405405405	-2.60810810810811
			4.55405405405405	-2.62162162162162
			4.55405405405405	-2.63513513513514
			4.55405405405405	-2.64864864864865
			4.56756756756757	-2.66216216216216
			4.56756756756757	-2.67567567567568
			4.56756756756757	-2.68918918918919
			4.56756756756757	-2.7027027027027
			4.56756756756757	-2.71621621621622
			4.56756756756757	-2.72972972972973
			4.58108108108108	-2.74324324324324
			4.58108108108108	-2.75675675675676
			4.58108108108108	-2.77027027027027
			4.58108108108108	-2.78378378378378
			4.58108108108108	-2.7972972972973
			4.58108108108108	-2.81081081081081
			4.58108108108108	-2.82432432432432
			4.59459459459459	-2.83783783783784
			4.59459459459459	-2.85135135135135
			4.59459459459459	-2.86486486486486
			4.59459459459459	-2.87837837837838
			4.59459459459459	-2.89189189189189
			4.59459459459459	-2.90540540540541
			4.59459459459459	-2.91891891891892
			4.59459459459459	-2.93243243243243
			4.60810810810811	-2.94594594594595
			4.60810810810811	-2.95945945945946
			4.60810810810811	-2.97297297297297
			4.60810810810811	-2.98648648648649
			4.60810810810811	-3
			4.60810810810811	-3.01351351351351
			4.60810810810811	-3.02702702702703
			4.60810810810811	-3.04054054054054
			4.60810810810811	-3.05405405405405
			4.60810810810811	-3.06756756756757
			4.62162162162162	-3.08108108108108
			4.62162162162162	-3.09459459459459
			4.62162162162162	-3.10810810810811
			4.62162162162162	-3.12162162162162
			4.62162162162162	-3.13513513513514
			4.62162162162162	-3.14864864864865
			4.62162162162162	-3.16216216216216
			4.62162162162162	-3.17567567567568
			4.62162162162162	-3.18918918918919
			4.62162162162162	-3.2027027027027
			4.62162162162162	-3.21621621621622
			4.63513513513514	-3.22972972972973
			4.63513513513514	-3.24324324324324
			4.63513513513514	-3.25675675675676
			4.63513513513514	-3.27027027027027
			4.63513513513514	-3.28378378378378
			4.63513513513514	-3.2972972972973
			4.63513513513514	-3.31081081081081
			4.63513513513514	-3.32432432432432
			4.63513513513514	-3.33783783783784
			4.63513513513514	-3.35135135135135
			4.63513513513514	-3.36486486486486
			4.63513513513514	-3.37837837837838
			4.63513513513514	-3.39189189189189
			4.63513513513514	-3.40540540540541
			4.63513513513514	-3.41891891891892
			4.64864864864865	-3.43243243243243
			4.64864864864865	-3.44594594594595
			4.64864864864865	-3.45945945945946
			4.64864864864865	-3.47297297297297
			4.64864864864865	-3.48648648648649
			4.64864864864865	-3.5
			4.64864864864865	-3.51351351351351
			4.64864864864865	-3.52702702702703
			4.64864864864865	-3.54054054054054
			4.64864864864865	-3.55405405405405
			4.64864864864865	-3.56756756756757
			4.64864864864865	-3.58108108108108
			4.64864864864865	-3.59459459459459
			4.64864864864865	-3.60810810810811
			4.64864864864865	-3.62162162162162
			4.64864864864865	-3.63513513513514
			4.64864864864865	-3.64864864864865
			4.64864864864865	-3.66216216216216
			4.64864864864865	-3.67567567567568
		</anterior>
		<posterior type=matrix rownames=FALSE colnames=FALSE nrow=226 ncol=2 as.numeric=TRUE >
			1.94594594594595	-3.67567567567568
			1.95945945945946	-3.67567567567568
			1.97297297297297	-3.67567567567568
			1.98648648648649	-3.67567567567568
			2	-3.67567567567568
			2.01351351351351	-3.67567567567568
			2.02702702702703	-3.67567567567568
			2.04054054054054	-3.67567567567568
			2.05405405405405	-3.67567567567568
			2.06756756756757	-3.67567567567568
			2.08108108108108	-3.67567567567568
			2.09459459459459	-3.66216216216216
			2.10810810810811	-3.66216216216216
			2.12162162162162	-3.66216216216216
			2.13513513513514	-3.66216216216216
			2.14864864864865	-3.66216216216216
			2.16216216216216	-3.66216216216216
			2.17567567567568	-3.66216216216216
			2.18918918918919	-3.66216216216216
			2.2027027027027	-3.64864864864865
			2.21621621621622	-3.64864864864865
			2.22972972972973	-3.64864864864865
			2.24324324324324	-3.64864864864865
			2.25675675675676	-3.64864864864865
			2.27027027027027	-3.64864864864865
			2.28378378378378	-3.63513513513514
			2.2972972972973	-3.63513513513514
			2.31081081081081	-3.63513513513514
			2.32432432432432	-3.63513513513514
			2.32432432432432	-3.62162162162162
			2.33783783783784	-3.62162162162162
			2.35135135135135	-3.62162162162162
			2.36486486486486	-3.62162162162162
			2.37837837837838	-3.60810810810811
			2.39189189189189	-3.60810810810811
			2.40540540540541	-3.60810810810811
			2.41891891891892	-3.60810810810811
			2.43243243243243	-3.59459459459459
			2.44594594594595	-3.59459459459459
			2.45945945945946	-3.59459459459459
			2.47297297297297	-3.59459459459459
			2.48648648648649	-3.58108108108108
			2.5	-3.58108108108108
			2.51351351351351	-3.58108108108108
			2.52702702702703	-3.58108108108108
			2.54054054054054	-3.56756756756757
			2.55405405405405	-3.56756756756757
			2.56756756756757	-3.56756756756757
			2.58108108108108	-3.56756756756757
			2.59459459459459	-3.56756756756757
			2.59459459459459	-3.55405405405405
			2.60810810810811	-3.55405405405405
			2.62162162162162	-3.55405405405405
			2.63513513513514	-3.55405405405405
			2.64864864864865	-3.54054054054054
			2.66216216216216	-3.54054054054054
			2.67567567567568	-3.54054054054054
			2.68918918918919	-3.54054054054054
			2.7027027027027	-3.52702702702703
			2.71621621621622	-3.52702702702703
			2.72972972972973	-3.52702702702703
			2.74324324324324	-3.51351351351351
			2.75675675675676	-3.51351351351351
			2.77027027027027	-3.51351351351351
			2.78378378378378	-3.51351351351351
			2.7972972972973	-3.5
			2.81081081081081	-3.5
			2.82432432432432	-3.5
			2.83783783783784	-3.5
			2.85135135135135	-3.5
			2.86486486486486	-3.5
			2.87837837837838	-3.5
			2.89189189189189	-3.48648648648649
			2.90540540540541	-3.48648648648649
			2.91891891891892	-3.48648648648649
			2.93243243243243	-3.48648648648649
			2.94594594594595	-3.48648648648649
			2.95945945945946	-3.48648648648649
			2.97297297297297	-3.48648648648649
			2.98648648648649	-3.48648648648649
			3	-3.48648648648649
			3.01351351351351	-3.48648648648649
			3.02702702702703	-3.48648648648649
			3.04054054054054	-3.48648648648649
			3.05405405405405	-3.48648648648649
			3.06756756756757	-3.48648648648649
			3.08108108108108	-3.48648648648649
			3.09459459459459	-3.48648648648649
			3.10810810810811	-3.48648648648649
			3.12162162162162	-3.48648648648649
			3.13513513513514	-3.48648648648649
			3.14864864864865	-3.48648648648649
			3.16216216216216	-3.48648648648649
			3.17567567567568	-3.48648648648649
			3.18918918918919	-3.48648648648649
			3.2027027027027	-3.48648648648649
			3.21621621621622	-3.48648648648649
			3.22972972972973	-3.48648648648649
			3.24324324324324	-3.48648648648649
			3.25675675675676	-3.48648648648649
			3.27027027027027	-3.48648648648649
			3.28378378378378	-3.48648648648649
			3.2972972972973	-3.48648648648649
			3.31081081081081	-3.48648648648649
			3.32432432432432	-3.48648648648649
			3.33783783783784	-3.48648648648649
			3.35135135135135	-3.48648648648649
			3.36486486486486	-3.48648648648649
			3.37837837837838	-3.48648648648649
			3.39189189189189	-3.48648648648649
			3.40540540540541	-3.48648648648649
			3.41891891891892	-3.48648648648649
			3.43243243243243	-3.48648648648649
			3.44594594594595	-3.48648648648649
			3.45945945945946	-3.5
			3.47297297297297	-3.5
			3.48648648648649	-3.5
			3.5	-3.5
			3.51351351351351	-3.5
			3.52702702702703	-3.5
			3.54054054054054	-3.5
			3.54054054054054	-3.51351351351351
			3.55405405405405	-3.51351351351351
			3.56756756756757	-3.51351351351351
			3.58108108108108	-3.51351351351351
			3.59459459459459	-3.52702702702703
			3.60810810810811	-3.52702702702703
			3.62162162162162	-3.52702702702703
			3.63513513513514	-3.52702702702703
			3.64864864864865	-3.54054054054054
			3.66216216216216	-3.54054054054054
			3.67567567567568	-3.54054054054054
			3.68918918918919	-3.55405405405405
			3.7027027027027	-3.55405405405405
			3.71621621621622	-3.55405405405405
			3.72972972972973	-3.56756756756757
			3.74324324324324	-3.56756756756757
			3.75675675675676	-3.56756756756757
			3.77027027027027	-3.56756756756757
			3.77027027027027	-3.58108108108108
			3.78378378378378	-3.58108108108108
			3.7972972972973	-3.58108108108108
			3.81081081081081	-3.59459459459459
			3.82432432432432	-3.59459459459459
			3.83783783783784	-3.60810810810811
			3.85135135135135	-3.60810810810811
			3.86486486486486	-3.60810810810811
			3.87837837837838	-3.60810810810811
			3.87837837837838	-3.62162162162162
			3.89189189189189	-3.62162162162162
			3.90540540540541	-3.62162162162162
			3.91891891891892	-3.63513513513514
			3.93243243243243	-3.63513513513514
			3.94594594594595	-3.64864864864865
			3.95945945945946	-3.64864864864865
			3.97297297297297	-3.64864864864865
			3.98648648648649	-3.66216216216216
			4	-3.66216216216216
			4.01351351351351	-3.67567567567568
			4.02702702702703	-3.67567567567568
			4.04054054054054	-3.68918918918919
			4.05405405405405	-3.68918918918919
			4.06756756756757	-3.7027027027027
			4.08108108108108	-3.7027027027027
			4.09459459459459	-3.71621621621622
			4.10810810810811	-3.71621621621622
			4.12162162162162	-3.72972972972973
			4.13513513513514	-3.72972972972973
			4.14864864864865	-3.72972972972973
			4.14864864864865	-3.74324324324324
			4.16216216216216	-3.74324324324324
			4.17567567567568	-3.75675675675676
			4.18918918918919	-3.75675675675676
			4.2027027027027	-3.77027027027027
			4.21621621621622	-3.77027027027027
			4.22972972972973	-3.78378378378378
			4.24324324324324	-3.78378378378378
			4.25675675675676	-3.7972972972973
			4.27027027027027	-3.7972972972973
			4.28378378378378	-3.81081081081081
			4.2972972972973	-3.81081081081081
			4.2972972972973	-3.82432432432432
			4.31081081081081	-3.82432432432432
			4.32432432432432	-3.83783783783784
			4.33783783783784	-3.83783783783784
			4.35135135135135	-3.85135135135135
			4.36486486486486	-3.85135135135135
			4.37837837837838	-3.86486486486486
			4.39189189189189	-3.87837837837838
			4.40540540540541	-3.87837837837838
			4.41891891891892	-3.89189189189189
			4.43243243243243	-3.90540540540541
			4.44594594594595	-3.90540540540541
			4.45945945945946	-3.91891891891892
			4.47297297297297	-3.93243243243243
			4.48648648648649	-3.93243243243243
			4.5	-3.94594594594595
			4.51351351351351	-3.94594594594595
			4.51351351351351	-3.95945945945946
			4.52702702702703	-3.97297297297297
			4.54054054054054	-3.97297297297297
			4.55405405405405	-3.98648648648649
			4.55405405405405	-3.97297297297297
			4.56756756756757	-3.97297297297297
			4.56756756756757	-3.95945945945946
			4.58108108108108	-3.94594594594595
			4.58108108108108	-3.93243243243243
			4.59459459459459	-3.91891891891892
			4.59459459459459	-3.90540540540541
			4.59459459459459	-3.89189189189189
			4.60810810810811	-3.87837837837838
			4.60810810810811	-3.86486486486486
			4.60810810810811	-3.85135135135135
			4.62162162162162	-3.83783783783784
			4.62162162162162	-3.82432432432432
			4.62162162162162	-3.81081081081081
			4.63513513513514	-3.7972972972973
			4.63513513513514	-3.78378378378378
			4.63513513513514	-3.77027027027027
			4.63513513513514	-3.75675675675676
			4.63513513513514	-3.74324324324324
			4.63513513513514	-3.72972972972973
			4.64864864864865	-3.71621621621622
			4.64864864864865	-3.7027027027027
			4.64864864864865	-3.68918918918919
			4.64864864864865	-3.67567567567568
		</posterior>
	</curves.scaled>
	<ruler.points type=matrix rownames=TRUE colnames=FALSE nrow=2 ncol=2 as.numeric=TRUE >
		Ruler point 1	314	45
		Ruler point 2	314	82
	</ruler.points>
</shapes>

