<shapes type=list>
	<ruler.pixel type=vector names=FALSE length=1 as.numeric=TRUE >335</ruler.pixel>
	<ruler.interval type=vector names=FALSE length=1 as.numeric=TRUE >2.6</ruler.interval>
	<scaling.units type=vector names=FALSE length=1 as.numeric=FALSE >mm</scaling.units>
	<scaling type=vector names=FALSE length=1 as.numeric=TRUE >0.00776119402985075</scaling>
	<landmarks.pixel type=matrix rownames=TRUE colnames=FALSE nrow=12 ncol=2 as.numeric=TRUE >
		LM1	429	45
		LM2	429	113
		LM3	429	447
		LM4	429	524
		LM5	571	296
		LM6	535	439
		LM7	547	465
		LM8	632	244
		LM9	655	385
		LM10	429	45
		LM11	763	482
		LM12	756	513
	</landmarks.pixel>
	<landmarks.scaled type=matrix rownames=TRUE colnames=FALSE nrow=12 ncol=2 as.numeric=TRUE >
		LM1	3.32955223880597	-0.349253731343284
		LM2	3.32955223880597	-0.877014925373134
		LM3	3.32955223880597	-3.46925373134328
		LM4	3.32955223880597	-4.06686567164179
		LM5	4.43164179104478	-2.29731343283582
		LM6	4.15223880597015	-3.40716417910448
		LM7	4.24537313432836	-3.6089552238806
		LM8	4.90507462686567	-1.89373134328358
		LM9	5.08358208955224	-2.98805970149254
		LM10	3.32955223880597	-0.349253731343284
		LM11	5.92179104477612	-3.74089552238806
		LM12	5.86746268656716	-3.98149253731343
	</landmarks.scaled>
	<curves.control type=list>
		<glabella type=matrix rownames=FALSE colnames=FALSE nrow=7 ncol=2 as.numeric=TRUE >
			429	113
			550	115
			569	283
			573	384
			533	437
			549	446
			547	465
		</glabella>
		<suture type=matrix rownames=FALSE colnames=FALSE nrow=21 ncol=2 as.numeric=TRUE >
			429	45
			490	50
			545	69
			579	85
			607	103
			619	120
			620	143
			628	227
			630	244
			629	259
			630	269
			629	283
			643	304
			642	323
			642	350
			641	365
			642	374
			651	384
			666	395
			793	457
			756	513
		</suture>
	</curves.control>
	<curves.pixel type=list>
		<glabella type=matrix rownames=FALSE colnames=FALSE nrow=419 ncol=2 as.numeric=TRUE >
			429	113
			430	113
			431	113
			432	113
			433	113
			434	113
			435	113
			436	113
			437	113
			438	113
			439	113
			440	114
			441	114
			442	114
			443	114
			444	114
			445	114
			446	114
			447	114
			448	114
			449	115
			450	115
			451	115
			452	115
			453	115
			454	115
			455	116
			456	116
			457	116
			458	116
			459	116
			460	117
			461	117
			462	117
			463	117
			464	118
			465	118
			466	118
			467	119
			468	119
			469	119
			470	119
			471	120
			472	120
			473	120
			474	121
			475	121
			476	121
			476	122
			477	122
			478	122
			479	123
			480	123
			481	123
			482	124
			483	124
			484	125
			485	125
			486	126
			487	126
			488	127
			489	127
			490	128
			491	128
			492	129
			493	130
			494	130
			495	131
			496	131
			497	132
			498	132
			499	133
			500	134
			501	135
			502	136
			503	136
			504	137
			505	138
			506	139
			507	139
			508	140
			509	140
			509	141
			510	142
			511	142
			511	143
			512	144
			513	144
			514	145
			515	146
			516	147
			517	148
			517	149
			518	150
			519	150
			520	151
			521	152
			522	153
			522	154
			523	155
			524	156
			525	157
			525	158
			526	159
			527	160
			528	160
			528	161
			529	162
			530	163
			531	164
			531	165
			532	166
			532	167
			533	167
			533	168
			533	169
			534	169
			534	170
			535	171
			535	172
			536	173
			537	174
			538	175
			538	176
			538	177
			539	178
			540	179
			540	180
			541	181
			541	182
			542	183
			543	184
			543	185
			544	186
			544	187
			544	188
			545	189
			545	190
			546	191
			546	192
			547	193
			547	194
			548	195
			548	196
			548	197
			549	198
			549	199
			550	200
			550	201
			550	202
			551	203
			551	204
			552	205
			552	206
			552	207
			553	208
			553	209
			553	210
			554	211
			554	212
			555	213
			555	214
			555	215
			555	216
			556	217
			556	218
			556	219
			557	220
			557	221
			557	222
			558	223
			558	224
			558	225
			558	226
			559	227
			559	228
			559	229
			559	230
			560	231
			560	232
			560	233
			560	234
			561	235
			561	236
			561	237
			561	238
			562	239
			562	240
			562	241
			562	242
			563	243
			563	244
			563	245
			563	246
			563	247
			564	248
			564	249
			564	250
			564	251
			564	252
			565	253
			565	254
			565	255
			565	256
			565	257
			565	258
			566	259
			566	260
			566	261
			566	262
			566	263
			566	264
			567	265
			567	266
			567	267
			567	268
			567	269
			567	270
			567	271
			568	272
			568	273
			568	274
			568	275
			568	276
			568	277
			568	278
			569	279
			569	280
			569	281
			569	282
			569	283
			569	284
			569	285
			569	286
			569	287
			569	288
			569	289
			569	290
			569	291
			569	292
			569	293
			569	294
			569	295
			569	296
			569	297
			569	298
			569	299
			569	300
			569	301
			569	302
			569	303
			569	304
			569	305
			569	306
			569	307
			569	308
			569	309
			569	310
			569	311
			569	312
			569	313
			569	314
			569	315
			569	316
			569	317
			569	318
			569	319
			569	320
			569	321
			569	322
			569	323
			569	324
			569	325
			569	326
			569	327
			568	328
			568	329
			568	330
			568	331
			568	332
			568	333
			568	334
			568	335
			568	336
			568	337
			568	338
			567	339
			567	340
			567	341
			567	342
			567	343
			567	344
			567	345
			567	346
			567	347
			566	348
			566	349
			566	350
			566	351
			566	352
			566	353
			565	354
			565	355
			565	356
			565	357
			565	358
			565	359
			564	360
			564	361
			564	362
			564	363
			564	364
			564	365
			563	366
			563	367
			563	368
			563	369
			562	370
			562	371
			562	372
			562	373
			561	374
			561	375
			561	376
			561	377
			560	378
			560	379
			560	380
			560	381
			559	382
			559	383
			559	384
			559	385
			558	386
			558	387
			558	388
			557	389
			557	390
			557	391
			556	392
			556	393
			556	394
			555	395
			555	396
			554	397
			554	398
			554	399
			553	400
			553	401
			553	402
			552	403
			552	404
			551	405
			551	406
			551	407
			550	408
			549	409
			549	410
			549	411
			548	412
			548	413
			547	414
			547	415
			546	416
			546	417
			545	417
			545	418
			545	419
			544	420
			543	421
			543	422
			542	423
			542	424
			541	425
			541	426
			540	427
			540	428
			539	428
			538	429
			538	430
			537	431
			537	432
			536	433
			535	434
			534	435
			534	436
			533	437
			534	437
			534	438
			535	438
			536	439
			537	439
			538	440
			539	441
			539	442
			540	442
			541	443
			542	444
			542	445
			543	446
			544	447
			544	448
			545	449
			545	450
			545	451
			546	452
			546	453
			546	454
			547	455
			547	456
			547	457
			547	458
			547	459
			547	460
			547	461
			547	462
			547	463
			547	464
			547	465
		</glabella>
		<suture type=matrix rownames=FALSE colnames=FALSE nrow=647 ncol=2 as.numeric=TRUE >
			429	45
			430	45
			431	45
			432	45
			433	45
			434	45
			435	46
			436	46
			437	46
			438	46
			439	46
			440	46
			441	46
			442	46
			443	46
			444	46
			445	47
			446	47
			447	47
			448	47
			449	47
			450	47
			451	47
			452	47
			453	48
			454	48
			455	48
			456	48
			457	48
			458	48
			459	48
			460	49
			461	49
			462	49
			463	49
			464	49
			465	49
			466	49
			467	50
			468	50
			469	50
			470	50
			471	50
			472	50
			473	51
			474	51
			475	51
			476	51
			477	51
			478	51
			478	52
			479	52
			480	52
			481	52
			482	52
			483	52
			484	53
			485	53
			486	53
			487	53
			488	53
			489	54
			490	54
			491	54
			492	54
			493	54
			493	55
			494	55
			495	55
			496	55
			497	55
			498	56
			499	56
			500	56
			501	56
			502	56
			503	57
			504	57
			505	57
			506	57
			506	58
			507	58
			508	58
			509	58
			510	59
			511	59
			512	59
			513	59
			514	59
			515	60
			516	60
			517	60
			518	61
			519	61
			520	61
			521	61
			521	62
			522	62
			523	62
			524	62
			525	63
			526	63
			527	63
			528	63
			528	64
			529	64
			530	64
			531	64
			532	65
			533	65
			534	65
			535	66
			536	66
			537	66
			538	67
			539	67
			540	67
			541	68
			542	68
			543	68
			544	69
			545	69
			546	70
			547	70
			548	70
			549	71
			550	71
			551	72
			552	72
			553	73
			554	73
			555	74
			556	74
			557	75
			558	75
			559	76
			560	76
			561	77
			562	77
			563	78
			564	79
			565	79
			566	79
			567	80
			568	80
			569	81
			570	82
			571	82
			572	82
			573	83
			574	84
			575	84
			576	85
			577	85
			578	86
			579	86
			580	87
			581	87
			582	88
			583	88
			583	89
			584	89
			585	90
			586	90
			587	91
			588	91
			589	92
			590	92
			591	93
			592	93
			592	94
			593	95
			594	95
			595	96
			596	96
			597	97
			598	97
			599	98
			600	99
			601	99
			602	100
			603	101
			604	101
			605	102
			606	103
			607	103
			608	104
			608	105
			609	106
			610	107
			610	108
			611	109
			611	110
			612	111
			612	112
			613	113
			613	114
			614	115
			614	116
			615	117
			615	118
			615	119
			616	120
			616	121
			616	122
			617	123
			617	124
			617	125
			618	126
			618	127
			618	128
			618	129
			618	130
			619	130
			619	131
			619	132
			619	133
			619	134
			619	135
			619	136
			620	137
			620	138
			620	139
			620	140
			620	141
			620	142
			620	143
			620	144
			620	145
			620	146
			620	147
			620	148
			621	149
			621	150
			621	151
			621	152
			621	153
			621	154
			621	155
			621	156
			621	157
			621	158
			621	159
			622	159
			622	160
			622	161
			622	162
			622	163
			622	164
			622	165
			622	166
			622	167
			622	168
			623	169
			623	170
			623	171
			623	172
			623	173
			623	174
			623	175
			623	176
			623	177
			623	178
			623	179
			624	180
			624	181
			624	182
			624	183
			624	184
			624	185
			624	186
			624	187
			624	188
			624	189
			625	190
			625	191
			625	192
			625	193
			625	194
			625	195
			625	196
			625	197
			625	198
			625	199
			626	200
			626	201
			626	202
			626	203
			626	204
			626	205
			626	206
			626	207
			626	208
			626	209
			626	210
			627	211
			627	212
			627	213
			627	214
			627	215
			627	216
			627	217
			627	218
			627	219
			627	220
			628	221
			628	222
			628	223
			628	224
			628	225
			628	226
			628	227
			628	228
			628	229
			628	230
			629	231
			629	232
			629	233
			629	234
			629	235
			629	236
			629	237
			629	238
			629	239
			630	240
			630	241
			630	242
			630	243
			630	244
			630	245
			630	246
			630	247
			630	248
			630	249
			630	250
			630	251
			630	252
			630	253
			630	254
			630	255
			630	256
			630	257
			630	258
			630	259
			630	260
			630	261
			630	262
			630	263
			630	264
			630	265
			630	266
			630	267
			630	268
			630	269
			630	270
			630	271
			630	272
			630	273
			630	274
			630	275
			630	276
			631	277
			631	278
			631	279
			631	280
			632	281
			632	282
			632	283
			633	284
			633	285
			633	286
			634	287
			634	288
			635	289
			635	290
			635	291
			636	292
			636	293
			637	293
			637	294
			638	295
			638	296
			639	297
			639	298
			640	299
			640	300
			641	301
			642	302
			643	303
			643	304
			643	305
			643	306
			643	307
			643	308
			643	309
			643	310
			643	311
			643	312
			643	313
			643	314
			643	315
			642	316
			642	317
			642	318
			642	319
			642	320
			642	321
			642	322
			642	323
			642	324
			642	325
			642	326
			642	327
			642	328
			642	329
			642	330
			642	331
			642	332
			642	333
			642	334
			642	335
			642	336
			642	337
			642	338
			642	339
			642	340
			642	341
			642	342
			642	343
			642	344
			642	345
			642	346
			642	347
			642	348
			642	349
			642	350
			642	351
			642	352
			642	353
			642	354
			642	355
			642	356
			642	357
			642	358
			642	359
			642	360
			642	361
			642	362
			642	363
			642	364
			642	365
			642	366
			642	367
			642	368
			642	369
			642	370
			642	371
			642	372
			642	373
			642	374
			643	375
			644	376
			645	377
			646	378
			647	379
			648	380
			649	381
			650	382
			651	383
			652	384
			653	384
			653	385
			654	386
			655	386
			656	387
			656	388
			657	388
			658	389
			659	390
			660	390
			660	391
			661	391
			662	392
			663	393
			664	393
			665	394
			666	395
			667	396
			668	396
			669	397
			670	397
			671	398
			672	398
			673	399
			674	399
			675	400
			676	400
			677	400
			678	401
			679	401
			680	402
			681	402
			682	403
			683	404
			684	404
			685	405
			686	406
			687	406
			688	406
			688	407
			689	407
			690	407
			690	408
			691	408
			692	409
			693	409
			694	410
			695	410
			696	411
			697	411
			697	412
			698	412
			699	412
			699	413
			700	413
			701	414
			702	414
			703	415
			704	416
			705	416
			706	417
			707	417
			707	418
			708	418
			709	419
			710	419
			710	420
			711	420
			712	421
			713	421
			713	422
			714	422
			715	423
			716	423
			716	424
			717	424
			718	425
			719	426
			720	427
			721	427
			722	428
			723	428
			724	429
			725	430
			726	431
			727	431
			728	432
			729	433
			730	433
			731	434
			731	435
			732	436
			733	436
			734	437
			735	438
			736	438
			736	439
			737	440
			738	440
			739	441
			739	442
			740	442
			741	443
			742	444
			742	445
			743	445
			744	446
			744	447
			745	447
			746	448
			746	449
			747	449
			747	450
			748	451
			749	451
			749	452
			750	453
			751	454
			752	455
			753	456
			753	457
			754	458
			754	459
			755	460
			756	461
			757	462
			757	463
			758	464
			758	465
			759	466
			759	467
			760	468
			760	469
			761	470
			761	471
			761	472
			762	473
			762	474
			762	475
			763	476
			763	477
			763	478
			763	479
			764	480
			764	481
			764	482
			764	483
			764	484
			764	485
			764	486
			764	487
			764	488
			764	489
			764	490
			764	491
			764	492
			764	493
			764	494
			764	495
			763	496
			763	497
			763	498
			763	499
			762	500
			762	501
			762	502
			761	503
			761	504
			760	505
			760	506
			760	507
			759	508
			759	509
			758	510
			757	511
			757	512
			756	513
		</suture>
	</curves.pixel>
	<curves.scaled type=list>
		<glabella type=matrix rownames=FALSE colnames=FALSE nrow=419 ncol=2 as.numeric=TRUE >
			3.32955223880597	-0.877014925373134
			3.33731343283582	-0.877014925373134
			3.34507462686567	-0.877014925373134
			3.35283582089552	-0.877014925373134
			3.36059701492537	-0.877014925373134
			3.36835820895522	-0.877014925373134
			3.37611940298507	-0.877014925373134
			3.38388059701493	-0.877014925373134
			3.39164179104478	-0.877014925373134
			3.39940298507463	-0.877014925373134
			3.40716417910448	-0.877014925373134
			3.41492537313433	-0.884776119402985
			3.42268656716418	-0.884776119402985
			3.43044776119403	-0.884776119402985
			3.43820895522388	-0.884776119402985
			3.44597014925373	-0.884776119402985
			3.45373134328358	-0.884776119402985
			3.46149253731343	-0.884776119402985
			3.46925373134328	-0.884776119402985
			3.47701492537313	-0.884776119402985
			3.48477611940299	-0.892537313432836
			3.49253731343284	-0.892537313432836
			3.50029850746269	-0.892537313432836
			3.50805970149254	-0.892537313432836
			3.51582089552239	-0.892537313432836
			3.52358208955224	-0.892537313432836
			3.53134328358209	-0.900298507462687
			3.53910447761194	-0.900298507462687
			3.54686567164179	-0.900298507462687
			3.55462686567164	-0.900298507462687
			3.56238805970149	-0.900298507462687
			3.57014925373134	-0.908059701492537
			3.57791044776119	-0.908059701492537
			3.58567164179104	-0.908059701492537
			3.5934328358209	-0.908059701492537
			3.60119402985075	-0.915820895522388
			3.6089552238806	-0.915820895522388
			3.61671641791045	-0.915820895522388
			3.6244776119403	-0.923582089552239
			3.63223880597015	-0.923582089552239
			3.64	-0.923582089552239
			3.64776119402985	-0.923582089552239
			3.6555223880597	-0.93134328358209
			3.66328358208955	-0.93134328358209
			3.6710447761194	-0.93134328358209
			3.67880597014925	-0.93910447761194
			3.6865671641791	-0.93910447761194
			3.69432835820896	-0.93910447761194
			3.69432835820896	-0.946865671641791
			3.70208955223881	-0.946865671641791
			3.70985074626866	-0.946865671641791
			3.71761194029851	-0.954626865671642
			3.72537313432836	-0.954626865671642
			3.73313432835821	-0.954626865671642
			3.74089552238806	-0.962388059701493
			3.74865671641791	-0.962388059701493
			3.75641791044776	-0.970149253731343
			3.76417910447761	-0.970149253731343
			3.77194029850746	-0.977910447761194
			3.77970149253731	-0.977910447761194
			3.78746268656716	-0.985671641791045
			3.79522388059702	-0.985671641791045
			3.80298507462687	-0.993432835820896
			3.81074626865672	-0.993432835820896
			3.81850746268657	-1.00119402985075
			3.82626865671642	-1.0089552238806
			3.83402985074627	-1.0089552238806
			3.84179104477612	-1.01671641791045
			3.84955223880597	-1.01671641791045
			3.85731343283582	-1.0244776119403
			3.86507462686567	-1.0244776119403
			3.87283582089552	-1.03223880597015
			3.88059701492537	-1.04
			3.88835820895522	-1.04776119402985
			3.89611940298507	-1.0555223880597
			3.90388059701493	-1.0555223880597
			3.91164179104478	-1.06328358208955
			3.91940298507463	-1.0710447761194
			3.92716417910448	-1.07880597014925
			3.93492537313433	-1.07880597014925
			3.94268656716418	-1.0865671641791
			3.95044776119403	-1.0865671641791
			3.95044776119403	-1.09432835820896
			3.95820895522388	-1.10208955223881
			3.96597014925373	-1.10208955223881
			3.96597014925373	-1.10985074626866
			3.97373134328358	-1.11761194029851
			3.98149253731343	-1.11761194029851
			3.98925373134328	-1.12537313432836
			3.99701492537313	-1.13313432835821
			4.00477611940298	-1.14089552238806
			4.01253731343284	-1.14865671641791
			4.01253731343284	-1.15641791044776
			4.02029850746269	-1.16417910447761
			4.02805970149254	-1.16417910447761
			4.03582089552239	-1.17194029850746
			4.04358208955224	-1.17970149253731
			4.05134328358209	-1.18746268656716
			4.05134328358209	-1.19522388059702
			4.05910447761194	-1.20298507462687
			4.06686567164179	-1.21074626865672
			4.07462686567164	-1.21850746268657
			4.07462686567164	-1.22626865671642
			4.08238805970149	-1.23402985074627
			4.09014925373134	-1.24179104477612
			4.09791044776119	-1.24179104477612
			4.09791044776119	-1.24955223880597
			4.10567164179105	-1.25731343283582
			4.1134328358209	-1.26507462686567
			4.12119402985075	-1.27283582089552
			4.12119402985075	-1.28059701492537
			4.1289552238806	-1.28835820895522
			4.1289552238806	-1.29611940298507
			4.13671641791045	-1.29611940298507
			4.13671641791045	-1.30388059701493
			4.13671641791045	-1.31164179104478
			4.1444776119403	-1.31164179104478
			4.1444776119403	-1.31940298507463
			4.15223880597015	-1.32716417910448
			4.15223880597015	-1.33492537313433
			4.16	-1.34268656716418
			4.16776119402985	-1.35044776119403
			4.1755223880597	-1.35820895522388
			4.1755223880597	-1.36597014925373
			4.1755223880597	-1.37373134328358
			4.18328358208955	-1.38149253731343
			4.1910447761194	-1.38925373134328
			4.1910447761194	-1.39701492537313
			4.19880597014925	-1.40477611940299
			4.19880597014925	-1.41253731343284
			4.2065671641791	-1.42029850746269
			4.21432835820896	-1.42805970149254
			4.21432835820896	-1.43582089552239
			4.22208955223881	-1.44358208955224
			4.22208955223881	-1.45134328358209
			4.22208955223881	-1.45910447761194
			4.22985074626866	-1.46686567164179
			4.22985074626866	-1.47462686567164
			4.23761194029851	-1.48238805970149
			4.23761194029851	-1.49014925373134
			4.24537313432836	-1.49791044776119
			4.24537313432836	-1.50567164179104
			4.25313432835821	-1.5134328358209
			4.25313432835821	-1.52119402985075
			4.25313432835821	-1.5289552238806
			4.26089552238806	-1.53671641791045
			4.26089552238806	-1.5444776119403
			4.26865671641791	-1.55223880597015
			4.26865671641791	-1.56
			4.26865671641791	-1.56776119402985
			4.27641791044776	-1.5755223880597
			4.27641791044776	-1.58328358208955
			4.28417910447761	-1.5910447761194
			4.28417910447761	-1.59880597014925
			4.28417910447761	-1.6065671641791
			4.29194029850746	-1.61432835820896
			4.29194029850746	-1.62208955223881
			4.29194029850746	-1.62985074626866
			4.29970149253731	-1.63761194029851
			4.29970149253731	-1.64537313432836
			4.30746268656716	-1.65313432835821
			4.30746268656716	-1.66089552238806
			4.30746268656716	-1.66865671641791
			4.30746268656716	-1.67641791044776
			4.31522388059702	-1.68417910447761
			4.31522388059702	-1.69194029850746
			4.31522388059702	-1.69970149253731
			4.32298507462687	-1.70746268656716
			4.32298507462687	-1.71522388059702
			4.32298507462687	-1.72298507462687
			4.33074626865672	-1.73074626865672
			4.33074626865672	-1.73850746268657
			4.33074626865672	-1.74626865671642
			4.33074626865672	-1.75402985074627
			4.33850746268657	-1.76179104477612
			4.33850746268657	-1.76955223880597
			4.33850746268657	-1.77731343283582
			4.33850746268657	-1.78507462686567
			4.34626865671642	-1.79283582089552
			4.34626865671642	-1.80059701492537
			4.34626865671642	-1.80835820895522
			4.34626865671642	-1.81611940298507
			4.35402985074627	-1.82388059701493
			4.35402985074627	-1.83164179104478
			4.35402985074627	-1.83940298507463
			4.35402985074627	-1.84716417910448
			4.36179104477612	-1.85492537313433
			4.36179104477612	-1.86268656716418
			4.36179104477612	-1.87044776119403
			4.36179104477612	-1.87820895522388
			4.36955223880597	-1.88597014925373
			4.36955223880597	-1.89373134328358
			4.36955223880597	-1.90149253731343
			4.36955223880597	-1.90925373134328
			4.36955223880597	-1.91701492537313
			4.37731343283582	-1.92477611940299
			4.37731343283582	-1.93253731343284
			4.37731343283582	-1.94029850746269
			4.37731343283582	-1.94805970149254
			4.37731343283582	-1.95582089552239
			4.38507462686567	-1.96358208955224
			4.38507462686567	-1.97134328358209
			4.38507462686567	-1.97910447761194
			4.38507462686567	-1.98686567164179
			4.38507462686567	-1.99462686567164
			4.38507462686567	-2.00238805970149
			4.39283582089552	-2.01014925373134
			4.39283582089552	-2.01791044776119
			4.39283582089552	-2.02567164179104
			4.39283582089552	-2.0334328358209
			4.39283582089552	-2.04119402985075
			4.39283582089552	-2.0489552238806
			4.40059701492537	-2.05671641791045
			4.40059701492537	-2.0644776119403
			4.40059701492537	-2.07223880597015
			4.40059701492537	-2.08
			4.40059701492537	-2.08776119402985
			4.40059701492537	-2.0955223880597
			4.40059701492537	-2.10328358208955
			4.40835820895522	-2.1110447761194
			4.40835820895522	-2.11880597014925
			4.40835820895522	-2.1265671641791
			4.40835820895522	-2.13432835820896
			4.40835820895522	-2.14208955223881
			4.40835820895522	-2.14985074626866
			4.40835820895522	-2.15761194029851
			4.41611940298507	-2.16537313432836
			4.41611940298507	-2.17313432835821
			4.41611940298507	-2.18089552238806
			4.41611940298507	-2.18865671641791
			4.41611940298507	-2.19641791044776
			4.41611940298507	-2.20417910447761
			4.41611940298507	-2.21194029850746
			4.41611940298507	-2.21970149253731
			4.41611940298507	-2.22746268656716
			4.41611940298507	-2.23522388059702
			4.41611940298507	-2.24298507462687
			4.41611940298507	-2.25074626865672
			4.41611940298507	-2.25850746268657
			4.41611940298507	-2.26626865671642
			4.41611940298507	-2.27402985074627
			4.41611940298507	-2.28179104477612
			4.41611940298507	-2.28955223880597
			4.41611940298507	-2.29731343283582
			4.41611940298507	-2.30507462686567
			4.41611940298507	-2.31283582089552
			4.41611940298507	-2.32059701492537
			4.41611940298507	-2.32835820895522
			4.41611940298507	-2.33611940298507
			4.41611940298507	-2.34388059701493
			4.41611940298507	-2.35164179104478
			4.41611940298507	-2.35940298507463
			4.41611940298507	-2.36716417910448
			4.41611940298507	-2.37492537313433
			4.41611940298507	-2.38268656716418
			4.41611940298507	-2.39044776119403
			4.41611940298507	-2.39820895522388
			4.41611940298507	-2.40597014925373
			4.41611940298507	-2.41373134328358
			4.41611940298507	-2.42149253731343
			4.41611940298507	-2.42925373134328
			4.41611940298507	-2.43701492537313
			4.41611940298507	-2.44477611940299
			4.41611940298507	-2.45253731343284
			4.41611940298507	-2.46029850746269
			4.41611940298507	-2.46805970149254
			4.41611940298507	-2.47582089552239
			4.41611940298507	-2.48358208955224
			4.41611940298507	-2.49134328358209
			4.41611940298507	-2.49910447761194
			4.41611940298507	-2.50686567164179
			4.41611940298507	-2.51462686567164
			4.41611940298507	-2.52238805970149
			4.41611940298507	-2.53014925373134
			4.41611940298507	-2.53791044776119
			4.40835820895522	-2.54567164179104
			4.40835820895522	-2.5534328358209
			4.40835820895522	-2.56119402985075
			4.40835820895522	-2.5689552238806
			4.40835820895522	-2.57671641791045
			4.40835820895522	-2.5844776119403
			4.40835820895522	-2.59223880597015
			4.40835820895522	-2.6
			4.40835820895522	-2.60776119402985
			4.40835820895522	-2.6155223880597
			4.40835820895522	-2.62328358208955
			4.40059701492537	-2.6310447761194
			4.40059701492537	-2.63880597014925
			4.40059701492537	-2.6465671641791
			4.40059701492537	-2.65432835820896
			4.40059701492537	-2.66208955223881
			4.40059701492537	-2.66985074626866
			4.40059701492537	-2.67761194029851
			4.40059701492537	-2.68537313432836
			4.40059701492537	-2.69313432835821
			4.39283582089552	-2.70089552238806
			4.39283582089552	-2.70865671641791
			4.39283582089552	-2.71641791044776
			4.39283582089552	-2.72417910447761
			4.39283582089552	-2.73194029850746
			4.39283582089552	-2.73970149253731
			4.38507462686567	-2.74746268656716
			4.38507462686567	-2.75522388059702
			4.38507462686567	-2.76298507462687
			4.38507462686567	-2.77074626865672
			4.38507462686567	-2.77850746268657
			4.38507462686567	-2.78626865671642
			4.37731343283582	-2.79402985074627
			4.37731343283582	-2.80179104477612
			4.37731343283582	-2.80955223880597
			4.37731343283582	-2.81731343283582
			4.37731343283582	-2.82507462686567
			4.37731343283582	-2.83283582089552
			4.36955223880597	-2.84059701492537
			4.36955223880597	-2.84835820895522
			4.36955223880597	-2.85611940298507
			4.36955223880597	-2.86388059701493
			4.36179104477612	-2.87164179104478
			4.36179104477612	-2.87940298507463
			4.36179104477612	-2.88716417910448
			4.36179104477612	-2.89492537313433
			4.35402985074627	-2.90268656716418
			4.35402985074627	-2.91044776119403
			4.35402985074627	-2.91820895522388
			4.35402985074627	-2.92597014925373
			4.34626865671642	-2.93373134328358
			4.34626865671642	-2.94149253731343
			4.34626865671642	-2.94925373134328
			4.34626865671642	-2.95701492537313
			4.33850746268657	-2.96477611940299
			4.33850746268657	-2.97253731343284
			4.33850746268657	-2.98029850746269
			4.33850746268657	-2.98805970149254
			4.33074626865672	-2.99582089552239
			4.33074626865672	-3.00358208955224
			4.33074626865672	-3.01134328358209
			4.32298507462687	-3.01910447761194
			4.32298507462687	-3.02686567164179
			4.32298507462687	-3.03462686567164
			4.31522388059702	-3.04238805970149
			4.31522388059702	-3.05014925373134
			4.31522388059702	-3.05791044776119
			4.30746268656716	-3.06567164179104
			4.30746268656716	-3.0734328358209
			4.29970149253731	-3.08119402985075
			4.29970149253731	-3.0889552238806
			4.29970149253731	-3.09671641791045
			4.29194029850746	-3.1044776119403
			4.29194029850746	-3.11223880597015
			4.29194029850746	-3.12
			4.28417910447761	-3.12776119402985
			4.28417910447761	-3.1355223880597
			4.27641791044776	-3.14328358208955
			4.27641791044776	-3.1510447761194
			4.27641791044776	-3.15880597014925
			4.26865671641791	-3.1665671641791
			4.26089552238806	-3.17432835820896
			4.26089552238806	-3.18208955223881
			4.26089552238806	-3.18985074626866
			4.25313432835821	-3.19761194029851
			4.25313432835821	-3.20537313432836
			4.24537313432836	-3.21313432835821
			4.24537313432836	-3.22089552238806
			4.23761194029851	-3.22865671641791
			4.23761194029851	-3.23641791044776
			4.22985074626866	-3.23641791044776
			4.22985074626866	-3.24417910447761
			4.22985074626866	-3.25194029850746
			4.22208955223881	-3.25970149253731
			4.21432835820896	-3.26746268656716
			4.21432835820896	-3.27522388059702
			4.2065671641791	-3.28298507462687
			4.2065671641791	-3.29074626865672
			4.19880597014925	-3.29850746268657
			4.19880597014925	-3.30626865671642
			4.1910447761194	-3.31402985074627
			4.1910447761194	-3.32179104477612
			4.18328358208955	-3.32179104477612
			4.1755223880597	-3.32955223880597
			4.1755223880597	-3.33731343283582
			4.16776119402985	-3.34507462686567
			4.16776119402985	-3.35283582089552
			4.16	-3.36059701492537
			4.15223880597015	-3.36835820895522
			4.1444776119403	-3.37611940298507
			4.1444776119403	-3.38388059701493
			4.13671641791045	-3.39164179104478
			4.1444776119403	-3.39164179104478
			4.1444776119403	-3.39940298507463
			4.15223880597015	-3.39940298507463
			4.16	-3.40716417910448
			4.16776119402985	-3.40716417910448
			4.1755223880597	-3.41492537313433
			4.18328358208955	-3.42268656716418
			4.18328358208955	-3.43044776119403
			4.1910447761194	-3.43044776119403
			4.19880597014925	-3.43820895522388
			4.2065671641791	-3.44597014925373
			4.2065671641791	-3.45373134328358
			4.21432835820896	-3.46149253731343
			4.22208955223881	-3.46925373134328
			4.22208955223881	-3.47701492537313
			4.22985074626866	-3.48477611940299
			4.22985074626866	-3.49253731343284
			4.22985074626866	-3.50029850746269
			4.23761194029851	-3.50805970149254
			4.23761194029851	-3.51582089552239
			4.23761194029851	-3.52358208955224
			4.24537313432836	-3.53134328358209
			4.24537313432836	-3.53910447761194
			4.24537313432836	-3.54686567164179
			4.24537313432836	-3.55462686567164
			4.24537313432836	-3.56238805970149
			4.24537313432836	-3.57014925373134
			4.24537313432836	-3.57791044776119
			4.24537313432836	-3.58567164179104
			4.24537313432836	-3.5934328358209
			4.24537313432836	-3.60119402985075
			4.24537313432836	-3.6089552238806
		</glabella>
		<suture type=matrix rownames=FALSE colnames=FALSE nrow=647 ncol=2 as.numeric=TRUE >
			3.32955223880597	-0.349253731343284
			3.33731343283582	-0.349253731343284
			3.34507462686567	-0.349253731343284
			3.35283582089552	-0.349253731343284
			3.36059701492537	-0.349253731343284
			3.36835820895522	-0.349253731343284
			3.37611940298507	-0.357014925373134
			3.38388059701493	-0.357014925373134
			3.39164179104478	-0.357014925373134
			3.39940298507463	-0.357014925373134
			3.40716417910448	-0.357014925373134
			3.41492537313433	-0.357014925373134
			3.42268656716418	-0.357014925373134
			3.43044776119403	-0.357014925373134
			3.43820895522388	-0.357014925373134
			3.44597014925373	-0.357014925373134
			3.45373134328358	-0.364776119402985
			3.46149253731343	-0.364776119402985
			3.46925373134328	-0.364776119402985
			3.47701492537313	-0.364776119402985
			3.48477611940299	-0.364776119402985
			3.49253731343284	-0.364776119402985
			3.50029850746269	-0.364776119402985
			3.50805970149254	-0.364776119402985
			3.51582089552239	-0.372537313432836
			3.52358208955224	-0.372537313432836
			3.53134328358209	-0.372537313432836
			3.53910447761194	-0.372537313432836
			3.54686567164179	-0.372537313432836
			3.55462686567164	-0.372537313432836
			3.56238805970149	-0.372537313432836
			3.57014925373134	-0.380298507462687
			3.57791044776119	-0.380298507462687
			3.58567164179104	-0.380298507462687
			3.5934328358209	-0.380298507462687
			3.60119402985075	-0.380298507462687
			3.6089552238806	-0.380298507462687
			3.61671641791045	-0.380298507462687
			3.6244776119403	-0.388059701492537
			3.63223880597015	-0.388059701492537
			3.64	-0.388059701492537
			3.64776119402985	-0.388059701492537
			3.6555223880597	-0.388059701492537
			3.66328358208955	-0.388059701492537
			3.6710447761194	-0.395820895522388
			3.67880597014925	-0.395820895522388
			3.6865671641791	-0.395820895522388
			3.69432835820896	-0.395820895522388
			3.70208955223881	-0.395820895522388
			3.70985074626866	-0.395820895522388
			3.70985074626866	-0.403582089552239
			3.71761194029851	-0.403582089552239
			3.72537313432836	-0.403582089552239
			3.73313432835821	-0.403582089552239
			3.74089552238806	-0.403582089552239
			3.74865671641791	-0.403582089552239
			3.75641791044776	-0.41134328358209
			3.76417910447761	-0.41134328358209
			3.77194029850746	-0.41134328358209
			3.77970149253731	-0.41134328358209
			3.78746268656716	-0.41134328358209
			3.79522388059702	-0.41910447761194
			3.80298507462687	-0.41910447761194
			3.81074626865672	-0.41910447761194
			3.81850746268657	-0.41910447761194
			3.82626865671642	-0.41910447761194
			3.82626865671642	-0.426865671641791
			3.83402985074627	-0.426865671641791
			3.84179104477612	-0.426865671641791
			3.84955223880597	-0.426865671641791
			3.85731343283582	-0.426865671641791
			3.86507462686567	-0.434626865671642
			3.87283582089552	-0.434626865671642
			3.88059701492537	-0.434626865671642
			3.88835820895522	-0.434626865671642
			3.89611940298507	-0.434626865671642
			3.90388059701493	-0.442388059701493
			3.91164179104478	-0.442388059701493
			3.91940298507463	-0.442388059701493
			3.92716417910448	-0.442388059701493
			3.92716417910448	-0.450149253731343
			3.93492537313433	-0.450149253731343
			3.94268656716418	-0.450149253731343
			3.95044776119403	-0.450149253731343
			3.95820895522388	-0.457910447761194
			3.96597014925373	-0.457910447761194
			3.97373134328358	-0.457910447761194
			3.98149253731343	-0.457910447761194
			3.98925373134328	-0.457910447761194
			3.99701492537313	-0.465671641791045
			4.00477611940298	-0.465671641791045
			4.01253731343284	-0.465671641791045
			4.02029850746269	-0.473432835820896
			4.02805970149254	-0.473432835820896
			4.03582089552239	-0.473432835820896
			4.04358208955224	-0.473432835820896
			4.04358208955224	-0.481194029850746
			4.05134328358209	-0.481194029850746
			4.05910447761194	-0.481194029850746
			4.06686567164179	-0.481194029850746
			4.07462686567164	-0.488955223880597
			4.08238805970149	-0.488955223880597
			4.09014925373134	-0.488955223880597
			4.09791044776119	-0.488955223880597
			4.09791044776119	-0.496716417910448
			4.10567164179105	-0.496716417910448
			4.1134328358209	-0.496716417910448
			4.12119402985075	-0.496716417910448
			4.1289552238806	-0.504477611940298
			4.13671641791045	-0.504477611940298
			4.1444776119403	-0.504477611940298
			4.15223880597015	-0.512238805970149
			4.16	-0.512238805970149
			4.16776119402985	-0.512238805970149
			4.1755223880597	-0.52
			4.18328358208955	-0.52
			4.1910447761194	-0.52
			4.19880597014925	-0.527761194029851
			4.2065671641791	-0.527761194029851
			4.21432835820896	-0.527761194029851
			4.22208955223881	-0.535522388059702
			4.22985074626866	-0.535522388059702
			4.23761194029851	-0.543283582089552
			4.24537313432836	-0.543283582089552
			4.25313432835821	-0.543283582089552
			4.26089552238806	-0.551044776119403
			4.26865671641791	-0.551044776119403
			4.27641791044776	-0.558805970149254
			4.28417910447761	-0.558805970149254
			4.29194029850746	-0.566567164179104
			4.29970149253731	-0.566567164179104
			4.30746268656716	-0.574328358208955
			4.31522388059702	-0.574328358208955
			4.32298507462687	-0.582089552238806
			4.33074626865672	-0.582089552238806
			4.33850746268657	-0.589850746268657
			4.34626865671642	-0.589850746268657
			4.35402985074627	-0.597611940298508
			4.36179104477612	-0.597611940298508
			4.36955223880597	-0.605373134328358
			4.37731343283582	-0.613134328358209
			4.38507462686567	-0.613134328358209
			4.39283582089552	-0.613134328358209
			4.40059701492537	-0.62089552238806
			4.40835820895522	-0.62089552238806
			4.41611940298507	-0.628656716417911
			4.42388059701493	-0.636417910447761
			4.43164179104478	-0.636417910447761
			4.43940298507463	-0.636417910447761
			4.44716417910448	-0.644179104477612
			4.45492537313433	-0.651940298507463
			4.46268656716418	-0.651940298507463
			4.47044776119403	-0.659701492537313
			4.47820895522388	-0.659701492537313
			4.48597014925373	-0.667462686567164
			4.49373134328358	-0.667462686567164
			4.50149253731343	-0.675223880597015
			4.50925373134328	-0.675223880597015
			4.51701492537313	-0.682985074626866
			4.52477611940299	-0.682985074626866
			4.52477611940299	-0.690746268656717
			4.53253731343284	-0.690746268656717
			4.54029850746269	-0.698507462686567
			4.54805970149254	-0.698507462686567
			4.55582089552239	-0.706268656716418
			4.56358208955224	-0.706268656716418
			4.57134328358209	-0.714029850746269
			4.57910447761194	-0.714029850746269
			4.58686567164179	-0.721791044776119
			4.59462686567164	-0.721791044776119
			4.59462686567164	-0.72955223880597
			4.60238805970149	-0.737313432835821
			4.61014925373134	-0.737313432835821
			4.61791044776119	-0.745074626865672
			4.62567164179104	-0.745074626865672
			4.6334328358209	-0.752835820895522
			4.64119402985075	-0.752835820895522
			4.6489552238806	-0.760597014925373
			4.65671641791045	-0.768358208955224
			4.6644776119403	-0.768358208955224
			4.67223880597015	-0.776119402985075
			4.68	-0.783880597014925
			4.68776119402985	-0.783880597014925
			4.6955223880597	-0.791641791044776
			4.70328358208955	-0.799402985074627
			4.7110447761194	-0.799402985074627
			4.71880597014925	-0.807164179104478
			4.71880597014925	-0.814925373134328
			4.72656716417911	-0.822686567164179
			4.73432835820896	-0.83044776119403
			4.73432835820896	-0.838208955223881
			4.74208955223881	-0.845970149253731
			4.74208955223881	-0.853731343283582
			4.74985074626866	-0.861492537313433
			4.74985074626866	-0.869253731343284
			4.75761194029851	-0.877014925373134
			4.75761194029851	-0.884776119402985
			4.76537313432836	-0.892537313432836
			4.76537313432836	-0.900298507462687
			4.77313432835821	-0.908059701492537
			4.77313432835821	-0.915820895522388
			4.77313432835821	-0.923582089552239
			4.78089552238806	-0.93134328358209
			4.78089552238806	-0.93910447761194
			4.78089552238806	-0.946865671641791
			4.78865671641791	-0.954626865671642
			4.78865671641791	-0.962388059701493
			4.78865671641791	-0.970149253731343
			4.79641791044776	-0.977910447761194
			4.79641791044776	-0.985671641791045
			4.79641791044776	-0.993432835820896
			4.79641791044776	-1.00119402985075
			4.79641791044776	-1.0089552238806
			4.80417910447761	-1.0089552238806
			4.80417910447761	-1.01671641791045
			4.80417910447761	-1.0244776119403
			4.80417910447761	-1.03223880597015
			4.80417910447761	-1.04
			4.80417910447761	-1.04776119402985
			4.80417910447761	-1.0555223880597
			4.81194029850746	-1.06328358208955
			4.81194029850746	-1.0710447761194
			4.81194029850746	-1.07880597014925
			4.81194029850746	-1.0865671641791
			4.81194029850746	-1.09432835820896
			4.81194029850746	-1.10208955223881
			4.81194029850746	-1.10985074626866
			4.81194029850746	-1.11761194029851
			4.81194029850746	-1.12537313432836
			4.81194029850746	-1.13313432835821
			4.81194029850746	-1.14089552238806
			4.81194029850746	-1.14865671641791
			4.81970149253731	-1.15641791044776
			4.81970149253731	-1.16417910447761
			4.81970149253731	-1.17194029850746
			4.81970149253731	-1.17970149253731
			4.81970149253731	-1.18746268656716
			4.81970149253731	-1.19522388059702
			4.81970149253731	-1.20298507462687
			4.81970149253731	-1.21074626865672
			4.81970149253731	-1.21850746268657
			4.81970149253731	-1.22626865671642
			4.81970149253731	-1.23402985074627
			4.82746268656716	-1.23402985074627
			4.82746268656716	-1.24179104477612
			4.82746268656716	-1.24955223880597
			4.82746268656716	-1.25731343283582
			4.82746268656716	-1.26507462686567
			4.82746268656716	-1.27283582089552
			4.82746268656716	-1.28059701492537
			4.82746268656716	-1.28835820895522
			4.82746268656716	-1.29611940298507
			4.82746268656716	-1.30388059701493
			4.83522388059701	-1.31164179104478
			4.83522388059701	-1.31940298507463
			4.83522388059701	-1.32716417910448
			4.83522388059701	-1.33492537313433
			4.83522388059701	-1.34268656716418
			4.83522388059701	-1.35044776119403
			4.83522388059701	-1.35820895522388
			4.83522388059701	-1.36597014925373
			4.83522388059701	-1.37373134328358
			4.83522388059701	-1.38149253731343
			4.83522388059701	-1.38925373134328
			4.84298507462687	-1.39701492537313
			4.84298507462687	-1.40477611940299
			4.84298507462687	-1.41253731343284
			4.84298507462687	-1.42029850746269
			4.84298507462687	-1.42805970149254
			4.84298507462687	-1.43582089552239
			4.84298507462687	-1.44358208955224
			4.84298507462687	-1.45134328358209
			4.84298507462687	-1.45910447761194
			4.84298507462687	-1.46686567164179
			4.85074626865672	-1.47462686567164
			4.85074626865672	-1.48238805970149
			4.85074626865672	-1.49014925373134
			4.85074626865672	-1.49791044776119
			4.85074626865672	-1.50567164179104
			4.85074626865672	-1.5134328358209
			4.85074626865672	-1.52119402985075
			4.85074626865672	-1.5289552238806
			4.85074626865672	-1.53671641791045
			4.85074626865672	-1.5444776119403
			4.85850746268657	-1.55223880597015
			4.85850746268657	-1.56
			4.85850746268657	-1.56776119402985
			4.85850746268657	-1.5755223880597
			4.85850746268657	-1.58328358208955
			4.85850746268657	-1.5910447761194
			4.85850746268657	-1.59880597014925
			4.85850746268657	-1.6065671641791
			4.85850746268657	-1.61432835820896
			4.85850746268657	-1.62208955223881
			4.85850746268657	-1.62985074626866
			4.86626865671642	-1.63761194029851
			4.86626865671642	-1.64537313432836
			4.86626865671642	-1.65313432835821
			4.86626865671642	-1.66089552238806
			4.86626865671642	-1.66865671641791
			4.86626865671642	-1.67641791044776
			4.86626865671642	-1.68417910447761
			4.86626865671642	-1.69194029850746
			4.86626865671642	-1.69970149253731
			4.86626865671642	-1.70746268656716
			4.87402985074627	-1.71522388059702
			4.87402985074627	-1.72298507462687
			4.87402985074627	-1.73074626865672
			4.87402985074627	-1.73850746268657
			4.87402985074627	-1.74626865671642
			4.87402985074627	-1.75402985074627
			4.87402985074627	-1.76179104477612
			4.87402985074627	-1.76955223880597
			4.87402985074627	-1.77731343283582
			4.87402985074627	-1.78507462686567
			4.88179104477612	-1.79283582089552
			4.88179104477612	-1.80059701492537
			4.88179104477612	-1.80835820895522
			4.88179104477612	-1.81611940298507
			4.88179104477612	-1.82388059701493
			4.88179104477612	-1.83164179104478
			4.88179104477612	-1.83940298507463
			4.88179104477612	-1.84716417910448
			4.88179104477612	-1.85492537313433
			4.88955223880597	-1.86268656716418
			4.88955223880597	-1.87044776119403
			4.88955223880597	-1.87820895522388
			4.88955223880597	-1.88597014925373
			4.88955223880597	-1.89373134328358
			4.88955223880597	-1.90149253731343
			4.88955223880597	-1.90925373134328
			4.88955223880597	-1.91701492537313
			4.88955223880597	-1.92477611940299
			4.88955223880597	-1.93253731343284
			4.88955223880597	-1.94029850746269
			4.88955223880597	-1.94805970149254
			4.88955223880597	-1.95582089552239
			4.88955223880597	-1.96358208955224
			4.88955223880597	-1.97134328358209
			4.88955223880597	-1.97910447761194
			4.88955223880597	-1.98686567164179
			4.88955223880597	-1.99462686567164
			4.88955223880597	-2.00238805970149
			4.88955223880597	-2.01014925373134
			4.88955223880597	-2.01791044776119
			4.88955223880597	-2.02567164179104
			4.88955223880597	-2.0334328358209
			4.88955223880597	-2.04119402985075
			4.88955223880597	-2.0489552238806
			4.88955223880597	-2.05671641791045
			4.88955223880597	-2.0644776119403
			4.88955223880597	-2.07223880597015
			4.88955223880597	-2.08
			4.88955223880597	-2.08776119402985
			4.88955223880597	-2.0955223880597
			4.88955223880597	-2.10328358208955
			4.88955223880597	-2.1110447761194
			4.88955223880597	-2.11880597014925
			4.88955223880597	-2.1265671641791
			4.88955223880597	-2.13432835820896
			4.88955223880597	-2.14208955223881
			4.89731343283582	-2.14985074626866
			4.89731343283582	-2.15761194029851
			4.89731343283582	-2.16537313432836
			4.89731343283582	-2.17313432835821
			4.90507462686567	-2.18089552238806
			4.90507462686567	-2.18865671641791
			4.90507462686567	-2.19641791044776
			4.91283582089552	-2.20417910447761
			4.91283582089552	-2.21194029850746
			4.91283582089552	-2.21970149253731
			4.92059701492537	-2.22746268656716
			4.92059701492537	-2.23522388059702
			4.92835820895522	-2.24298507462687
			4.92835820895522	-2.25074626865672
			4.92835820895522	-2.25850746268657
			4.93611940298508	-2.26626865671642
			4.93611940298508	-2.27402985074627
			4.94388059701493	-2.27402985074627
			4.94388059701493	-2.28179104477612
			4.95164179104478	-2.28955223880597
			4.95164179104478	-2.29731343283582
			4.95940298507463	-2.30507462686567
			4.95940298507463	-2.31283582089552
			4.96716417910448	-2.32059701492537
			4.96716417910448	-2.32835820895522
			4.97492537313433	-2.33611940298507
			4.98268656716418	-2.34388059701493
			4.99044776119403	-2.35164179104478
			4.99044776119403	-2.35940298507463
			4.99044776119403	-2.36716417910448
			4.99044776119403	-2.37492537313433
			4.99044776119403	-2.38268656716418
			4.99044776119403	-2.39044776119403
			4.99044776119403	-2.39820895522388
			4.99044776119403	-2.40597014925373
			4.99044776119403	-2.41373134328358
			4.99044776119403	-2.42149253731343
			4.99044776119403	-2.42925373134328
			4.99044776119403	-2.43701492537313
			4.99044776119403	-2.44477611940299
			4.98268656716418	-2.45253731343284
			4.98268656716418	-2.46029850746269
			4.98268656716418	-2.46805970149254
			4.98268656716418	-2.47582089552239
			4.98268656716418	-2.48358208955224
			4.98268656716418	-2.49134328358209
			4.98268656716418	-2.49910447761194
			4.98268656716418	-2.50686567164179
			4.98268656716418	-2.51462686567164
			4.98268656716418	-2.52238805970149
			4.98268656716418	-2.53014925373134
			4.98268656716418	-2.53791044776119
			4.98268656716418	-2.54567164179104
			4.98268656716418	-2.5534328358209
			4.98268656716418	-2.56119402985075
			4.98268656716418	-2.5689552238806
			4.98268656716418	-2.57671641791045
			4.98268656716418	-2.5844776119403
			4.98268656716418	-2.59223880597015
			4.98268656716418	-2.6
			4.98268656716418	-2.60776119402985
			4.98268656716418	-2.6155223880597
			4.98268656716418	-2.62328358208955
			4.98268656716418	-2.6310447761194
			4.98268656716418	-2.63880597014925
			4.98268656716418	-2.6465671641791
			4.98268656716418	-2.65432835820896
			4.98268656716418	-2.66208955223881
			4.98268656716418	-2.66985074626866
			4.98268656716418	-2.67761194029851
			4.98268656716418	-2.68537313432836
			4.98268656716418	-2.69313432835821
			4.98268656716418	-2.70089552238806
			4.98268656716418	-2.70865671641791
			4.98268656716418	-2.71641791044776
			4.98268656716418	-2.72417910447761
			4.98268656716418	-2.73194029850746
			4.98268656716418	-2.73970149253731
			4.98268656716418	-2.74746268656716
			4.98268656716418	-2.75522388059702
			4.98268656716418	-2.76298507462687
			4.98268656716418	-2.77074626865672
			4.98268656716418	-2.77850746268657
			4.98268656716418	-2.78626865671642
			4.98268656716418	-2.79402985074627
			4.98268656716418	-2.80179104477612
			4.98268656716418	-2.80955223880597
			4.98268656716418	-2.81731343283582
			4.98268656716418	-2.82507462686567
			4.98268656716418	-2.83283582089552
			4.98268656716418	-2.84059701492537
			4.98268656716418	-2.84835820895522
			4.98268656716418	-2.85611940298507
			4.98268656716418	-2.86388059701493
			4.98268656716418	-2.87164179104478
			4.98268656716418	-2.87940298507463
			4.98268656716418	-2.88716417910448
			4.98268656716418	-2.89492537313433
			4.98268656716418	-2.90268656716418
			4.99044776119403	-2.91044776119403
			4.99820895522388	-2.91820895522388
			5.00597014925373	-2.92597014925373
			5.01373134328358	-2.93373134328358
			5.02149253731343	-2.94149253731343
			5.02925373134328	-2.94925373134328
			5.03701492537313	-2.95701492537313
			5.04477611940298	-2.96477611940299
			5.05253731343284	-2.97253731343284
			5.06029850746269	-2.98029850746269
			5.06805970149254	-2.98029850746269
			5.06805970149254	-2.98805970149254
			5.07582089552239	-2.99582089552239
			5.08358208955224	-2.99582089552239
			5.09134328358209	-3.00358208955224
			5.09134328358209	-3.01134328358209
			5.09910447761194	-3.01134328358209
			5.10686567164179	-3.01910447761194
			5.11462686567164	-3.02686567164179
			5.12238805970149	-3.02686567164179
			5.12238805970149	-3.03462686567164
			5.13014925373134	-3.03462686567164
			5.13791044776119	-3.04238805970149
			5.14567164179105	-3.05014925373134
			5.1534328358209	-3.05014925373134
			5.16119402985075	-3.05791044776119
			5.1689552238806	-3.06567164179104
			5.17671641791045	-3.0734328358209
			5.1844776119403	-3.0734328358209
			5.19223880597015	-3.08119402985075
			5.2	-3.08119402985075
			5.20776119402985	-3.0889552238806
			5.2155223880597	-3.0889552238806
			5.22328358208955	-3.09671641791045
			5.2310447761194	-3.09671641791045
			5.23880597014925	-3.1044776119403
			5.2465671641791	-3.1044776119403
			5.25432835820896	-3.1044776119403
			5.26208955223881	-3.11223880597015
			5.26985074626866	-3.11223880597015
			5.27761194029851	-3.12
			5.28537313432836	-3.12
			5.29313432835821	-3.12776119402985
			5.30089552238806	-3.1355223880597
			5.30865671641791	-3.1355223880597
			5.31641791044776	-3.14328358208955
			5.32417910447761	-3.1510447761194
			5.33194029850746	-3.1510447761194
			5.33970149253731	-3.1510447761194
			5.33970149253731	-3.15880597014925
			5.34746268656716	-3.15880597014925
			5.35522388059702	-3.15880597014925
			5.35522388059702	-3.1665671641791
			5.36298507462687	-3.1665671641791
			5.37074626865672	-3.17432835820896
			5.37850746268657	-3.17432835820896
			5.38626865671642	-3.18208955223881
			5.39402985074627	-3.18208955223881
			5.40179104477612	-3.18985074626866
			5.40955223880597	-3.18985074626866
			5.40955223880597	-3.19761194029851
			5.41731343283582	-3.19761194029851
			5.42507462686567	-3.19761194029851
			5.42507462686567	-3.20537313432836
			5.43283582089552	-3.20537313432836
			5.44059701492537	-3.21313432835821
			5.44835820895522	-3.21313432835821
			5.45611940298507	-3.22089552238806
			5.46388059701493	-3.22865671641791
			5.47164179104478	-3.22865671641791
			5.47940298507463	-3.23641791044776
			5.48716417910448	-3.23641791044776
			5.48716417910448	-3.24417910447761
			5.49492537313433	-3.24417910447761
			5.50268656716418	-3.25194029850746
			5.51044776119403	-3.25194029850746
			5.51044776119403	-3.25970149253731
			5.51820895522388	-3.25970149253731
			5.52597014925373	-3.26746268656716
			5.53373134328358	-3.26746268656716
			5.53373134328358	-3.27522388059702
			5.54149253731343	-3.27522388059702
			5.54925373134328	-3.28298507462687
			5.55701492537314	-3.28298507462687
			5.55701492537314	-3.29074626865672
			5.56477611940299	-3.29074626865672
			5.57253731343284	-3.29850746268657
			5.58029850746269	-3.30626865671642
			5.58805970149254	-3.31402985074627
			5.59582089552239	-3.31402985074627
			5.60358208955224	-3.32179104477612
			5.61134328358209	-3.32179104477612
			5.61910447761194	-3.32955223880597
			5.62686567164179	-3.33731343283582
			5.63462686567164	-3.34507462686567
			5.64238805970149	-3.34507462686567
			5.65014925373134	-3.35283582089552
			5.65791044776119	-3.36059701492537
			5.66567164179104	-3.36059701492537
			5.6734328358209	-3.36835820895522
			5.6734328358209	-3.37611940298507
			5.68119402985075	-3.38388059701493
			5.6889552238806	-3.38388059701493
			5.69671641791045	-3.39164179104478
			5.7044776119403	-3.39940298507463
			5.71223880597015	-3.39940298507463
			5.71223880597015	-3.40716417910448
			5.72	-3.41492537313433
			5.72776119402985	-3.41492537313433
			5.7355223880597	-3.42268656716418
			5.7355223880597	-3.43044776119403
			5.74328358208955	-3.43044776119403
			5.7510447761194	-3.43820895522388
			5.75880597014925	-3.44597014925373
			5.75880597014925	-3.45373134328358
			5.76656716417911	-3.45373134328358
			5.77432835820896	-3.46149253731343
			5.77432835820896	-3.46925373134328
			5.78208955223881	-3.46925373134328
			5.78985074626866	-3.47701492537313
			5.78985074626866	-3.48477611940299
			5.79761194029851	-3.48477611940299
			5.79761194029851	-3.49253731343284
			5.80537313432836	-3.50029850746269
			5.81313432835821	-3.50029850746269
			5.81313432835821	-3.50805970149254
			5.82089552238806	-3.51582089552239
			5.82865671641791	-3.52358208955224
			5.83641791044776	-3.53134328358209
			5.84417910447761	-3.53910447761194
			5.84417910447761	-3.54686567164179
			5.85194029850746	-3.55462686567164
			5.85194029850746	-3.56238805970149
			5.85970149253731	-3.57014925373134
			5.86746268656716	-3.57791044776119
			5.87522388059701	-3.58567164179104
			5.87522388059701	-3.5934328358209
			5.88298507462687	-3.60119402985075
			5.88298507462687	-3.6089552238806
			5.89074626865672	-3.61671641791045
			5.89074626865672	-3.6244776119403
			5.89850746268657	-3.63223880597015
			5.89850746268657	-3.64
			5.90626865671642	-3.64776119402985
			5.90626865671642	-3.6555223880597
			5.90626865671642	-3.66328358208955
			5.91402985074627	-3.6710447761194
			5.91402985074627	-3.67880597014925
			5.91402985074627	-3.6865671641791
			5.92179104477612	-3.69432835820896
			5.92179104477612	-3.70208955223881
			5.92179104477612	-3.70985074626866
			5.92179104477612	-3.71761194029851
			5.92955223880597	-3.72537313432836
			5.92955223880597	-3.73313432835821
			5.92955223880597	-3.74089552238806
			5.92955223880597	-3.74865671641791
			5.92955223880597	-3.75641791044776
			5.92955223880597	-3.76417910447761
			5.92955223880597	-3.77194029850746
			5.92955223880597	-3.77970149253731
			5.92955223880597	-3.78746268656716
			5.92955223880597	-3.79522388059702
			5.92955223880597	-3.80298507462687
			5.92955223880597	-3.81074626865672
			5.92955223880597	-3.81850746268657
			5.92955223880597	-3.82626865671642
			5.92955223880597	-3.83402985074627
			5.92955223880597	-3.84179104477612
			5.92179104477612	-3.84955223880597
			5.92179104477612	-3.85731343283582
			5.92179104477612	-3.86507462686567
			5.92179104477612	-3.87283582089552
			5.91402985074627	-3.88059701492537
			5.91402985074627	-3.88835820895522
			5.91402985074627	-3.89611940298507
			5.90626865671642	-3.90388059701493
			5.90626865671642	-3.91164179104478
			5.89850746268657	-3.91940298507463
			5.89850746268657	-3.92716417910448
			5.89850746268657	-3.93492537313433
			5.89074626865672	-3.94268656716418
			5.89074626865672	-3.95044776119403
			5.88298507462687	-3.95820895522388
			5.87522388059701	-3.96597014925373
			5.87522388059701	-3.97373134328358
			5.86746268656716	-3.98149253731343
		</suture>
	</curves.scaled>
	<ruler.points type=matrix rownames=TRUE colnames=FALSE nrow=2 ncol=2 as.numeric=TRUE >
		Ruler point 1	428	113
		Ruler point 2	428	448
	</ruler.points>
</shapes>

