<shapes type=list>
	<ruler.pixel type=vector names=FALSE length=1 as.numeric=TRUE >293</ruler.pixel>
	<ruler.interval type=vector names=FALSE length=1 as.numeric=TRUE >10</ruler.interval>
	<scaling.units type=vector names=FALSE length=1 as.numeric=FALSE >mm</scaling.units>
	<scaling type=vector names=FALSE length=1 as.numeric=TRUE >0.0341296928327645</scaling>
	<landmarks.pixel type=matrix rownames=TRUE colnames=FALSE nrow=16 ncol=2 as.numeric=TRUE >
		LM1	287	14
		LM2	287	42
		LM3	287	284
		LM4	287	305
		LM5	373	230
		LM6	372	303
		LM7	359	338
		LM8	363	182
		LM9	377	301
		LM10	287	14
		LM11	384	319
		LM12	452	373
		LM13	287	14
		LM14	429	232
		LM15	533	305
		LM16	538	493
	</landmarks.pixel>
	<landmarks.scaled type=matrix rownames=TRUE colnames=FALSE nrow=16 ncol=2 as.numeric=TRUE >
		LM1	9.79522184300341	-0.477815699658703
		LM2	9.79522184300341	-1.43344709897611
		LM3	9.79522184300341	-9.69283276450512
		LM4	9.79522184300341	-10.4095563139932
		LM5	12.7303754266212	-7.84982935153584
		LM6	12.6962457337884	-10.3412969283276
		LM7	12.2525597269625	-11.5358361774744
		LM8	12.3890784982935	-6.21160409556314
		LM9	12.8668941979522	-10.2730375426621
		LM10	9.79522184300341	-0.477815699658703
		LM11	13.1058020477816	-10.8873720136519
		LM12	15.4266211604096	-12.7303754266212
		LM13	9.79522184300341	-0.477815699658703
		LM14	14.641638225256	-7.91808873720137
		LM15	18.1911262798635	-10.4095563139932
		LM16	18.3617747440273	-16.8259385665529
	</landmarks.scaled>
	<curves.control type=list>
		<glabella type=matrix rownames=FALSE colnames=FALSE nrow=11 ncol=2 as.numeric=TRUE >
			287	42
			329	49
			354	100
			362	141
			359	167
			364	197
			373	217
			382	254
			371	280
			359	300
			359	338
		</glabella>
		<suture type=matrix rownames=FALSE colnames=FALSE nrow=13 ncol=2 as.numeric=TRUE >
			287	14
			336	12
			363	32
			395	68
			391	109
			391	133
			364	172
			378	213
			394	231
			412	270
			387	291
			359	319
			452	373
		</suture>
		<anterior type=matrix rownames=FALSE colnames=FALSE nrow=7 ncol=2 as.numeric=TRUE >
			287	14
			335	12
			386	38
			455	92
			503	171
			528	234
			533	305
		</anterior>
		<posterior type=matrix rownames=FALSE colnames=FALSE nrow=15 ncol=2 as.numeric=TRUE >
			287	305
			318	323
			331	349
			349	347
			362	346
			383	349
			410	355
			438	366
			469	385
			493	394
			517	451
			542	521
			542	474
			542	432
			533	305
		</posterior>
	</curves.control>
	<curves.pixel type=list>
		<glabella type=matrix rownames=FALSE colnames=FALSE nrow=330 ncol=2 as.numeric=TRUE >
			287	42
			288	42
			289	42
			290	43
			291	43
			292	43
			293	43
			294	44
			295	44
			296	44
			297	44
			297	45
			298	45
			299	45
			300	45
			301	46
			302	46
			303	46
			303	47
			304	47
			305	47
			306	48
			307	48
			308	49
			309	49
			310	50
			311	50
			312	51
			313	51
			314	52
			315	53
			316	53
			317	54
			318	54
			319	55
			319	56
			320	56
			321	57
			322	58
			323	58
			324	59
			325	60
			326	61
			327	62
			328	63
			329	64
			330	65
			331	66
			332	67
			333	68
			334	69
			335	70
			336	71
			336	72
			337	73
			338	74
			339	75
			340	76
			340	77
			341	78
			342	79
			342	80
			343	81
			344	82
			344	83
			345	84
			345	85
			346	86
			347	87
			347	88
			348	89
			348	90
			349	91
			350	92
			350	93
			351	94
			351	95
			352	96
			353	97
			353	98
			354	99
			354	100
			354	101
			354	102
			355	103
			355	104
			355	105
			355	106
			355	107
			356	108
			356	109
			356	110
			356	111
			356	112
			356	113
			356	114
			357	115
			357	116
			357	117
			357	118
			357	119
			357	120
			358	121
			358	122
			358	123
			358	124
			358	125
			358	126
			358	127
			358	128
			359	129
			359	130
			359	131
			359	132
			359	133
			359	134
			359	135
			359	136
			359	137
			359	138
			359	139
			359	140
			359	141
			360	141
			360	142
			360	143
			360	144
			360	145
			360	146
			360	147
			360	148
			360	149
			360	150
			360	151
			360	152
			360	153
			360	154
			360	155
			360	156
			360	157
			360	158
			360	159
			360	160
			360	161
			359	162
			359	163
			359	164
			359	165
			359	166
			359	167
			359	168
			359	169
			359	170
			360	170
			360	171
			360	172
			360	173
			360	174
			360	175
			361	176
			361	177
			361	178
			361	179
			362	180
			362	181
			362	182
			362	183
			362	184
			363	185
			363	186
			363	187
			363	188
			363	189
			364	189
			364	190
			364	191
			364	192
			365	193
			365	194
			365	195
			365	196
			366	196
			366	197
			366	198
			366	199
			367	200
			367	201
			367	202
			368	203
			368	204
			368	205
			369	206
			369	207
			369	208
			370	209
			370	210
			370	211
			371	211
			371	212
			371	213
			372	214
			372	215
			372	216
			373	217
			373	218
			374	219
			374	220
			374	221
			374	222
			374	223
			375	224
			375	225
			375	226
			375	227
			375	228
			376	229
			376	230
			376	231
			376	232
			376	233
			376	234
			376	235
			376	236
			376	237
			377	238
			377	239
			377	240
			377	241
			377	242
			377	243
			377	244
			377	245
			377	246
			377	247
			377	248
			377	249
			377	250
			377	251
			377	252
			377	253
			377	254
			377	255
			377	256
			377	257
			377	258
			376	259
			376	260
			376	261
			376	262
			376	263
			376	264
			376	265
			375	265
			375	266
			375	267
			375	268
			375	269
			374	270
			374	271
			374	272
			374	273
			373	273
			373	274
			373	275
			373	276
			372	276
			372	277
			372	278
			371	279
			371	280
			370	281
			370	282
			369	283
			369	284
			368	285
			368	286
			367	287
			367	288
			367	289
			366	290
			366	291
			366	292
			365	293
			365	294
			365	295
			364	296
			364	297
			364	298
			363	299
			363	300
			363	301
			363	302
			362	303
			362	304
			362	305
			362	306
			362	307
			361	308
			361	309
			361	310
			361	311
			361	312
			361	313
			360	313
			360	314
			360	315
			360	316
			360	317
			360	318
			360	319
			360	320
			360	321
			360	322
			360	323
			359	323
			359	324
			359	325
			359	326
			359	327
			359	328
			359	329
			359	330
			359	331
			359	332
			359	333
			359	334
			359	335
			359	336
			359	337
			359	338
		</glabella>
		<suture type=matrix rownames=FALSE colnames=FALSE nrow=445 ncol=2 as.numeric=TRUE >
			287	14
			288	14
			289	14
			290	14
			291	14
			292	14
			293	14
			294	14
			295	14
			296	14
			297	14
			298	14
			299	14
			300	14
			301	14
			302	14
			303	14
			304	14
			305	14
			306	14
			307	14
			308	14
			309	14
			310	14
			311	14
			312	15
			313	15
			314	15
			315	15
			316	15
			317	15
			318	15
			319	15
			320	16
			321	16
			322	16
			323	16
			324	16
			325	16
			326	17
			327	17
			328	17
			329	17
			330	17
			331	18
			332	18
			333	18
			334	18
			335	19
			336	19
			337	19
			338	20
			339	20
			340	20
			341	21
			342	21
			343	21
			344	22
			345	22
			346	22
			346	23
			347	23
			348	23
			349	24
			350	24
			351	25
			352	25
			353	26
			354	26
			355	27
			356	27
			357	28
			358	29
			359	29
			360	30
			361	30
			362	31
			363	32
			363	33
			364	34
			365	35
			366	36
			367	37
			368	38
			369	39
			369	40
			370	40
			370	41
			371	42
			372	43
			373	44
			374	45
			374	46
			375	47
			375	48
			376	49
			376	50
			377	51
			378	52
			379	53
			379	54
			380	55
			380	56
			381	57
			381	58
			382	59
			382	60
			383	61
			383	62
			383	63
			384	64
			384	65
			385	66
			385	67
			385	68
			386	69
			386	70
			386	71
			387	72
			387	73
			388	74
			388	75
			388	76
			388	77
			389	77
			389	78
			389	79
			389	80
			389	81
			390	82
			390	83
			390	84
			390	85
			390	86
			391	87
			391	88
			391	89
			391	90
			391	91
			391	92
			391	93
			391	94
			391	95
			391	96
			391	97
			391	98
			391	99
			391	100
			391	101
			391	102
			391	103
			391	104
			391	105
			391	106
			391	107
			391	108
			391	109
			391	110
			391	111
			391	112
			391	113
			391	114
			391	115
			391	116
			390	117
			390	118
			390	119
			390	120
			390	121
			389	122
			389	123
			389	124
			389	125
			388	126
			388	127
			388	128
			387	129
			387	130
			386	131
			386	132
			386	133
			385	134
			385	135
			385	136
			384	137
			384	138
			383	139
			383	140
			382	141
			382	142
			381	143
			381	144
			380	145
			380	146
			379	147
			379	148
			378	149
			378	150
			377	151
			376	152
			376	153
			376	154
			375	155
			374	156
			374	157
			373	158
			372	159
			372	160
			371	161
			371	162
			370	163
			369	164
			369	165
			368	166
			367	167
			367	168
			366	169
			365	170
			365	171
			364	172
			364	173
			365	174
			365	175
			365	176
			366	177
			366	178
			367	179
			367	180
			367	181
			368	182
			368	183
			368	184
			369	185
			369	186
			369	187
			370	188
			370	189
			371	190
			371	191
			372	192
			372	193
			372	194
			373	195
			373	196
			374	197
			374	198
			374	199
			375	200
			376	201
			376	202
			377	203
			377	204
			378	205
			378	206
			379	207
			379	208
			380	209
			380	210
			381	211
			381	212
			382	213
			382	214
			383	215
			383	216
			384	217
			385	218
			385	219
			386	220
			386	221
			387	222
			388	223
			388	224
			389	225
			390	226
			391	227
			392	228
			392	229
			393	230
			394	231
			394	232
			395	233
			395	234
			396	235
			396	236
			397	237
			397	238
			397	239
			398	240
			398	241
			398	242
			399	243
			399	244
			399	245
			400	246
			400	247
			400	248
			400	249
			401	250
			401	251
			401	252
			401	253
			401	254
			401	255
			401	256
			401	257
			401	258
			402	259
			402	260
			402	261
			402	262
			401	263
			401	264
			401	265
			401	266
			401	267
			401	268
			401	269
			400	270
			400	271
			400	272
			399	273
			399	274
			399	275
			398	276
			398	277
			397	278
			397	279
			396	280
			396	281
			395	282
			395	283
			394	284
			393	284
			393	285
			392	286
			391	287
			391	288
			390	288
			389	289
			388	290
			387	291
			386	292
			385	293
			385	294
			384	295
			383	296
			383	297
			382	298
			382	299
			381	300
			381	301
			381	302
			381	303
			381	304
			381	305
			381	306
			381	307
			381	308
			381	309
			381	310
			381	311
			382	312
			382	313
			382	314
			383	315
			383	316
			383	317
			384	318
			385	319
			385	320
			386	321
			386	322
			387	323
			388	324
			389	325
			389	326
			390	327
			391	328
			392	329
			393	330
			394	331
			395	332
			396	333
			397	334
			398	335
			399	336
			400	337
			401	338
			402	339
			403	339
			404	340
			405	341
			406	342
			407	343
			408	344
			409	344
			410	345
			411	346
			412	347
			413	348
			414	348
			414	349
			415	349
			416	350
			417	350
			417	351
			418	351
			419	352
			420	352
			420	353
			421	353
			422	354
			423	355
			424	355
			424	356
			425	356
			426	357
			427	357
			428	358
			429	359
			430	360
			431	360
			432	361
			433	362
			434	362
			435	363
			436	363
			437	364
			438	365
			439	365
			440	366
			441	366
			441	367
			442	367
			443	368
			444	368
			445	369
			446	369
			446	370
			447	370
			448	371
			449	371
			450	372
			451	372
			452	373
		</suture>
		<anterior type=matrix rownames=FALSE colnames=FALSE nrow=389 ncol=2 as.numeric=TRUE >
			287	14
			288	14
			289	14
			290	14
			291	14
			292	14
			293	14
			294	14
			295	14
			296	14
			297	14
			298	14
			299	14
			300	14
			301	14
			302	14
			303	14
			304	14
			305	14
			306	14
			307	14
			308	14
			309	15
			310	15
			311	15
			312	15
			313	15
			314	15
			315	15
			316	15
			317	15
			318	16
			319	16
			320	16
			321	16
			322	16
			323	16
			324	17
			325	17
			326	17
			327	17
			328	17
			329	18
			330	18
			331	18
			332	18
			333	18
			334	19
			335	19
			336	19
			337	19
			338	20
			339	20
			340	20
			341	20
			342	21
			343	21
			344	21
			345	21
			346	22
			347	22
			348	22
			349	23
			350	23
			351	23
			352	24
			353	24
			354	24
			355	25
			356	25
			357	25
			357	26
			358	26
			359	26
			360	26
			361	27
			362	27
			363	28
			364	28
			365	28
			366	29
			367	29
			368	30
			369	30
			370	30
			370	31
			371	31
			372	32
			373	32
			374	32
			375	33
			376	33
			377	34
			378	34
			379	34
			380	35
			381	35
			382	36
			383	36
			384	37
			385	37
			385	38
			386	38
			387	39
			388	39
			388	40
			389	40
			390	41
			391	42
			392	43
			393	44
			394	44
			395	45
			396	46
			397	47
			398	48
			399	49
			400	49
			401	50
			401	51
			402	51
			403	52
			404	53
			405	54
			406	55
			407	56
			408	56
			409	57
			409	58
			410	58
			411	59
			412	60
			413	61
			414	62
			415	63
			416	63
			417	64
			418	65
			419	66
			419	67
			420	68
			421	68
			422	69
			423	70
			424	71
			425	72
			425	73
			426	73
			427	74
			428	75
			429	76
			430	77
			431	78
			431	79
			432	79
			433	80
			434	81
			435	82
			436	83
			437	84
			437	85
			438	86
			439	87
			440	87
			441	88
			442	89
			442	90
			443	91
			444	92
			445	93
			446	94
			446	95
			447	95
			448	96
			449	97
			450	98
			451	99
			451	100
			452	101
			453	102
			454	103
			455	104
			455	105
			456	106
			457	107
			458	108
			459	109
			460	110
			460	111
			461	111
			462	112
			462	113
			463	114
			464	115
			465	116
			466	117
			466	118
			467	119
			467	120
			468	120
			469	121
			469	122
			470	123
			471	124
			471	125
			472	126
			473	126
			473	127
			474	128
			475	129
			475	130
			476	131
			477	132
			478	133
			479	134
			479	135
			480	136
			481	137
			482	138
			482	139
			483	140
			483	141
			484	142
			485	143
			485	144
			486	145
			487	146
			488	147
			488	148
			489	149
			489	150
			490	151
			491	152
			491	153
			492	154
			493	155
			494	156
			494	157
			495	158
			496	159
			496	160
			497	161
			497	162
			498	162
			498	163
			499	164
			499	165
			500	166
			500	167
			501	167
			501	168
			502	169
			502	170
			503	171
			503	172
			504	173
			504	174
			505	175
			505	176
			505	177
			506	177
			506	178
			506	179
			506	180
			507	181
			507	182
			508	183
			508	184
			508	185
			509	186
			509	187
			509	188
			510	189
			510	190
			510	191
			511	192
			511	193
			511	194
			512	195
			512	196
			512	197
			513	198
			513	199
			513	200
			514	201
			514	202
			514	203
			515	204
			515	205
			515	206
			515	207
			516	208
			516	209
			516	210
			517	211
			517	212
			517	213
			517	214
			518	215
			518	216
			518	217
			519	218
			519	219
			519	220
			519	221
			520	222
			520	223
			520	224
			520	225
			521	226
			521	227
			521	228
			521	229
			522	230
			522	231
			522	232
			522	233
			523	234
			523	235
			523	236
			523	237
			523	238
			524	239
			524	240
			524	241
			524	242
			525	243
			525	244
			525	245
			525	246
			525	247
			526	248
			526	249
			526	250
			526	251
			526	252
			527	253
			527	254
			527	255
			527	256
			527	257
			527	258
			528	259
			528	260
			528	261
			528	262
			528	263
			528	264
			528	265
			529	266
			529	267
			529	268
			529	269
			529	270
			529	271
			529	272
			530	273
			530	274
			530	275
			530	276
			530	277
			530	278
			530	279
			531	280
			531	281
			531	282
			531	283
			531	284
			531	285
			531	286
			531	287
			532	288
			532	289
			532	290
			532	291
			532	292
			532	293
			532	294
			532	295
			532	296
			532	297
			532	298
			533	299
			533	300
			533	301
			533	302
			533	303
			533	304
			533	305
		</anterior>
		<posterior type=matrix rownames=FALSE colnames=FALSE nrow=503 ncol=2 as.numeric=TRUE >
			287	305
			288	305
			289	306
			290	307
			291	308
			292	308
			293	309
			294	309
			295	310
			296	311
			297	311
			298	312
			299	313
			300	314
			301	314
			302	315
			303	316
			304	317
			305	318
			306	318
			307	319
			308	320
			309	321
			310	322
			311	322
			312	323
			313	324
			313	325
			314	326
			315	327
			316	327
			317	328
			317	329
			318	330
			319	331
			320	332
			320	333
			321	334
			322	334
			322	335
			323	336
			324	337
			324	338
			325	339
			326	340
			326	341
			327	342
			328	343
			328	344
			329	345
			329	346
			330	347
			330	348
			331	349
			332	349
			333	349
			334	349
			335	349
			336	348
			337	348
			338	348
			339	348
			340	348
			341	348
			342	348
			343	348
			344	348
			345	347
			346	347
			347	347
			348	347
			349	347
			350	347
			351	347
			352	347
			353	347
			354	347
			355	347
			356	346
			357	346
			358	346
			359	346
			360	346
			361	346
			362	346
			363	346
			364	346
			365	347
			366	347
			367	347
			368	347
			369	347
			370	347
			371	347
			372	347
			372	348
			373	348
			374	348
			375	348
			376	348
			377	348
			378	349
			379	349
			380	349
			381	349
			382	349
			383	349
			384	350
			385	350
			386	350
			387	350
			388	350
			389	351
			390	351
			391	351
			392	351
			393	351
			394	352
			395	352
			396	352
			397	352
			398	353
			399	353
			400	353
			401	353
			402	353
			403	354
			404	354
			405	354
			406	354
			407	354
			408	355
			409	355
			410	355
			411	355
			412	356
			413	356
			414	357
			415	357
			416	357
			417	358
			418	358
			419	359
			420	359
			421	360
			422	360
			423	360
			424	361
			425	361
			426	362
			427	362
			428	363
			429	363
			430	364
			431	364
			432	365
			433	365
			434	366
			435	366
			436	367
			437	367
			438	368
			439	368
			440	368
			440	369
			441	369
			442	369
			442	370
			443	370
			444	370
			444	371
			445	371
			446	372
			447	372
			448	373
			449	373
			450	374
			451	375
			452	375
			453	376
			454	376
			455	377
			456	377
			457	378
			458	378
			459	379
			460	380
			461	380
			462	381
			463	381
			464	382
			465	383
			466	383
			467	384
			468	384
			469	385
			470	385
			471	386
			472	387
			473	387
			474	387
			475	388
			476	389
			477	389
			478	390
			479	391
			480	392
			481	392
			482	393
			483	394
			484	395
			484	396
			485	397
			486	398
			487	399
			488	400
			489	401
			490	402
			491	403
			492	404
			493	405
			493	406
			494	407
			494	408
			495	409
			496	410
			497	411
			497	412
			498	413
			499	414
			499	415
			500	416
			501	417
			501	418
			501	419
			502	420
			502	421
			503	422
			504	423
			504	424
			505	425
			505	426
			506	427
			506	428
			507	428
			507	429
			508	430
			508	431
			508	432
			509	433
			509	434
			510	435
			510	436
			511	437
			511	438
			512	439
			512	440
			513	441
			513	442
			514	443
			514	444
			515	445
			515	446
			515	447
			516	448
			516	449
			517	450
			517	451
			517	452
			518	453
			518	454
			518	455
			519	456
			519	457
			519	458
			520	459
			520	460
			521	461
			521	462
			522	463
			522	464
			522	465
			523	466
			523	467
			523	468
			524	469
			524	470
			525	471
			525	472
			525	473
			526	473
			526	474
			526	475
			527	476
			527	477
			528	478
			528	479
			528	480
			529	481
			530	482
			530	483
			531	484
			531	485
			531	486
			532	486
			532	487
			533	488
			533	489
			534	490
			535	491
			536	492
			537	493
			538	493
			539	492
			540	492
			540	491
			541	490
			541	489
			541	488
			541	487
			541	486
			541	485
			542	484
			542	483
			542	482
			542	481
			542	480
			542	479
			542	478
			542	477
			542	476
			542	475
			542	474
			542	473
			542	472
			542	471
			542	470
			542	469
			542	468
			542	467
			542	466
			542	465
			542	464
			542	463
			542	462
			542	461
			542	460
			542	459
			542	458
			542	457
			542	456
			542	455
			542	454
			542	453
			542	452
			542	451
			542	450
			541	449
			541	448
			541	447
			541	446
			541	445
			541	444
			541	443
			541	442
			541	441
			541	440
			541	439
			541	438
			541	437
			541	436
			541	435
			541	434
			541	433
			541	432
			541	431
			541	430
			541	429
			541	428
			541	427
			541	426
			540	425
			540	424
			540	423
			540	422
			540	421
			540	420
			540	419
			540	418
			540	417
			540	416
			540	415
			540	414
			540	413
			540	412
			540	411
			540	410
			540	409
			540	408
			540	407
			539	406
			539	405
			539	404
			539	403
			539	402
			539	401
			539	400
			539	399
			539	398
			539	397
			539	396
			539	395
			539	394
			539	393
			539	392
			539	391
			539	390
			539	389
			538	388
			538	387
			538	386
			538	385
			538	384
			538	383
			538	382
			538	381
			538	380
			538	379
			538	378
			538	377
			538	376
			538	375
			538	374
			538	373
			537	372
			537	371
			537	370
			537	369
			537	368
			537	367
			537	366
			537	365
			537	364
			537	363
			537	362
			537	361
			537	360
			537	359
			537	358
			537	357
			537	356
			536	356
			536	355
			536	354
			536	353
			536	352
			536	351
			536	350
			536	349
			536	348
			536	347
			536	346
			536	345
			536	344
			536	343
			536	342
			535	341
			535	340
			535	339
			535	338
			535	337
			535	336
			535	335
			535	334
			535	333
			535	332
			535	331
			535	330
			535	329
			535	328
			535	327
			534	326
			534	325
			534	324
			534	323
			534	322
			534	321
			534	320
			534	319
			534	318
			534	317
			534	316
			534	315
			534	314
			534	313
			534	312
			533	311
			533	310
			533	309
			533	308
			533	307
			533	306
			533	305
		</posterior>
	</curves.pixel>
	<curves.scaled type=list>
		<glabella type=matrix rownames=FALSE colnames=FALSE nrow=330 ncol=2 as.numeric=TRUE >
			9.79522184300341	-1.43344709897611
			9.82935153583618	-1.43344709897611
			9.86348122866894	-1.43344709897611
			9.89761092150171	-1.46757679180887
			9.93174061433447	-1.46757679180887
			9.96587030716724	-1.46757679180887
			10	-1.46757679180887
			10.0341296928328	-1.50170648464164
			10.0682593856655	-1.50170648464164
			10.1023890784983	-1.50170648464164
			10.1365187713311	-1.50170648464164
			10.1365187713311	-1.5358361774744
			10.1706484641638	-1.5358361774744
			10.2047781569966	-1.5358361774744
			10.2389078498294	-1.5358361774744
			10.2730375426621	-1.56996587030717
			10.3071672354949	-1.56996587030717
			10.3412969283276	-1.56996587030717
			10.3412969283276	-1.60409556313993
			10.3754266211604	-1.60409556313993
			10.4095563139932	-1.60409556313993
			10.4436860068259	-1.6382252559727
			10.4778156996587	-1.6382252559727
			10.5119453924915	-1.67235494880546
			10.5460750853242	-1.67235494880546
			10.580204778157	-1.70648464163823
			10.6143344709898	-1.70648464163823
			10.6484641638225	-1.74061433447099
			10.6825938566553	-1.74061433447099
			10.7167235494881	-1.77474402730375
			10.7508532423208	-1.80887372013652
			10.7849829351536	-1.80887372013652
			10.8191126279863	-1.84300341296928
			10.8532423208191	-1.84300341296928
			10.8873720136519	-1.87713310580205
			10.8873720136519	-1.91126279863481
			10.9215017064846	-1.91126279863481
			10.9556313993174	-1.94539249146758
			10.9897610921502	-1.97952218430034
			11.0238907849829	-1.97952218430034
			11.0580204778157	-2.01365187713311
			11.0921501706485	-2.04778156996587
			11.1262798634812	-2.08191126279863
			11.160409556314	-2.1160409556314
			11.1945392491468	-2.15017064846416
			11.2286689419795	-2.18430034129693
			11.2627986348123	-2.21843003412969
			11.2969283276451	-2.25255972696246
			11.3310580204778	-2.28668941979522
			11.3651877133106	-2.32081911262799
			11.3993174061433	-2.35494880546075
			11.4334470989761	-2.38907849829352
			11.4675767918089	-2.42320819112628
			11.4675767918089	-2.45733788395904
			11.5017064846416	-2.49146757679181
			11.5358361774744	-2.52559726962457
			11.5699658703072	-2.55972696245734
			11.6040955631399	-2.5938566552901
			11.6040955631399	-2.62798634812287
			11.6382252559727	-2.66211604095563
			11.6723549488055	-2.6962457337884
			11.6723549488055	-2.73037542662116
			11.7064846416382	-2.76450511945393
			11.740614334471	-2.79863481228669
			11.740614334471	-2.83276450511945
			11.7747440273038	-2.86689419795222
			11.7747440273038	-2.90102389078498
			11.8088737201365	-2.93515358361775
			11.8430034129693	-2.96928327645051
			11.8430034129693	-3.00341296928328
			11.877133105802	-3.03754266211604
			11.877133105802	-3.07167235494881
			11.9112627986348	-3.10580204778157
			11.9453924914676	-3.13993174061433
			11.9453924914676	-3.1740614334471
			11.9795221843003	-3.20819112627986
			11.9795221843003	-3.24232081911263
			12.0136518771331	-3.27645051194539
			12.0477815699659	-3.31058020477816
			12.0477815699659	-3.34470989761092
			12.0819112627986	-3.37883959044369
			12.0819112627986	-3.41296928327645
			12.0819112627986	-3.44709897610922
			12.0819112627986	-3.48122866894198
			12.1160409556314	-3.51535836177474
			12.1160409556314	-3.54948805460751
			12.1160409556314	-3.58361774744027
			12.1160409556314	-3.61774744027304
			12.1160409556314	-3.6518771331058
			12.1501706484642	-3.68600682593857
			12.1501706484642	-3.72013651877133
			12.1501706484642	-3.7542662116041
			12.1501706484642	-3.78839590443686
			12.1501706484642	-3.82252559726962
			12.1501706484642	-3.85665529010239
			12.1501706484642	-3.89078498293515
			12.1843003412969	-3.92491467576792
			12.1843003412969	-3.95904436860068
			12.1843003412969	-3.99317406143345
			12.1843003412969	-4.02730375426621
			12.1843003412969	-4.06143344709898
			12.1843003412969	-4.09556313993174
			12.2184300341297	-4.1296928327645
			12.2184300341297	-4.16382252559727
			12.2184300341297	-4.19795221843003
			12.2184300341297	-4.2320819112628
			12.2184300341297	-4.26621160409556
			12.2184300341297	-4.30034129692833
			12.2184300341297	-4.33447098976109
			12.2184300341297	-4.36860068259386
			12.2525597269625	-4.40273037542662
			12.2525597269625	-4.43686006825939
			12.2525597269625	-4.47098976109215
			12.2525597269625	-4.50511945392492
			12.2525597269625	-4.53924914675768
			12.2525597269625	-4.57337883959044
			12.2525597269625	-4.60750853242321
			12.2525597269625	-4.64163822525597
			12.2525597269625	-4.67576791808874
			12.2525597269625	-4.7098976109215
			12.2525597269625	-4.74402730375427
			12.2525597269625	-4.77815699658703
			12.2525597269625	-4.8122866894198
			12.2866894197952	-4.8122866894198
			12.2866894197952	-4.84641638225256
			12.2866894197952	-4.88054607508532
			12.2866894197952	-4.91467576791809
			12.2866894197952	-4.94880546075085
			12.2866894197952	-4.98293515358362
			12.2866894197952	-5.01706484641638
			12.2866894197952	-5.05119453924915
			12.2866894197952	-5.08532423208191
			12.2866894197952	-5.11945392491468
			12.2866894197952	-5.15358361774744
			12.2866894197952	-5.1877133105802
			12.2866894197952	-5.22184300341297
			12.2866894197952	-5.25597269624573
			12.2866894197952	-5.2901023890785
			12.2866894197952	-5.32423208191126
			12.2866894197952	-5.35836177474403
			12.2866894197952	-5.39249146757679
			12.2866894197952	-5.42662116040956
			12.2866894197952	-5.46075085324232
			12.2866894197952	-5.49488054607509
			12.2525597269625	-5.52901023890785
			12.2525597269625	-5.56313993174061
			12.2525597269625	-5.59726962457338
			12.2525597269625	-5.63139931740614
			12.2525597269625	-5.66552901023891
			12.2525597269625	-5.69965870307167
			12.2525597269625	-5.73378839590444
			12.2525597269625	-5.7679180887372
			12.2525597269625	-5.80204778156997
			12.2866894197952	-5.80204778156997
			12.2866894197952	-5.83617747440273
			12.2866894197952	-5.8703071672355
			12.2866894197952	-5.90443686006826
			12.2866894197952	-5.93856655290102
			12.2866894197952	-5.97269624573379
			12.320819112628	-6.00682593856655
			12.320819112628	-6.04095563139932
			12.320819112628	-6.07508532423208
			12.320819112628	-6.10921501706485
			12.3549488054608	-6.14334470989761
			12.3549488054608	-6.17747440273038
			12.3549488054608	-6.21160409556314
			12.3549488054608	-6.2457337883959
			12.3549488054608	-6.27986348122867
			12.3890784982935	-6.31399317406143
			12.3890784982935	-6.3481228668942
			12.3890784982935	-6.38225255972696
			12.3890784982935	-6.41638225255973
			12.3890784982935	-6.45051194539249
			12.4232081911263	-6.45051194539249
			12.4232081911263	-6.48464163822526
			12.4232081911263	-6.51877133105802
			12.4232081911263	-6.55290102389078
			12.457337883959	-6.58703071672355
			12.457337883959	-6.62116040955631
			12.457337883959	-6.65529010238908
			12.457337883959	-6.68941979522184
			12.4914675767918	-6.68941979522184
			12.4914675767918	-6.72354948805461
			12.4914675767918	-6.75767918088737
			12.4914675767918	-6.79180887372014
			12.5255972696246	-6.8259385665529
			12.5255972696246	-6.86006825938567
			12.5255972696246	-6.89419795221843
			12.5597269624573	-6.9283276450512
			12.5597269624573	-6.96245733788396
			12.5597269624573	-6.99658703071672
			12.5938566552901	-7.03071672354949
			12.5938566552901	-7.06484641638225
			12.5938566552901	-7.09897610921502
			12.6279863481229	-7.13310580204778
			12.6279863481229	-7.16723549488055
			12.6279863481229	-7.20136518771331
			12.6621160409556	-7.20136518771331
			12.6621160409556	-7.23549488054608
			12.6621160409556	-7.26962457337884
			12.6962457337884	-7.3037542662116
			12.6962457337884	-7.33788395904437
			12.6962457337884	-7.37201365187713
			12.7303754266212	-7.4061433447099
			12.7303754266212	-7.44027303754266
			12.7645051194539	-7.47440273037543
			12.7645051194539	-7.50853242320819
			12.7645051194539	-7.54266211604096
			12.7645051194539	-7.57679180887372
			12.7645051194539	-7.61092150170648
			12.7986348122867	-7.64505119453925
			12.7986348122867	-7.67918088737201
			12.7986348122867	-7.71331058020478
			12.7986348122867	-7.74744027303754
			12.7986348122867	-7.78156996587031
			12.8327645051195	-7.81569965870307
			12.8327645051195	-7.84982935153584
			12.8327645051195	-7.8839590443686
			12.8327645051195	-7.91808873720137
			12.8327645051195	-7.95221843003413
			12.8327645051195	-7.98634812286689
			12.8327645051195	-8.02047781569966
			12.8327645051195	-8.05460750853242
			12.8327645051195	-8.08873720136519
			12.8668941979522	-8.12286689419795
			12.8668941979522	-8.15699658703072
			12.8668941979522	-8.19112627986348
			12.8668941979522	-8.22525597269625
			12.8668941979522	-8.25938566552901
			12.8668941979522	-8.29351535836178
			12.8668941979522	-8.32764505119454
			12.8668941979522	-8.3617747440273
			12.8668941979522	-8.39590443686007
			12.8668941979522	-8.43003412969283
			12.8668941979522	-8.4641638225256
			12.8668941979522	-8.49829351535836
			12.8668941979522	-8.53242320819113
			12.8668941979522	-8.56655290102389
			12.8668941979522	-8.60068259385666
			12.8668941979522	-8.63481228668942
			12.8668941979522	-8.66894197952218
			12.8668941979522	-8.70307167235495
			12.8668941979522	-8.73720136518771
			12.8668941979522	-8.77133105802048
			12.8668941979522	-8.80546075085324
			12.8327645051195	-8.83959044368601
			12.8327645051195	-8.87372013651877
			12.8327645051195	-8.90784982935154
			12.8327645051195	-8.9419795221843
			12.8327645051195	-8.97610921501706
			12.8327645051195	-9.01023890784983
			12.8327645051195	-9.04436860068259
			12.7986348122867	-9.04436860068259
			12.7986348122867	-9.07849829351536
			12.7986348122867	-9.11262798634812
			12.7986348122867	-9.14675767918089
			12.7986348122867	-9.18088737201365
			12.7645051194539	-9.21501706484642
			12.7645051194539	-9.24914675767918
			12.7645051194539	-9.28327645051194
			12.7645051194539	-9.31740614334471
			12.7303754266212	-9.31740614334471
			12.7303754266212	-9.35153583617747
			12.7303754266212	-9.38566552901024
			12.7303754266212	-9.419795221843
			12.6962457337884	-9.419795221843
			12.6962457337884	-9.45392491467577
			12.6962457337884	-9.48805460750853
			12.6621160409556	-9.5221843003413
			12.6621160409556	-9.55631399317406
			12.6279863481229	-9.59044368600683
			12.6279863481229	-9.62457337883959
			12.5938566552901	-9.65870307167236
			12.5938566552901	-9.69283276450512
			12.5597269624573	-9.72696245733788
			12.5597269624573	-9.76109215017065
			12.5255972696246	-9.79522184300341
			12.5255972696246	-9.82935153583618
			12.5255972696246	-9.86348122866894
			12.4914675767918	-9.89761092150171
			12.4914675767918	-9.93174061433447
			12.4914675767918	-9.96587030716724
			12.457337883959	-10
			12.457337883959	-10.0341296928328
			12.457337883959	-10.0682593856655
			12.4232081911263	-10.1023890784983
			12.4232081911263	-10.1365187713311
			12.4232081911263	-10.1706484641638
			12.3890784982935	-10.2047781569966
			12.3890784982935	-10.2389078498294
			12.3890784982935	-10.2730375426621
			12.3890784982935	-10.3071672354949
			12.3549488054608	-10.3412969283276
			12.3549488054608	-10.3754266211604
			12.3549488054608	-10.4095563139932
			12.3549488054608	-10.4436860068259
			12.3549488054608	-10.4778156996587
			12.320819112628	-10.5119453924915
			12.320819112628	-10.5460750853242
			12.320819112628	-10.580204778157
			12.320819112628	-10.6143344709898
			12.320819112628	-10.6484641638225
			12.320819112628	-10.6825938566553
			12.2866894197952	-10.6825938566553
			12.2866894197952	-10.7167235494881
			12.2866894197952	-10.7508532423208
			12.2866894197952	-10.7849829351536
			12.2866894197952	-10.8191126279863
			12.2866894197952	-10.8532423208191
			12.2866894197952	-10.8873720136519
			12.2866894197952	-10.9215017064846
			12.2866894197952	-10.9556313993174
			12.2866894197952	-10.9897610921502
			12.2866894197952	-11.0238907849829
			12.2525597269625	-11.0238907849829
			12.2525597269625	-11.0580204778157
			12.2525597269625	-11.0921501706485
			12.2525597269625	-11.1262798634812
			12.2525597269625	-11.160409556314
			12.2525597269625	-11.1945392491468
			12.2525597269625	-11.2286689419795
			12.2525597269625	-11.2627986348123
			12.2525597269625	-11.2969283276451
			12.2525597269625	-11.3310580204778
			12.2525597269625	-11.3651877133106
			12.2525597269625	-11.3993174061433
			12.2525597269625	-11.4334470989761
			12.2525597269625	-11.4675767918089
			12.2525597269625	-11.5017064846416
			12.2525597269625	-11.5358361774744
		</glabella>
		<suture type=matrix rownames=FALSE colnames=FALSE nrow=445 ncol=2 as.numeric=TRUE >
			9.79522184300341	-0.477815699658703
			9.82935153583618	-0.477815699658703
			9.86348122866894	-0.477815699658703
			9.89761092150171	-0.477815699658703
			9.93174061433447	-0.477815699658703
			9.96587030716724	-0.477815699658703
			10	-0.477815699658703
			10.0341296928328	-0.477815699658703
			10.0682593856655	-0.477815699658703
			10.1023890784983	-0.477815699658703
			10.1365187713311	-0.477815699658703
			10.1706484641638	-0.477815699658703
			10.2047781569966	-0.477815699658703
			10.2389078498294	-0.477815699658703
			10.2730375426621	-0.477815699658703
			10.3071672354949	-0.477815699658703
			10.3412969283276	-0.477815699658703
			10.3754266211604	-0.477815699658703
			10.4095563139932	-0.477815699658703
			10.4436860068259	-0.477815699658703
			10.4778156996587	-0.477815699658703
			10.5119453924915	-0.477815699658703
			10.5460750853242	-0.477815699658703
			10.580204778157	-0.477815699658703
			10.6143344709898	-0.477815699658703
			10.6484641638225	-0.511945392491468
			10.6825938566553	-0.511945392491468
			10.7167235494881	-0.511945392491468
			10.7508532423208	-0.511945392491468
			10.7849829351536	-0.511945392491468
			10.8191126279863	-0.511945392491468
			10.8532423208191	-0.511945392491468
			10.8873720136519	-0.511945392491468
			10.9215017064846	-0.546075085324232
			10.9556313993174	-0.546075085324232
			10.9897610921502	-0.546075085324232
			11.0238907849829	-0.546075085324232
			11.0580204778157	-0.546075085324232
			11.0921501706485	-0.546075085324232
			11.1262798634812	-0.580204778156997
			11.160409556314	-0.580204778156997
			11.1945392491468	-0.580204778156997
			11.2286689419795	-0.580204778156997
			11.2627986348123	-0.580204778156997
			11.2969283276451	-0.614334470989761
			11.3310580204778	-0.614334470989761
			11.3651877133106	-0.614334470989761
			11.3993174061433	-0.614334470989761
			11.4334470989761	-0.648464163822526
			11.4675767918089	-0.648464163822526
			11.5017064846416	-0.648464163822526
			11.5358361774744	-0.68259385665529
			11.5699658703072	-0.68259385665529
			11.6040955631399	-0.68259385665529
			11.6382252559727	-0.716723549488055
			11.6723549488055	-0.716723549488055
			11.7064846416382	-0.716723549488055
			11.740614334471	-0.750853242320819
			11.7747440273038	-0.750853242320819
			11.8088737201365	-0.750853242320819
			11.8088737201365	-0.784982935153584
			11.8430034129693	-0.784982935153584
			11.877133105802	-0.784982935153584
			11.9112627986348	-0.819112627986348
			11.9453924914676	-0.819112627986348
			11.9795221843003	-0.853242320819113
			12.0136518771331	-0.853242320819113
			12.0477815699659	-0.887372013651877
			12.0819112627986	-0.887372013651877
			12.1160409556314	-0.921501706484642
			12.1501706484642	-0.921501706484642
			12.1843003412969	-0.955631399317406
			12.2184300341297	-0.989761092150171
			12.2525597269625	-0.989761092150171
			12.2866894197952	-1.02389078498294
			12.320819112628	-1.02389078498294
			12.3549488054608	-1.0580204778157
			12.3890784982935	-1.09215017064846
			12.3890784982935	-1.12627986348123
			12.4232081911263	-1.16040955631399
			12.457337883959	-1.19453924914676
			12.4914675767918	-1.22866894197952
			12.5255972696246	-1.26279863481229
			12.5597269624573	-1.29692832764505
			12.5938566552901	-1.33105802047782
			12.5938566552901	-1.36518771331058
			12.6279863481229	-1.36518771331058
			12.6279863481229	-1.39931740614334
			12.6621160409556	-1.43344709897611
			12.6962457337884	-1.46757679180887
			12.7303754266212	-1.50170648464164
			12.7645051194539	-1.5358361774744
			12.7645051194539	-1.56996587030717
			12.7986348122867	-1.60409556313993
			12.7986348122867	-1.6382252559727
			12.8327645051195	-1.67235494880546
			12.8327645051195	-1.70648464163823
			12.8668941979522	-1.74061433447099
			12.901023890785	-1.77474402730375
			12.9351535836177	-1.80887372013652
			12.9351535836177	-1.84300341296928
			12.9692832764505	-1.87713310580205
			12.9692832764505	-1.91126279863481
			13.0034129692833	-1.94539249146758
			13.0034129692833	-1.97952218430034
			13.037542662116	-2.01365187713311
			13.037542662116	-2.04778156996587
			13.0716723549488	-2.08191126279863
			13.0716723549488	-2.1160409556314
			13.0716723549488	-2.15017064846416
			13.1058020477816	-2.18430034129693
			13.1058020477816	-2.21843003412969
			13.1399317406143	-2.25255972696246
			13.1399317406143	-2.28668941979522
			13.1399317406143	-2.32081911262799
			13.1740614334471	-2.35494880546075
			13.1740614334471	-2.38907849829352
			13.1740614334471	-2.42320819112628
			13.2081911262799	-2.45733788395904
			13.2081911262799	-2.49146757679181
			13.2423208191126	-2.52559726962457
			13.2423208191126	-2.55972696245734
			13.2423208191126	-2.5938566552901
			13.2423208191126	-2.62798634812287
			13.2764505119454	-2.62798634812287
			13.2764505119454	-2.66211604095563
			13.2764505119454	-2.6962457337884
			13.2764505119454	-2.73037542662116
			13.2764505119454	-2.76450511945393
			13.3105802047782	-2.79863481228669
			13.3105802047782	-2.83276450511945
			13.3105802047782	-2.86689419795222
			13.3105802047782	-2.90102389078498
			13.3105802047782	-2.93515358361775
			13.3447098976109	-2.96928327645051
			13.3447098976109	-3.00341296928328
			13.3447098976109	-3.03754266211604
			13.3447098976109	-3.07167235494881
			13.3447098976109	-3.10580204778157
			13.3447098976109	-3.13993174061433
			13.3447098976109	-3.1740614334471
			13.3447098976109	-3.20819112627986
			13.3447098976109	-3.24232081911263
			13.3447098976109	-3.27645051194539
			13.3447098976109	-3.31058020477816
			13.3447098976109	-3.34470989761092
			13.3447098976109	-3.37883959044369
			13.3447098976109	-3.41296928327645
			13.3447098976109	-3.44709897610922
			13.3447098976109	-3.48122866894198
			13.3447098976109	-3.51535836177474
			13.3447098976109	-3.54948805460751
			13.3447098976109	-3.58361774744027
			13.3447098976109	-3.61774744027304
			13.3447098976109	-3.6518771331058
			13.3447098976109	-3.68600682593857
			13.3447098976109	-3.72013651877133
			13.3447098976109	-3.7542662116041
			13.3447098976109	-3.78839590443686
			13.3447098976109	-3.82252559726962
			13.3447098976109	-3.85665529010239
			13.3447098976109	-3.89078498293515
			13.3447098976109	-3.92491467576792
			13.3447098976109	-3.95904436860068
			13.3105802047782	-3.99317406143345
			13.3105802047782	-4.02730375426621
			13.3105802047782	-4.06143344709898
			13.3105802047782	-4.09556313993174
			13.3105802047782	-4.1296928327645
			13.2764505119454	-4.16382252559727
			13.2764505119454	-4.19795221843003
			13.2764505119454	-4.2320819112628
			13.2764505119454	-4.26621160409556
			13.2423208191126	-4.30034129692833
			13.2423208191126	-4.33447098976109
			13.2423208191126	-4.36860068259386
			13.2081911262799	-4.40273037542662
			13.2081911262799	-4.43686006825939
			13.1740614334471	-4.47098976109215
			13.1740614334471	-4.50511945392492
			13.1740614334471	-4.53924914675768
			13.1399317406143	-4.57337883959044
			13.1399317406143	-4.60750853242321
			13.1399317406143	-4.64163822525597
			13.1058020477816	-4.67576791808874
			13.1058020477816	-4.7098976109215
			13.0716723549488	-4.74402730375427
			13.0716723549488	-4.77815699658703
			13.037542662116	-4.8122866894198
			13.037542662116	-4.84641638225256
			13.0034129692833	-4.88054607508532
			13.0034129692833	-4.91467576791809
			12.9692832764505	-4.94880546075085
			12.9692832764505	-4.98293515358362
			12.9351535836177	-5.01706484641638
			12.9351535836177	-5.05119453924915
			12.901023890785	-5.08532423208191
			12.901023890785	-5.11945392491468
			12.8668941979522	-5.15358361774744
			12.8327645051195	-5.1877133105802
			12.8327645051195	-5.22184300341297
			12.8327645051195	-5.25597269624573
			12.7986348122867	-5.2901023890785
			12.7645051194539	-5.32423208191126
			12.7645051194539	-5.35836177474403
			12.7303754266212	-5.39249146757679
			12.6962457337884	-5.42662116040956
			12.6962457337884	-5.46075085324232
			12.6621160409556	-5.49488054607509
			12.6621160409556	-5.52901023890785
			12.6279863481229	-5.56313993174061
			12.5938566552901	-5.59726962457338
			12.5938566552901	-5.63139931740614
			12.5597269624573	-5.66552901023891
			12.5255972696246	-5.69965870307167
			12.5255972696246	-5.73378839590444
			12.4914675767918	-5.7679180887372
			12.457337883959	-5.80204778156997
			12.457337883959	-5.83617747440273
			12.4232081911263	-5.8703071672355
			12.4232081911263	-5.90443686006826
			12.457337883959	-5.93856655290102
			12.457337883959	-5.97269624573379
			12.457337883959	-6.00682593856655
			12.4914675767918	-6.04095563139932
			12.4914675767918	-6.07508532423208
			12.5255972696246	-6.10921501706485
			12.5255972696246	-6.14334470989761
			12.5255972696246	-6.17747440273038
			12.5597269624573	-6.21160409556314
			12.5597269624573	-6.2457337883959
			12.5597269624573	-6.27986348122867
			12.5938566552901	-6.31399317406143
			12.5938566552901	-6.3481228668942
			12.5938566552901	-6.38225255972696
			12.6279863481229	-6.41638225255973
			12.6279863481229	-6.45051194539249
			12.6621160409556	-6.48464163822526
			12.6621160409556	-6.51877133105802
			12.6962457337884	-6.55290102389078
			12.6962457337884	-6.58703071672355
			12.6962457337884	-6.62116040955631
			12.7303754266212	-6.65529010238908
			12.7303754266212	-6.68941979522184
			12.7645051194539	-6.72354948805461
			12.7645051194539	-6.75767918088737
			12.7645051194539	-6.79180887372014
			12.7986348122867	-6.8259385665529
			12.8327645051195	-6.86006825938567
			12.8327645051195	-6.89419795221843
			12.8668941979522	-6.9283276450512
			12.8668941979522	-6.96245733788396
			12.901023890785	-6.99658703071672
			12.901023890785	-7.03071672354949
			12.9351535836177	-7.06484641638225
			12.9351535836177	-7.09897610921502
			12.9692832764505	-7.13310580204778
			12.9692832764505	-7.16723549488055
			13.0034129692833	-7.20136518771331
			13.0034129692833	-7.23549488054608
			13.037542662116	-7.26962457337884
			13.037542662116	-7.3037542662116
			13.0716723549488	-7.33788395904437
			13.0716723549488	-7.37201365187713
			13.1058020477816	-7.4061433447099
			13.1399317406143	-7.44027303754266
			13.1399317406143	-7.47440273037543
			13.1740614334471	-7.50853242320819
			13.1740614334471	-7.54266211604096
			13.2081911262799	-7.57679180887372
			13.2423208191126	-7.61092150170648
			13.2423208191126	-7.64505119453925
			13.2764505119454	-7.67918088737201
			13.3105802047782	-7.71331058020478
			13.3447098976109	-7.74744027303754
			13.3788395904437	-7.78156996587031
			13.3788395904437	-7.81569965870307
			13.4129692832765	-7.84982935153584
			13.4470989761092	-7.8839590443686
			13.4470989761092	-7.91808873720137
			13.481228668942	-7.95221843003413
			13.481228668942	-7.98634812286689
			13.5153583617747	-8.02047781569966
			13.5153583617747	-8.05460750853242
			13.5494880546075	-8.08873720136519
			13.5494880546075	-8.12286689419795
			13.5494880546075	-8.15699658703072
			13.5836177474403	-8.19112627986348
			13.5836177474403	-8.22525597269625
			13.5836177474403	-8.25938566552901
			13.617747440273	-8.29351535836178
			13.617747440273	-8.32764505119454
			13.617747440273	-8.3617747440273
			13.6518771331058	-8.39590443686007
			13.6518771331058	-8.43003412969283
			13.6518771331058	-8.4641638225256
			13.6518771331058	-8.49829351535836
			13.6860068259386	-8.53242320819113
			13.6860068259386	-8.56655290102389
			13.6860068259386	-8.60068259385666
			13.6860068259386	-8.63481228668942
			13.6860068259386	-8.66894197952218
			13.6860068259386	-8.70307167235495
			13.6860068259386	-8.73720136518771
			13.6860068259386	-8.77133105802048
			13.6860068259386	-8.80546075085324
			13.7201365187713	-8.83959044368601
			13.7201365187713	-8.87372013651877
			13.7201365187713	-8.90784982935154
			13.7201365187713	-8.9419795221843
			13.6860068259386	-8.97610921501706
			13.6860068259386	-9.01023890784983
			13.6860068259386	-9.04436860068259
			13.6860068259386	-9.07849829351536
			13.6860068259386	-9.11262798634812
			13.6860068259386	-9.14675767918089
			13.6860068259386	-9.18088737201365
			13.6518771331058	-9.21501706484642
			13.6518771331058	-9.24914675767918
			13.6518771331058	-9.28327645051194
			13.617747440273	-9.31740614334471
			13.617747440273	-9.35153583617747
			13.617747440273	-9.38566552901024
			13.5836177474403	-9.419795221843
			13.5836177474403	-9.45392491467577
			13.5494880546075	-9.48805460750853
			13.5494880546075	-9.5221843003413
			13.5153583617747	-9.55631399317406
			13.5153583617747	-9.59044368600683
			13.481228668942	-9.62457337883959
			13.481228668942	-9.65870307167236
			13.4470989761092	-9.69283276450512
			13.4129692832765	-9.69283276450512
			13.4129692832765	-9.72696245733788
			13.3788395904437	-9.76109215017065
			13.3447098976109	-9.79522184300341
			13.3447098976109	-9.82935153583618
			13.3105802047782	-9.82935153583618
			13.2764505119454	-9.86348122866894
			13.2423208191126	-9.89761092150171
			13.2081911262799	-9.93174061433447
			13.1740614334471	-9.96587030716724
			13.1399317406143	-10
			13.1399317406143	-10.0341296928328
			13.1058020477816	-10.0682593856655
			13.0716723549488	-10.1023890784983
			13.0716723549488	-10.1365187713311
			13.037542662116	-10.1706484641638
			13.037542662116	-10.2047781569966
			13.0034129692833	-10.2389078498294
			13.0034129692833	-10.2730375426621
			13.0034129692833	-10.3071672354949
			13.0034129692833	-10.3412969283276
			13.0034129692833	-10.3754266211604
			13.0034129692833	-10.4095563139932
			13.0034129692833	-10.4436860068259
			13.0034129692833	-10.4778156996587
			13.0034129692833	-10.5119453924915
			13.0034129692833	-10.5460750853242
			13.0034129692833	-10.580204778157
			13.0034129692833	-10.6143344709898
			13.037542662116	-10.6484641638225
			13.037542662116	-10.6825938566553
			13.037542662116	-10.7167235494881
			13.0716723549488	-10.7508532423208
			13.0716723549488	-10.7849829351536
			13.0716723549488	-10.8191126279863
			13.1058020477816	-10.8532423208191
			13.1399317406143	-10.8873720136519
			13.1399317406143	-10.9215017064846
			13.1740614334471	-10.9556313993174
			13.1740614334471	-10.9897610921502
			13.2081911262799	-11.0238907849829
			13.2423208191126	-11.0580204778157
			13.2764505119454	-11.0921501706485
			13.2764505119454	-11.1262798634812
			13.3105802047782	-11.160409556314
			13.3447098976109	-11.1945392491468
			13.3788395904437	-11.2286689419795
			13.4129692832765	-11.2627986348123
			13.4470989761092	-11.2969283276451
			13.481228668942	-11.3310580204778
			13.5153583617747	-11.3651877133106
			13.5494880546075	-11.3993174061433
			13.5836177474403	-11.4334470989761
			13.617747440273	-11.4675767918089
			13.6518771331058	-11.5017064846416
			13.6860068259386	-11.5358361774744
			13.7201365187713	-11.5699658703072
			13.7542662116041	-11.5699658703072
			13.7883959044369	-11.6040955631399
			13.8225255972696	-11.6382252559727
			13.8566552901024	-11.6723549488055
			13.8907849829352	-11.7064846416382
			13.9249146757679	-11.740614334471
			13.9590443686007	-11.740614334471
			13.9931740614334	-11.7747440273038
			14.0273037542662	-11.8088737201365
			14.061433447099	-11.8430034129693
			14.0955631399317	-11.877133105802
			14.1296928327645	-11.877133105802
			14.1296928327645	-11.9112627986348
			14.1638225255973	-11.9112627986348
			14.19795221843	-11.9453924914676
			14.2320819112628	-11.9453924914676
			14.2320819112628	-11.9795221843003
			14.2662116040956	-11.9795221843003
			14.3003412969283	-12.0136518771331
			14.3344709897611	-12.0136518771331
			14.3344709897611	-12.0477815699659
			14.3686006825939	-12.0477815699659
			14.4027303754266	-12.0819112627986
			14.4368600682594	-12.1160409556314
			14.4709897610922	-12.1160409556314
			14.4709897610922	-12.1501706484642
			14.5051194539249	-12.1501706484642
			14.5392491467577	-12.1843003412969
			14.5733788395904	-12.1843003412969
			14.6075085324232	-12.2184300341297
			14.641638225256	-12.2525597269625
			14.6757679180887	-12.2866894197952
			14.7098976109215	-12.2866894197952
			14.7440273037543	-12.320819112628
			14.778156996587	-12.3549488054608
			14.8122866894198	-12.3549488054608
			14.8464163822526	-12.3890784982935
			14.8805460750853	-12.3890784982935
			14.9146757679181	-12.4232081911263
			14.9488054607509	-12.457337883959
			14.9829351535836	-12.457337883959
			15.0170648464164	-12.4914675767918
			15.0511945392491	-12.4914675767918
			15.0511945392491	-12.5255972696246
			15.0853242320819	-12.5255972696246
			15.1194539249147	-12.5597269624573
			15.1535836177474	-12.5597269624573
			15.1877133105802	-12.5938566552901
			15.221843003413	-12.5938566552901
			15.221843003413	-12.6279863481229
			15.2559726962457	-12.6279863481229
			15.2901023890785	-12.6621160409556
			15.3242320819113	-12.6621160409556
			15.358361774744	-12.6962457337884
			15.3924914675768	-12.6962457337884
			15.4266211604096	-12.7303754266212
		</suture>
		<anterior type=matrix rownames=FALSE colnames=FALSE nrow=389 ncol=2 as.numeric=TRUE >
			9.79522184300341	-0.477815699658703
			9.82935153583618	-0.477815699658703
			9.86348122866894	-0.477815699658703
			9.89761092150171	-0.477815699658703
			9.93174061433447	-0.477815699658703
			9.96587030716724	-0.477815699658703
			10	-0.477815699658703
			10.0341296928328	-0.477815699658703
			10.0682593856655	-0.477815699658703
			10.1023890784983	-0.477815699658703
			10.1365187713311	-0.477815699658703
			10.1706484641638	-0.477815699658703
			10.2047781569966	-0.477815699658703
			10.2389078498294	-0.477815699658703
			10.2730375426621	-0.477815699658703
			10.3071672354949	-0.477815699658703
			10.3412969283276	-0.477815699658703
			10.3754266211604	-0.477815699658703
			10.4095563139932	-0.477815699658703
			10.4436860068259	-0.477815699658703
			10.4778156996587	-0.477815699658703
			10.5119453924915	-0.477815699658703
			10.5460750853242	-0.511945392491468
			10.580204778157	-0.511945392491468
			10.6143344709898	-0.511945392491468
			10.6484641638225	-0.511945392491468
			10.6825938566553	-0.511945392491468
			10.7167235494881	-0.511945392491468
			10.7508532423208	-0.511945392491468
			10.7849829351536	-0.511945392491468
			10.8191126279863	-0.511945392491468
			10.8532423208191	-0.546075085324232
			10.8873720136519	-0.546075085324232
			10.9215017064846	-0.546075085324232
			10.9556313993174	-0.546075085324232
			10.9897610921502	-0.546075085324232
			11.0238907849829	-0.546075085324232
			11.0580204778157	-0.580204778156997
			11.0921501706485	-0.580204778156997
			11.1262798634812	-0.580204778156997
			11.160409556314	-0.580204778156997
			11.1945392491468	-0.580204778156997
			11.2286689419795	-0.614334470989761
			11.2627986348123	-0.614334470989761
			11.2969283276451	-0.614334470989761
			11.3310580204778	-0.614334470989761
			11.3651877133106	-0.614334470989761
			11.3993174061433	-0.648464163822526
			11.4334470989761	-0.648464163822526
			11.4675767918089	-0.648464163822526
			11.5017064846416	-0.648464163822526
			11.5358361774744	-0.68259385665529
			11.5699658703072	-0.68259385665529
			11.6040955631399	-0.68259385665529
			11.6382252559727	-0.68259385665529
			11.6723549488055	-0.716723549488055
			11.7064846416382	-0.716723549488055
			11.740614334471	-0.716723549488055
			11.7747440273038	-0.716723549488055
			11.8088737201365	-0.750853242320819
			11.8430034129693	-0.750853242320819
			11.877133105802	-0.750853242320819
			11.9112627986348	-0.784982935153584
			11.9453924914676	-0.784982935153584
			11.9795221843003	-0.784982935153584
			12.0136518771331	-0.819112627986348
			12.0477815699659	-0.819112627986348
			12.0819112627986	-0.819112627986348
			12.1160409556314	-0.853242320819113
			12.1501706484642	-0.853242320819113
			12.1843003412969	-0.853242320819113
			12.1843003412969	-0.887372013651877
			12.2184300341297	-0.887372013651877
			12.2525597269625	-0.887372013651877
			12.2866894197952	-0.887372013651877
			12.320819112628	-0.921501706484642
			12.3549488054608	-0.921501706484642
			12.3890784982935	-0.955631399317406
			12.4232081911263	-0.955631399317406
			12.457337883959	-0.955631399317406
			12.4914675767918	-0.989761092150171
			12.5255972696246	-0.989761092150171
			12.5597269624573	-1.02389078498294
			12.5938566552901	-1.02389078498294
			12.6279863481229	-1.02389078498294
			12.6279863481229	-1.0580204778157
			12.6621160409556	-1.0580204778157
			12.6962457337884	-1.09215017064846
			12.7303754266212	-1.09215017064846
			12.7645051194539	-1.09215017064846
			12.7986348122867	-1.12627986348123
			12.8327645051195	-1.12627986348123
			12.8668941979522	-1.16040955631399
			12.901023890785	-1.16040955631399
			12.9351535836177	-1.16040955631399
			12.9692832764505	-1.19453924914676
			13.0034129692833	-1.19453924914676
			13.037542662116	-1.22866894197952
			13.0716723549488	-1.22866894197952
			13.1058020477816	-1.26279863481229
			13.1399317406143	-1.26279863481229
			13.1399317406143	-1.29692832764505
			13.1740614334471	-1.29692832764505
			13.2081911262799	-1.33105802047782
			13.2423208191126	-1.33105802047782
			13.2423208191126	-1.36518771331058
			13.2764505119454	-1.36518771331058
			13.3105802047782	-1.39931740614334
			13.3447098976109	-1.43344709897611
			13.3788395904437	-1.46757679180887
			13.4129692832765	-1.50170648464164
			13.4470989761092	-1.50170648464164
			13.481228668942	-1.5358361774744
			13.5153583617747	-1.56996587030717
			13.5494880546075	-1.60409556313993
			13.5836177474403	-1.6382252559727
			13.617747440273	-1.67235494880546
			13.6518771331058	-1.67235494880546
			13.6860068259386	-1.70648464163823
			13.6860068259386	-1.74061433447099
			13.7201365187713	-1.74061433447099
			13.7542662116041	-1.77474402730375
			13.7883959044369	-1.80887372013652
			13.8225255972696	-1.84300341296928
			13.8566552901024	-1.87713310580205
			13.8907849829352	-1.91126279863481
			13.9249146757679	-1.91126279863481
			13.9590443686007	-1.94539249146758
			13.9590443686007	-1.97952218430034
			13.9931740614334	-1.97952218430034
			14.0273037542662	-2.01365187713311
			14.061433447099	-2.04778156996587
			14.0955631399317	-2.08191126279863
			14.1296928327645	-2.1160409556314
			14.1638225255973	-2.15017064846416
			14.19795221843	-2.15017064846416
			14.2320819112628	-2.18430034129693
			14.2662116040956	-2.21843003412969
			14.3003412969283	-2.25255972696246
			14.3003412969283	-2.28668941979522
			14.3344709897611	-2.32081911262799
			14.3686006825939	-2.32081911262799
			14.4027303754266	-2.35494880546075
			14.4368600682594	-2.38907849829352
			14.4709897610922	-2.42320819112628
			14.5051194539249	-2.45733788395904
			14.5051194539249	-2.49146757679181
			14.5392491467577	-2.49146757679181
			14.5733788395904	-2.52559726962457
			14.6075085324232	-2.55972696245734
			14.641638225256	-2.5938566552901
			14.6757679180887	-2.62798634812287
			14.7098976109215	-2.66211604095563
			14.7098976109215	-2.6962457337884
			14.7440273037543	-2.6962457337884
			14.778156996587	-2.73037542662116
			14.8122866894198	-2.76450511945393
			14.8464163822526	-2.79863481228669
			14.8805460750853	-2.83276450511945
			14.9146757679181	-2.86689419795222
			14.9146757679181	-2.90102389078498
			14.9488054607509	-2.93515358361775
			14.9829351535836	-2.96928327645051
			15.0170648464164	-2.96928327645051
			15.0511945392491	-3.00341296928328
			15.0853242320819	-3.03754266211604
			15.0853242320819	-3.07167235494881
			15.1194539249147	-3.10580204778157
			15.1535836177474	-3.13993174061433
			15.1877133105802	-3.1740614334471
			15.221843003413	-3.20819112627986
			15.221843003413	-3.24232081911263
			15.2559726962457	-3.24232081911263
			15.2901023890785	-3.27645051194539
			15.3242320819113	-3.31058020477816
			15.358361774744	-3.34470989761092
			15.3924914675768	-3.37883959044369
			15.3924914675768	-3.41296928327645
			15.4266211604096	-3.44709897610922
			15.4607508532423	-3.48122866894198
			15.4948805460751	-3.51535836177474
			15.5290102389079	-3.54948805460751
			15.5290102389079	-3.58361774744027
			15.5631399317406	-3.61774744027304
			15.5972696245734	-3.6518771331058
			15.6313993174061	-3.68600682593857
			15.6655290102389	-3.72013651877133
			15.6996587030717	-3.7542662116041
			15.6996587030717	-3.78839590443686
			15.7337883959044	-3.78839590443686
			15.7679180887372	-3.82252559726962
			15.7679180887372	-3.85665529010239
			15.80204778157	-3.89078498293515
			15.8361774744027	-3.92491467576792
			15.8703071672355	-3.95904436860068
			15.9044368600683	-3.99317406143345
			15.9044368600683	-4.02730375426621
			15.938566552901	-4.06143344709898
			15.938566552901	-4.09556313993174
			15.9726962457338	-4.09556313993174
			16.0068259385666	-4.1296928327645
			16.0068259385666	-4.16382252559727
			16.0409556313993	-4.19795221843003
			16.0750853242321	-4.2320819112628
			16.0750853242321	-4.26621160409556
			16.1092150170648	-4.30034129692833
			16.1433447098976	-4.30034129692833
			16.1433447098976	-4.33447098976109
			16.1774744027304	-4.36860068259386
			16.2116040955631	-4.40273037542662
			16.2116040955631	-4.43686006825939
			16.2457337883959	-4.47098976109215
			16.2798634812287	-4.50511945392492
			16.3139931740614	-4.53924914675768
			16.3481228668942	-4.57337883959044
			16.3481228668942	-4.60750853242321
			16.382252559727	-4.64163822525597
			16.4163822525597	-4.67576791808874
			16.4505119453925	-4.7098976109215
			16.4505119453925	-4.74402730375427
			16.4846416382253	-4.77815699658703
			16.4846416382253	-4.8122866894198
			16.518771331058	-4.84641638225256
			16.5529010238908	-4.88054607508532
			16.5529010238908	-4.91467576791809
			16.5870307167236	-4.94880546075085
			16.6211604095563	-4.98293515358362
			16.6552901023891	-5.01706484641638
			16.6552901023891	-5.05119453924915
			16.6894197952218	-5.08532423208191
			16.6894197952218	-5.11945392491468
			16.7235494880546	-5.15358361774744
			16.7576791808874	-5.1877133105802
			16.7576791808874	-5.22184300341297
			16.7918088737201	-5.25597269624573
			16.8259385665529	-5.2901023890785
			16.8600682593857	-5.32423208191126
			16.8600682593857	-5.35836177474403
			16.8941979522184	-5.39249146757679
			16.9283276450512	-5.42662116040956
			16.9283276450512	-5.46075085324232
			16.962457337884	-5.49488054607509
			16.962457337884	-5.52901023890785
			16.9965870307167	-5.52901023890785
			16.9965870307167	-5.56313993174061
			17.0307167235495	-5.59726962457338
			17.0307167235495	-5.63139931740614
			17.0648464163823	-5.66552901023891
			17.0648464163823	-5.69965870307167
			17.098976109215	-5.69965870307167
			17.098976109215	-5.73378839590444
			17.1331058020478	-5.7679180887372
			17.1331058020478	-5.80204778156997
			17.1672354948805	-5.83617747440273
			17.1672354948805	-5.8703071672355
			17.2013651877133	-5.90443686006826
			17.2013651877133	-5.93856655290102
			17.2354948805461	-5.97269624573379
			17.2354948805461	-6.00682593856655
			17.2354948805461	-6.04095563139932
			17.2696245733788	-6.04095563139932
			17.2696245733788	-6.07508532423208
			17.2696245733788	-6.10921501706485
			17.2696245733788	-6.14334470989761
			17.3037542662116	-6.17747440273038
			17.3037542662116	-6.21160409556314
			17.3378839590444	-6.2457337883959
			17.3378839590444	-6.27986348122867
			17.3378839590444	-6.31399317406143
			17.3720136518771	-6.3481228668942
			17.3720136518771	-6.38225255972696
			17.3720136518771	-6.41638225255973
			17.4061433447099	-6.45051194539249
			17.4061433447099	-6.48464163822526
			17.4061433447099	-6.51877133105802
			17.4402730375427	-6.55290102389078
			17.4402730375427	-6.58703071672355
			17.4402730375427	-6.62116040955631
			17.4744027303754	-6.65529010238908
			17.4744027303754	-6.68941979522184
			17.4744027303754	-6.72354948805461
			17.5085324232082	-6.75767918088737
			17.5085324232082	-6.79180887372014
			17.5085324232082	-6.8259385665529
			17.542662116041	-6.86006825938567
			17.542662116041	-6.89419795221843
			17.542662116041	-6.9283276450512
			17.5767918088737	-6.96245733788396
			17.5767918088737	-6.99658703071672
			17.5767918088737	-7.03071672354949
			17.5767918088737	-7.06484641638225
			17.6109215017065	-7.09897610921502
			17.6109215017065	-7.13310580204778
			17.6109215017065	-7.16723549488055
			17.6450511945392	-7.20136518771331
			17.6450511945392	-7.23549488054608
			17.6450511945392	-7.26962457337884
			17.6450511945392	-7.3037542662116
			17.679180887372	-7.33788395904437
			17.679180887372	-7.37201365187713
			17.679180887372	-7.4061433447099
			17.7133105802048	-7.44027303754266
			17.7133105802048	-7.47440273037543
			17.7133105802048	-7.50853242320819
			17.7133105802048	-7.54266211604096
			17.7474402730375	-7.57679180887372
			17.7474402730375	-7.61092150170648
			17.7474402730375	-7.64505119453925
			17.7474402730375	-7.67918088737201
			17.7815699658703	-7.71331058020478
			17.7815699658703	-7.74744027303754
			17.7815699658703	-7.78156996587031
			17.7815699658703	-7.81569965870307
			17.8156996587031	-7.84982935153584
			17.8156996587031	-7.8839590443686
			17.8156996587031	-7.91808873720137
			17.8156996587031	-7.95221843003413
			17.8498293515358	-7.98634812286689
			17.8498293515358	-8.02047781569966
			17.8498293515358	-8.05460750853242
			17.8498293515358	-8.08873720136519
			17.8498293515358	-8.12286689419795
			17.8839590443686	-8.15699658703072
			17.8839590443686	-8.19112627986348
			17.8839590443686	-8.22525597269625
			17.8839590443686	-8.25938566552901
			17.9180887372014	-8.29351535836178
			17.9180887372014	-8.32764505119454
			17.9180887372014	-8.3617747440273
			17.9180887372014	-8.39590443686007
			17.9180887372014	-8.43003412969283
			17.9522184300341	-8.4641638225256
			17.9522184300341	-8.49829351535836
			17.9522184300341	-8.53242320819113
			17.9522184300341	-8.56655290102389
			17.9522184300341	-8.60068259385666
			17.9863481228669	-8.63481228668942
			17.9863481228669	-8.66894197952218
			17.9863481228669	-8.70307167235495
			17.9863481228669	-8.73720136518771
			17.9863481228669	-8.77133105802048
			17.9863481228669	-8.80546075085324
			18.0204778156997	-8.83959044368601
			18.0204778156997	-8.87372013651877
			18.0204778156997	-8.90784982935154
			18.0204778156997	-8.9419795221843
			18.0204778156997	-8.97610921501706
			18.0204778156997	-9.01023890784983
			18.0204778156997	-9.04436860068259
			18.0546075085324	-9.07849829351536
			18.0546075085324	-9.11262798634812
			18.0546075085324	-9.14675767918089
			18.0546075085324	-9.18088737201365
			18.0546075085324	-9.21501706484642
			18.0546075085324	-9.24914675767918
			18.0546075085324	-9.28327645051194
			18.0887372013652	-9.31740614334471
			18.0887372013652	-9.35153583617747
			18.0887372013652	-9.38566552901024
			18.0887372013652	-9.419795221843
			18.0887372013652	-9.45392491467577
			18.0887372013652	-9.48805460750853
			18.0887372013652	-9.5221843003413
			18.122866894198	-9.55631399317406
			18.122866894198	-9.59044368600683
			18.122866894198	-9.62457337883959
			18.122866894198	-9.65870307167236
			18.122866894198	-9.69283276450512
			18.122866894198	-9.72696245733788
			18.122866894198	-9.76109215017065
			18.122866894198	-9.79522184300341
			18.1569965870307	-9.82935153583618
			18.1569965870307	-9.86348122866894
			18.1569965870307	-9.89761092150171
			18.1569965870307	-9.93174061433447
			18.1569965870307	-9.96587030716724
			18.1569965870307	-10
			18.1569965870307	-10.0341296928328
			18.1569965870307	-10.0682593856655
			18.1569965870307	-10.1023890784983
			18.1569965870307	-10.1365187713311
			18.1569965870307	-10.1706484641638
			18.1911262798635	-10.2047781569966
			18.1911262798635	-10.2389078498294
			18.1911262798635	-10.2730375426621
			18.1911262798635	-10.3071672354949
			18.1911262798635	-10.3412969283276
			18.1911262798635	-10.3754266211604
			18.1911262798635	-10.4095563139932
		</anterior>
		<posterior type=matrix rownames=FALSE colnames=FALSE nrow=503 ncol=2 as.numeric=TRUE >
			9.79522184300341	-10.4095563139932
			9.82935153583618	-10.4095563139932
			9.86348122866894	-10.4436860068259
			9.89761092150171	-10.4778156996587
			9.93174061433447	-10.5119453924915
			9.96587030716724	-10.5119453924915
			10	-10.5460750853242
			10.0341296928328	-10.5460750853242
			10.0682593856655	-10.580204778157
			10.1023890784983	-10.6143344709898
			10.1365187713311	-10.6143344709898
			10.1706484641638	-10.6484641638225
			10.2047781569966	-10.6825938566553
			10.2389078498294	-10.7167235494881
			10.2730375426621	-10.7167235494881
			10.3071672354949	-10.7508532423208
			10.3412969283276	-10.7849829351536
			10.3754266211604	-10.8191126279863
			10.4095563139932	-10.8532423208191
			10.4436860068259	-10.8532423208191
			10.4778156996587	-10.8873720136519
			10.5119453924915	-10.9215017064846
			10.5460750853242	-10.9556313993174
			10.580204778157	-10.9897610921502
			10.6143344709898	-10.9897610921502
			10.6484641638225	-11.0238907849829
			10.6825938566553	-11.0580204778157
			10.6825938566553	-11.0921501706485
			10.7167235494881	-11.1262798634812
			10.7508532423208	-11.160409556314
			10.7849829351536	-11.160409556314
			10.8191126279863	-11.1945392491468
			10.8191126279863	-11.2286689419795
			10.8532423208191	-11.2627986348123
			10.8873720136519	-11.2969283276451
			10.9215017064846	-11.3310580204778
			10.9215017064846	-11.3651877133106
			10.9556313993174	-11.3993174061433
			10.9897610921502	-11.3993174061433
			10.9897610921502	-11.4334470989761
			11.0238907849829	-11.4675767918089
			11.0580204778157	-11.5017064846416
			11.0580204778157	-11.5358361774744
			11.0921501706485	-11.5699658703072
			11.1262798634812	-11.6040955631399
			11.1262798634812	-11.6382252559727
			11.160409556314	-11.6723549488055
			11.1945392491468	-11.7064846416382
			11.1945392491468	-11.740614334471
			11.2286689419795	-11.7747440273038
			11.2286689419795	-11.8088737201365
			11.2627986348123	-11.8430034129693
			11.2627986348123	-11.877133105802
			11.2969283276451	-11.9112627986348
			11.3310580204778	-11.9112627986348
			11.3651877133106	-11.9112627986348
			11.3993174061433	-11.9112627986348
			11.4334470989761	-11.9112627986348
			11.4675767918089	-11.877133105802
			11.5017064846416	-11.877133105802
			11.5358361774744	-11.877133105802
			11.5699658703072	-11.877133105802
			11.6040955631399	-11.877133105802
			11.6382252559727	-11.877133105802
			11.6723549488055	-11.877133105802
			11.7064846416382	-11.877133105802
			11.740614334471	-11.877133105802
			11.7747440273038	-11.8430034129693
			11.8088737201365	-11.8430034129693
			11.8430034129693	-11.8430034129693
			11.877133105802	-11.8430034129693
			11.9112627986348	-11.8430034129693
			11.9453924914676	-11.8430034129693
			11.9795221843003	-11.8430034129693
			12.0136518771331	-11.8430034129693
			12.0477815699659	-11.8430034129693
			12.0819112627986	-11.8430034129693
			12.1160409556314	-11.8430034129693
			12.1501706484642	-11.8088737201365
			12.1843003412969	-11.8088737201365
			12.2184300341297	-11.8088737201365
			12.2525597269625	-11.8088737201365
			12.2866894197952	-11.8088737201365
			12.320819112628	-11.8088737201365
			12.3549488054608	-11.8088737201365
			12.3890784982935	-11.8088737201365
			12.4232081911263	-11.8088737201365
			12.457337883959	-11.8430034129693
			12.4914675767918	-11.8430034129693
			12.5255972696246	-11.8430034129693
			12.5597269624573	-11.8430034129693
			12.5938566552901	-11.8430034129693
			12.6279863481229	-11.8430034129693
			12.6621160409556	-11.8430034129693
			12.6962457337884	-11.8430034129693
			12.6962457337884	-11.877133105802
			12.7303754266212	-11.877133105802
			12.7645051194539	-11.877133105802
			12.7986348122867	-11.877133105802
			12.8327645051195	-11.877133105802
			12.8668941979522	-11.877133105802
			12.901023890785	-11.9112627986348
			12.9351535836177	-11.9112627986348
			12.9692832764505	-11.9112627986348
			13.0034129692833	-11.9112627986348
			13.037542662116	-11.9112627986348
			13.0716723549488	-11.9112627986348
			13.1058020477816	-11.9453924914676
			13.1399317406143	-11.9453924914676
			13.1740614334471	-11.9453924914676
			13.2081911262799	-11.9453924914676
			13.2423208191126	-11.9453924914676
			13.2764505119454	-11.9795221843003
			13.3105802047782	-11.9795221843003
			13.3447098976109	-11.9795221843003
			13.3788395904437	-11.9795221843003
			13.4129692832765	-11.9795221843003
			13.4470989761092	-12.0136518771331
			13.481228668942	-12.0136518771331
			13.5153583617747	-12.0136518771331
			13.5494880546075	-12.0136518771331
			13.5836177474403	-12.0477815699659
			13.617747440273	-12.0477815699659
			13.6518771331058	-12.0477815699659
			13.6860068259386	-12.0477815699659
			13.7201365187713	-12.0477815699659
			13.7542662116041	-12.0819112627986
			13.7883959044369	-12.0819112627986
			13.8225255972696	-12.0819112627986
			13.8566552901024	-12.0819112627986
			13.8907849829352	-12.0819112627986
			13.9249146757679	-12.1160409556314
			13.9590443686007	-12.1160409556314
			13.9931740614334	-12.1160409556314
			14.0273037542662	-12.1160409556314
			14.061433447099	-12.1501706484642
			14.0955631399317	-12.1501706484642
			14.1296928327645	-12.1843003412969
			14.1638225255973	-12.1843003412969
			14.19795221843	-12.1843003412969
			14.2320819112628	-12.2184300341297
			14.2662116040956	-12.2184300341297
			14.3003412969283	-12.2525597269625
			14.3344709897611	-12.2525597269625
			14.3686006825939	-12.2866894197952
			14.4027303754266	-12.2866894197952
			14.4368600682594	-12.2866894197952
			14.4709897610922	-12.320819112628
			14.5051194539249	-12.320819112628
			14.5392491467577	-12.3549488054608
			14.5733788395904	-12.3549488054608
			14.6075085324232	-12.3890784982935
			14.641638225256	-12.3890784982935
			14.6757679180887	-12.4232081911263
			14.7098976109215	-12.4232081911263
			14.7440273037543	-12.457337883959
			14.778156996587	-12.457337883959
			14.8122866894198	-12.4914675767918
			14.8464163822526	-12.4914675767918
			14.8805460750853	-12.5255972696246
			14.9146757679181	-12.5255972696246
			14.9488054607509	-12.5597269624573
			14.9829351535836	-12.5597269624573
			15.0170648464164	-12.5597269624573
			15.0170648464164	-12.5938566552901
			15.0511945392491	-12.5938566552901
			15.0853242320819	-12.5938566552901
			15.0853242320819	-12.6279863481229
			15.1194539249147	-12.6279863481229
			15.1535836177474	-12.6279863481229
			15.1535836177474	-12.6621160409556
			15.1877133105802	-12.6621160409556
			15.221843003413	-12.6962457337884
			15.2559726962457	-12.6962457337884
			15.2901023890785	-12.7303754266212
			15.3242320819113	-12.7303754266212
			15.358361774744	-12.7645051194539
			15.3924914675768	-12.7986348122867
			15.4266211604096	-12.7986348122867
			15.4607508532423	-12.8327645051195
			15.4948805460751	-12.8327645051195
			15.5290102389079	-12.8668941979522
			15.5631399317406	-12.8668941979522
			15.5972696245734	-12.901023890785
			15.6313993174061	-12.901023890785
			15.6655290102389	-12.9351535836177
			15.6996587030717	-12.9692832764505
			15.7337883959044	-12.9692832764505
			15.7679180887372	-13.0034129692833
			15.80204778157	-13.0034129692833
			15.8361774744027	-13.037542662116
			15.8703071672355	-13.0716723549488
			15.9044368600683	-13.0716723549488
			15.938566552901	-13.1058020477816
			15.9726962457338	-13.1058020477816
			16.0068259385666	-13.1399317406143
			16.0409556313993	-13.1399317406143
			16.0750853242321	-13.1740614334471
			16.1092150170648	-13.2081911262799
			16.1433447098976	-13.2081911262799
			16.1774744027304	-13.2081911262799
			16.2116040955631	-13.2423208191126
			16.2457337883959	-13.2764505119454
			16.2798634812287	-13.2764505119454
			16.3139931740614	-13.3105802047782
			16.3481228668942	-13.3447098976109
			16.382252559727	-13.3788395904437
			16.4163822525597	-13.3788395904437
			16.4505119453925	-13.4129692832765
			16.4846416382253	-13.4470989761092
			16.518771331058	-13.481228668942
			16.518771331058	-13.5153583617747
			16.5529010238908	-13.5494880546075
			16.5870307167236	-13.5836177474403
			16.6211604095563	-13.617747440273
			16.6552901023891	-13.6518771331058
			16.6894197952218	-13.6860068259386
			16.7235494880546	-13.7201365187713
			16.7576791808874	-13.7542662116041
			16.7918088737201	-13.7883959044369
			16.8259385665529	-13.8225255972696
			16.8259385665529	-13.8566552901024
			16.8600682593857	-13.8907849829352
			16.8600682593857	-13.9249146757679
			16.8941979522184	-13.9590443686007
			16.9283276450512	-13.9931740614334
			16.962457337884	-14.0273037542662
			16.962457337884	-14.061433447099
			16.9965870307167	-14.0955631399317
			17.0307167235495	-14.1296928327645
			17.0307167235495	-14.1638225255973
			17.0648464163823	-14.19795221843
			17.098976109215	-14.2320819112628
			17.098976109215	-14.2662116040956
			17.098976109215	-14.3003412969283
			17.1331058020478	-14.3344709897611
			17.1331058020478	-14.3686006825939
			17.1672354948805	-14.4027303754266
			17.2013651877133	-14.4368600682594
			17.2013651877133	-14.4709897610922
			17.2354948805461	-14.5051194539249
			17.2354948805461	-14.5392491467577
			17.2696245733788	-14.5733788395904
			17.2696245733788	-14.6075085324232
			17.3037542662116	-14.6075085324232
			17.3037542662116	-14.641638225256
			17.3378839590444	-14.6757679180887
			17.3378839590444	-14.7098976109215
			17.3378839590444	-14.7440273037543
			17.3720136518771	-14.778156996587
			17.3720136518771	-14.8122866894198
			17.4061433447099	-14.8464163822526
			17.4061433447099	-14.8805460750853
			17.4402730375427	-14.9146757679181
			17.4402730375427	-14.9488054607509
			17.4744027303754	-14.9829351535836
			17.4744027303754	-15.0170648464164
			17.5085324232082	-15.0511945392491
			17.5085324232082	-15.0853242320819
			17.542662116041	-15.1194539249147
			17.542662116041	-15.1535836177474
			17.5767918088737	-15.1877133105802
			17.5767918088737	-15.221843003413
			17.5767918088737	-15.2559726962457
			17.6109215017065	-15.2901023890785
			17.6109215017065	-15.3242320819113
			17.6450511945392	-15.358361774744
			17.6450511945392	-15.3924914675768
			17.6450511945392	-15.4266211604096
			17.679180887372	-15.4607508532423
			17.679180887372	-15.4948805460751
			17.679180887372	-15.5290102389079
			17.7133105802048	-15.5631399317406
			17.7133105802048	-15.5972696245734
			17.7133105802048	-15.6313993174061
			17.7474402730375	-15.6655290102389
			17.7474402730375	-15.6996587030717
			17.7815699658703	-15.7337883959044
			17.7815699658703	-15.7679180887372
			17.8156996587031	-15.80204778157
			17.8156996587031	-15.8361774744027
			17.8156996587031	-15.8703071672355
			17.8498293515358	-15.9044368600683
			17.8498293515358	-15.938566552901
			17.8498293515358	-15.9726962457338
			17.8839590443686	-16.0068259385666
			17.8839590443686	-16.0409556313993
			17.9180887372014	-16.0750853242321
			17.9180887372014	-16.1092150170648
			17.9180887372014	-16.1433447098976
			17.9522184300341	-16.1433447098976
			17.9522184300341	-16.1774744027304
			17.9522184300341	-16.2116040955631
			17.9863481228669	-16.2457337883959
			17.9863481228669	-16.2798634812287
			18.0204778156997	-16.3139931740614
			18.0204778156997	-16.3481228668942
			18.0204778156997	-16.382252559727
			18.0546075085324	-16.4163822525597
			18.0887372013652	-16.4505119453925
			18.0887372013652	-16.4846416382253
			18.122866894198	-16.518771331058
			18.122866894198	-16.5529010238908
			18.122866894198	-16.5870307167236
			18.1569965870307	-16.5870307167236
			18.1569965870307	-16.6211604095563
			18.1911262798635	-16.6552901023891
			18.1911262798635	-16.6894197952218
			18.2252559726962	-16.7235494880546
			18.259385665529	-16.7576791808874
			18.2935153583618	-16.7918088737201
			18.3276450511945	-16.8259385665529
			18.3617747440273	-16.8259385665529
			18.3959044368601	-16.7918088737201
			18.4300341296928	-16.7918088737201
			18.4300341296928	-16.7576791808874
			18.4641638225256	-16.7235494880546
			18.4641638225256	-16.6894197952218
			18.4641638225256	-16.6552901023891
			18.4641638225256	-16.6211604095563
			18.4641638225256	-16.5870307167236
			18.4641638225256	-16.5529010238908
			18.4982935153584	-16.518771331058
			18.4982935153584	-16.4846416382253
			18.4982935153584	-16.4505119453925
			18.4982935153584	-16.4163822525597
			18.4982935153584	-16.382252559727
			18.4982935153584	-16.3481228668942
			18.4982935153584	-16.3139931740614
			18.4982935153584	-16.2798634812287
			18.4982935153584	-16.2457337883959
			18.4982935153584	-16.2116040955631
			18.4982935153584	-16.1774744027304
			18.4982935153584	-16.1433447098976
			18.4982935153584	-16.1092150170648
			18.4982935153584	-16.0750853242321
			18.4982935153584	-16.0409556313993
			18.4982935153584	-16.0068259385666
			18.4982935153584	-15.9726962457338
			18.4982935153584	-15.938566552901
			18.4982935153584	-15.9044368600683
			18.4982935153584	-15.8703071672355
			18.4982935153584	-15.8361774744027
			18.4982935153584	-15.80204778157
			18.4982935153584	-15.7679180887372
			18.4982935153584	-15.7337883959044
			18.4982935153584	-15.6996587030717
			18.4982935153584	-15.6655290102389
			18.4982935153584	-15.6313993174061
			18.4982935153584	-15.5972696245734
			18.4982935153584	-15.5631399317406
			18.4982935153584	-15.5290102389079
			18.4982935153584	-15.4948805460751
			18.4982935153584	-15.4607508532423
			18.4982935153584	-15.4266211604096
			18.4982935153584	-15.3924914675768
			18.4982935153584	-15.358361774744
			18.4641638225256	-15.3242320819113
			18.4641638225256	-15.2901023890785
			18.4641638225256	-15.2559726962457
			18.4641638225256	-15.221843003413
			18.4641638225256	-15.1877133105802
			18.4641638225256	-15.1535836177474
			18.4641638225256	-15.1194539249147
			18.4641638225256	-15.0853242320819
			18.4641638225256	-15.0511945392491
			18.4641638225256	-15.0170648464164
			18.4641638225256	-14.9829351535836
			18.4641638225256	-14.9488054607509
			18.4641638225256	-14.9146757679181
			18.4641638225256	-14.8805460750853
			18.4641638225256	-14.8464163822526
			18.4641638225256	-14.8122866894198
			18.4641638225256	-14.778156996587
			18.4641638225256	-14.7440273037543
			18.4641638225256	-14.7098976109215
			18.4641638225256	-14.6757679180887
			18.4641638225256	-14.641638225256
			18.4641638225256	-14.6075085324232
			18.4641638225256	-14.5733788395904
			18.4641638225256	-14.5392491467577
			18.4300341296928	-14.5051194539249
			18.4300341296928	-14.4709897610922
			18.4300341296928	-14.4368600682594
			18.4300341296928	-14.4027303754266
			18.4300341296928	-14.3686006825939
			18.4300341296928	-14.3344709897611
			18.4300341296928	-14.3003412969283
			18.4300341296928	-14.2662116040956
			18.4300341296928	-14.2320819112628
			18.4300341296928	-14.19795221843
			18.4300341296928	-14.1638225255973
			18.4300341296928	-14.1296928327645
			18.4300341296928	-14.0955631399317
			18.4300341296928	-14.061433447099
			18.4300341296928	-14.0273037542662
			18.4300341296928	-13.9931740614334
			18.4300341296928	-13.9590443686007
			18.4300341296928	-13.9249146757679
			18.4300341296928	-13.8907849829352
			18.3959044368601	-13.8566552901024
			18.3959044368601	-13.8225255972696
			18.3959044368601	-13.7883959044369
			18.3959044368601	-13.7542662116041
			18.3959044368601	-13.7201365187713
			18.3959044368601	-13.6860068259386
			18.3959044368601	-13.6518771331058
			18.3959044368601	-13.617747440273
			18.3959044368601	-13.5836177474403
			18.3959044368601	-13.5494880546075
			18.3959044368601	-13.5153583617747
			18.3959044368601	-13.481228668942
			18.3959044368601	-13.4470989761092
			18.3959044368601	-13.4129692832765
			18.3959044368601	-13.3788395904437
			18.3959044368601	-13.3447098976109
			18.3959044368601	-13.3105802047782
			18.3959044368601	-13.2764505119454
			18.3617747440273	-13.2423208191126
			18.3617747440273	-13.2081911262799
			18.3617747440273	-13.1740614334471
			18.3617747440273	-13.1399317406143
			18.3617747440273	-13.1058020477816
			18.3617747440273	-13.0716723549488
			18.3617747440273	-13.037542662116
			18.3617747440273	-13.0034129692833
			18.3617747440273	-12.9692832764505
			18.3617747440273	-12.9351535836177
			18.3617747440273	-12.901023890785
			18.3617747440273	-12.8668941979522
			18.3617747440273	-12.8327645051195
			18.3617747440273	-12.7986348122867
			18.3617747440273	-12.7645051194539
			18.3617747440273	-12.7303754266212
			18.3276450511945	-12.6962457337884
			18.3276450511945	-12.6621160409556
			18.3276450511945	-12.6279863481229
			18.3276450511945	-12.5938566552901
			18.3276450511945	-12.5597269624573
			18.3276450511945	-12.5255972696246
			18.3276450511945	-12.4914675767918
			18.3276450511945	-12.457337883959
			18.3276450511945	-12.4232081911263
			18.3276450511945	-12.3890784982935
			18.3276450511945	-12.3549488054608
			18.3276450511945	-12.320819112628
			18.3276450511945	-12.2866894197952
			18.3276450511945	-12.2525597269625
			18.3276450511945	-12.2184300341297
			18.3276450511945	-12.1843003412969
			18.3276450511945	-12.1501706484642
			18.2935153583618	-12.1501706484642
			18.2935153583618	-12.1160409556314
			18.2935153583618	-12.0819112627986
			18.2935153583618	-12.0477815699659
			18.2935153583618	-12.0136518771331
			18.2935153583618	-11.9795221843003
			18.2935153583618	-11.9453924914676
			18.2935153583618	-11.9112627986348
			18.2935153583618	-11.877133105802
			18.2935153583618	-11.8430034129693
			18.2935153583618	-11.8088737201365
			18.2935153583618	-11.7747440273038
			18.2935153583618	-11.740614334471
			18.2935153583618	-11.7064846416382
			18.2935153583618	-11.6723549488055
			18.259385665529	-11.6382252559727
			18.259385665529	-11.6040955631399
			18.259385665529	-11.5699658703072
			18.259385665529	-11.5358361774744
			18.259385665529	-11.5017064846416
			18.259385665529	-11.4675767918089
			18.259385665529	-11.4334470989761
			18.259385665529	-11.3993174061433
			18.259385665529	-11.3651877133106
			18.259385665529	-11.3310580204778
			18.259385665529	-11.2969283276451
			18.259385665529	-11.2627986348123
			18.259385665529	-11.2286689419795
			18.259385665529	-11.1945392491468
			18.259385665529	-11.160409556314
			18.2252559726962	-11.1262798634812
			18.2252559726962	-11.0921501706485
			18.2252559726962	-11.0580204778157
			18.2252559726962	-11.0238907849829
			18.2252559726962	-10.9897610921502
			18.2252559726962	-10.9556313993174
			18.2252559726962	-10.9215017064846
			18.2252559726962	-10.8873720136519
			18.2252559726962	-10.8532423208191
			18.2252559726962	-10.8191126279863
			18.2252559726962	-10.7849829351536
			18.2252559726962	-10.7508532423208
			18.2252559726962	-10.7167235494881
			18.2252559726962	-10.6825938566553
			18.2252559726962	-10.6484641638225
			18.1911262798635	-10.6143344709898
			18.1911262798635	-10.580204778157
			18.1911262798635	-10.5460750853242
			18.1911262798635	-10.5119453924915
			18.1911262798635	-10.4778156996587
			18.1911262798635	-10.4436860068259
			18.1911262798635	-10.4095563139932
		</posterior>
	</curves.scaled>
	<ruler.points type=matrix rownames=TRUE colnames=FALSE nrow=2 ncol=2 as.numeric=TRUE >
		Ruler point 1	136	536
		Ruler point 2	429	536
	</ruler.points>
</shapes>

