<shapes type=list>
	<ruler.pixel type=vector names=FALSE length=1 as.numeric=TRUE >63</ruler.pixel>
	<ruler.interval type=vector names=FALSE length=1 as.numeric=TRUE >3.1</ruler.interval>
	<scaling.units type=vector names=FALSE length=1 as.numeric=FALSE >mm</scaling.units>
	<scaling type=vector names=FALSE length=1 as.numeric=TRUE >0.0492063492063492</scaling>
	<landmarks.pixel type=matrix rownames=TRUE colnames=FALSE nrow=16 ncol=2 as.numeric=TRUE >
		LM1	234	7
		LM2	233	83
		LM3	233	145
		LM4	233	149
		LM5	246	102
		LM6	243	144
		LM7	244	148
		LM8	257	98
		LM9	258	106
		LM10	234	7
		LM11	NaN	NaN
		LM12	290	187
		LM13	234	7
		LM14	262	101
		LM15	334	149
		LM16	293	245
	</landmarks.pixel>
	<landmarks.scaled type=matrix rownames=TRUE colnames=FALSE nrow=16 ncol=2 as.numeric=TRUE >
		LM1	11.5142857142857	-0.344444444444444
		LM2	11.4650793650794	-4.08412698412698
		LM3	11.4650793650794	-7.13492063492063
		LM4	11.4650793650794	-7.33174603174603
		LM5	12.1047619047619	-5.01904761904762
		LM6	11.9571428571429	-7.08571428571429
		LM7	12.0063492063492	-7.28253968253968
		LM8	12.6460317460317	-4.82222222222222
		LM9	12.6952380952381	-5.21587301587302
		LM10	11.5142857142857	-0.344444444444444
		LM11	NaN	NaN
		LM12	14.2698412698413	-9.2015873015873
		LM13	11.5142857142857	-0.344444444444444
		LM14	12.8920634920635	-4.96984126984127
		LM15	16.4349206349206	-7.33174603174603
		LM16	14.4174603174603	-12.0555555555556
	</landmarks.scaled>
	<curves.control type=list>
		<glabella type=matrix rownames=FALSE colnames=FALSE nrow=3 ncol=2 as.numeric=TRUE >
			233	83
			253	80
			244	148
		</glabella>
		<suture type=matrix rownames=FALSE colnames=FALSE nrow=11 ncol=2 as.numeric=TRUE >
			234	7
			291	3
			324	55
			355	111
			315	210
			301	243
			294	245
			287	250
			291	224
			294	196
			290	187
		</suture>
		<anterior type=matrix rownames=FALSE colnames=FALSE nrow=5 ncol=2 as.numeric=TRUE >
			234	7
			291	3
			324	55
			345	93
			334	149
		</anterior>
		<posterior type=matrix rownames=FALSE colnames=FALSE nrow=11 ncol=2 as.numeric=TRUE >
			233	149
			244	148
			253	151
			268	155
			274	161
			289	175
			290	187
			295	196
			289	245
			305	256
			334	149
		</posterior>
	</curves.control>
	<curves.pixel type=list>
		<glabella type=matrix rownames=FALSE colnames=FALSE nrow=73 ncol=2 as.numeric=TRUE >
			233	83
			234	83
			235	83
			236	83
			237	83
			238	83
			238	84
			239	84
			240	85
			241	86
			242	86
			242	87
			243	88
			243	89
			244	90
			244	91
			244	92
			245	93
			245	94
			245	95
			245	96
			246	97
			246	98
			246	99
			246	100
			246	101
			246	102
			246	103
			247	104
			247	105
			247	106
			247	107
			247	108
			247	109
			247	110
			247	111
			247	112
			247	113
			247	114
			247	115
			247	116
			247	117
			247	118
			247	119
			247	120
			247	121
			247	122
			246	123
			246	124
			246	125
			246	126
			246	127
			246	128
			246	129
			246	130
			246	131
			246	132
			246	133
			246	134
			246	135
			245	136
			245	137
			245	138
			245	139
			245	140
			245	141
			245	142
			245	143
			245	144
			244	145
			244	146
			244	147
			244	148
		</glabella>
		<suture type=matrix rownames=FALSE colnames=FALSE nrow=355 ncol=2 as.numeric=TRUE >
			234	7
			235	7
			236	7
			237	7
			238	7
			239	7
			240	7
			241	7
			242	7
			243	7
			244	7
			245	7
			246	7
			247	7
			248	7
			249	7
			250	7
			251	7
			252	7
			253	7
			254	7
			255	8
			256	8
			257	8
			258	8
			259	8
			260	8
			261	9
			262	9
			263	9
			264	9
			265	9
			266	10
			267	10
			268	10
			269	10
			269	11
			270	11
			271	11
			272	11
			273	12
			274	12
			275	13
			276	13
			277	13
			278	14
			279	14
			280	15
			281	15
			282	15
			283	16
			284	16
			285	17
			286	17
			287	18
			288	18
			289	19
			289	20
			290	20
			291	21
			292	21
			293	22
			294	23
			295	23
			296	24
			297	24
			297	25
			298	26
			299	26
			300	27
			301	28
			302	29
			303	29
			303	30
			304	31
			305	32
			306	32
			307	33
			307	34
			308	35
			309	36
			310	36
			311	37
			311	38
			312	39
			313	40
			314	41
			314	42
			315	43
			316	44
			317	45
			317	46
			318	47
			319	48
			320	49
			320	50
			321	51
			322	52
			322	53
			323	54
			324	55
			325	56
			325	57
			326	58
			326	59
			326	60
			327	60
			327	61
			327	62
			328	63
			328	64
			329	65
			329	66
			330	67
			330	68
			330	69
			331	70
			331	71
			331	72
			332	73
			332	74
			333	75
			333	76
			333	77
			333	78
			333	79
			334	80
			334	81
			334	82
			335	83
			335	84
			335	85
			335	86
			335	87
			336	88
			336	89
			336	90
			336	91
			336	92
			336	93
			336	94
			337	95
			337	96
			337	97
			337	98
			337	99
			337	100
			337	101
			337	102
			337	103
			337	104
			337	105
			337	106
			337	107
			337	108
			337	109
			338	110
			338	111
			338	112
			338	113
			338	114
			338	115
			337	116
			337	117
			337	118
			337	119
			337	120
			337	121
			337	122
			337	123
			337	124
			337	125
			337	126
			337	127
			337	128
			337	129
			337	130
			336	131
			336	132
			336	133
			336	134
			336	135
			336	136
			336	137
			336	138
			335	139
			335	140
			335	141
			335	142
			335	143
			335	144
			334	145
			334	146
			334	147
			334	148
			334	149
			334	150
			333	151
			333	152
			333	153
			333	154
			333	155
			332	156
			332	157
			332	158
			332	159
			331	160
			331	161
			331	162
			331	163
			330	164
			330	165
			330	166
			330	167
			329	168
			329	169
			329	170
			328	171
			328	172
			328	173
			328	174
			327	175
			327	176
			327	177
			327	178
			326	178
			326	179
			326	180
			326	181
			325	182
			325	183
			325	184
			324	185
			324	186
			324	187
			323	188
			323	189
			323	190
			322	191
			322	192
			322	193
			321	194
			321	195
			321	196
			320	197
			320	198
			319	199
			319	200
			318	201
			318	202
			318	203
			317	204
			317	205
			317	206
			316	207
			316	208
			315	209
			315	210
			315	211
			314	212
			314	213
			313	214
			313	215
			312	216
			312	217
			311	218
			311	219
			310	220
			310	221
			310	222
			309	223
			309	224
			308	225
			308	226
			307	227
			307	228
			306	229
			306	230
			305	231
			305	232
			304	233
			303	234
			303	235
			302	236
			302	237
			301	238
			300	239
			299	240
			298	241
			298	242
			297	243
			296	244
			295	244
			294	245
			293	246
			292	246
			291	245
			290	244
			290	243
			290	242
			290	241
			290	240
			290	239
			290	238
			290	237
			290	236
			290	235
			290	234
			290	233
			290	232
			290	231
			290	230
			290	229
			290	228
			291	227
			291	226
			291	225
			291	224
			291	223
			291	222
			291	221
			291	220
			291	219
			292	218
			292	217
			292	216
			292	215
			292	214
			292	213
			292	212
			292	211
			292	210
			292	209
			292	208
			292	207
			292	206
			292	205
			292	204
			292	203
			292	202
			292	201
			292	200
			292	199
			292	198
			292	197
			292	196
			292	195
			292	194
			292	193
			291	192
			291	191
			291	190
			291	189
			290	188
			290	187
		</suture>
		<anterior type=matrix rownames=FALSE colnames=FALSE nrow=194 ncol=2 as.numeric=TRUE >
			234	7
			235	7
			236	7
			237	7
			238	7
			239	7
			240	7
			241	7
			242	7
			243	7
			244	7
			245	7
			246	7
			247	7
			248	7
			249	7
			250	7
			251	7
			252	7
			253	7
			254	7
			255	8
			256	8
			257	8
			258	8
			259	8
			260	8
			261	9
			262	9
			263	9
			264	9
			265	9
			266	10
			267	10
			268	10
			269	10
			270	11
			271	11
			272	11
			273	12
			274	12
			275	13
			276	13
			277	13
			278	14
			279	14
			280	15
			281	15
			282	16
			283	16
			284	17
			285	17
			286	18
			287	18
			288	19
			289	19
			290	20
			291	20
			292	21
			293	22
			294	23
			295	24
			296	24
			297	25
			298	25
			299	26
			300	27
			301	28
			302	29
			303	30
			304	31
			305	31
			306	32
			307	33
			307	34
			308	35
			309	36
			310	36
			311	37
			312	38
			312	39
			313	40
			314	41
			315	42
			315	43
			316	44
			317	45
			318	46
			319	47
			319	48
			320	49
			321	50
			322	51
			322	52
			323	53
			323	54
			324	54
			324	55
			324	56
			325	56
			325	57
			325	58
			326	59
			326	60
			327	61
			327	62
			328	63
			328	64
			329	65
			329	66
			330	67
			330	68
			330	69
			331	70
			331	71
			332	72
			332	73
			332	74
			332	75
			333	75
			333	76
			333	77
			333	78
			334	79
			334	80
			334	81
			334	82
			335	83
			335	84
			335	85
			335	86
			335	87
			336	88
			336	89
			336	90
			336	91
			336	92
			337	93
			337	94
			337	95
			337	96
			337	97
			337	98
			337	99
			337	100
			337	101
			337	102
			337	103
			338	104
			338	105
			338	106
			338	107
			338	108
			338	109
			338	110
			338	111
			338	112
			338	113
			338	114
			338	115
			338	116
			338	117
			338	118
			338	119
			338	120
			338	121
			338	122
			337	123
			337	124
			337	125
			337	126
			337	127
			337	128
			337	129
			337	130
			337	131
			337	132
			337	133
			336	134
			336	135
			336	136
			336	137
			336	138
			336	139
			336	140
			335	141
			335	142
			335	143
			335	144
			335	145
			335	146
			334	147
			334	148
			334	149
		</anterior>
		<posterior type=matrix rownames=FALSE colnames=FALSE nrow=235 ncol=2 as.numeric=TRUE >
			233	149
			234	149
			235	149
			236	149
			237	149
			238	149
			239	149
			240	149
			241	149
			242	149
			243	149
			244	149
			245	149
			246	149
			247	150
			248	150
			249	150
			250	150
			251	150
			252	151
			253	151
			254	151
			255	152
			256	152
			257	152
			258	152
			259	153
			260	153
			261	153
			262	154
			263	154
			264	155
			265	155
			266	156
			267	156
			268	157
			269	157
			270	158
			271	159
			272	159
			273	160
			274	161
			275	161
			275	162
			276	163
			277	164
			278	165
			279	166
			279	167
			280	167
			281	168
			282	169
			282	170
			283	171
			284	172
			285	173
			285	174
			286	175
			286	176
			287	177
			287	178
			288	179
			288	180
			289	181
			289	182
			289	183
			290	184
			290	185
			290	186
			290	187
			291	188
			291	189
			291	190
			291	191
			291	192
			292	193
			292	194
			292	195
			292	196
			292	197
			292	198
			292	199
			292	200
			292	201
			292	202
			292	203
			292	204
			292	205
			292	206
			292	207
			292	208
			292	209
			292	210
			292	211
			292	212
			292	213
			292	214
			292	215
			292	216
			292	217
			292	218
			292	219
			292	220
			291	221
			291	222
			291	223
			291	224
			291	225
			291	226
			291	227
			291	228
			291	229
			291	230
			291	231
			290	232
			290	233
			290	234
			290	235
			290	236
			290	237
			290	238
			290	239
			290	240
			289	241
			289	242
			289	243
			289	244
			289	245
			290	245
			290	246
			291	246
			292	246
			293	246
			294	246
			295	245
			296	245
			296	244
			297	244
			298	243
			299	242
			300	241
			300	240
			301	239
			302	238
			303	237
			303	236
			304	235
			304	234
			305	234
			305	233
			306	232
			306	231
			307	230
			307	229
			307	228
			308	228
			308	227
			308	226
			309	225
			309	224
			310	223
			310	222
			311	221
			311	220
			311	219
			312	218
			312	217
			313	216
			313	215
			314	214
			314	213
			314	212
			315	211
			315	210
			316	209
			316	208
			316	207
			317	206
			317	205
			317	204
			318	203
			318	202
			318	201
			319	200
			319	199
			319	198
			320	197
			320	196
			320	195
			321	194
			321	193
			321	192
			322	191
			322	190
			322	189
			323	188
			323	187
			323	186
			324	185
			324	184
			324	183
			324	182
			325	181
			325	180
			325	179
			326	178
			326	177
			326	176
			327	175
			327	174
			327	173
			328	172
			328	171
			328	170
			328	169
			329	168
			329	167
			329	166
			330	165
			330	164
			330	163
			330	162
			331	161
			331	160
			331	159
			332	158
			332	157
			332	156
			332	155
			333	154
			333	153
			333	152
			334	151
			334	150
			334	149
		</posterior>
	</curves.pixel>
	<curves.scaled type=list>
		<glabella type=matrix rownames=FALSE colnames=FALSE nrow=73 ncol=2 as.numeric=TRUE >
			11.4650793650794	-4.08412698412698
			11.5142857142857	-4.08412698412698
			11.5634920634921	-4.08412698412698
			11.6126984126984	-4.08412698412698
			11.6619047619048	-4.08412698412698
			11.7111111111111	-4.08412698412698
			11.7111111111111	-4.13333333333333
			11.7603174603175	-4.13333333333333
			11.8095238095238	-4.18253968253968
			11.8587301587302	-4.23174603174603
			11.9079365079365	-4.23174603174603
			11.9079365079365	-4.28095238095238
			11.9571428571429	-4.33015873015873
			11.9571428571429	-4.37936507936508
			12.0063492063492	-4.42857142857143
			12.0063492063492	-4.47777777777778
			12.0063492063492	-4.52698412698413
			12.0555555555556	-4.57619047619048
			12.0555555555556	-4.62539682539682
			12.0555555555556	-4.67460317460317
			12.0555555555556	-4.72380952380952
			12.1047619047619	-4.77301587301587
			12.1047619047619	-4.82222222222222
			12.1047619047619	-4.87142857142857
			12.1047619047619	-4.92063492063492
			12.1047619047619	-4.96984126984127
			12.1047619047619	-5.01904761904762
			12.1047619047619	-5.06825396825397
			12.1539682539683	-5.11746031746032
			12.1539682539683	-5.16666666666667
			12.1539682539683	-5.21587301587302
			12.1539682539683	-5.26507936507937
			12.1539682539683	-5.31428571428571
			12.1539682539683	-5.36349206349206
			12.1539682539683	-5.41269841269841
			12.1539682539683	-5.46190476190476
			12.1539682539683	-5.51111111111111
			12.1539682539683	-5.56031746031746
			12.1539682539683	-5.60952380952381
			12.1539682539683	-5.65873015873016
			12.1539682539683	-5.70793650793651
			12.1539682539683	-5.75714285714286
			12.1539682539683	-5.80634920634921
			12.1539682539683	-5.85555555555556
			12.1539682539683	-5.9047619047619
			12.1539682539683	-5.95396825396825
			12.1539682539683	-6.0031746031746
			12.1047619047619	-6.05238095238095
			12.1047619047619	-6.1015873015873
			12.1047619047619	-6.15079365079365
			12.1047619047619	-6.2
			12.1047619047619	-6.24920634920635
			12.1047619047619	-6.2984126984127
			12.1047619047619	-6.34761904761905
			12.1047619047619	-6.3968253968254
			12.1047619047619	-6.44603174603175
			12.1047619047619	-6.4952380952381
			12.1047619047619	-6.54444444444444
			12.1047619047619	-6.59365079365079
			12.1047619047619	-6.64285714285714
			12.0555555555556	-6.69206349206349
			12.0555555555556	-6.74126984126984
			12.0555555555556	-6.79047619047619
			12.0555555555556	-6.83968253968254
			12.0555555555556	-6.88888888888889
			12.0555555555556	-6.93809523809524
			12.0555555555556	-6.98730158730159
			12.0555555555556	-7.03650793650794
			12.0555555555556	-7.08571428571429
			12.0063492063492	-7.13492063492063
			12.0063492063492	-7.18412698412698
			12.0063492063492	-7.23333333333333
			12.0063492063492	-7.28253968253968
		</glabella>
		<suture type=matrix rownames=FALSE colnames=FALSE nrow=355 ncol=2 as.numeric=TRUE >
			11.5142857142857	-0.344444444444444
			11.5634920634921	-0.344444444444444
			11.6126984126984	-0.344444444444444
			11.6619047619048	-0.344444444444444
			11.7111111111111	-0.344444444444444
			11.7603174603175	-0.344444444444444
			11.8095238095238	-0.344444444444444
			11.8587301587302	-0.344444444444444
			11.9079365079365	-0.344444444444444
			11.9571428571429	-0.344444444444444
			12.0063492063492	-0.344444444444444
			12.0555555555556	-0.344444444444444
			12.1047619047619	-0.344444444444444
			12.1539682539683	-0.344444444444444
			12.2031746031746	-0.344444444444444
			12.252380952381	-0.344444444444444
			12.3015873015873	-0.344444444444444
			12.3507936507937	-0.344444444444444
			12.4	-0.344444444444444
			12.4492063492063	-0.344444444444444
			12.4984126984127	-0.344444444444444
			12.547619047619	-0.393650793650794
			12.5968253968254	-0.393650793650794
			12.6460317460317	-0.393650793650794
			12.6952380952381	-0.393650793650794
			12.7444444444444	-0.393650793650794
			12.7936507936508	-0.393650793650794
			12.8428571428571	-0.442857142857143
			12.8920634920635	-0.442857142857143
			12.9412698412698	-0.442857142857143
			12.9904761904762	-0.442857142857143
			13.0396825396825	-0.442857142857143
			13.0888888888889	-0.492063492063492
			13.1380952380952	-0.492063492063492
			13.1873015873016	-0.492063492063492
			13.2365079365079	-0.492063492063492
			13.2365079365079	-0.541269841269841
			13.2857142857143	-0.541269841269841
			13.3349206349206	-0.541269841269841
			13.384126984127	-0.541269841269841
			13.4333333333333	-0.59047619047619
			13.4825396825397	-0.59047619047619
			13.531746031746	-0.63968253968254
			13.5809523809524	-0.63968253968254
			13.6301587301587	-0.63968253968254
			13.6793650793651	-0.688888888888889
			13.7285714285714	-0.688888888888889
			13.7777777777778	-0.738095238095238
			13.8269841269841	-0.738095238095238
			13.8761904761905	-0.738095238095238
			13.9253968253968	-0.787301587301587
			13.9746031746032	-0.787301587301587
			14.0238095238095	-0.836507936507937
			14.0730158730159	-0.836507936507937
			14.1222222222222	-0.885714285714286
			14.1714285714286	-0.885714285714286
			14.2206349206349	-0.934920634920635
			14.2206349206349	-0.984126984126984
			14.2698412698413	-0.984126984126984
			14.3190476190476	-1.03333333333333
			14.368253968254	-1.03333333333333
			14.4174603174603	-1.08253968253968
			14.4666666666667	-1.13174603174603
			14.515873015873	-1.13174603174603
			14.5650793650794	-1.18095238095238
			14.6142857142857	-1.18095238095238
			14.6142857142857	-1.23015873015873
			14.6634920634921	-1.27936507936508
			14.7126984126984	-1.27936507936508
			14.7619047619048	-1.32857142857143
			14.8111111111111	-1.37777777777778
			14.8603174603175	-1.42698412698413
			14.9095238095238	-1.42698412698413
			14.9095238095238	-1.47619047619048
			14.9587301587302	-1.52539682539683
			15.0079365079365	-1.57460317460317
			15.0571428571429	-1.57460317460317
			15.1063492063492	-1.62380952380952
			15.1063492063492	-1.67301587301587
			15.1555555555556	-1.72222222222222
			15.2047619047619	-1.77142857142857
			15.2539682539683	-1.77142857142857
			15.3031746031746	-1.82063492063492
			15.3031746031746	-1.86984126984127
			15.352380952381	-1.91904761904762
			15.4015873015873	-1.96825396825397
			15.4507936507937	-2.01746031746032
			15.4507936507937	-2.06666666666667
			15.5	-2.11587301587302
			15.5492063492063	-2.16507936507936
			15.5984126984127	-2.21428571428571
			15.5984126984127	-2.26349206349206
			15.647619047619	-2.31269841269841
			15.6968253968254	-2.36190476190476
			15.7460317460317	-2.41111111111111
			15.7460317460317	-2.46031746031746
			15.7952380952381	-2.50952380952381
			15.8444444444444	-2.55873015873016
			15.8444444444444	-2.60793650793651
			15.8936507936508	-2.65714285714286
			15.9428571428571	-2.70634920634921
			15.9920634920635	-2.75555555555556
			15.9920634920635	-2.8047619047619
			16.0412698412698	-2.85396825396825
			16.0412698412698	-2.9031746031746
			16.0412698412698	-2.95238095238095
			16.0904761904762	-2.95238095238095
			16.0904761904762	-3.0015873015873
			16.0904761904762	-3.05079365079365
			16.1396825396825	-3.1
			16.1396825396825	-3.14920634920635
			16.1888888888889	-3.1984126984127
			16.1888888888889	-3.24761904761905
			16.2380952380952	-3.2968253968254
			16.2380952380952	-3.34603174603175
			16.2380952380952	-3.3952380952381
			16.2873015873016	-3.44444444444444
			16.2873015873016	-3.49365079365079
			16.2873015873016	-3.54285714285714
			16.3365079365079	-3.59206349206349
			16.3365079365079	-3.64126984126984
			16.3857142857143	-3.69047619047619
			16.3857142857143	-3.73968253968254
			16.3857142857143	-3.78888888888889
			16.3857142857143	-3.83809523809524
			16.3857142857143	-3.88730158730159
			16.4349206349206	-3.93650793650794
			16.4349206349206	-3.98571428571429
			16.4349206349206	-4.03492063492063
			16.484126984127	-4.08412698412698
			16.484126984127	-4.13333333333333
			16.484126984127	-4.18253968253968
			16.484126984127	-4.23174603174603
			16.484126984127	-4.28095238095238
			16.5333333333333	-4.33015873015873
			16.5333333333333	-4.37936507936508
			16.5333333333333	-4.42857142857143
			16.5333333333333	-4.47777777777778
			16.5333333333333	-4.52698412698413
			16.5333333333333	-4.57619047619048
			16.5333333333333	-4.62539682539682
			16.5825396825397	-4.67460317460317
			16.5825396825397	-4.72380952380952
			16.5825396825397	-4.77301587301587
			16.5825396825397	-4.82222222222222
			16.5825396825397	-4.87142857142857
			16.5825396825397	-4.92063492063492
			16.5825396825397	-4.96984126984127
			16.5825396825397	-5.01904761904762
			16.5825396825397	-5.06825396825397
			16.5825396825397	-5.11746031746032
			16.5825396825397	-5.16666666666667
			16.5825396825397	-5.21587301587302
			16.5825396825397	-5.26507936507937
			16.5825396825397	-5.31428571428571
			16.5825396825397	-5.36349206349206
			16.631746031746	-5.41269841269841
			16.631746031746	-5.46190476190476
			16.631746031746	-5.51111111111111
			16.631746031746	-5.56031746031746
			16.631746031746	-5.60952380952381
			16.631746031746	-5.65873015873016
			16.5825396825397	-5.70793650793651
			16.5825396825397	-5.75714285714286
			16.5825396825397	-5.80634920634921
			16.5825396825397	-5.85555555555556
			16.5825396825397	-5.9047619047619
			16.5825396825397	-5.95396825396825
			16.5825396825397	-6.0031746031746
			16.5825396825397	-6.05238095238095
			16.5825396825397	-6.1015873015873
			16.5825396825397	-6.15079365079365
			16.5825396825397	-6.2
			16.5825396825397	-6.24920634920635
			16.5825396825397	-6.2984126984127
			16.5825396825397	-6.34761904761905
			16.5825396825397	-6.3968253968254
			16.5333333333333	-6.44603174603175
			16.5333333333333	-6.4952380952381
			16.5333333333333	-6.54444444444444
			16.5333333333333	-6.59365079365079
			16.5333333333333	-6.64285714285714
			16.5333333333333	-6.69206349206349
			16.5333333333333	-6.74126984126984
			16.5333333333333	-6.79047619047619
			16.484126984127	-6.83968253968254
			16.484126984127	-6.88888888888889
			16.484126984127	-6.93809523809524
			16.484126984127	-6.98730158730159
			16.484126984127	-7.03650793650794
			16.484126984127	-7.08571428571429
			16.4349206349206	-7.13492063492063
			16.4349206349206	-7.18412698412698
			16.4349206349206	-7.23333333333333
			16.4349206349206	-7.28253968253968
			16.4349206349206	-7.33174603174603
			16.4349206349206	-7.38095238095238
			16.3857142857143	-7.43015873015873
			16.3857142857143	-7.47936507936508
			16.3857142857143	-7.52857142857143
			16.3857142857143	-7.57777777777778
			16.3857142857143	-7.62698412698413
			16.3365079365079	-7.67619047619048
			16.3365079365079	-7.72539682539683
			16.3365079365079	-7.77460317460317
			16.3365079365079	-7.82380952380952
			16.2873015873016	-7.87301587301587
			16.2873015873016	-7.92222222222222
			16.2873015873016	-7.97142857142857
			16.2873015873016	-8.02063492063492
			16.2380952380952	-8.06984126984127
			16.2380952380952	-8.11904761904762
			16.2380952380952	-8.16825396825397
			16.2380952380952	-8.21746031746032
			16.1888888888889	-8.26666666666667
			16.1888888888889	-8.31587301587302
			16.1888888888889	-8.36507936507937
			16.1396825396825	-8.41428571428571
			16.1396825396825	-8.46349206349206
			16.1396825396825	-8.51269841269841
			16.1396825396825	-8.56190476190476
			16.0904761904762	-8.61111111111111
			16.0904761904762	-8.66031746031746
			16.0904761904762	-8.70952380952381
			16.0904761904762	-8.75873015873016
			16.0412698412698	-8.75873015873016
			16.0412698412698	-8.80793650793651
			16.0412698412698	-8.85714285714286
			16.0412698412698	-8.90634920634921
			15.9920634920635	-8.95555555555556
			15.9920634920635	-9.0047619047619
			15.9920634920635	-9.05396825396825
			15.9428571428571	-9.1031746031746
			15.9428571428571	-9.15238095238095
			15.9428571428571	-9.2015873015873
			15.8936507936508	-9.25079365079365
			15.8936507936508	-9.3
			15.8936507936508	-9.34920634920635
			15.8444444444444	-9.3984126984127
			15.8444444444444	-9.44761904761905
			15.8444444444444	-9.4968253968254
			15.7952380952381	-9.54603174603175
			15.7952380952381	-9.59523809523809
			15.7952380952381	-9.64444444444444
			15.7460317460317	-9.69365079365079
			15.7460317460317	-9.74285714285714
			15.6968253968254	-9.79206349206349
			15.6968253968254	-9.84126984126984
			15.647619047619	-9.89047619047619
			15.647619047619	-9.93968253968254
			15.647619047619	-9.98888888888889
			15.5984126984127	-10.0380952380952
			15.5984126984127	-10.0873015873016
			15.5984126984127	-10.1365079365079
			15.5492063492063	-10.1857142857143
			15.5492063492063	-10.2349206349206
			15.5	-10.284126984127
			15.5	-10.3333333333333
			15.5	-10.3825396825397
			15.4507936507937	-10.431746031746
			15.4507936507937	-10.4809523809524
			15.4015873015873	-10.5301587301587
			15.4015873015873	-10.5793650793651
			15.352380952381	-10.6285714285714
			15.352380952381	-10.6777777777778
			15.3031746031746	-10.7269841269841
			15.3031746031746	-10.7761904761905
			15.2539682539683	-10.8253968253968
			15.2539682539683	-10.8746031746032
			15.2539682539683	-10.9238095238095
			15.2047619047619	-10.9730158730159
			15.2047619047619	-11.0222222222222
			15.1555555555556	-11.0714285714286
			15.1555555555556	-11.1206349206349
			15.1063492063492	-11.1698412698413
			15.1063492063492	-11.2190476190476
			15.0571428571429	-11.268253968254
			15.0571428571429	-11.3174603174603
			15.0079365079365	-11.3666666666667
			15.0079365079365	-11.415873015873
			14.9587301587302	-11.4650793650794
			14.9095238095238	-11.5142857142857
			14.9095238095238	-11.5634920634921
			14.8603174603175	-11.6126984126984
			14.8603174603175	-11.6619047619048
			14.8111111111111	-11.7111111111111
			14.7619047619048	-11.7603174603175
			14.7126984126984	-11.8095238095238
			14.6634920634921	-11.8587301587302
			14.6634920634921	-11.9079365079365
			14.6142857142857	-11.9571428571429
			14.5650793650794	-12.0063492063492
			14.515873015873	-12.0063492063492
			14.4666666666667	-12.0555555555556
			14.4174603174603	-12.1047619047619
			14.368253968254	-12.1047619047619
			14.3190476190476	-12.0555555555556
			14.2698412698413	-12.0063492063492
			14.2698412698413	-11.9571428571429
			14.2698412698413	-11.9079365079365
			14.2698412698413	-11.8587301587302
			14.2698412698413	-11.8095238095238
			14.2698412698413	-11.7603174603175
			14.2698412698413	-11.7111111111111
			14.2698412698413	-11.6619047619048
			14.2698412698413	-11.6126984126984
			14.2698412698413	-11.5634920634921
			14.2698412698413	-11.5142857142857
			14.2698412698413	-11.4650793650794
			14.2698412698413	-11.415873015873
			14.2698412698413	-11.3666666666667
			14.2698412698413	-11.3174603174603
			14.2698412698413	-11.268253968254
			14.2698412698413	-11.2190476190476
			14.3190476190476	-11.1698412698413
			14.3190476190476	-11.1206349206349
			14.3190476190476	-11.0714285714286
			14.3190476190476	-11.0222222222222
			14.3190476190476	-10.9730158730159
			14.3190476190476	-10.9238095238095
			14.3190476190476	-10.8746031746032
			14.3190476190476	-10.8253968253968
			14.3190476190476	-10.7761904761905
			14.368253968254	-10.7269841269841
			14.368253968254	-10.6777777777778
			14.368253968254	-10.6285714285714
			14.368253968254	-10.5793650793651
			14.368253968254	-10.5301587301587
			14.368253968254	-10.4809523809524
			14.368253968254	-10.431746031746
			14.368253968254	-10.3825396825397
			14.368253968254	-10.3333333333333
			14.368253968254	-10.284126984127
			14.368253968254	-10.2349206349206
			14.368253968254	-10.1857142857143
			14.368253968254	-10.1365079365079
			14.368253968254	-10.0873015873016
			14.368253968254	-10.0380952380952
			14.368253968254	-9.98888888888889
			14.368253968254	-9.93968253968254
			14.368253968254	-9.89047619047619
			14.368253968254	-9.84126984126984
			14.368253968254	-9.79206349206349
			14.368253968254	-9.74285714285714
			14.368253968254	-9.69365079365079
			14.368253968254	-9.64444444444444
			14.368253968254	-9.59523809523809
			14.368253968254	-9.54603174603175
			14.368253968254	-9.4968253968254
			14.3190476190476	-9.44761904761905
			14.3190476190476	-9.3984126984127
			14.3190476190476	-9.34920634920635
			14.3190476190476	-9.3
			14.2698412698413	-9.25079365079365
			14.2698412698413	-9.2015873015873
		</suture>
		<anterior type=matrix rownames=FALSE colnames=FALSE nrow=194 ncol=2 as.numeric=TRUE >
			11.5142857142857	-0.344444444444444
			11.5634920634921	-0.344444444444444
			11.6126984126984	-0.344444444444444
			11.6619047619048	-0.344444444444444
			11.7111111111111	-0.344444444444444
			11.7603174603175	-0.344444444444444
			11.8095238095238	-0.344444444444444
			11.8587301587302	-0.344444444444444
			11.9079365079365	-0.344444444444444
			11.9571428571429	-0.344444444444444
			12.0063492063492	-0.344444444444444
			12.0555555555556	-0.344444444444444
			12.1047619047619	-0.344444444444444
			12.1539682539683	-0.344444444444444
			12.2031746031746	-0.344444444444444
			12.252380952381	-0.344444444444444
			12.3015873015873	-0.344444444444444
			12.3507936507937	-0.344444444444444
			12.4	-0.344444444444444
			12.4492063492063	-0.344444444444444
			12.4984126984127	-0.344444444444444
			12.547619047619	-0.393650793650794
			12.5968253968254	-0.393650793650794
			12.6460317460317	-0.393650793650794
			12.6952380952381	-0.393650793650794
			12.7444444444444	-0.393650793650794
			12.7936507936508	-0.393650793650794
			12.8428571428571	-0.442857142857143
			12.8920634920635	-0.442857142857143
			12.9412698412698	-0.442857142857143
			12.9904761904762	-0.442857142857143
			13.0396825396825	-0.442857142857143
			13.0888888888889	-0.492063492063492
			13.1380952380952	-0.492063492063492
			13.1873015873016	-0.492063492063492
			13.2365079365079	-0.492063492063492
			13.2857142857143	-0.541269841269841
			13.3349206349206	-0.541269841269841
			13.384126984127	-0.541269841269841
			13.4333333333333	-0.59047619047619
			13.4825396825397	-0.59047619047619
			13.531746031746	-0.63968253968254
			13.5809523809524	-0.63968253968254
			13.6301587301587	-0.63968253968254
			13.6793650793651	-0.688888888888889
			13.7285714285714	-0.688888888888889
			13.7777777777778	-0.738095238095238
			13.8269841269841	-0.738095238095238
			13.8761904761905	-0.787301587301587
			13.9253968253968	-0.787301587301587
			13.9746031746032	-0.836507936507937
			14.0238095238095	-0.836507936507937
			14.0730158730159	-0.885714285714286
			14.1222222222222	-0.885714285714286
			14.1714285714286	-0.934920634920635
			14.2206349206349	-0.934920634920635
			14.2698412698413	-0.984126984126984
			14.3190476190476	-0.984126984126984
			14.368253968254	-1.03333333333333
			14.4174603174603	-1.08253968253968
			14.4666666666667	-1.13174603174603
			14.515873015873	-1.18095238095238
			14.5650793650794	-1.18095238095238
			14.6142857142857	-1.23015873015873
			14.6634920634921	-1.23015873015873
			14.7126984126984	-1.27936507936508
			14.7619047619048	-1.32857142857143
			14.8111111111111	-1.37777777777778
			14.8603174603175	-1.42698412698413
			14.9095238095238	-1.47619047619048
			14.9587301587302	-1.52539682539683
			15.0079365079365	-1.52539682539683
			15.0571428571429	-1.57460317460317
			15.1063492063492	-1.62380952380952
			15.1063492063492	-1.67301587301587
			15.1555555555556	-1.72222222222222
			15.2047619047619	-1.77142857142857
			15.2539682539683	-1.77142857142857
			15.3031746031746	-1.82063492063492
			15.352380952381	-1.86984126984127
			15.352380952381	-1.91904761904762
			15.4015873015873	-1.96825396825397
			15.4507936507937	-2.01746031746032
			15.5	-2.06666666666667
			15.5	-2.11587301587302
			15.5492063492063	-2.16507936507936
			15.5984126984127	-2.21428571428571
			15.647619047619	-2.26349206349206
			15.6968253968254	-2.31269841269841
			15.6968253968254	-2.36190476190476
			15.7460317460317	-2.41111111111111
			15.7952380952381	-2.46031746031746
			15.8444444444444	-2.50952380952381
			15.8444444444444	-2.55873015873016
			15.8936507936508	-2.60793650793651
			15.8936507936508	-2.65714285714286
			15.9428571428571	-2.65714285714286
			15.9428571428571	-2.70634920634921
			15.9428571428571	-2.75555555555556
			15.9920634920635	-2.75555555555556
			15.9920634920635	-2.8047619047619
			15.9920634920635	-2.85396825396825
			16.0412698412698	-2.9031746031746
			16.0412698412698	-2.95238095238095
			16.0904761904762	-3.0015873015873
			16.0904761904762	-3.05079365079365
			16.1396825396825	-3.1
			16.1396825396825	-3.14920634920635
			16.1888888888889	-3.1984126984127
			16.1888888888889	-3.24761904761905
			16.2380952380952	-3.2968253968254
			16.2380952380952	-3.34603174603175
			16.2380952380952	-3.3952380952381
			16.2873015873016	-3.44444444444444
			16.2873015873016	-3.49365079365079
			16.3365079365079	-3.54285714285714
			16.3365079365079	-3.59206349206349
			16.3365079365079	-3.64126984126984
			16.3365079365079	-3.69047619047619
			16.3857142857143	-3.69047619047619
			16.3857142857143	-3.73968253968254
			16.3857142857143	-3.78888888888889
			16.3857142857143	-3.83809523809524
			16.4349206349206	-3.88730158730159
			16.4349206349206	-3.93650793650794
			16.4349206349206	-3.98571428571429
			16.4349206349206	-4.03492063492063
			16.484126984127	-4.08412698412698
			16.484126984127	-4.13333333333333
			16.484126984127	-4.18253968253968
			16.484126984127	-4.23174603174603
			16.484126984127	-4.28095238095238
			16.5333333333333	-4.33015873015873
			16.5333333333333	-4.37936507936508
			16.5333333333333	-4.42857142857143
			16.5333333333333	-4.47777777777778
			16.5333333333333	-4.52698412698413
			16.5825396825397	-4.57619047619048
			16.5825396825397	-4.62539682539682
			16.5825396825397	-4.67460317460317
			16.5825396825397	-4.72380952380952
			16.5825396825397	-4.77301587301587
			16.5825396825397	-4.82222222222222
			16.5825396825397	-4.87142857142857
			16.5825396825397	-4.92063492063492
			16.5825396825397	-4.96984126984127
			16.5825396825397	-5.01904761904762
			16.5825396825397	-5.06825396825397
			16.631746031746	-5.11746031746032
			16.631746031746	-5.16666666666667
			16.631746031746	-5.21587301587302
			16.631746031746	-5.26507936507937
			16.631746031746	-5.31428571428571
			16.631746031746	-5.36349206349206
			16.631746031746	-5.41269841269841
			16.631746031746	-5.46190476190476
			16.631746031746	-5.51111111111111
			16.631746031746	-5.56031746031746
			16.631746031746	-5.60952380952381
			16.631746031746	-5.65873015873016
			16.631746031746	-5.70793650793651
			16.631746031746	-5.75714285714286
			16.631746031746	-5.80634920634921
			16.631746031746	-5.85555555555556
			16.631746031746	-5.9047619047619
			16.631746031746	-5.95396825396825
			16.631746031746	-6.0031746031746
			16.5825396825397	-6.05238095238095
			16.5825396825397	-6.1015873015873
			16.5825396825397	-6.15079365079365
			16.5825396825397	-6.2
			16.5825396825397	-6.24920634920635
			16.5825396825397	-6.2984126984127
			16.5825396825397	-6.34761904761905
			16.5825396825397	-6.3968253968254
			16.5825396825397	-6.44603174603175
			16.5825396825397	-6.4952380952381
			16.5825396825397	-6.54444444444444
			16.5333333333333	-6.59365079365079
			16.5333333333333	-6.64285714285714
			16.5333333333333	-6.69206349206349
			16.5333333333333	-6.74126984126984
			16.5333333333333	-6.79047619047619
			16.5333333333333	-6.83968253968254
			16.5333333333333	-6.88888888888889
			16.484126984127	-6.93809523809524
			16.484126984127	-6.98730158730159
			16.484126984127	-7.03650793650794
			16.484126984127	-7.08571428571429
			16.484126984127	-7.13492063492063
			16.484126984127	-7.18412698412698
			16.4349206349206	-7.23333333333333
			16.4349206349206	-7.28253968253968
			16.4349206349206	-7.33174603174603
		</anterior>
		<posterior type=matrix rownames=FALSE colnames=FALSE nrow=235 ncol=2 as.numeric=TRUE >
			11.4650793650794	-7.33174603174603
			11.5142857142857	-7.33174603174603
			11.5634920634921	-7.33174603174603
			11.6126984126984	-7.33174603174603
			11.6619047619048	-7.33174603174603
			11.7111111111111	-7.33174603174603
			11.7603174603175	-7.33174603174603
			11.8095238095238	-7.33174603174603
			11.8587301587302	-7.33174603174603
			11.9079365079365	-7.33174603174603
			11.9571428571429	-7.33174603174603
			12.0063492063492	-7.33174603174603
			12.0555555555556	-7.33174603174603
			12.1047619047619	-7.33174603174603
			12.1539682539683	-7.38095238095238
			12.2031746031746	-7.38095238095238
			12.252380952381	-7.38095238095238
			12.3015873015873	-7.38095238095238
			12.3507936507937	-7.38095238095238
			12.4	-7.43015873015873
			12.4492063492063	-7.43015873015873
			12.4984126984127	-7.43015873015873
			12.547619047619	-7.47936507936508
			12.5968253968254	-7.47936507936508
			12.6460317460317	-7.47936507936508
			12.6952380952381	-7.47936507936508
			12.7444444444444	-7.52857142857143
			12.7936507936508	-7.52857142857143
			12.8428571428571	-7.52857142857143
			12.8920634920635	-7.57777777777778
			12.9412698412698	-7.57777777777778
			12.9904761904762	-7.62698412698413
			13.0396825396825	-7.62698412698413
			13.0888888888889	-7.67619047619048
			13.1380952380952	-7.67619047619048
			13.1873015873016	-7.72539682539683
			13.2365079365079	-7.72539682539683
			13.2857142857143	-7.77460317460317
			13.3349206349206	-7.82380952380952
			13.384126984127	-7.82380952380952
			13.4333333333333	-7.87301587301587
			13.4825396825397	-7.92222222222222
			13.531746031746	-7.92222222222222
			13.531746031746	-7.97142857142857
			13.5809523809524	-8.02063492063492
			13.6301587301587	-8.06984126984127
			13.6793650793651	-8.11904761904762
			13.7285714285714	-8.16825396825397
			13.7285714285714	-8.21746031746032
			13.7777777777778	-8.21746031746032
			13.8269841269841	-8.26666666666667
			13.8761904761905	-8.31587301587302
			13.8761904761905	-8.36507936507937
			13.9253968253968	-8.41428571428571
			13.9746031746032	-8.46349206349206
			14.0238095238095	-8.51269841269841
			14.0238095238095	-8.56190476190476
			14.0730158730159	-8.61111111111111
			14.0730158730159	-8.66031746031746
			14.1222222222222	-8.70952380952381
			14.1222222222222	-8.75873015873016
			14.1714285714286	-8.80793650793651
			14.1714285714286	-8.85714285714286
			14.2206349206349	-8.90634920634921
			14.2206349206349	-8.95555555555556
			14.2206349206349	-9.0047619047619
			14.2698412698413	-9.05396825396825
			14.2698412698413	-9.1031746031746
			14.2698412698413	-9.15238095238095
			14.2698412698413	-9.2015873015873
			14.3190476190476	-9.25079365079365
			14.3190476190476	-9.3
			14.3190476190476	-9.34920634920635
			14.3190476190476	-9.3984126984127
			14.3190476190476	-9.44761904761905
			14.368253968254	-9.4968253968254
			14.368253968254	-9.54603174603175
			14.368253968254	-9.59523809523809
			14.368253968254	-9.64444444444444
			14.368253968254	-9.69365079365079
			14.368253968254	-9.74285714285714
			14.368253968254	-9.79206349206349
			14.368253968254	-9.84126984126984
			14.368253968254	-9.89047619047619
			14.368253968254	-9.93968253968254
			14.368253968254	-9.98888888888889
			14.368253968254	-10.0380952380952
			14.368253968254	-10.0873015873016
			14.368253968254	-10.1365079365079
			14.368253968254	-10.1857142857143
			14.368253968254	-10.2349206349206
			14.368253968254	-10.284126984127
			14.368253968254	-10.3333333333333
			14.368253968254	-10.3825396825397
			14.368253968254	-10.431746031746
			14.368253968254	-10.4809523809524
			14.368253968254	-10.5301587301587
			14.368253968254	-10.5793650793651
			14.368253968254	-10.6285714285714
			14.368253968254	-10.6777777777778
			14.368253968254	-10.7269841269841
			14.368253968254	-10.7761904761905
			14.368253968254	-10.8253968253968
			14.3190476190476	-10.8746031746032
			14.3190476190476	-10.9238095238095
			14.3190476190476	-10.9730158730159
			14.3190476190476	-11.0222222222222
			14.3190476190476	-11.0714285714286
			14.3190476190476	-11.1206349206349
			14.3190476190476	-11.1698412698413
			14.3190476190476	-11.2190476190476
			14.3190476190476	-11.268253968254
			14.3190476190476	-11.3174603174603
			14.3190476190476	-11.3666666666667
			14.2698412698413	-11.415873015873
			14.2698412698413	-11.4650793650794
			14.2698412698413	-11.5142857142857
			14.2698412698413	-11.5634920634921
			14.2698412698413	-11.6126984126984
			14.2698412698413	-11.6619047619048
			14.2698412698413	-11.7111111111111
			14.2698412698413	-11.7603174603175
			14.2698412698413	-11.8095238095238
			14.2206349206349	-11.8587301587302
			14.2206349206349	-11.9079365079365
			14.2206349206349	-11.9571428571429
			14.2206349206349	-12.0063492063492
			14.2206349206349	-12.0555555555556
			14.2698412698413	-12.0555555555556
			14.2698412698413	-12.1047619047619
			14.3190476190476	-12.1047619047619
			14.368253968254	-12.1047619047619
			14.4174603174603	-12.1047619047619
			14.4666666666667	-12.1047619047619
			14.515873015873	-12.0555555555556
			14.5650793650794	-12.0555555555556
			14.5650793650794	-12.0063492063492
			14.6142857142857	-12.0063492063492
			14.6634920634921	-11.9571428571429
			14.7126984126984	-11.9079365079365
			14.7619047619048	-11.8587301587302
			14.7619047619048	-11.8095238095238
			14.8111111111111	-11.7603174603175
			14.8603174603175	-11.7111111111111
			14.9095238095238	-11.6619047619048
			14.9095238095238	-11.6126984126984
			14.9587301587302	-11.5634920634921
			14.9587301587302	-11.5142857142857
			15.0079365079365	-11.5142857142857
			15.0079365079365	-11.4650793650794
			15.0571428571429	-11.415873015873
			15.0571428571429	-11.3666666666667
			15.1063492063492	-11.3174603174603
			15.1063492063492	-11.268253968254
			15.1063492063492	-11.2190476190476
			15.1555555555556	-11.2190476190476
			15.1555555555556	-11.1698412698413
			15.1555555555556	-11.1206349206349
			15.2047619047619	-11.0714285714286
			15.2047619047619	-11.0222222222222
			15.2539682539683	-10.9730158730159
			15.2539682539683	-10.9238095238095
			15.3031746031746	-10.8746031746032
			15.3031746031746	-10.8253968253968
			15.3031746031746	-10.7761904761905
			15.352380952381	-10.7269841269841
			15.352380952381	-10.6777777777778
			15.4015873015873	-10.6285714285714
			15.4015873015873	-10.5793650793651
			15.4507936507937	-10.5301587301587
			15.4507936507937	-10.4809523809524
			15.4507936507937	-10.431746031746
			15.5	-10.3825396825397
			15.5	-10.3333333333333
			15.5492063492063	-10.284126984127
			15.5492063492063	-10.2349206349206
			15.5492063492063	-10.1857142857143
			15.5984126984127	-10.1365079365079
			15.5984126984127	-10.0873015873016
			15.5984126984127	-10.0380952380952
			15.647619047619	-9.98888888888889
			15.647619047619	-9.93968253968254
			15.647619047619	-9.89047619047619
			15.6968253968254	-9.84126984126984
			15.6968253968254	-9.79206349206349
			15.6968253968254	-9.74285714285714
			15.7460317460317	-9.69365079365079
			15.7460317460317	-9.64444444444444
			15.7460317460317	-9.59523809523809
			15.7952380952381	-9.54603174603175
			15.7952380952381	-9.4968253968254
			15.7952380952381	-9.44761904761905
			15.8444444444444	-9.3984126984127
			15.8444444444444	-9.34920634920635
			15.8444444444444	-9.3
			15.8936507936508	-9.25079365079365
			15.8936507936508	-9.2015873015873
			15.8936507936508	-9.15238095238095
			15.9428571428571	-9.1031746031746
			15.9428571428571	-9.05396825396825
			15.9428571428571	-9.0047619047619
			15.9428571428571	-8.95555555555556
			15.9920634920635	-8.90634920634921
			15.9920634920635	-8.85714285714286
			15.9920634920635	-8.80793650793651
			16.0412698412698	-8.75873015873016
			16.0412698412698	-8.70952380952381
			16.0412698412698	-8.66031746031746
			16.0904761904762	-8.61111111111111
			16.0904761904762	-8.56190476190476
			16.0904761904762	-8.51269841269841
			16.1396825396825	-8.46349206349206
			16.1396825396825	-8.41428571428571
			16.1396825396825	-8.36507936507937
			16.1396825396825	-8.31587301587302
			16.1888888888889	-8.26666666666667
			16.1888888888889	-8.21746031746032
			16.1888888888889	-8.16825396825397
			16.2380952380952	-8.11904761904762
			16.2380952380952	-8.06984126984127
			16.2380952380952	-8.02063492063492
			16.2380952380952	-7.97142857142857
			16.2873015873016	-7.92222222222222
			16.2873015873016	-7.87301587301587
			16.2873015873016	-7.82380952380952
			16.3365079365079	-7.77460317460317
			16.3365079365079	-7.72539682539683
			16.3365079365079	-7.67619047619048
			16.3365079365079	-7.62698412698413
			16.3857142857143	-7.57777777777778
			16.3857142857143	-7.52857142857143
			16.3857142857143	-7.47936507936508
			16.4349206349206	-7.43015873015873
			16.4349206349206	-7.38095238095238
			16.4349206349206	-7.33174603174603
		</posterior>
	</curves.scaled>
	<ruler.points type=matrix rownames=TRUE colnames=FALSE nrow=2 ncol=2 as.numeric=TRUE >
		Ruler point 1	188	68
		Ruler point 2	188	131
	</ruler.points>
</shapes>

