<shapes type=list>
	<ruler.pixel type=vector names=FALSE length=1 as.numeric=TRUE >57</ruler.pixel>
	<ruler.interval type=vector names=FALSE length=1 as.numeric=TRUE >1</ruler.interval>
	<scaling.units type=vector names=FALSE length=1 as.numeric=FALSE >mm</scaling.units>
	<scaling type=vector names=FALSE length=1 as.numeric=TRUE >0.0175438596491228</scaling>
	<landmarks.pixel type=matrix rownames=TRUE colnames=FALSE nrow=16 ncol=2 as.numeric=TRUE >
		LM1	278	306
		LM2	278	306
		LM3	278	584
		LM4	276	624
		LM5	442	426
		LM6	348	599
		LM7	363	618
		LM8	438	446
		LM9	473	506
		LM10	278	306
		LM11	478	509
		LM12	505	517
		LM13	278	306
		LM14	475	488
		LM15	523	624
		LM16	500	654
	</landmarks.pixel>
	<landmarks.scaled type=matrix rownames=TRUE colnames=FALSE nrow=16 ncol=2 as.numeric=TRUE >
		LM1	4.87719298245614	-5.36842105263158
		LM2	4.87719298245614	-5.36842105263158
		LM3	4.87719298245614	-10.2456140350877
		LM4	4.84210526315789	-10.9473684210526
		LM5	7.75438596491228	-7.47368421052632
		LM6	6.10526315789474	-10.5087719298246
		LM7	6.36842105263158	-10.8421052631579
		LM8	7.68421052631579	-7.82456140350877
		LM9	8.29824561403509	-8.87719298245614
		LM10	4.87719298245614	-5.36842105263158
		LM11	8.3859649122807	-8.92982456140351
		LM12	8.85964912280702	-9.07017543859649
		LM13	4.87719298245614	-5.36842105263158
		LM14	8.33333333333333	-8.56140350877193
		LM15	9.17543859649123	-10.9473684210526
		LM16	8.7719298245614	-11.4736842105263
	</landmarks.scaled>
	<curves.control type=list>
		<glabella type=matrix rownames=FALSE colnames=FALSE nrow=13 ncol=2 as.numeric=TRUE >
			278	306
			335	309
			397	361
			452	417
			440	430
			421	472
			394	504
			369	534
			344	560
			354	573
			341	595
			359	601
			363	618
		</glabella>
		<suture type=matrix rownames=FALSE colnames=FALSE nrow=11 ncol=2 as.numeric=TRUE >
			278	306
			382	319
			441	417
			444	433
			442	449
			491	494
			457	508
			455	512
			478	509
			492	512
			505	517
		</suture>
		<anterior type=matrix rownames=FALSE colnames=FALSE nrow=13 ncol=2 as.numeric=TRUE >
			278	306
			335	309
			397	361
			422	384
			441	416
			480	464
			493	493
			513	529
			515	558
			519	577
			523	598
			525	610
			523	624
		</anterior>
		<posterior type=matrix rownames=FALSE colnames=FALSE nrow=15 ncol=2 as.numeric=TRUE >
			276	624
			301	622
			333	632
			343	629
			350	623
			358	620
			365	621
			373	624
			387	623
			402	625
			436	628
			463	650
			500	654
			512	654
			523	624
		</posterior>
	</curves.control>
	<curves.pixel type=list>
		<glabella type=matrix rownames=FALSE colnames=FALSE nrow=398 ncol=2 as.numeric=TRUE >
			278	306
			279	306
			280	306
			281	306
			282	306
			283	306
			284	306
			285	307
			286	307
			287	307
			288	307
			289	307
			290	307
			291	307
			292	307
			293	308
			294	308
			295	308
			296	308
			297	308
			298	309
			299	309
			300	309
			301	309
			302	309
			303	310
			304	310
			305	310
			306	310
			307	311
			308	311
			309	311
			310	311
			310	312
			311	312
			312	312
			313	312
			314	313
			315	313
			316	313
			317	314
			318	314
			319	314
			320	315
			321	315
			322	315
			323	316
			324	316
			325	316
			326	317
			327	317
			328	318
			329	318
			330	318
			331	319
			332	319
			333	320
			334	320
			335	321
			336	321
			337	322
			338	322
			339	322
			340	323
			341	323
			342	324
			343	324
			344	325
			345	325
			346	326
			347	326
			348	327
			349	327
			350	328
			351	329
			352	329
			353	330
			354	330
			355	331
			356	331
			357	332
			358	333
			359	333
			360	334
			361	334
			362	335
			363	336
			364	336
			365	337
			366	338
			367	338
			368	339
			369	340
			370	340
			371	341
			372	342
			373	342
			374	343
			375	344
			376	344
			377	345
			378	346
			379	347
			380	347
			381	348
			382	349
			383	350
			384	350
			385	351
			386	352
			387	353
			388	354
			389	354
			390	355
			391	356
			392	357
			393	358
			394	358
			395	359
			396	360
			397	361
			398	362
			399	363
			400	364
			401	365
			401	366
			402	366
			403	367
			404	368
			405	369
			406	370
			406	371
			407	372
			408	373
			409	373
			410	374
			410	375
			411	376
			412	377
			413	378
			414	379
			415	380
			416	381
			417	382
			417	383
			418	384
			419	385
			420	386
			421	387
			422	388
			423	389
			424	390
			425	391
			425	392
			426	393
			427	394
			428	395
			428	396
			429	397
			430	398
			430	399
			431	400
			432	401
			432	402
			433	403
			434	404
			434	405
			435	405
			435	406
			436	407
			436	408
			437	409
			438	410
			438	411
			438	412
			439	413
			439	414
			440	414
			440	415
			440	416
			441	417
			441	418
			441	419
			442	420
			442	421
			442	422
			442	423
			442	424
			442	425
			442	426
			442	427
			441	428
			441	429
			440	430
			440	431
			439	432
			439	433
			438	434
			438	435
			437	436
			437	437
			436	438
			436	439
			435	440
			435	441
			435	442
			434	442
			434	443
			433	444
			433	445
			432	446
			432	447
			431	448
			431	449
			430	450
			429	451
			429	452
			428	453
			428	454
			427	455
			427	456
			426	457
			426	458
			425	459
			425	460
			424	461
			423	462
			423	463
			422	464
			422	465
			421	466
			421	467
			420	468
			419	469
			419	470
			418	471
			418	472
			417	473
			416	474
			416	475
			415	475
			415	476
			414	477
			413	478
			413	479
			412	480
			412	481
			411	482
			410	483
			410	484
			409	485
			408	485
			408	486
			407	487
			406	488
			406	489
			405	490
			405	491
			404	492
			403	492
			403	493
			402	494
			401	495
			401	496
			400	497
			399	498
			398	499
			397	500
			396	501
			395	502
			395	503
			394	504
			393	505
			392	506
			392	507
			391	508
			390	509
			389	510
			388	511
			388	512
			387	512
			386	513
			385	514
			385	515
			384	516
			383	517
			382	518
			382	519
			381	520
			380	520
			379	521
			378	522
			378	523
			377	524
			376	525
			375	526
			375	527
			374	528
			373	528
			372	529
			372	530
			371	531
			370	532
			369	533
			368	534
			367	535
			366	536
			365	537
			364	538
			363	539
			362	540
			361	541
			361	542
			360	543
			359	544
			358	545
			357	546
			356	547
			355	548
			354	549
			353	550
			352	551
			351	552
			350	553
			349	554
			349	555
			348	556
			347	557
			346	558
			345	559
			344	560
			344	561
			345	561
			345	562
			346	563
			346	564
			347	565
			347	566
			348	567
			348	568
			348	569
			348	570
			348	571
			348	572
			348	573
			348	574
			348	575
			348	576
			348	577
			348	578
			348	579
			348	580
			347	581
			347	582
			347	583
			346	584
			346	585
			346	586
			345	587
			345	588
			344	589
			344	590
			343	591
			343	592
			342	593
			342	594
			341	595
			342	595
			343	596
			344	596
			345	597
			346	597
			347	598
			348	598
			349	599
			350	599
			351	600
			352	600
			353	601
			353	602
			354	602
			355	603
			356	604
			356	605
			357	605
			358	606
			358	607
			359	608
			359	609
			360	610
			361	611
			361	612
			362	613
			362	614
			362	615
			363	616
			363	617
			363	618
		</glabella>
		<suture type=matrix rownames=FALSE colnames=FALSE nrow=341 ncol=2 as.numeric=TRUE >
			278	306
			279	306
			280	306
			281	306
			282	307
			283	307
			284	307
			285	307
			286	307
			287	307
			288	307
			289	308
			290	308
			291	308
			292	308
			293	308
			294	309
			295	309
			296	309
			297	309
			298	309
			299	310
			300	310
			301	310
			302	310
			303	311
			304	311
			305	311
			306	311
			307	311
			308	312
			309	312
			310	312
			311	313
			312	313
			313	313
			314	313
			315	314
			316	314
			317	314
			317	315
			318	315
			319	315
			320	315
			321	316
			322	316
			323	316
			324	317
			325	317
			326	317
			327	318
			328	318
			329	318
			330	319
			331	319
			332	320
			333	320
			334	320
			334	321
			335	321
			336	321
			337	322
			338	322
			339	323
			340	323
			341	323
			341	324
			342	324
			343	324
			344	325
			345	325
			346	326
			347	326
			348	327
			349	327
			350	328
			351	328
			351	329
			352	329
			353	330
			354	330
			355	331
			356	331
			357	332
			358	332
			359	333
			360	334
			361	334
			362	335
			363	335
			364	336
			365	337
			366	337
			367	338
			368	339
			369	339
			370	340
			371	340
			372	341
			373	342
			374	343
			375	343
			376	344
			377	345
			378	345
			379	346
			380	347
			381	348
			382	349
			383	349
			384	350
			385	351
			386	351
			386	352
			387	353
			388	353
			389	354
			390	355
			391	356
			392	357
			393	358
			394	359
			395	360
			396	361
			397	361
			398	362
			399	363
			400	364
			401	365
			402	366
			403	367
			404	368
			404	369
			405	370
			406	371
			407	372
			408	373
			409	374
			410	375
			411	376
			412	377
			413	378
			413	379
			414	380
			415	381
			416	382
			417	383
			418	384
			419	385
			419	386
			420	387
			421	388
			422	389
			423	390
			424	391
			425	392
			425	393
			426	394
			427	395
			427	396
			428	397
			428	398
			429	398
			429	399
			430	400
			431	401
			431	402
			432	403
			433	404
			434	405
			434	406
			435	407
			436	408
			436	409
			437	410
			437	411
			438	411
			438	412
			438	413
			439	413
			439	414
			440	415
			440	416
			441	417
			441	418
			441	419
			441	420
			442	420
			442	421
			442	422
			442	423
			442	424
			442	425
			442	426
			442	427
			442	428
			443	429
			443	430
			443	431
			443	432
			443	433
			443	434
			443	435
			443	436
			443	437
			443	438
			443	439
			443	440
			443	441
			443	442
			443	443
			443	444
			442	444
			442	445
			442	446
			442	447
			442	448
			442	449
			443	450
			444	451
			445	452
			446	452
			446	453
			447	454
			448	455
			449	455
			449	456
			450	457
			451	457
			451	458
			452	459
			453	459
			453	460
			454	461
			455	461
			455	462
			456	463
			457	464
			458	465
			459	466
			459	467
			460	468
			461	469
			462	470
			462	471
			463	472
			464	473
			464	474
			465	474
			465	475
			466	476
			466	477
			467	478
			468	479
			468	480
			468	481
			469	482
			469	483
			469	484
			470	485
			470	486
			470	487
			471	488
			471	489
			471	490
			471	491
			471	492
			471	493
			471	494
			471	495
			470	495
			470	496
			470	497
			470	498
			469	499
			468	500
			467	501
			466	502
			465	503
			465	504
			464	505
			463	505
			462	505
			462	506
			461	506
			460	507
			459	507
			458	508
			457	508
			457	509
			458	510
			459	510
			460	510
			461	510
			462	510
			463	510
			464	510
			465	510
			466	510
			467	510
			468	510
			469	510
			470	510
			471	510
			472	510
			473	510
			474	509
			475	509
			476	509
			477	509
			478	509
			479	509
			480	509
			481	510
			482	510
			483	510
			484	510
			484	511
			485	511
			486	511
			487	511
			488	511
			489	512
			490	512
			491	512
			492	512
			492	513
			493	513
			494	513
			495	513
			496	514
			497	514
			498	514
			498	515
			499	515
			500	515
			501	515
			502	516
			503	516
			504	517
			505	517
		</suture>
		<anterior type=matrix rownames=FALSE colnames=FALSE nrow=402 ncol=2 as.numeric=TRUE >
			278	306
			279	306
			280	306
			281	306
			282	306
			283	306
			284	306
			285	307
			286	307
			287	307
			288	307
			289	307
			290	307
			291	307
			292	307
			293	308
			294	308
			295	308
			296	308
			297	308
			298	309
			299	309
			300	309
			301	309
			302	309
			303	310
			304	310
			305	310
			306	310
			307	311
			308	311
			309	311
			310	312
			311	312
			312	312
			313	312
			314	313
			315	313
			316	313
			317	314
			318	314
			319	314
			320	315
			321	315
			322	316
			323	316
			324	316
			325	317
			326	317
			327	317
			328	318
			329	318
			330	319
			331	319
			332	319
			333	320
			334	320
			335	321
			336	321
			337	321
			337	322
			338	322
			339	323
			340	323
			341	324
			342	324
			343	324
			344	325
			345	325
			345	326
			346	326
			347	327
			348	327
			349	328
			350	328
			351	329
			352	329
			353	330
			354	330
			354	331
			355	331
			356	332
			357	332
			358	333
			359	333
			360	334
			361	334
			362	335
			363	336
			364	337
			365	337
			366	338
			367	339
			368	339
			369	340
			370	341
			371	341
			372	342
			373	342
			374	343
			374	344
			375	344
			376	345
			377	345
			377	346
			378	346
			379	347
			380	347
			381	348
			381	349
			382	349
			383	350
			384	350
			385	351
			385	352
			386	352
			387	353
			388	353
			389	354
			389	355
			390	355
			391	356
			392	357
			393	357
			393	358
			394	359
			395	359
			396	360
			396	361
			397	361
			398	362
			399	363
			400	364
			401	365
			402	366
			403	366
			403	367
			404	368
			405	369
			406	369
			406	370
			407	371
			408	372
			409	373
			410	374
			411	375
			412	376
			413	377
			414	378
			414	379
			415	380
			416	381
			417	382
			418	383
			419	384
			419	385
			420	386
			421	387
			422	388
			423	389
			423	390
			424	391
			425	392
			426	393
			427	394
			427	395
			428	396
			429	397
			430	398
			430	399
			431	400
			432	401
			432	402
			433	403
			433	404
			434	405
			435	406
			436	407
			436	408
			437	409
			438	410
			438	411
			439	412
			439	413
			440	414
			441	415
			441	416
			442	417
			442	418
			443	419
			444	420
			445	420
			445	421
			446	422
			447	423
			447	424
			448	425
			449	426
			450	427
			450	428
			451	428
			452	429
			452	430
			453	431
			454	432
			454	433
			455	434
			456	435
			457	436
			458	437
			458	438
			459	439
			460	440
			461	441
			461	442
			462	443
			463	444
			464	445
			464	446
			465	447
			466	448
			466	449
			467	450
			468	451
			468	452
			469	453
			470	454
			471	455
			472	456
			472	457
			472	458
			473	458
			473	459
			474	460
			475	461
			475	462
			476	463
			477	464
			477	465
			478	466
			479	467
			479	468
			480	469
			480	470
			481	471
			482	472
			482	473
			483	474
			484	475
			484	476
			485	477
			485	478
			486	479
			486	480
			487	481
			487	482
			488	483
			488	484
			489	485
			489	486
			490	487
			491	488
			491	489
			492	490
			492	491
			493	492
			493	493
			494	494
			494	495
			494	496
			495	496
			495	497
			496	498
			496	499
			497	500
			497	501
			498	502
			498	503
			499	504
			499	505
			500	506
			500	507
			501	508
			501	509
			502	510
			502	511
			503	512
			503	513
			504	514
			504	515
			504	516
			505	517
			505	518
			506	519
			506	520
			506	521
			507	522
			507	523
			508	524
			508	525
			508	526
			509	527
			509	528
			509	529
			509	530
			510	531
			510	532
			510	533
			511	534
			511	535
			511	536
			511	537
			512	538
			512	539
			512	540
			512	541
			513	541
			513	542
			513	543
			513	544
			513	545
			513	546
			514	547
			514	548
			514	549
			514	550
			514	551
			514	552
			515	553
			515	554
			515	555
			515	556
			515	557
			515	558
			515	559
			515	560
			516	561
			516	562
			516	563
			516	564
			517	565
			517	566
			517	567
			517	568
			517	569
			518	570
			518	571
			518	572
			518	573
			518	574
			519	575
			519	576
			519	577
			519	578
			519	579
			520	580
			520	581
			520	582
			520	583
			520	584
			521	585
			521	586
			521	587
			521	588
			521	589
			521	590
			522	590
			522	591
			522	592
			522	593
			522	594
			522	595
			523	596
			523	597
			523	598
			523	599
			523	600
			523	601
			524	602
			524	603
			524	604
			524	605
			524	606
			524	607
			524	608
			524	609
			524	610
			524	611
			524	612
			524	613
			524	614
			524	615
			524	616
			524	617
			524	618
			524	619
			524	620
			523	620
			523	621
			523	622
			523	623
			523	624
		</anterior>
		<posterior type=matrix rownames=FALSE colnames=FALSE nrow=265 ncol=2 as.numeric=TRUE >
			276	624
			277	624
			278	624
			279	624
			280	624
			281	624
			282	624
			283	624
			284	624
			285	624
			286	624
			287	624
			288	624
			289	624
			290	624
			291	624
			292	624
			293	624
			294	624
			295	624
			296	624
			297	624
			298	624
			299	625
			300	625
			301	625
			302	625
			303	625
			304	625
			305	625
			306	626
			307	626
			308	626
			309	626
			310	626
			311	626
			312	627
			313	627
			314	627
			315	627
			316	627
			317	628
			318	628
			319	628
			320	628
			321	629
			322	629
			323	629
			324	629
			325	630
			326	630
			327	630
			328	630
			329	631
			330	631
			331	631
			332	632
			333	632
			334	632
			335	631
			336	631
			337	631
			338	630
			339	630
			340	629
			341	629
			342	628
			343	628
			344	627
			345	627
			346	626
			347	626
			347	625
			348	625
			349	624
			350	623
			351	623
			352	622
			353	622
			354	622
			355	622
			356	621
			357	621
			358	621
			359	621
			360	621
			361	621
			362	621
			363	621
			364	621
			365	621
			366	621
			367	622
			368	622
			369	622
			370	622
			371	622
			371	623
			372	623
			373	623
			374	623
			375	623
			376	623
			377	623
			378	623
			379	623
			380	623
			381	623
			382	623
			383	623
			384	623
			385	623
			386	623
			387	623
			388	623
			389	623
			390	623
			391	624
			392	624
			393	624
			394	624
			395	624
			396	624
			397	624
			398	624
			399	624
			400	625
			401	625
			402	625
			403	625
			404	625
			405	625
			406	625
			407	625
			408	625
			409	625
			410	626
			411	626
			412	626
			413	626
			414	626
			415	626
			416	626
			417	626
			418	626
			419	626
			420	627
			421	627
			422	627
			423	627
			424	627
			425	627
			426	627
			427	627
			428	627
			429	627
			430	628
			431	628
			432	628
			433	628
			434	628
			435	628
			436	628
			437	629
			438	629
			438	630
			439	630
			440	631
			441	632
			442	633
			443	633
			444	634
			445	634
			445	635
			446	636
			447	636
			448	637
			449	637
			450	638
			451	638
			452	639
			453	639
			454	640
			455	641
			456	641
			457	642
			458	642
			459	643
			460	643
			461	644
			462	644
			463	644
			464	645
			465	645
			466	646
			467	646
			468	647
			469	647
			470	647
			471	648
			472	648
			473	648
			474	649
			475	649
			476	649
			477	649
			478	650
			479	650
			480	650
			481	651
			482	651
			483	651
			484	651
			485	652
			486	652
			487	652
			488	652
			489	652
			490	652
			491	653
			492	653
			493	653
			494	653
			495	653
			496	653
			497	654
			498	654
			499	654
			500	654
			501	654
			502	654
			503	653
			504	653
			505	653
			506	652
			507	652
			508	651
			508	650
			509	650
			510	649
			511	648
			511	647
			512	646
			513	645
			514	644
			514	643
			515	642
			515	641
			516	640
			517	639
			517	638
			518	637
			518	636
			519	635
			519	634
			519	633
			520	632
			520	631
			521	630
			521	629
			522	628
			522	627
			522	626
			523	625
			523	624
		</posterior>
	</curves.pixel>
	<curves.scaled type=list>
		<glabella type=matrix rownames=FALSE colnames=FALSE nrow=398 ncol=2 as.numeric=TRUE >
			4.87719298245614	-5.36842105263158
			4.89473684210526	-5.36842105263158
			4.91228070175439	-5.36842105263158
			4.92982456140351	-5.36842105263158
			4.94736842105263	-5.36842105263158
			4.96491228070175	-5.36842105263158
			4.98245614035088	-5.36842105263158
			5	-5.3859649122807
			5.01754385964912	-5.3859649122807
			5.03508771929825	-5.3859649122807
			5.05263157894737	-5.3859649122807
			5.07017543859649	-5.3859649122807
			5.08771929824561	-5.3859649122807
			5.10526315789474	-5.3859649122807
			5.12280701754386	-5.3859649122807
			5.14035087719298	-5.40350877192982
			5.15789473684211	-5.40350877192982
			5.17543859649123	-5.40350877192982
			5.19298245614035	-5.40350877192982
			5.21052631578947	-5.40350877192982
			5.2280701754386	-5.42105263157895
			5.24561403508772	-5.42105263157895
			5.26315789473684	-5.42105263157895
			5.28070175438596	-5.42105263157895
			5.29824561403509	-5.42105263157895
			5.31578947368421	-5.43859649122807
			5.33333333333333	-5.43859649122807
			5.35087719298246	-5.43859649122807
			5.36842105263158	-5.43859649122807
			5.3859649122807	-5.45614035087719
			5.40350877192982	-5.45614035087719
			5.42105263157895	-5.45614035087719
			5.43859649122807	-5.45614035087719
			5.43859649122807	-5.47368421052632
			5.45614035087719	-5.47368421052632
			5.47368421052632	-5.47368421052632
			5.49122807017544	-5.47368421052632
			5.50877192982456	-5.49122807017544
			5.52631578947368	-5.49122807017544
			5.54385964912281	-5.49122807017544
			5.56140350877193	-5.50877192982456
			5.57894736842105	-5.50877192982456
			5.59649122807018	-5.50877192982456
			5.6140350877193	-5.52631578947368
			5.63157894736842	-5.52631578947368
			5.64912280701754	-5.52631578947368
			5.66666666666667	-5.54385964912281
			5.68421052631579	-5.54385964912281
			5.70175438596491	-5.54385964912281
			5.71929824561404	-5.56140350877193
			5.73684210526316	-5.56140350877193
			5.75438596491228	-5.57894736842105
			5.7719298245614	-5.57894736842105
			5.78947368421053	-5.57894736842105
			5.80701754385965	-5.59649122807018
			5.82456140350877	-5.59649122807018
			5.84210526315789	-5.6140350877193
			5.85964912280702	-5.6140350877193
			5.87719298245614	-5.63157894736842
			5.89473684210526	-5.63157894736842
			5.91228070175439	-5.64912280701754
			5.92982456140351	-5.64912280701754
			5.94736842105263	-5.64912280701754
			5.96491228070175	-5.66666666666667
			5.98245614035088	-5.66666666666667
			6	-5.68421052631579
			6.01754385964912	-5.68421052631579
			6.03508771929824	-5.70175438596491
			6.05263157894737	-5.70175438596491
			6.07017543859649	-5.71929824561404
			6.08771929824561	-5.71929824561404
			6.10526315789474	-5.73684210526316
			6.12280701754386	-5.73684210526316
			6.14035087719298	-5.75438596491228
			6.15789473684211	-5.7719298245614
			6.17543859649123	-5.7719298245614
			6.19298245614035	-5.78947368421053
			6.21052631578947	-5.78947368421053
			6.2280701754386	-5.80701754385965
			6.24561403508772	-5.80701754385965
			6.26315789473684	-5.82456140350877
			6.28070175438596	-5.84210526315789
			6.29824561403509	-5.84210526315789
			6.31578947368421	-5.85964912280702
			6.33333333333333	-5.85964912280702
			6.35087719298246	-5.87719298245614
			6.36842105263158	-5.89473684210526
			6.3859649122807	-5.89473684210526
			6.40350877192982	-5.91228070175439
			6.42105263157895	-5.92982456140351
			6.43859649122807	-5.92982456140351
			6.45614035087719	-5.94736842105263
			6.47368421052632	-5.96491228070175
			6.49122807017544	-5.96491228070175
			6.50877192982456	-5.98245614035088
			6.52631578947368	-6
			6.54385964912281	-6
			6.56140350877193	-6.01754385964912
			6.57894736842105	-6.03508771929824
			6.59649122807017	-6.03508771929824
			6.6140350877193	-6.05263157894737
			6.63157894736842	-6.07017543859649
			6.64912280701754	-6.08771929824561
			6.66666666666667	-6.08771929824561
			6.68421052631579	-6.10526315789474
			6.70175438596491	-6.12280701754386
			6.71929824561404	-6.14035087719298
			6.73684210526316	-6.14035087719298
			6.75438596491228	-6.15789473684211
			6.7719298245614	-6.17543859649123
			6.78947368421053	-6.19298245614035
			6.80701754385965	-6.21052631578947
			6.82456140350877	-6.21052631578947
			6.84210526315789	-6.2280701754386
			6.85964912280702	-6.24561403508772
			6.87719298245614	-6.26315789473684
			6.89473684210526	-6.28070175438596
			6.91228070175439	-6.28070175438596
			6.92982456140351	-6.29824561403509
			6.94736842105263	-6.31578947368421
			6.96491228070175	-6.33333333333333
			6.98245614035088	-6.35087719298246
			7	-6.36842105263158
			7.01754385964912	-6.3859649122807
			7.03508771929824	-6.40350877192982
			7.03508771929824	-6.42105263157895
			7.05263157894737	-6.42105263157895
			7.07017543859649	-6.43859649122807
			7.08771929824561	-6.45614035087719
			7.10526315789474	-6.47368421052632
			7.12280701754386	-6.49122807017544
			7.12280701754386	-6.50877192982456
			7.14035087719298	-6.52631578947368
			7.1578947368421	-6.54385964912281
			7.17543859649123	-6.54385964912281
			7.19298245614035	-6.56140350877193
			7.19298245614035	-6.57894736842105
			7.21052631578947	-6.59649122807017
			7.2280701754386	-6.6140350877193
			7.24561403508772	-6.63157894736842
			7.26315789473684	-6.64912280701754
			7.28070175438596	-6.66666666666667
			7.29824561403509	-6.68421052631579
			7.31578947368421	-6.70175438596491
			7.31578947368421	-6.71929824561404
			7.33333333333333	-6.73684210526316
			7.35087719298246	-6.75438596491228
			7.36842105263158	-6.7719298245614
			7.3859649122807	-6.78947368421053
			7.40350877192982	-6.80701754385965
			7.42105263157895	-6.82456140350877
			7.43859649122807	-6.84210526315789
			7.45614035087719	-6.85964912280702
			7.45614035087719	-6.87719298245614
			7.47368421052632	-6.89473684210526
			7.49122807017544	-6.91228070175439
			7.50877192982456	-6.92982456140351
			7.50877192982456	-6.94736842105263
			7.52631578947368	-6.96491228070175
			7.54385964912281	-6.98245614035088
			7.54385964912281	-7
			7.56140350877193	-7.01754385964912
			7.57894736842105	-7.03508771929824
			7.57894736842105	-7.05263157894737
			7.59649122807017	-7.07017543859649
			7.6140350877193	-7.08771929824561
			7.6140350877193	-7.10526315789474
			7.63157894736842	-7.10526315789474
			7.63157894736842	-7.12280701754386
			7.64912280701754	-7.14035087719298
			7.64912280701754	-7.1578947368421
			7.66666666666667	-7.17543859649123
			7.68421052631579	-7.19298245614035
			7.68421052631579	-7.21052631578947
			7.68421052631579	-7.2280701754386
			7.70175438596491	-7.24561403508772
			7.70175438596491	-7.26315789473684
			7.71929824561403	-7.26315789473684
			7.71929824561403	-7.28070175438596
			7.71929824561403	-7.29824561403509
			7.73684210526316	-7.31578947368421
			7.73684210526316	-7.33333333333333
			7.73684210526316	-7.35087719298246
			7.75438596491228	-7.36842105263158
			7.75438596491228	-7.3859649122807
			7.75438596491228	-7.40350877192982
			7.75438596491228	-7.42105263157895
			7.75438596491228	-7.43859649122807
			7.75438596491228	-7.45614035087719
			7.75438596491228	-7.47368421052632
			7.75438596491228	-7.49122807017544
			7.73684210526316	-7.50877192982456
			7.73684210526316	-7.52631578947368
			7.71929824561403	-7.54385964912281
			7.71929824561403	-7.56140350877193
			7.70175438596491	-7.57894736842105
			7.70175438596491	-7.59649122807017
			7.68421052631579	-7.6140350877193
			7.68421052631579	-7.63157894736842
			7.66666666666667	-7.64912280701754
			7.66666666666667	-7.66666666666667
			7.64912280701754	-7.68421052631579
			7.64912280701754	-7.70175438596491
			7.63157894736842	-7.71929824561403
			7.63157894736842	-7.73684210526316
			7.63157894736842	-7.75438596491228
			7.6140350877193	-7.75438596491228
			7.6140350877193	-7.7719298245614
			7.59649122807017	-7.78947368421053
			7.59649122807017	-7.80701754385965
			7.57894736842105	-7.82456140350877
			7.57894736842105	-7.84210526315789
			7.56140350877193	-7.85964912280702
			7.56140350877193	-7.87719298245614
			7.54385964912281	-7.89473684210526
			7.52631578947368	-7.91228070175439
			7.52631578947368	-7.92982456140351
			7.50877192982456	-7.94736842105263
			7.50877192982456	-7.96491228070175
			7.49122807017544	-7.98245614035088
			7.49122807017544	-8
			7.47368421052632	-8.01754385964912
			7.47368421052632	-8.03508771929824
			7.45614035087719	-8.05263157894737
			7.45614035087719	-8.07017543859649
			7.43859649122807	-8.08771929824561
			7.42105263157895	-8.10526315789474
			7.42105263157895	-8.12280701754386
			7.40350877192982	-8.14035087719298
			7.40350877192982	-8.1578947368421
			7.3859649122807	-8.17543859649123
			7.3859649122807	-8.19298245614035
			7.36842105263158	-8.21052631578947
			7.35087719298246	-8.2280701754386
			7.35087719298246	-8.24561403508772
			7.33333333333333	-8.26315789473684
			7.33333333333333	-8.28070175438596
			7.31578947368421	-8.29824561403509
			7.29824561403509	-8.31578947368421
			7.29824561403509	-8.33333333333333
			7.28070175438596	-8.33333333333333
			7.28070175438596	-8.35087719298246
			7.26315789473684	-8.36842105263158
			7.24561403508772	-8.3859649122807
			7.24561403508772	-8.40350877192982
			7.2280701754386	-8.42105263157895
			7.2280701754386	-8.43859649122807
			7.21052631578947	-8.45614035087719
			7.19298245614035	-8.47368421052632
			7.19298245614035	-8.49122807017544
			7.17543859649123	-8.50877192982456
			7.1578947368421	-8.50877192982456
			7.1578947368421	-8.52631578947368
			7.14035087719298	-8.54385964912281
			7.12280701754386	-8.56140350877193
			7.12280701754386	-8.57894736842105
			7.10526315789474	-8.59649122807017
			7.10526315789474	-8.6140350877193
			7.08771929824561	-8.63157894736842
			7.07017543859649	-8.63157894736842
			7.07017543859649	-8.64912280701754
			7.05263157894737	-8.66666666666667
			7.03508771929824	-8.68421052631579
			7.03508771929824	-8.70175438596491
			7.01754385964912	-8.71929824561403
			7	-8.73684210526316
			6.98245614035088	-8.75438596491228
			6.96491228070175	-8.7719298245614
			6.94736842105263	-8.78947368421053
			6.92982456140351	-8.80701754385965
			6.92982456140351	-8.82456140350877
			6.91228070175439	-8.84210526315789
			6.89473684210526	-8.85964912280702
			6.87719298245614	-8.87719298245614
			6.87719298245614	-8.89473684210526
			6.85964912280702	-8.91228070175439
			6.84210526315789	-8.92982456140351
			6.82456140350877	-8.94736842105263
			6.80701754385965	-8.96491228070175
			6.80701754385965	-8.98245614035088
			6.78947368421053	-8.98245614035088
			6.7719298245614	-9
			6.75438596491228	-9.01754385964912
			6.75438596491228	-9.03508771929824
			6.73684210526316	-9.05263157894737
			6.71929824561404	-9.07017543859649
			6.70175438596491	-9.08771929824561
			6.70175438596491	-9.10526315789474
			6.68421052631579	-9.12280701754386
			6.66666666666667	-9.12280701754386
			6.64912280701754	-9.14035087719298
			6.63157894736842	-9.1578947368421
			6.63157894736842	-9.17543859649123
			6.6140350877193	-9.19298245614035
			6.59649122807017	-9.21052631578947
			6.57894736842105	-9.2280701754386
			6.57894736842105	-9.24561403508772
			6.56140350877193	-9.26315789473684
			6.54385964912281	-9.26315789473684
			6.52631578947368	-9.28070175438596
			6.52631578947368	-9.29824561403509
			6.50877192982456	-9.31578947368421
			6.49122807017544	-9.33333333333333
			6.47368421052632	-9.35087719298246
			6.45614035087719	-9.36842105263158
			6.43859649122807	-9.3859649122807
			6.42105263157895	-9.40350877192982
			6.40350877192982	-9.42105263157895
			6.3859649122807	-9.43859649122807
			6.36842105263158	-9.45614035087719
			6.35087719298246	-9.47368421052632
			6.33333333333333	-9.49122807017544
			6.33333333333333	-9.50877192982456
			6.31578947368421	-9.52631578947368
			6.29824561403509	-9.54385964912281
			6.28070175438596	-9.56140350877193
			6.26315789473684	-9.57894736842105
			6.24561403508772	-9.59649122807017
			6.2280701754386	-9.6140350877193
			6.21052631578947	-9.63157894736842
			6.19298245614035	-9.64912280701754
			6.17543859649123	-9.66666666666667
			6.15789473684211	-9.68421052631579
			6.14035087719298	-9.70175438596491
			6.12280701754386	-9.71929824561403
			6.12280701754386	-9.73684210526316
			6.10526315789474	-9.75438596491228
			6.08771929824561	-9.7719298245614
			6.07017543859649	-9.78947368421053
			6.05263157894737	-9.80701754385965
			6.03508771929824	-9.82456140350877
			6.03508771929824	-9.84210526315789
			6.05263157894737	-9.84210526315789
			6.05263157894737	-9.85964912280702
			6.07017543859649	-9.87719298245614
			6.07017543859649	-9.89473684210526
			6.08771929824561	-9.91228070175439
			6.08771929824561	-9.92982456140351
			6.10526315789474	-9.94736842105263
			6.10526315789474	-9.96491228070175
			6.10526315789474	-9.98245614035088
			6.10526315789474	-10
			6.10526315789474	-10.0175438596491
			6.10526315789474	-10.0350877192982
			6.10526315789474	-10.0526315789474
			6.10526315789474	-10.0701754385965
			6.10526315789474	-10.0877192982456
			6.10526315789474	-10.1052631578947
			6.10526315789474	-10.1228070175439
			6.10526315789474	-10.140350877193
			6.10526315789474	-10.1578947368421
			6.10526315789474	-10.1754385964912
			6.08771929824561	-10.1929824561404
			6.08771929824561	-10.2105263157895
			6.08771929824561	-10.2280701754386
			6.07017543859649	-10.2456140350877
			6.07017543859649	-10.2631578947368
			6.07017543859649	-10.280701754386
			6.05263157894737	-10.2982456140351
			6.05263157894737	-10.3157894736842
			6.03508771929824	-10.3333333333333
			6.03508771929824	-10.3508771929825
			6.01754385964912	-10.3684210526316
			6.01754385964912	-10.3859649122807
			6	-10.4035087719298
			6	-10.4210526315789
			5.98245614035088	-10.4385964912281
			6	-10.4385964912281
			6.01754385964912	-10.4561403508772
			6.03508771929824	-10.4561403508772
			6.05263157894737	-10.4736842105263
			6.07017543859649	-10.4736842105263
			6.08771929824561	-10.4912280701754
			6.10526315789474	-10.4912280701754
			6.12280701754386	-10.5087719298246
			6.14035087719298	-10.5087719298246
			6.15789473684211	-10.5263157894737
			6.17543859649123	-10.5263157894737
			6.19298245614035	-10.5438596491228
			6.19298245614035	-10.5614035087719
			6.21052631578947	-10.5614035087719
			6.2280701754386	-10.5789473684211
			6.24561403508772	-10.5964912280702
			6.24561403508772	-10.6140350877193
			6.26315789473684	-10.6140350877193
			6.28070175438596	-10.6315789473684
			6.28070175438596	-10.6491228070175
			6.29824561403509	-10.6666666666667
			6.29824561403509	-10.6842105263158
			6.31578947368421	-10.7017543859649
			6.33333333333333	-10.719298245614
			6.33333333333333	-10.7368421052632
			6.35087719298246	-10.7543859649123
			6.35087719298246	-10.7719298245614
			6.35087719298246	-10.7894736842105
			6.36842105263158	-10.8070175438596
			6.36842105263158	-10.8245614035088
			6.36842105263158	-10.8421052631579
		</glabella>
		<suture type=matrix rownames=FALSE colnames=FALSE nrow=341 ncol=2 as.numeric=TRUE >
			4.87719298245614	-5.36842105263158
			4.89473684210526	-5.36842105263158
			4.91228070175439	-5.36842105263158
			4.92982456140351	-5.36842105263158
			4.94736842105263	-5.3859649122807
			4.96491228070175	-5.3859649122807
			4.98245614035088	-5.3859649122807
			5	-5.3859649122807
			5.01754385964912	-5.3859649122807
			5.03508771929825	-5.3859649122807
			5.05263157894737	-5.3859649122807
			5.07017543859649	-5.40350877192982
			5.08771929824561	-5.40350877192982
			5.10526315789474	-5.40350877192982
			5.12280701754386	-5.40350877192982
			5.14035087719298	-5.40350877192982
			5.15789473684211	-5.42105263157895
			5.17543859649123	-5.42105263157895
			5.19298245614035	-5.42105263157895
			5.21052631578947	-5.42105263157895
			5.2280701754386	-5.42105263157895
			5.24561403508772	-5.43859649122807
			5.26315789473684	-5.43859649122807
			5.28070175438596	-5.43859649122807
			5.29824561403509	-5.43859649122807
			5.31578947368421	-5.45614035087719
			5.33333333333333	-5.45614035087719
			5.35087719298246	-5.45614035087719
			5.36842105263158	-5.45614035087719
			5.3859649122807	-5.45614035087719
			5.40350877192982	-5.47368421052632
			5.42105263157895	-5.47368421052632
			5.43859649122807	-5.47368421052632
			5.45614035087719	-5.49122807017544
			5.47368421052632	-5.49122807017544
			5.49122807017544	-5.49122807017544
			5.50877192982456	-5.49122807017544
			5.52631578947368	-5.50877192982456
			5.54385964912281	-5.50877192982456
			5.56140350877193	-5.50877192982456
			5.56140350877193	-5.52631578947368
			5.57894736842105	-5.52631578947368
			5.59649122807018	-5.52631578947368
			5.6140350877193	-5.52631578947368
			5.63157894736842	-5.54385964912281
			5.64912280701754	-5.54385964912281
			5.66666666666667	-5.54385964912281
			5.68421052631579	-5.56140350877193
			5.70175438596491	-5.56140350877193
			5.71929824561404	-5.56140350877193
			5.73684210526316	-5.57894736842105
			5.75438596491228	-5.57894736842105
			5.7719298245614	-5.57894736842105
			5.78947368421053	-5.59649122807018
			5.80701754385965	-5.59649122807018
			5.82456140350877	-5.6140350877193
			5.84210526315789	-5.6140350877193
			5.85964912280702	-5.6140350877193
			5.85964912280702	-5.63157894736842
			5.87719298245614	-5.63157894736842
			5.89473684210526	-5.63157894736842
			5.91228070175439	-5.64912280701754
			5.92982456140351	-5.64912280701754
			5.94736842105263	-5.66666666666667
			5.96491228070175	-5.66666666666667
			5.98245614035088	-5.66666666666667
			5.98245614035088	-5.68421052631579
			6	-5.68421052631579
			6.01754385964912	-5.68421052631579
			6.03508771929824	-5.70175438596491
			6.05263157894737	-5.70175438596491
			6.07017543859649	-5.71929824561404
			6.08771929824561	-5.71929824561404
			6.10526315789474	-5.73684210526316
			6.12280701754386	-5.73684210526316
			6.14035087719298	-5.75438596491228
			6.15789473684211	-5.75438596491228
			6.15789473684211	-5.7719298245614
			6.17543859649123	-5.7719298245614
			6.19298245614035	-5.78947368421053
			6.21052631578947	-5.78947368421053
			6.2280701754386	-5.80701754385965
			6.24561403508772	-5.80701754385965
			6.26315789473684	-5.82456140350877
			6.28070175438596	-5.82456140350877
			6.29824561403509	-5.84210526315789
			6.31578947368421	-5.85964912280702
			6.33333333333333	-5.85964912280702
			6.35087719298246	-5.87719298245614
			6.36842105263158	-5.87719298245614
			6.3859649122807	-5.89473684210526
			6.40350877192982	-5.91228070175439
			6.42105263157895	-5.91228070175439
			6.43859649122807	-5.92982456140351
			6.45614035087719	-5.94736842105263
			6.47368421052632	-5.94736842105263
			6.49122807017544	-5.96491228070175
			6.50877192982456	-5.96491228070175
			6.52631578947368	-5.98245614035088
			6.54385964912281	-6
			6.56140350877193	-6.01754385964912
			6.57894736842105	-6.01754385964912
			6.59649122807017	-6.03508771929824
			6.6140350877193	-6.05263157894737
			6.63157894736842	-6.05263157894737
			6.64912280701754	-6.07017543859649
			6.66666666666667	-6.08771929824561
			6.68421052631579	-6.10526315789474
			6.70175438596491	-6.12280701754386
			6.71929824561404	-6.12280701754386
			6.73684210526316	-6.14035087719298
			6.75438596491228	-6.15789473684211
			6.7719298245614	-6.15789473684211
			6.7719298245614	-6.17543859649123
			6.78947368421053	-6.19298245614035
			6.80701754385965	-6.19298245614035
			6.82456140350877	-6.21052631578947
			6.84210526315789	-6.2280701754386
			6.85964912280702	-6.24561403508772
			6.87719298245614	-6.26315789473684
			6.89473684210526	-6.28070175438596
			6.91228070175439	-6.29824561403509
			6.92982456140351	-6.31578947368421
			6.94736842105263	-6.33333333333333
			6.96491228070175	-6.33333333333333
			6.98245614035088	-6.35087719298246
			7	-6.36842105263158
			7.01754385964912	-6.3859649122807
			7.03508771929824	-6.40350877192982
			7.05263157894737	-6.42105263157895
			7.07017543859649	-6.43859649122807
			7.08771929824561	-6.45614035087719
			7.08771929824561	-6.47368421052632
			7.10526315789474	-6.49122807017544
			7.12280701754386	-6.50877192982456
			7.14035087719298	-6.52631578947368
			7.1578947368421	-6.54385964912281
			7.17543859649123	-6.56140350877193
			7.19298245614035	-6.57894736842105
			7.21052631578947	-6.59649122807017
			7.2280701754386	-6.6140350877193
			7.24561403508772	-6.63157894736842
			7.24561403508772	-6.64912280701754
			7.26315789473684	-6.66666666666667
			7.28070175438596	-6.68421052631579
			7.29824561403509	-6.70175438596491
			7.31578947368421	-6.71929824561404
			7.33333333333333	-6.73684210526316
			7.35087719298246	-6.75438596491228
			7.35087719298246	-6.7719298245614
			7.36842105263158	-6.78947368421053
			7.3859649122807	-6.80701754385965
			7.40350877192982	-6.82456140350877
			7.42105263157895	-6.84210526315789
			7.43859649122807	-6.85964912280702
			7.45614035087719	-6.87719298245614
			7.45614035087719	-6.89473684210526
			7.47368421052632	-6.91228070175439
			7.49122807017544	-6.92982456140351
			7.49122807017544	-6.94736842105263
			7.50877192982456	-6.96491228070175
			7.50877192982456	-6.98245614035088
			7.52631578947368	-6.98245614035088
			7.52631578947368	-7
			7.54385964912281	-7.01754385964912
			7.56140350877193	-7.03508771929824
			7.56140350877193	-7.05263157894737
			7.57894736842105	-7.07017543859649
			7.59649122807017	-7.08771929824561
			7.6140350877193	-7.10526315789474
			7.6140350877193	-7.12280701754386
			7.63157894736842	-7.14035087719298
			7.64912280701754	-7.1578947368421
			7.64912280701754	-7.17543859649123
			7.66666666666667	-7.19298245614035
			7.66666666666667	-7.21052631578947
			7.68421052631579	-7.21052631578947
			7.68421052631579	-7.2280701754386
			7.68421052631579	-7.24561403508772
			7.70175438596491	-7.24561403508772
			7.70175438596491	-7.26315789473684
			7.71929824561403	-7.28070175438596
			7.71929824561403	-7.29824561403509
			7.73684210526316	-7.31578947368421
			7.73684210526316	-7.33333333333333
			7.73684210526316	-7.35087719298246
			7.73684210526316	-7.36842105263158
			7.75438596491228	-7.36842105263158
			7.75438596491228	-7.3859649122807
			7.75438596491228	-7.40350877192982
			7.75438596491228	-7.42105263157895
			7.75438596491228	-7.43859649122807
			7.75438596491228	-7.45614035087719
			7.75438596491228	-7.47368421052632
			7.75438596491228	-7.49122807017544
			7.75438596491228	-7.50877192982456
			7.7719298245614	-7.52631578947368
			7.7719298245614	-7.54385964912281
			7.7719298245614	-7.56140350877193
			7.7719298245614	-7.57894736842105
			7.7719298245614	-7.59649122807017
			7.7719298245614	-7.6140350877193
			7.7719298245614	-7.63157894736842
			7.7719298245614	-7.64912280701754
			7.7719298245614	-7.66666666666667
			7.7719298245614	-7.68421052631579
			7.7719298245614	-7.70175438596491
			7.7719298245614	-7.71929824561403
			7.7719298245614	-7.73684210526316
			7.7719298245614	-7.75438596491228
			7.7719298245614	-7.7719298245614
			7.7719298245614	-7.78947368421053
			7.75438596491228	-7.78947368421053
			7.75438596491228	-7.80701754385965
			7.75438596491228	-7.82456140350877
			7.75438596491228	-7.84210526315789
			7.75438596491228	-7.85964912280702
			7.75438596491228	-7.87719298245614
			7.7719298245614	-7.89473684210526
			7.78947368421053	-7.91228070175439
			7.80701754385965	-7.92982456140351
			7.82456140350877	-7.92982456140351
			7.82456140350877	-7.94736842105263
			7.84210526315789	-7.96491228070175
			7.85964912280702	-7.98245614035088
			7.87719298245614	-7.98245614035088
			7.87719298245614	-8
			7.89473684210526	-8.01754385964912
			7.91228070175439	-8.01754385964912
			7.91228070175439	-8.03508771929824
			7.92982456140351	-8.05263157894737
			7.94736842105263	-8.05263157894737
			7.94736842105263	-8.07017543859649
			7.96491228070175	-8.08771929824561
			7.98245614035088	-8.08771929824561
			7.98245614035088	-8.10526315789474
			8	-8.12280701754386
			8.01754385964912	-8.14035087719298
			8.03508771929824	-8.1578947368421
			8.05263157894737	-8.17543859649123
			8.05263157894737	-8.19298245614035
			8.07017543859649	-8.21052631578947
			8.08771929824561	-8.2280701754386
			8.10526315789474	-8.24561403508772
			8.10526315789474	-8.26315789473684
			8.12280701754386	-8.28070175438596
			8.14035087719298	-8.29824561403509
			8.14035087719298	-8.31578947368421
			8.1578947368421	-8.31578947368421
			8.1578947368421	-8.33333333333333
			8.17543859649123	-8.35087719298246
			8.17543859649123	-8.36842105263158
			8.19298245614035	-8.3859649122807
			8.21052631578947	-8.40350877192982
			8.21052631578947	-8.42105263157895
			8.21052631578947	-8.43859649122807
			8.2280701754386	-8.45614035087719
			8.2280701754386	-8.47368421052632
			8.2280701754386	-8.49122807017544
			8.24561403508772	-8.50877192982456
			8.24561403508772	-8.52631578947368
			8.24561403508772	-8.54385964912281
			8.26315789473684	-8.56140350877193
			8.26315789473684	-8.57894736842105
			8.26315789473684	-8.59649122807017
			8.26315789473684	-8.6140350877193
			8.26315789473684	-8.63157894736842
			8.26315789473684	-8.64912280701754
			8.26315789473684	-8.66666666666667
			8.26315789473684	-8.68421052631579
			8.24561403508772	-8.68421052631579
			8.24561403508772	-8.70175438596491
			8.24561403508772	-8.71929824561403
			8.24561403508772	-8.73684210526316
			8.2280701754386	-8.75438596491228
			8.21052631578947	-8.7719298245614
			8.19298245614035	-8.78947368421053
			8.17543859649123	-8.80701754385965
			8.1578947368421	-8.82456140350877
			8.1578947368421	-8.84210526315789
			8.14035087719298	-8.85964912280702
			8.12280701754386	-8.85964912280702
			8.10526315789474	-8.85964912280702
			8.10526315789474	-8.87719298245614
			8.08771929824561	-8.87719298245614
			8.07017543859649	-8.89473684210526
			8.05263157894737	-8.89473684210526
			8.03508771929824	-8.91228070175439
			8.01754385964912	-8.91228070175439
			8.01754385964912	-8.92982456140351
			8.03508771929824	-8.94736842105263
			8.05263157894737	-8.94736842105263
			8.07017543859649	-8.94736842105263
			8.08771929824561	-8.94736842105263
			8.10526315789474	-8.94736842105263
			8.12280701754386	-8.94736842105263
			8.14035087719298	-8.94736842105263
			8.1578947368421	-8.94736842105263
			8.17543859649123	-8.94736842105263
			8.19298245614035	-8.94736842105263
			8.21052631578947	-8.94736842105263
			8.2280701754386	-8.94736842105263
			8.24561403508772	-8.94736842105263
			8.26315789473684	-8.94736842105263
			8.28070175438596	-8.94736842105263
			8.29824561403509	-8.94736842105263
			8.31578947368421	-8.92982456140351
			8.33333333333333	-8.92982456140351
			8.35087719298246	-8.92982456140351
			8.36842105263158	-8.92982456140351
			8.3859649122807	-8.92982456140351
			8.40350877192982	-8.92982456140351
			8.42105263157895	-8.92982456140351
			8.43859649122807	-8.94736842105263
			8.45614035087719	-8.94736842105263
			8.47368421052632	-8.94736842105263
			8.49122807017544	-8.94736842105263
			8.49122807017544	-8.96491228070175
			8.50877192982456	-8.96491228070175
			8.52631578947368	-8.96491228070175
			8.54385964912281	-8.96491228070175
			8.56140350877193	-8.96491228070175
			8.57894736842105	-8.98245614035088
			8.59649122807017	-8.98245614035088
			8.6140350877193	-8.98245614035088
			8.63157894736842	-8.98245614035088
			8.63157894736842	-9
			8.64912280701754	-9
			8.66666666666667	-9
			8.68421052631579	-9
			8.70175438596491	-9.01754385964912
			8.71929824561403	-9.01754385964912
			8.73684210526316	-9.01754385964912
			8.73684210526316	-9.03508771929824
			8.75438596491228	-9.03508771929824
			8.7719298245614	-9.03508771929824
			8.78947368421053	-9.03508771929824
			8.80701754385965	-9.05263157894737
			8.82456140350877	-9.05263157894737
			8.84210526315789	-9.07017543859649
			8.85964912280702	-9.07017543859649
		</suture>
		<anterior type=matrix rownames=FALSE colnames=FALSE nrow=402 ncol=2 as.numeric=TRUE >
			4.87719298245614	-5.36842105263158
			4.89473684210526	-5.36842105263158
			4.91228070175439	-5.36842105263158
			4.92982456140351	-5.36842105263158
			4.94736842105263	-5.36842105263158
			4.96491228070175	-5.36842105263158
			4.98245614035088	-5.36842105263158
			5	-5.3859649122807
			5.01754385964912	-5.3859649122807
			5.03508771929825	-5.3859649122807
			5.05263157894737	-5.3859649122807
			5.07017543859649	-5.3859649122807
			5.08771929824561	-5.3859649122807
			5.10526315789474	-5.3859649122807
			5.12280701754386	-5.3859649122807
			5.14035087719298	-5.40350877192982
			5.15789473684211	-5.40350877192982
			5.17543859649123	-5.40350877192982
			5.19298245614035	-5.40350877192982
			5.21052631578947	-5.40350877192982
			5.2280701754386	-5.42105263157895
			5.24561403508772	-5.42105263157895
			5.26315789473684	-5.42105263157895
			5.28070175438596	-5.42105263157895
			5.29824561403509	-5.42105263157895
			5.31578947368421	-5.43859649122807
			5.33333333333333	-5.43859649122807
			5.35087719298246	-5.43859649122807
			5.36842105263158	-5.43859649122807
			5.3859649122807	-5.45614035087719
			5.40350877192982	-5.45614035087719
			5.42105263157895	-5.45614035087719
			5.43859649122807	-5.47368421052632
			5.45614035087719	-5.47368421052632
			5.47368421052632	-5.47368421052632
			5.49122807017544	-5.47368421052632
			5.50877192982456	-5.49122807017544
			5.52631578947368	-5.49122807017544
			5.54385964912281	-5.49122807017544
			5.56140350877193	-5.50877192982456
			5.57894736842105	-5.50877192982456
			5.59649122807018	-5.50877192982456
			5.6140350877193	-5.52631578947368
			5.63157894736842	-5.52631578947368
			5.64912280701754	-5.54385964912281
			5.66666666666667	-5.54385964912281
			5.68421052631579	-5.54385964912281
			5.70175438596491	-5.56140350877193
			5.71929824561404	-5.56140350877193
			5.73684210526316	-5.56140350877193
			5.75438596491228	-5.57894736842105
			5.7719298245614	-5.57894736842105
			5.78947368421053	-5.59649122807018
			5.80701754385965	-5.59649122807018
			5.82456140350877	-5.59649122807018
			5.84210526315789	-5.6140350877193
			5.85964912280702	-5.6140350877193
			5.87719298245614	-5.63157894736842
			5.89473684210526	-5.63157894736842
			5.91228070175439	-5.63157894736842
			5.91228070175439	-5.64912280701754
			5.92982456140351	-5.64912280701754
			5.94736842105263	-5.66666666666667
			5.96491228070175	-5.66666666666667
			5.98245614035088	-5.68421052631579
			6	-5.68421052631579
			6.01754385964912	-5.68421052631579
			6.03508771929824	-5.70175438596491
			6.05263157894737	-5.70175438596491
			6.05263157894737	-5.71929824561404
			6.07017543859649	-5.71929824561404
			6.08771929824561	-5.73684210526316
			6.10526315789474	-5.73684210526316
			6.12280701754386	-5.75438596491228
			6.14035087719298	-5.75438596491228
			6.15789473684211	-5.7719298245614
			6.17543859649123	-5.7719298245614
			6.19298245614035	-5.78947368421053
			6.21052631578947	-5.78947368421053
			6.21052631578947	-5.80701754385965
			6.2280701754386	-5.80701754385965
			6.24561403508772	-5.82456140350877
			6.26315789473684	-5.82456140350877
			6.28070175438596	-5.84210526315789
			6.29824561403509	-5.84210526315789
			6.31578947368421	-5.85964912280702
			6.33333333333333	-5.85964912280702
			6.35087719298246	-5.87719298245614
			6.36842105263158	-5.89473684210526
			6.3859649122807	-5.91228070175439
			6.40350877192982	-5.91228070175439
			6.42105263157895	-5.92982456140351
			6.43859649122807	-5.94736842105263
			6.45614035087719	-5.94736842105263
			6.47368421052632	-5.96491228070175
			6.49122807017544	-5.98245614035088
			6.50877192982456	-5.98245614035088
			6.52631578947368	-6
			6.54385964912281	-6
			6.56140350877193	-6.01754385964912
			6.56140350877193	-6.03508771929824
			6.57894736842105	-6.03508771929824
			6.59649122807017	-6.05263157894737
			6.6140350877193	-6.05263157894737
			6.6140350877193	-6.07017543859649
			6.63157894736842	-6.07017543859649
			6.64912280701754	-6.08771929824561
			6.66666666666667	-6.08771929824561
			6.68421052631579	-6.10526315789474
			6.68421052631579	-6.12280701754386
			6.70175438596491	-6.12280701754386
			6.71929824561404	-6.14035087719298
			6.73684210526316	-6.14035087719298
			6.75438596491228	-6.15789473684211
			6.75438596491228	-6.17543859649123
			6.7719298245614	-6.17543859649123
			6.78947368421053	-6.19298245614035
			6.80701754385965	-6.19298245614035
			6.82456140350877	-6.21052631578947
			6.82456140350877	-6.2280701754386
			6.84210526315789	-6.2280701754386
			6.85964912280702	-6.24561403508772
			6.87719298245614	-6.26315789473684
			6.89473684210526	-6.26315789473684
			6.89473684210526	-6.28070175438596
			6.91228070175439	-6.29824561403509
			6.92982456140351	-6.29824561403509
			6.94736842105263	-6.31578947368421
			6.94736842105263	-6.33333333333333
			6.96491228070175	-6.33333333333333
			6.98245614035088	-6.35087719298246
			7	-6.36842105263158
			7.01754385964912	-6.3859649122807
			7.03508771929824	-6.40350877192982
			7.05263157894737	-6.42105263157895
			7.07017543859649	-6.42105263157895
			7.07017543859649	-6.43859649122807
			7.08771929824561	-6.45614035087719
			7.10526315789474	-6.47368421052632
			7.12280701754386	-6.47368421052632
			7.12280701754386	-6.49122807017544
			7.14035087719298	-6.50877192982456
			7.1578947368421	-6.52631578947368
			7.17543859649123	-6.54385964912281
			7.19298245614035	-6.56140350877193
			7.21052631578947	-6.57894736842105
			7.2280701754386	-6.59649122807017
			7.24561403508772	-6.6140350877193
			7.26315789473684	-6.63157894736842
			7.26315789473684	-6.64912280701754
			7.28070175438596	-6.66666666666667
			7.29824561403509	-6.68421052631579
			7.31578947368421	-6.70175438596491
			7.33333333333333	-6.71929824561404
			7.35087719298246	-6.73684210526316
			7.35087719298246	-6.75438596491228
			7.36842105263158	-6.7719298245614
			7.3859649122807	-6.78947368421053
			7.40350877192982	-6.80701754385965
			7.42105263157895	-6.82456140350877
			7.42105263157895	-6.84210526315789
			7.43859649122807	-6.85964912280702
			7.45614035087719	-6.87719298245614
			7.47368421052632	-6.89473684210526
			7.49122807017544	-6.91228070175439
			7.49122807017544	-6.92982456140351
			7.50877192982456	-6.94736842105263
			7.52631578947368	-6.96491228070175
			7.54385964912281	-6.98245614035088
			7.54385964912281	-7
			7.56140350877193	-7.01754385964912
			7.57894736842105	-7.03508771929824
			7.57894736842105	-7.05263157894737
			7.59649122807017	-7.07017543859649
			7.59649122807017	-7.08771929824561
			7.6140350877193	-7.10526315789474
			7.63157894736842	-7.12280701754386
			7.64912280701754	-7.14035087719298
			7.64912280701754	-7.1578947368421
			7.66666666666667	-7.17543859649123
			7.68421052631579	-7.19298245614035
			7.68421052631579	-7.21052631578947
			7.70175438596491	-7.2280701754386
			7.70175438596491	-7.24561403508772
			7.71929824561403	-7.26315789473684
			7.73684210526316	-7.28070175438596
			7.73684210526316	-7.29824561403509
			7.75438596491228	-7.31578947368421
			7.75438596491228	-7.33333333333333
			7.7719298245614	-7.35087719298246
			7.78947368421053	-7.36842105263158
			7.80701754385965	-7.36842105263158
			7.80701754385965	-7.3859649122807
			7.82456140350877	-7.40350877192982
			7.84210526315789	-7.42105263157895
			7.84210526315789	-7.43859649122807
			7.85964912280702	-7.45614035087719
			7.87719298245614	-7.47368421052632
			7.89473684210526	-7.49122807017544
			7.89473684210526	-7.50877192982456
			7.91228070175439	-7.50877192982456
			7.92982456140351	-7.52631578947368
			7.92982456140351	-7.54385964912281
			7.94736842105263	-7.56140350877193
			7.96491228070175	-7.57894736842105
			7.96491228070175	-7.59649122807017
			7.98245614035088	-7.6140350877193
			8	-7.63157894736842
			8.01754385964912	-7.64912280701754
			8.03508771929824	-7.66666666666667
			8.03508771929824	-7.68421052631579
			8.05263157894737	-7.70175438596491
			8.07017543859649	-7.71929824561403
			8.08771929824561	-7.73684210526316
			8.08771929824561	-7.75438596491228
			8.10526315789474	-7.7719298245614
			8.12280701754386	-7.78947368421053
			8.14035087719298	-7.80701754385965
			8.14035087719298	-7.82456140350877
			8.1578947368421	-7.84210526315789
			8.17543859649123	-7.85964912280702
			8.17543859649123	-7.87719298245614
			8.19298245614035	-7.89473684210526
			8.21052631578947	-7.91228070175439
			8.21052631578947	-7.92982456140351
			8.2280701754386	-7.94736842105263
			8.24561403508772	-7.96491228070175
			8.26315789473684	-7.98245614035088
			8.28070175438596	-8
			8.28070175438596	-8.01754385964912
			8.28070175438596	-8.03508771929824
			8.29824561403509	-8.03508771929824
			8.29824561403509	-8.05263157894737
			8.31578947368421	-8.07017543859649
			8.33333333333333	-8.08771929824561
			8.33333333333333	-8.10526315789474
			8.35087719298246	-8.12280701754386
			8.36842105263158	-8.14035087719298
			8.36842105263158	-8.1578947368421
			8.3859649122807	-8.17543859649123
			8.40350877192982	-8.19298245614035
			8.40350877192982	-8.21052631578947
			8.42105263157895	-8.2280701754386
			8.42105263157895	-8.24561403508772
			8.43859649122807	-8.26315789473684
			8.45614035087719	-8.28070175438596
			8.45614035087719	-8.29824561403509
			8.47368421052632	-8.31578947368421
			8.49122807017544	-8.33333333333333
			8.49122807017544	-8.35087719298246
			8.50877192982456	-8.36842105263158
			8.50877192982456	-8.3859649122807
			8.52631578947368	-8.40350877192982
			8.52631578947368	-8.42105263157895
			8.54385964912281	-8.43859649122807
			8.54385964912281	-8.45614035087719
			8.56140350877193	-8.47368421052632
			8.56140350877193	-8.49122807017544
			8.57894736842105	-8.50877192982456
			8.57894736842105	-8.52631578947368
			8.59649122807017	-8.54385964912281
			8.6140350877193	-8.56140350877193
			8.6140350877193	-8.57894736842105
			8.63157894736842	-8.59649122807017
			8.63157894736842	-8.6140350877193
			8.64912280701754	-8.63157894736842
			8.64912280701754	-8.64912280701754
			8.66666666666667	-8.66666666666667
			8.66666666666667	-8.68421052631579
			8.66666666666667	-8.70175438596491
			8.68421052631579	-8.70175438596491
			8.68421052631579	-8.71929824561403
			8.70175438596491	-8.73684210526316
			8.70175438596491	-8.75438596491228
			8.71929824561403	-8.7719298245614
			8.71929824561403	-8.78947368421053
			8.73684210526316	-8.80701754385965
			8.73684210526316	-8.82456140350877
			8.75438596491228	-8.84210526315789
			8.75438596491228	-8.85964912280702
			8.7719298245614	-8.87719298245614
			8.7719298245614	-8.89473684210526
			8.78947368421053	-8.91228070175439
			8.78947368421053	-8.92982456140351
			8.80701754385965	-8.94736842105263
			8.80701754385965	-8.96491228070175
			8.82456140350877	-8.98245614035088
			8.82456140350877	-9
			8.84210526315789	-9.01754385964912
			8.84210526315789	-9.03508771929824
			8.84210526315789	-9.05263157894737
			8.85964912280702	-9.07017543859649
			8.85964912280702	-9.08771929824561
			8.87719298245614	-9.10526315789474
			8.87719298245614	-9.12280701754386
			8.87719298245614	-9.14035087719298
			8.89473684210526	-9.1578947368421
			8.89473684210526	-9.17543859649123
			8.91228070175439	-9.19298245614035
			8.91228070175439	-9.21052631578947
			8.91228070175439	-9.2280701754386
			8.92982456140351	-9.24561403508772
			8.92982456140351	-9.26315789473684
			8.92982456140351	-9.28070175438596
			8.92982456140351	-9.29824561403509
			8.94736842105263	-9.31578947368421
			8.94736842105263	-9.33333333333333
			8.94736842105263	-9.35087719298246
			8.96491228070175	-9.36842105263158
			8.96491228070175	-9.3859649122807
			8.96491228070175	-9.40350877192982
			8.96491228070175	-9.42105263157895
			8.98245614035088	-9.43859649122807
			8.98245614035088	-9.45614035087719
			8.98245614035088	-9.47368421052632
			8.98245614035088	-9.49122807017544
			9	-9.49122807017544
			9	-9.50877192982456
			9	-9.52631578947368
			9	-9.54385964912281
			9	-9.56140350877193
			9	-9.57894736842105
			9.01754385964912	-9.59649122807017
			9.01754385964912	-9.6140350877193
			9.01754385964912	-9.63157894736842
			9.01754385964912	-9.64912280701754
			9.01754385964912	-9.66666666666667
			9.01754385964912	-9.68421052631579
			9.03508771929824	-9.70175438596491
			9.03508771929824	-9.71929824561403
			9.03508771929824	-9.73684210526316
			9.03508771929824	-9.75438596491228
			9.03508771929824	-9.7719298245614
			9.03508771929824	-9.78947368421053
			9.03508771929824	-9.80701754385965
			9.03508771929824	-9.82456140350877
			9.05263157894737	-9.84210526315789
			9.05263157894737	-9.85964912280702
			9.05263157894737	-9.87719298245614
			9.05263157894737	-9.89473684210526
			9.07017543859649	-9.91228070175439
			9.07017543859649	-9.92982456140351
			9.07017543859649	-9.94736842105263
			9.07017543859649	-9.96491228070175
			9.07017543859649	-9.98245614035088
			9.08771929824561	-10
			9.08771929824561	-10.0175438596491
			9.08771929824561	-10.0350877192982
			9.08771929824561	-10.0526315789474
			9.08771929824561	-10.0701754385965
			9.10526315789474	-10.0877192982456
			9.10526315789474	-10.1052631578947
			9.10526315789474	-10.1228070175439
			9.10526315789474	-10.140350877193
			9.10526315789474	-10.1578947368421
			9.12280701754386	-10.1754385964912
			9.12280701754386	-10.1929824561404
			9.12280701754386	-10.2105263157895
			9.12280701754386	-10.2280701754386
			9.12280701754386	-10.2456140350877
			9.14035087719298	-10.2631578947368
			9.14035087719298	-10.280701754386
			9.14035087719298	-10.2982456140351
			9.14035087719298	-10.3157894736842
			9.14035087719298	-10.3333333333333
			9.14035087719298	-10.3508771929825
			9.1578947368421	-10.3508771929825
			9.1578947368421	-10.3684210526316
			9.1578947368421	-10.3859649122807
			9.1578947368421	-10.4035087719298
			9.1578947368421	-10.4210526315789
			9.1578947368421	-10.4385964912281
			9.17543859649123	-10.4561403508772
			9.17543859649123	-10.4736842105263
			9.17543859649123	-10.4912280701754
			9.17543859649123	-10.5087719298246
			9.17543859649123	-10.5263157894737
			9.17543859649123	-10.5438596491228
			9.19298245614035	-10.5614035087719
			9.19298245614035	-10.5789473684211
			9.19298245614035	-10.5964912280702
			9.19298245614035	-10.6140350877193
			9.19298245614035	-10.6315789473684
			9.19298245614035	-10.6491228070175
			9.19298245614035	-10.6666666666667
			9.19298245614035	-10.6842105263158
			9.19298245614035	-10.7017543859649
			9.19298245614035	-10.719298245614
			9.19298245614035	-10.7368421052632
			9.19298245614035	-10.7543859649123
			9.19298245614035	-10.7719298245614
			9.19298245614035	-10.7894736842105
			9.19298245614035	-10.8070175438596
			9.19298245614035	-10.8245614035088
			9.19298245614035	-10.8421052631579
			9.19298245614035	-10.859649122807
			9.19298245614035	-10.8771929824561
			9.17543859649123	-10.8771929824561
			9.17543859649123	-10.8947368421053
			9.17543859649123	-10.9122807017544
			9.17543859649123	-10.9298245614035
			9.17543859649123	-10.9473684210526
		</anterior>
		<posterior type=matrix rownames=FALSE colnames=FALSE nrow=265 ncol=2 as.numeric=TRUE >
			4.84210526315789	-10.9473684210526
			4.85964912280702	-10.9473684210526
			4.87719298245614	-10.9473684210526
			4.89473684210526	-10.9473684210526
			4.91228070175439	-10.9473684210526
			4.92982456140351	-10.9473684210526
			4.94736842105263	-10.9473684210526
			4.96491228070175	-10.9473684210526
			4.98245614035088	-10.9473684210526
			5	-10.9473684210526
			5.01754385964912	-10.9473684210526
			5.03508771929825	-10.9473684210526
			5.05263157894737	-10.9473684210526
			5.07017543859649	-10.9473684210526
			5.08771929824561	-10.9473684210526
			5.10526315789474	-10.9473684210526
			5.12280701754386	-10.9473684210526
			5.14035087719298	-10.9473684210526
			5.15789473684211	-10.9473684210526
			5.17543859649123	-10.9473684210526
			5.19298245614035	-10.9473684210526
			5.21052631578947	-10.9473684210526
			5.2280701754386	-10.9473684210526
			5.24561403508772	-10.9649122807018
			5.26315789473684	-10.9649122807018
			5.28070175438596	-10.9649122807018
			5.29824561403509	-10.9649122807018
			5.31578947368421	-10.9649122807018
			5.33333333333333	-10.9649122807018
			5.35087719298246	-10.9649122807018
			5.36842105263158	-10.9824561403509
			5.3859649122807	-10.9824561403509
			5.40350877192982	-10.9824561403509
			5.42105263157895	-10.9824561403509
			5.43859649122807	-10.9824561403509
			5.45614035087719	-10.9824561403509
			5.47368421052632	-11
			5.49122807017544	-11
			5.50877192982456	-11
			5.52631578947368	-11
			5.54385964912281	-11
			5.56140350877193	-11.0175438596491
			5.57894736842105	-11.0175438596491
			5.59649122807018	-11.0175438596491
			5.6140350877193	-11.0175438596491
			5.63157894736842	-11.0350877192982
			5.64912280701754	-11.0350877192982
			5.66666666666667	-11.0350877192982
			5.68421052631579	-11.0350877192982
			5.70175438596491	-11.0526315789474
			5.71929824561404	-11.0526315789474
			5.73684210526316	-11.0526315789474
			5.75438596491228	-11.0526315789474
			5.7719298245614	-11.0701754385965
			5.78947368421053	-11.0701754385965
			5.80701754385965	-11.0701754385965
			5.82456140350877	-11.0877192982456
			5.84210526315789	-11.0877192982456
			5.85964912280702	-11.0877192982456
			5.87719298245614	-11.0701754385965
			5.89473684210526	-11.0701754385965
			5.91228070175439	-11.0701754385965
			5.92982456140351	-11.0526315789474
			5.94736842105263	-11.0526315789474
			5.96491228070175	-11.0350877192982
			5.98245614035088	-11.0350877192982
			6	-11.0175438596491
			6.01754385964912	-11.0175438596491
			6.03508771929824	-11
			6.05263157894737	-11
			6.07017543859649	-10.9824561403509
			6.08771929824561	-10.9824561403509
			6.08771929824561	-10.9649122807018
			6.10526315789474	-10.9649122807018
			6.12280701754386	-10.9473684210526
			6.14035087719298	-10.9298245614035
			6.15789473684211	-10.9298245614035
			6.17543859649123	-10.9122807017544
			6.19298245614035	-10.9122807017544
			6.21052631578947	-10.9122807017544
			6.2280701754386	-10.9122807017544
			6.24561403508772	-10.8947368421053
			6.26315789473684	-10.8947368421053
			6.28070175438596	-10.8947368421053
			6.29824561403509	-10.8947368421053
			6.31578947368421	-10.8947368421053
			6.33333333333333	-10.8947368421053
			6.35087719298246	-10.8947368421053
			6.36842105263158	-10.8947368421053
			6.3859649122807	-10.8947368421053
			6.40350877192982	-10.8947368421053
			6.42105263157895	-10.8947368421053
			6.43859649122807	-10.9122807017544
			6.45614035087719	-10.9122807017544
			6.47368421052632	-10.9122807017544
			6.49122807017544	-10.9122807017544
			6.50877192982456	-10.9122807017544
			6.50877192982456	-10.9298245614035
			6.52631578947368	-10.9298245614035
			6.54385964912281	-10.9298245614035
			6.56140350877193	-10.9298245614035
			6.57894736842105	-10.9298245614035
			6.59649122807017	-10.9298245614035
			6.6140350877193	-10.9298245614035
			6.63157894736842	-10.9298245614035
			6.64912280701754	-10.9298245614035
			6.66666666666667	-10.9298245614035
			6.68421052631579	-10.9298245614035
			6.70175438596491	-10.9298245614035
			6.71929824561404	-10.9298245614035
			6.73684210526316	-10.9298245614035
			6.75438596491228	-10.9298245614035
			6.7719298245614	-10.9298245614035
			6.78947368421053	-10.9298245614035
			6.80701754385965	-10.9298245614035
			6.82456140350877	-10.9298245614035
			6.84210526315789	-10.9298245614035
			6.85964912280702	-10.9473684210526
			6.87719298245614	-10.9473684210526
			6.89473684210526	-10.9473684210526
			6.91228070175439	-10.9473684210526
			6.92982456140351	-10.9473684210526
			6.94736842105263	-10.9473684210526
			6.96491228070175	-10.9473684210526
			6.98245614035088	-10.9473684210526
			7	-10.9473684210526
			7.01754385964912	-10.9649122807018
			7.03508771929824	-10.9649122807018
			7.05263157894737	-10.9649122807018
			7.07017543859649	-10.9649122807018
			7.08771929824561	-10.9649122807018
			7.10526315789474	-10.9649122807018
			7.12280701754386	-10.9649122807018
			7.14035087719298	-10.9649122807018
			7.1578947368421	-10.9649122807018
			7.17543859649123	-10.9649122807018
			7.19298245614035	-10.9824561403509
			7.21052631578947	-10.9824561403509
			7.2280701754386	-10.9824561403509
			7.24561403508772	-10.9824561403509
			7.26315789473684	-10.9824561403509
			7.28070175438596	-10.9824561403509
			7.29824561403509	-10.9824561403509
			7.31578947368421	-10.9824561403509
			7.33333333333333	-10.9824561403509
			7.35087719298246	-10.9824561403509
			7.36842105263158	-11
			7.3859649122807	-11
			7.40350877192982	-11
			7.42105263157895	-11
			7.43859649122807	-11
			7.45614035087719	-11
			7.47368421052632	-11
			7.49122807017544	-11
			7.50877192982456	-11
			7.52631578947368	-11
			7.54385964912281	-11.0175438596491
			7.56140350877193	-11.0175438596491
			7.57894736842105	-11.0175438596491
			7.59649122807017	-11.0175438596491
			7.6140350877193	-11.0175438596491
			7.63157894736842	-11.0175438596491
			7.64912280701754	-11.0175438596491
			7.66666666666667	-11.0350877192982
			7.68421052631579	-11.0350877192982
			7.68421052631579	-11.0526315789474
			7.70175438596491	-11.0526315789474
			7.71929824561403	-11.0701754385965
			7.73684210526316	-11.0877192982456
			7.75438596491228	-11.1052631578947
			7.7719298245614	-11.1052631578947
			7.78947368421053	-11.1228070175439
			7.80701754385965	-11.1228070175439
			7.80701754385965	-11.140350877193
			7.82456140350877	-11.1578947368421
			7.84210526315789	-11.1578947368421
			7.85964912280702	-11.1754385964912
			7.87719298245614	-11.1754385964912
			7.89473684210526	-11.1929824561404
			7.91228070175439	-11.1929824561404
			7.92982456140351	-11.2105263157895
			7.94736842105263	-11.2105263157895
			7.96491228070175	-11.2280701754386
			7.98245614035088	-11.2456140350877
			8	-11.2456140350877
			8.01754385964912	-11.2631578947368
			8.03508771929824	-11.2631578947368
			8.05263157894737	-11.280701754386
			8.07017543859649	-11.280701754386
			8.08771929824561	-11.2982456140351
			8.10526315789474	-11.2982456140351
			8.12280701754386	-11.2982456140351
			8.14035087719298	-11.3157894736842
			8.1578947368421	-11.3157894736842
			8.17543859649123	-11.3333333333333
			8.19298245614035	-11.3333333333333
			8.21052631578947	-11.3508771929825
			8.2280701754386	-11.3508771929825
			8.24561403508772	-11.3508771929825
			8.26315789473684	-11.3684210526316
			8.28070175438596	-11.3684210526316
			8.29824561403509	-11.3684210526316
			8.31578947368421	-11.3859649122807
			8.33333333333333	-11.3859649122807
			8.35087719298246	-11.3859649122807
			8.36842105263158	-11.3859649122807
			8.3859649122807	-11.4035087719298
			8.40350877192982	-11.4035087719298
			8.42105263157895	-11.4035087719298
			8.43859649122807	-11.4210526315789
			8.45614035087719	-11.4210526315789
			8.47368421052632	-11.4210526315789
			8.49122807017544	-11.4210526315789
			8.50877192982456	-11.4385964912281
			8.52631578947368	-11.4385964912281
			8.54385964912281	-11.4385964912281
			8.56140350877193	-11.4385964912281
			8.57894736842105	-11.4385964912281
			8.59649122807017	-11.4385964912281
			8.6140350877193	-11.4561403508772
			8.63157894736842	-11.4561403508772
			8.64912280701754	-11.4561403508772
			8.66666666666667	-11.4561403508772
			8.68421052631579	-11.4561403508772
			8.70175438596491	-11.4561403508772
			8.71929824561403	-11.4736842105263
			8.73684210526316	-11.4736842105263
			8.75438596491228	-11.4736842105263
			8.7719298245614	-11.4736842105263
			8.78947368421053	-11.4736842105263
			8.80701754385965	-11.4736842105263
			8.82456140350877	-11.4561403508772
			8.84210526315789	-11.4561403508772
			8.85964912280702	-11.4561403508772
			8.87719298245614	-11.4385964912281
			8.89473684210526	-11.4385964912281
			8.91228070175439	-11.4210526315789
			8.91228070175439	-11.4035087719298
			8.92982456140351	-11.4035087719298
			8.94736842105263	-11.3859649122807
			8.96491228070175	-11.3684210526316
			8.96491228070175	-11.3508771929825
			8.98245614035088	-11.3333333333333
			9	-11.3157894736842
			9.01754385964912	-11.2982456140351
			9.01754385964912	-11.280701754386
			9.03508771929824	-11.2631578947368
			9.03508771929824	-11.2456140350877
			9.05263157894737	-11.2280701754386
			9.07017543859649	-11.2105263157895
			9.07017543859649	-11.1929824561404
			9.08771929824561	-11.1754385964912
			9.08771929824561	-11.1578947368421
			9.10526315789474	-11.140350877193
			9.10526315789474	-11.1228070175439
			9.10526315789474	-11.1052631578947
			9.12280701754386	-11.0877192982456
			9.12280701754386	-11.0701754385965
			9.14035087719298	-11.0526315789474
			9.14035087719298	-11.0350877192982
			9.1578947368421	-11.0175438596491
			9.1578947368421	-11
			9.1578947368421	-10.9824561403509
			9.17543859649123	-10.9649122807018
			9.17543859649123	-10.9473684210526
		</posterior>
	</curves.scaled>
	<ruler.points type=matrix rownames=TRUE colnames=FALSE nrow=2 ncol=2 as.numeric=TRUE >
		Ruler point 1	395	682
		Ruler point 2	452	682
	</ruler.points>
</shapes>

