<shapes type=list>
	<ruler.pixel type=vector names=FALSE length=1 as.numeric=TRUE >442</ruler.pixel>
	<ruler.interval type=vector names=FALSE length=1 as.numeric=TRUE >6.8</ruler.interval>
	<scaling.units type=vector names=FALSE length=1 as.numeric=FALSE >cm</scaling.units>
	<scaling type=vector names=FALSE length=1 as.numeric=TRUE >0.0153846153846154</scaling>
	<landmarks.pixel type=matrix rownames=TRUE colnames=FALSE nrow=7 ncol=2 as.numeric=TRUE >
		LM1	225	172
		LM2	225	319
		LM3	225	325
		LM4	225	386
		LM5	268	184
		LM6	356	205
		LM7	366	221
	</landmarks.pixel>
	<landmarks.scaled type=matrix rownames=TRUE colnames=FALSE nrow=7 ncol=2 as.numeric=TRUE >
		LM1	3.46153846153846	-2.64615384615385
		LM2	3.46153846153846	-4.90769230769231
		LM3	3.46153846153846	-5
		LM4	3.46153846153846	-5.93846153846154
		LM5	4.12307692307692	-2.83076923076923
		LM6	5.47692307692308	-3.15384615384615
		LM7	5.63076923076923	-3.4
	</landmarks.scaled>
	<curves.control type=list>
		<axis type=matrix rownames=FALSE colnames=FALSE nrow=7 ncol=2 as.numeric=TRUE >
			225	172
			247	170
			267	183
			270	203
			246	296
			243	315
			225	319
		</axis>
		<border type=matrix rownames=FALSE colnames=FALSE nrow=3 ncol=2 as.numeric=TRUE >
			225	325
			311	295
			356	205
		</border>
		<margin type=matrix rownames=FALSE colnames=FALSE nrow=37 ncol=2 as.numeric=TRUE >
			225	386
			231	373
			244	360
			260	332
			259	339
			256	357
			259	382
			280	349
			285	324
			288	338
			289	372
			311	350
			313	304
			320	319
			318	359
			331	350
			334	326
			334	291
			330	273
			332	268
			335	271
			342	286
			350	324
			356	320
			361	296
			364	273
			354	249
			361	255
			373	286
			378	299
			381	295
			383	274
			377	250
			372	234
			363	213
			328	170
			268	184
		</margin>
	</curves.control>
	<curves.pixel type=list>
		<axis type=matrix rownames=FALSE colnames=FALSE nrow=192 ncol=2 as.numeric=TRUE >
			225	172
			226	172
			227	172
			228	172
			229	172
			230	172
			231	172
			232	172
			233	172
			234	172
			235	172
			236	172
			237	172
			238	172
			239	172
			240	172
			241	173
			242	173
			243	173
			244	173
			245	173
			246	174
			247	174
			248	174
			249	174
			249	175
			250	175
			251	175
			252	176
			253	176
			254	176
			255	177
			256	177
			257	177
			258	178
			259	178
			260	179
			261	179
			261	180
			262	180
			263	181
			264	181
			265	182
			266	182
			267	183
			267	184
			267	185
			267	186
			267	187
			267	188
			267	189
			267	190
			267	191
			267	192
			267	193
			267	194
			267	195
			267	196
			267	197
			267	198
			267	199
			267	200
			266	201
			266	202
			266	203
			266	204
			266	205
			266	206
			266	207
			266	208
			265	208
			265	209
			265	210
			265	211
			265	212
			265	213
			264	214
			264	215
			264	216
			264	217
			264	218
			264	219
			263	220
			263	221
			263	222
			263	223
			263	224
			263	225
			262	226
			262	227
			262	228
			262	229
			261	230
			261	231
			261	232
			261	233
			261	234
			261	235
			260	236
			260	237
			260	238
			260	239
			260	240
			259	240
			259	241
			259	242
			259	243
			259	244
			258	245
			258	246
			258	247
			258	248
			257	249
			257	250
			257	251
			257	252
			257	253
			256	254
			256	255
			256	256
			256	257
			255	258
			255	259
			255	260
			255	261
			254	262
			254	263
			254	264
			254	265
			253	266
			253	267
			253	268
			253	269
			252	270
			252	271
			252	272
			252	273
			251	274
			251	275
			251	276
			251	277
			251	278
			250	278
			250	279
			250	280
			250	281
			250	282
			249	283
			249	284
			249	285
			249	286
			248	287
			248	288
			248	289
			248	290
			247	291
			247	292
			247	293
			247	294
			246	295
			246	296
			246	297
			246	298
			245	299
			245	300
			245	301
			245	302
			244	303
			244	304
			243	305
			243	306
			242	307
			242	308
			241	309
			240	310
			239	311
			239	312
			238	313
			237	313
			236	314
			235	315
			234	315
			233	316
			232	317
			231	317
			230	318
			229	318
			228	318
			227	318
			227	319
			226	319
			225	319
		</axis>
		<border type=matrix rownames=FALSE colnames=FALSE nrow=161 ncol=2 as.numeric=TRUE >
			225	325
			226	325
			227	324
			228	324
			229	324
			230	323
			231	323
			232	323
			232	322
			233	322
			234	322
			235	321
			236	321
			237	320
			238	320
			239	320
			240	319
			241	319
			242	318
			243	318
			244	317
			245	317
			246	317
			246	316
			247	316
			248	316
			248	315
			249	315
			250	315
			251	314
			252	314
			253	313
			254	313
			255	312
			256	312
			256	311
			257	311
			258	311
			258	310
			259	310
			260	309
			261	309
			262	308
			263	308
			264	307
			265	307
			266	306
			267	305
			268	304
			269	304
			270	303
			271	303
			272	302
			273	301
			274	301
			275	300
			276	299
			277	299
			278	298
			279	297
			280	297
			281	296
			282	295
			283	294
			284	294
			285	293
			286	292
			287	292
			288	291
			289	290
			290	289
			291	289
			292	288
			293	287
			294	286
			295	285
			296	284
			297	283
			298	282
			299	282
			299	281
			300	281
			301	280
			301	279
			302	279
			303	278
			304	277
			305	276
			306	275
			307	274
			308	273
			309	272
			310	271
			311	270
			312	269
			313	268
			314	267
			315	266
			315	265
			316	264
			317	263
			318	262
			319	261
			320	260
			320	259
			321	258
			322	258
			323	257
			324	256
			324	255
			325	254
			326	253
			327	252
			328	251
			328	250
			329	249
			329	248
			330	248
			331	247
			331	246
			332	245
			333	244
			333	243
			334	242
			335	241
			335	240
			336	239
			337	238
			337	237
			338	236
			339	235
			339	234
			340	233
			341	232
			341	231
			342	230
			342	229
			343	228
			344	227
			344	226
			345	225
			345	224
			346	223
			347	222
			347	221
			348	220
			348	219
			349	218
			350	217
			350	216
			351	215
			351	214
			352	213
			353	212
			353	211
			354	210
			354	209
			355	208
			355	207
			356	206
			356	205
		</border>
		<margin type=matrix rownames=FALSE colnames=FALSE nrow=798 ncol=2 as.numeric=TRUE >
			225	386
			225	385
			226	385
			226	384
			226	383
			227	382
			228	381
			228	380
			229	379
			229	378
			230	377
			231	376
			232	375
			232	374
			233	373
			233	372
			234	371
			235	370
			236	369
			237	368
			238	367
			239	366
			239	365
			240	364
			241	363
			242	362
			243	361
			244	360
			245	359
			245	358
			246	357
			246	356
			247	355
			247	354
			248	353
			249	352
			250	351
			250	350
			251	349
			251	348
			251	347
			252	347
			252	346
			253	345
			253	344
			254	343
			255	342
			256	341
			256	340
			257	340
			257	339
			258	338
			259	338
			259	339
			259	340
			259	341
			259	342
			258	343
			258	344
			258	345
			258	346
			258	347
			258	348
			258	349
			258	350
			258	351
			258	352
			258	353
			258	354
			258	355
			258	356
			258	357
			258	358
			258	359
			258	360
			258	361
			258	362
			258	363
			258	364
			258	365
			258	366
			258	367
			258	368
			258	369
			258	370
			258	371
			258	372
			258	373
			258	374
			258	375
			258	376
			258	377
			259	378
			259	379
			259	380
			259	381
			260	381
			260	380
			261	379
			261	378
			262	377
			263	376
			263	375
			264	374
			264	373
			265	372
			266	371
			266	370
			267	369
			267	368
			268	367
			268	366
			269	365
			269	364
			270	363
			271	362
			271	361
			271	360
			272	359
			272	358
			273	358
			273	357
			274	356
			274	355
			275	354
			275	353
			276	352
			276	351
			276	350
			277	349
			277	348
			278	347
			278	346
			279	345
			279	344
			279	343
			280	342
			280	341
			281	340
			281	339
			281	338
			281	337
			282	336
			282	335
			282	334
			283	333
			283	332
			283	331
			284	330
			284	329
			284	328
			284	327
			285	326
			285	325
			285	324
			285	325
			285	326
			286	327
			286	328
			286	329
			286	330
			286	331
			286	332
			286	333
			287	333
			287	334
			287	335
			287	336
			287	337
			287	338
			287	339
			287	340
			287	341
			287	342
			288	343
			288	344
			288	345
			288	346
			288	347
			288	348
			288	349
			288	350
			288	351
			288	352
			288	353
			288	354
			288	355
			288	356
			288	357
			288	358
			288	359
			289	360
			289	361
			289	362
			289	363
			289	364
			289	365
			289	366
			289	367
			289	368
			289	369
			289	370
			289	371
			289	372
			290	371
			291	370
			292	369
			293	368
			293	367
			294	367
			294	366
			295	365
			296	364
			297	363
			297	362
			298	361
			299	360
			299	359
			300	358
			300	357
			301	356
			301	355
			302	354
			302	353
			303	352
			303	351
			304	350
			304	349
			304	348
			305	347
			305	346
			306	345
			306	344
			306	343
			307	342
			307	341
			307	340
			308	339
			308	338
			308	337
			308	336
			309	336
			309	335
			309	334
			309	333
			309	332
			310	331
			310	330
			310	329
			310	328
			311	327
			311	326
			311	325
			311	324
			311	323
			311	322
			311	321
			312	320
			312	319
			312	318
			312	317
			312	316
			312	315
			312	314
			312	313
			313	312
			313	311
			313	310
			313	309
			313	308
			313	307
			313	306
			313	305
			313	304
			313	305
			314	305
			314	306
			314	307
			315	308
			315	309
			315	310
			315	311
			316	312
			316	313
			316	314
			316	315
			317	316
			317	317
			317	318
			317	319
			317	320
			317	321
			317	322
			318	323
			318	324
			318	325
			318	326
			318	327
			318	328
			318	329
			318	330
			318	331
			318	332
			318	333
			318	334
			318	335
			318	336
			318	337
			318	338
			318	339
			318	340
			318	341
			318	342
			318	343
			318	344
			318	345
			318	346
			318	347
			318	348
			318	349
			318	350
			318	351
			318	352
			318	353
			318	354
			318	355
			318	356
			318	357
			318	358
			318	359
			319	358
			320	357
			321	356
			322	356
			323	355
			323	354
			324	353
			325	352
			326	351
			327	350
			327	349
			327	348
			328	348
			328	347
			329	346
			329	345
			330	344
			330	343
			330	342
			331	341
			331	340
			331	339
			332	338
			332	337
			332	336
			332	335
			333	335
			333	334
			333	333
			333	332
			333	331
			333	330
			334	329
			334	328
			334	327
			334	326
			334	325
			334	324
			334	323
			334	322
			334	321
			334	320
			334	319
			334	318
			334	317
			334	316
			334	315
			334	314
			334	313
			334	312
			334	311
			334	310
			334	309
			334	308
			334	307
			334	306
			334	305
			334	304
			333	303
			333	302
			333	301
			333	300
			333	299
			333	298
			333	297
			333	296
			333	295
			333	294
			333	293
			333	292
			333	291
			333	290
			332	289
			332	288
			332	287
			332	286
			332	285
			332	284
			332	283
			332	282
			331	281
			331	280
			331	279
			331	278
			331	277
			331	276
			330	275
			330	274
			330	273
			330	272
			331	271
			332	270
			333	270
			334	270
			335	271
			336	272
			336	273
			336	274
			337	275
			337	276
			338	277
			338	278
			338	279
			339	280
			339	281
			339	282
			340	283
			340	284
			340	285
			341	286
			341	287
			341	288
			341	289
			342	290
			342	291
			342	292
			343	293
			343	294
			343	295
			343	296
			344	297
			344	298
			344	299
			344	300
			345	301
			345	302
			345	303
			346	304
			346	305
			346	306
			346	307
			346	308
			347	309
			347	310
			347	311
			347	312
			348	313
			348	314
			348	315
			348	316
			348	317
			349	318
			349	319
			349	320
			349	321
			350	322
			350	323
			350	324
			351	323
			352	322
			353	321
			353	320
			354	319
			354	318
			355	317
			355	316
			356	315
			356	314
			356	313
			357	313
			357	312
			357	311
			358	310
			358	309
			358	308
			358	307
			359	306
			359	305
			359	304
			360	303
			360	302
			360	301
			360	300
			360	299
			361	298
			361	297
			361	296
			361	295
			361	294
			361	293
			361	292
			362	291
			362	290
			362	289
			362	288
			362	287
			362	286
			362	285
			362	284
			362	283
			362	282
			362	281
			362	280
			361	279
			361	278
			361	277
			361	276
			361	275
			361	274
			361	273
			361	272
			361	271
			360	271
			360	270
			360	269
			360	268
			360	267
			359	266
			359	265
			359	264
			359	263
			358	262
			358	261
			358	260
			358	259
			357	258
			357	257
			357	256
			356	255
			356	254
			356	253
			355	252
			355	251
			355	250
			354	249
			355	250
			356	251
			357	252
			357	253
			358	254
			358	255
			359	255
			359	256
			360	257
			360	258
			361	259
			362	260
			362	261
			363	262
			363	263
			364	264
			364	265
			365	266
			365	267
			365	268
			366	269
			366	270
			367	271
			367	272
			368	273
			368	274
			369	275
			369	276
			369	277
			370	277
			370	278
			370	279
			370	280
			371	280
			371	281
			371	282
			372	282
			372	283
			372	284
			372	285
			373	285
			373	286
			373	287
			374	287
			374	288
			374	289
			374	290
			375	291
			375	292
			376	292
			376	293
			377	294
			378	295
			378	296
			379	296
			380	296
			381	295
			381	294
			381	293
			381	292
			381	291
			381	290
			381	289
			381	288
			381	287
			381	286
			381	285
			381	284
			381	283
			381	282
			381	281
			381	280
			381	279
			381	278
			381	277
			381	276
			381	275
			381	274
			381	273
			381	272
			381	271
			381	270
			381	269
			380	268
			380	267
			380	266
			380	265
			380	264
			380	263
			379	262
			379	261
			379	260
			379	259
			379	258
			379	257
			378	256
			378	255
			378	254
			378	253
			377	252
			377	251
			377	250
			377	249
			376	248
			376	247
			376	246
			375	245
			375	244
			375	243
			374	242
			374	241
			374	240
			373	239
			373	238
			373	237
			372	236
			372	235
			371	234
			371	233
			371	232
			370	231
			370	230
			369	229
			369	228
			369	227
			368	226
			368	225
			367	224
			367	223
			367	222
			366	221
			366	220
			365	219
			365	218
			365	217
			364	216
			364	215
			363	214
			363	213
			362	212
			361	211
			361	210
			360	210
			360	209
			359	208
			358	208
			358	207
			357	206
			356	206
			356	205
			355	204
			354	204
			354	203
			353	202
			352	202
			352	201
			351	201
			350	200
			350	199
			349	199
			348	198
			347	197
			346	196
			345	196
			344	195
			343	194
			342	194
			341	193
			340	193
			339	192
			338	191
			337	191
			336	190
			335	190
			335	189
			334	189
			333	189
			333	188
			332	188
			331	188
			330	187
			329	187
			328	186
			327	186
			326	186
			325	185
			324	185
			323	185
			322	184
			321	184
			320	184
			319	183
			318	183
			317	183
			316	183
			315	182
			314	182
			313	182
			312	182
			311	182
			310	182
			309	181
			308	181
			307	181
			306	181
			305	181
			304	181
			303	181
			302	181
			301	181
			300	181
			299	181
			298	181
			297	181
			296	181
			295	181
			294	181
			293	181
			292	181
			291	181
			290	181
			289	181
			288	181
			287	181
			286	181
			285	181
			284	181
			283	181
			282	182
			281	182
			280	182
			279	182
			278	182
			277	182
			276	182
			275	183
			274	183
			273	183
			272	183
			271	183
			270	184
			269	184
			268	184
		</margin>
	</curves.pixel>
	<curves.scaled type=list>
		<axis type=matrix rownames=FALSE colnames=FALSE nrow=192 ncol=2 as.numeric=TRUE >
			3.46153846153846	-2.64615384615385
			3.47692307692308	-2.64615384615385
			3.49230769230769	-2.64615384615385
			3.50769230769231	-2.64615384615385
			3.52307692307692	-2.64615384615385
			3.53846153846154	-2.64615384615385
			3.55384615384615	-2.64615384615385
			3.56923076923077	-2.64615384615385
			3.58461538461538	-2.64615384615385
			3.6	-2.64615384615385
			3.61538461538461	-2.64615384615385
			3.63076923076923	-2.64615384615385
			3.64615384615385	-2.64615384615385
			3.66153846153846	-2.64615384615385
			3.67692307692308	-2.64615384615385
			3.69230769230769	-2.64615384615385
			3.70769230769231	-2.66153846153846
			3.72307692307692	-2.66153846153846
			3.73846153846154	-2.66153846153846
			3.75384615384615	-2.66153846153846
			3.76923076923077	-2.66153846153846
			3.78461538461538	-2.67692307692308
			3.8	-2.67692307692308
			3.81538461538462	-2.67692307692308
			3.83076923076923	-2.67692307692308
			3.83076923076923	-2.69230769230769
			3.84615384615385	-2.69230769230769
			3.86153846153846	-2.69230769230769
			3.87692307692308	-2.70769230769231
			3.89230769230769	-2.70769230769231
			3.90769230769231	-2.70769230769231
			3.92307692307692	-2.72307692307692
			3.93846153846154	-2.72307692307692
			3.95384615384615	-2.72307692307692
			3.96923076923077	-2.73846153846154
			3.98461538461538	-2.73846153846154
			4	-2.75384615384615
			4.01538461538462	-2.75384615384615
			4.01538461538462	-2.76923076923077
			4.03076923076923	-2.76923076923077
			4.04615384615385	-2.78461538461538
			4.06153846153846	-2.78461538461538
			4.07692307692308	-2.8
			4.09230769230769	-2.8
			4.10769230769231	-2.81538461538462
			4.10769230769231	-2.83076923076923
			4.10769230769231	-2.84615384615385
			4.10769230769231	-2.86153846153846
			4.10769230769231	-2.87692307692308
			4.10769230769231	-2.89230769230769
			4.10769230769231	-2.90769230769231
			4.10769230769231	-2.92307692307692
			4.10769230769231	-2.93846153846154
			4.10769230769231	-2.95384615384615
			4.10769230769231	-2.96923076923077
			4.10769230769231	-2.98461538461538
			4.10769230769231	-3
			4.10769230769231	-3.01538461538462
			4.10769230769231	-3.03076923076923
			4.10769230769231	-3.04615384615385
			4.10769230769231	-3.06153846153846
			4.10769230769231	-3.07692307692308
			4.09230769230769	-3.09230769230769
			4.09230769230769	-3.10769230769231
			4.09230769230769	-3.12307692307692
			4.09230769230769	-3.13846153846154
			4.09230769230769	-3.15384615384615
			4.09230769230769	-3.16923076923077
			4.09230769230769	-3.18461538461538
			4.09230769230769	-3.2
			4.07692307692308	-3.2
			4.07692307692308	-3.21538461538462
			4.07692307692308	-3.23076923076923
			4.07692307692308	-3.24615384615385
			4.07692307692308	-3.26153846153846
			4.07692307692308	-3.27692307692308
			4.06153846153846	-3.29230769230769
			4.06153846153846	-3.30769230769231
			4.06153846153846	-3.32307692307692
			4.06153846153846	-3.33846153846154
			4.06153846153846	-3.35384615384615
			4.06153846153846	-3.36923076923077
			4.04615384615385	-3.38461538461538
			4.04615384615385	-3.4
			4.04615384615385	-3.41538461538462
			4.04615384615385	-3.43076923076923
			4.04615384615385	-3.44615384615385
			4.04615384615385	-3.46153846153846
			4.03076923076923	-3.47692307692308
			4.03076923076923	-3.49230769230769
			4.03076923076923	-3.50769230769231
			4.03076923076923	-3.52307692307692
			4.01538461538462	-3.53846153846154
			4.01538461538462	-3.55384615384615
			4.01538461538462	-3.56923076923077
			4.01538461538462	-3.58461538461538
			4.01538461538462	-3.6
			4.01538461538462	-3.61538461538461
			4	-3.63076923076923
			4	-3.64615384615385
			4	-3.66153846153846
			4	-3.67692307692308
			4	-3.69230769230769
			3.98461538461538	-3.69230769230769
			3.98461538461538	-3.70769230769231
			3.98461538461538	-3.72307692307692
			3.98461538461538	-3.73846153846154
			3.98461538461538	-3.75384615384615
			3.96923076923077	-3.76923076923077
			3.96923076923077	-3.78461538461538
			3.96923076923077	-3.8
			3.96923076923077	-3.81538461538462
			3.95384615384615	-3.83076923076923
			3.95384615384615	-3.84615384615385
			3.95384615384615	-3.86153846153846
			3.95384615384615	-3.87692307692308
			3.95384615384615	-3.89230769230769
			3.93846153846154	-3.90769230769231
			3.93846153846154	-3.92307692307692
			3.93846153846154	-3.93846153846154
			3.93846153846154	-3.95384615384615
			3.92307692307692	-3.96923076923077
			3.92307692307692	-3.98461538461538
			3.92307692307692	-4
			3.92307692307692	-4.01538461538462
			3.90769230769231	-4.03076923076923
			3.90769230769231	-4.04615384615385
			3.90769230769231	-4.06153846153846
			3.90769230769231	-4.07692307692308
			3.89230769230769	-4.09230769230769
			3.89230769230769	-4.10769230769231
			3.89230769230769	-4.12307692307692
			3.89230769230769	-4.13846153846154
			3.87692307692308	-4.15384615384615
			3.87692307692308	-4.16923076923077
			3.87692307692308	-4.18461538461538
			3.87692307692308	-4.2
			3.86153846153846	-4.21538461538462
			3.86153846153846	-4.23076923076923
			3.86153846153846	-4.24615384615385
			3.86153846153846	-4.26153846153846
			3.86153846153846	-4.27692307692308
			3.84615384615385	-4.27692307692308
			3.84615384615385	-4.29230769230769
			3.84615384615385	-4.30769230769231
			3.84615384615385	-4.32307692307692
			3.84615384615385	-4.33846153846154
			3.83076923076923	-4.35384615384615
			3.83076923076923	-4.36923076923077
			3.83076923076923	-4.38461538461538
			3.83076923076923	-4.4
			3.81538461538462	-4.41538461538461
			3.81538461538462	-4.43076923076923
			3.81538461538462	-4.44615384615385
			3.81538461538462	-4.46153846153846
			3.8	-4.47692307692308
			3.8	-4.49230769230769
			3.8	-4.50769230769231
			3.8	-4.52307692307692
			3.78461538461538	-4.53846153846154
			3.78461538461538	-4.55384615384615
			3.78461538461538	-4.56923076923077
			3.78461538461538	-4.58461538461538
			3.76923076923077	-4.6
			3.76923076923077	-4.61538461538461
			3.76923076923077	-4.63076923076923
			3.76923076923077	-4.64615384615385
			3.75384615384615	-4.66153846153846
			3.75384615384615	-4.67692307692308
			3.73846153846154	-4.69230769230769
			3.73846153846154	-4.70769230769231
			3.72307692307692	-4.72307692307692
			3.72307692307692	-4.73846153846154
			3.70769230769231	-4.75384615384615
			3.69230769230769	-4.76923076923077
			3.67692307692308	-4.78461538461538
			3.67692307692308	-4.8
			3.66153846153846	-4.81538461538462
			3.64615384615385	-4.81538461538462
			3.63076923076923	-4.83076923076923
			3.61538461538461	-4.84615384615385
			3.6	-4.84615384615385
			3.58461538461538	-4.86153846153846
			3.56923076923077	-4.87692307692308
			3.55384615384615	-4.87692307692308
			3.53846153846154	-4.89230769230769
			3.52307692307692	-4.89230769230769
			3.50769230769231	-4.89230769230769
			3.49230769230769	-4.89230769230769
			3.49230769230769	-4.90769230769231
			3.47692307692308	-4.90769230769231
			3.46153846153846	-4.90769230769231
		</axis>
		<border type=matrix rownames=FALSE colnames=FALSE nrow=161 ncol=2 as.numeric=TRUE >
			3.46153846153846	-5
			3.47692307692308	-5
			3.49230769230769	-4.98461538461538
			3.50769230769231	-4.98461538461538
			3.52307692307692	-4.98461538461538
			3.53846153846154	-4.96923076923077
			3.55384615384615	-4.96923076923077
			3.56923076923077	-4.96923076923077
			3.56923076923077	-4.95384615384615
			3.58461538461538	-4.95384615384615
			3.6	-4.95384615384615
			3.61538461538461	-4.93846153846154
			3.63076923076923	-4.93846153846154
			3.64615384615385	-4.92307692307692
			3.66153846153846	-4.92307692307692
			3.67692307692308	-4.92307692307692
			3.69230769230769	-4.90769230769231
			3.70769230769231	-4.90769230769231
			3.72307692307692	-4.89230769230769
			3.73846153846154	-4.89230769230769
			3.75384615384615	-4.87692307692308
			3.76923076923077	-4.87692307692308
			3.78461538461538	-4.87692307692308
			3.78461538461538	-4.86153846153846
			3.8	-4.86153846153846
			3.81538461538462	-4.86153846153846
			3.81538461538462	-4.84615384615385
			3.83076923076923	-4.84615384615385
			3.84615384615385	-4.84615384615385
			3.86153846153846	-4.83076923076923
			3.87692307692308	-4.83076923076923
			3.89230769230769	-4.81538461538462
			3.90769230769231	-4.81538461538462
			3.92307692307692	-4.8
			3.93846153846154	-4.8
			3.93846153846154	-4.78461538461538
			3.95384615384615	-4.78461538461538
			3.96923076923077	-4.78461538461538
			3.96923076923077	-4.76923076923077
			3.98461538461538	-4.76923076923077
			4	-4.75384615384615
			4.01538461538462	-4.75384615384615
			4.03076923076923	-4.73846153846154
			4.04615384615385	-4.73846153846154
			4.06153846153846	-4.72307692307692
			4.07692307692308	-4.72307692307692
			4.09230769230769	-4.70769230769231
			4.10769230769231	-4.69230769230769
			4.12307692307692	-4.67692307692308
			4.13846153846154	-4.67692307692308
			4.15384615384615	-4.66153846153846
			4.16923076923077	-4.66153846153846
			4.18461538461538	-4.64615384615385
			4.2	-4.63076923076923
			4.21538461538462	-4.63076923076923
			4.23076923076923	-4.61538461538461
			4.24615384615385	-4.6
			4.26153846153846	-4.6
			4.27692307692308	-4.58461538461538
			4.29230769230769	-4.56923076923077
			4.30769230769231	-4.56923076923077
			4.32307692307692	-4.55384615384615
			4.33846153846154	-4.53846153846154
			4.35384615384615	-4.52307692307692
			4.36923076923077	-4.52307692307692
			4.38461538461538	-4.50769230769231
			4.4	-4.49230769230769
			4.41538461538461	-4.49230769230769
			4.43076923076923	-4.47692307692308
			4.44615384615385	-4.46153846153846
			4.46153846153846	-4.44615384615385
			4.47692307692308	-4.44615384615385
			4.49230769230769	-4.43076923076923
			4.50769230769231	-4.41538461538461
			4.52307692307692	-4.4
			4.53846153846154	-4.38461538461538
			4.55384615384615	-4.36923076923077
			4.56923076923077	-4.35384615384615
			4.58461538461538	-4.33846153846154
			4.6	-4.33846153846154
			4.6	-4.32307692307692
			4.61538461538461	-4.32307692307692
			4.63076923076923	-4.30769230769231
			4.63076923076923	-4.29230769230769
			4.64615384615385	-4.29230769230769
			4.66153846153846	-4.27692307692308
			4.67692307692308	-4.26153846153846
			4.69230769230769	-4.24615384615385
			4.70769230769231	-4.23076923076923
			4.72307692307692	-4.21538461538462
			4.73846153846154	-4.2
			4.75384615384615	-4.18461538461538
			4.76923076923077	-4.16923076923077
			4.78461538461538	-4.15384615384615
			4.8	-4.13846153846154
			4.81538461538462	-4.12307692307692
			4.83076923076923	-4.10769230769231
			4.84615384615385	-4.09230769230769
			4.84615384615385	-4.07692307692308
			4.86153846153846	-4.06153846153846
			4.87692307692308	-4.04615384615385
			4.89230769230769	-4.03076923076923
			4.90769230769231	-4.01538461538462
			4.92307692307692	-4
			4.92307692307692	-3.98461538461538
			4.93846153846154	-3.96923076923077
			4.95384615384615	-3.96923076923077
			4.96923076923077	-3.95384615384615
			4.98461538461538	-3.93846153846154
			4.98461538461538	-3.92307692307692
			5	-3.90769230769231
			5.01538461538462	-3.89230769230769
			5.03076923076923	-3.87692307692308
			5.04615384615385	-3.86153846153846
			5.04615384615385	-3.84615384615385
			5.06153846153846	-3.83076923076923
			5.06153846153846	-3.81538461538462
			5.07692307692308	-3.81538461538462
			5.09230769230769	-3.8
			5.09230769230769	-3.78461538461538
			5.10769230769231	-3.76923076923077
			5.12307692307692	-3.75384615384615
			5.12307692307692	-3.73846153846154
			5.13846153846154	-3.72307692307692
			5.15384615384615	-3.70769230769231
			5.15384615384615	-3.69230769230769
			5.16923076923077	-3.67692307692308
			5.18461538461538	-3.66153846153846
			5.18461538461538	-3.64615384615385
			5.2	-3.63076923076923
			5.21538461538462	-3.61538461538461
			5.21538461538462	-3.6
			5.23076923076923	-3.58461538461538
			5.24615384615385	-3.56923076923077
			5.24615384615385	-3.55384615384615
			5.26153846153846	-3.53846153846154
			5.26153846153846	-3.52307692307692
			5.27692307692308	-3.50769230769231
			5.29230769230769	-3.49230769230769
			5.29230769230769	-3.47692307692308
			5.30769230769231	-3.46153846153846
			5.30769230769231	-3.44615384615385
			5.32307692307692	-3.43076923076923
			5.33846153846154	-3.41538461538462
			5.33846153846154	-3.4
			5.35384615384615	-3.38461538461538
			5.35384615384615	-3.36923076923077
			5.36923076923077	-3.35384615384615
			5.38461538461538	-3.33846153846154
			5.38461538461538	-3.32307692307692
			5.4	-3.30769230769231
			5.4	-3.29230769230769
			5.41538461538461	-3.27692307692308
			5.43076923076923	-3.26153846153846
			5.43076923076923	-3.24615384615385
			5.44615384615385	-3.23076923076923
			5.44615384615385	-3.21538461538462
			5.46153846153846	-3.2
			5.46153846153846	-3.18461538461538
			5.47692307692308	-3.16923076923077
			5.47692307692308	-3.15384615384615
		</border>
		<margin type=matrix rownames=FALSE colnames=FALSE nrow=798 ncol=2 as.numeric=TRUE >
			3.46153846153846	-5.93846153846154
			3.46153846153846	-5.92307692307692
			3.47692307692308	-5.92307692307692
			3.47692307692308	-5.90769230769231
			3.47692307692308	-5.89230769230769
			3.49230769230769	-5.87692307692308
			3.50769230769231	-5.86153846153846
			3.50769230769231	-5.84615384615385
			3.52307692307692	-5.83076923076923
			3.52307692307692	-5.81538461538462
			3.53846153846154	-5.8
			3.55384615384615	-5.78461538461538
			3.56923076923077	-5.76923076923077
			3.56923076923077	-5.75384615384615
			3.58461538461538	-5.73846153846154
			3.58461538461538	-5.72307692307692
			3.6	-5.70769230769231
			3.61538461538461	-5.69230769230769
			3.63076923076923	-5.67692307692308
			3.64615384615385	-5.66153846153846
			3.66153846153846	-5.64615384615385
			3.67692307692308	-5.63076923076923
			3.67692307692308	-5.61538461538461
			3.69230769230769	-5.6
			3.70769230769231	-5.58461538461538
			3.72307692307692	-5.56923076923077
			3.73846153846154	-5.55384615384615
			3.75384615384615	-5.53846153846154
			3.76923076923077	-5.52307692307692
			3.76923076923077	-5.50769230769231
			3.78461538461538	-5.49230769230769
			3.78461538461538	-5.47692307692308
			3.8	-5.46153846153846
			3.8	-5.44615384615385
			3.81538461538462	-5.43076923076923
			3.83076923076923	-5.41538461538461
			3.84615384615385	-5.4
			3.84615384615385	-5.38461538461538
			3.86153846153846	-5.36923076923077
			3.86153846153846	-5.35384615384615
			3.86153846153846	-5.33846153846154
			3.87692307692308	-5.33846153846154
			3.87692307692308	-5.32307692307692
			3.89230769230769	-5.30769230769231
			3.89230769230769	-5.29230769230769
			3.90769230769231	-5.27692307692308
			3.92307692307692	-5.26153846153846
			3.93846153846154	-5.24615384615385
			3.93846153846154	-5.23076923076923
			3.95384615384615	-5.23076923076923
			3.95384615384615	-5.21538461538462
			3.96923076923077	-5.2
			3.98461538461538	-5.2
			3.98461538461538	-5.21538461538462
			3.98461538461538	-5.23076923076923
			3.98461538461538	-5.24615384615385
			3.98461538461538	-5.26153846153846
			3.96923076923077	-5.27692307692308
			3.96923076923077	-5.29230769230769
			3.96923076923077	-5.30769230769231
			3.96923076923077	-5.32307692307692
			3.96923076923077	-5.33846153846154
			3.96923076923077	-5.35384615384615
			3.96923076923077	-5.36923076923077
			3.96923076923077	-5.38461538461538
			3.96923076923077	-5.4
			3.96923076923077	-5.41538461538461
			3.96923076923077	-5.43076923076923
			3.96923076923077	-5.44615384615385
			3.96923076923077	-5.46153846153846
			3.96923076923077	-5.47692307692308
			3.96923076923077	-5.49230769230769
			3.96923076923077	-5.50769230769231
			3.96923076923077	-5.52307692307692
			3.96923076923077	-5.53846153846154
			3.96923076923077	-5.55384615384615
			3.96923076923077	-5.56923076923077
			3.96923076923077	-5.58461538461538
			3.96923076923077	-5.6
			3.96923076923077	-5.61538461538461
			3.96923076923077	-5.63076923076923
			3.96923076923077	-5.64615384615385
			3.96923076923077	-5.66153846153846
			3.96923076923077	-5.67692307692308
			3.96923076923077	-5.69230769230769
			3.96923076923077	-5.70769230769231
			3.96923076923077	-5.72307692307692
			3.96923076923077	-5.73846153846154
			3.96923076923077	-5.75384615384615
			3.96923076923077	-5.76923076923077
			3.96923076923077	-5.78461538461538
			3.96923076923077	-5.8
			3.98461538461538	-5.81538461538462
			3.98461538461538	-5.83076923076923
			3.98461538461538	-5.84615384615385
			3.98461538461538	-5.86153846153846
			4	-5.86153846153846
			4	-5.84615384615385
			4.01538461538462	-5.83076923076923
			4.01538461538462	-5.81538461538462
			4.03076923076923	-5.8
			4.04615384615385	-5.78461538461538
			4.04615384615385	-5.76923076923077
			4.06153846153846	-5.75384615384615
			4.06153846153846	-5.73846153846154
			4.07692307692308	-5.72307692307692
			4.09230769230769	-5.70769230769231
			4.09230769230769	-5.69230769230769
			4.10769230769231	-5.67692307692308
			4.10769230769231	-5.66153846153846
			4.12307692307692	-5.64615384615385
			4.12307692307692	-5.63076923076923
			4.13846153846154	-5.61538461538461
			4.13846153846154	-5.6
			4.15384615384615	-5.58461538461538
			4.16923076923077	-5.56923076923077
			4.16923076923077	-5.55384615384615
			4.16923076923077	-5.53846153846154
			4.18461538461538	-5.52307692307692
			4.18461538461538	-5.50769230769231
			4.2	-5.50769230769231
			4.2	-5.49230769230769
			4.21538461538462	-5.47692307692308
			4.21538461538462	-5.46153846153846
			4.23076923076923	-5.44615384615385
			4.23076923076923	-5.43076923076923
			4.24615384615385	-5.41538461538461
			4.24615384615385	-5.4
			4.24615384615385	-5.38461538461538
			4.26153846153846	-5.36923076923077
			4.26153846153846	-5.35384615384615
			4.27692307692308	-5.33846153846154
			4.27692307692308	-5.32307692307692
			4.29230769230769	-5.30769230769231
			4.29230769230769	-5.29230769230769
			4.29230769230769	-5.27692307692308
			4.30769230769231	-5.26153846153846
			4.30769230769231	-5.24615384615385
			4.32307692307692	-5.23076923076923
			4.32307692307692	-5.21538461538462
			4.32307692307692	-5.2
			4.32307692307692	-5.18461538461538
			4.33846153846154	-5.16923076923077
			4.33846153846154	-5.15384615384615
			4.33846153846154	-5.13846153846154
			4.35384615384615	-5.12307692307692
			4.35384615384615	-5.10769230769231
			4.35384615384615	-5.09230769230769
			4.36923076923077	-5.07692307692308
			4.36923076923077	-5.06153846153846
			4.36923076923077	-5.04615384615385
			4.36923076923077	-5.03076923076923
			4.38461538461538	-5.01538461538462
			4.38461538461538	-5
			4.38461538461538	-4.98461538461538
			4.38461538461538	-5
			4.38461538461538	-5.01538461538462
			4.4	-5.03076923076923
			4.4	-5.04615384615385
			4.4	-5.06153846153846
			4.4	-5.07692307692308
			4.4	-5.09230769230769
			4.4	-5.10769230769231
			4.4	-5.12307692307692
			4.41538461538461	-5.12307692307692
			4.41538461538461	-5.13846153846154
			4.41538461538461	-5.15384615384615
			4.41538461538461	-5.16923076923077
			4.41538461538461	-5.18461538461538
			4.41538461538461	-5.2
			4.41538461538461	-5.21538461538462
			4.41538461538461	-5.23076923076923
			4.41538461538461	-5.24615384615385
			4.41538461538461	-5.26153846153846
			4.43076923076923	-5.27692307692308
			4.43076923076923	-5.29230769230769
			4.43076923076923	-5.30769230769231
			4.43076923076923	-5.32307692307692
			4.43076923076923	-5.33846153846154
			4.43076923076923	-5.35384615384615
			4.43076923076923	-5.36923076923077
			4.43076923076923	-5.38461538461538
			4.43076923076923	-5.4
			4.43076923076923	-5.41538461538461
			4.43076923076923	-5.43076923076923
			4.43076923076923	-5.44615384615385
			4.43076923076923	-5.46153846153846
			4.43076923076923	-5.47692307692308
			4.43076923076923	-5.49230769230769
			4.43076923076923	-5.50769230769231
			4.43076923076923	-5.52307692307692
			4.44615384615385	-5.53846153846154
			4.44615384615385	-5.55384615384615
			4.44615384615385	-5.56923076923077
			4.44615384615385	-5.58461538461538
			4.44615384615385	-5.6
			4.44615384615385	-5.61538461538461
			4.44615384615385	-5.63076923076923
			4.44615384615385	-5.64615384615385
			4.44615384615385	-5.66153846153846
			4.44615384615385	-5.67692307692308
			4.44615384615385	-5.69230769230769
			4.44615384615385	-5.70769230769231
			4.44615384615385	-5.72307692307692
			4.46153846153846	-5.70769230769231
			4.47692307692308	-5.69230769230769
			4.49230769230769	-5.67692307692308
			4.50769230769231	-5.66153846153846
			4.50769230769231	-5.64615384615385
			4.52307692307692	-5.64615384615385
			4.52307692307692	-5.63076923076923
			4.53846153846154	-5.61538461538461
			4.55384615384615	-5.6
			4.56923076923077	-5.58461538461538
			4.56923076923077	-5.56923076923077
			4.58461538461538	-5.55384615384615
			4.6	-5.53846153846154
			4.6	-5.52307692307692
			4.61538461538461	-5.50769230769231
			4.61538461538461	-5.49230769230769
			4.63076923076923	-5.47692307692308
			4.63076923076923	-5.46153846153846
			4.64615384615385	-5.44615384615385
			4.64615384615385	-5.43076923076923
			4.66153846153846	-5.41538461538461
			4.66153846153846	-5.4
			4.67692307692308	-5.38461538461538
			4.67692307692308	-5.36923076923077
			4.67692307692308	-5.35384615384615
			4.69230769230769	-5.33846153846154
			4.69230769230769	-5.32307692307692
			4.70769230769231	-5.30769230769231
			4.70769230769231	-5.29230769230769
			4.70769230769231	-5.27692307692308
			4.72307692307692	-5.26153846153846
			4.72307692307692	-5.24615384615385
			4.72307692307692	-5.23076923076923
			4.73846153846154	-5.21538461538462
			4.73846153846154	-5.2
			4.73846153846154	-5.18461538461538
			4.73846153846154	-5.16923076923077
			4.75384615384615	-5.16923076923077
			4.75384615384615	-5.15384615384615
			4.75384615384615	-5.13846153846154
			4.75384615384615	-5.12307692307692
			4.75384615384615	-5.10769230769231
			4.76923076923077	-5.09230769230769
			4.76923076923077	-5.07692307692308
			4.76923076923077	-5.06153846153846
			4.76923076923077	-5.04615384615385
			4.78461538461538	-5.03076923076923
			4.78461538461538	-5.01538461538462
			4.78461538461538	-5
			4.78461538461538	-4.98461538461538
			4.78461538461538	-4.96923076923077
			4.78461538461538	-4.95384615384615
			4.78461538461538	-4.93846153846154
			4.8	-4.92307692307692
			4.8	-4.90769230769231
			4.8	-4.89230769230769
			4.8	-4.87692307692308
			4.8	-4.86153846153846
			4.8	-4.84615384615385
			4.8	-4.83076923076923
			4.8	-4.81538461538462
			4.81538461538462	-4.8
			4.81538461538462	-4.78461538461538
			4.81538461538462	-4.76923076923077
			4.81538461538462	-4.75384615384615
			4.81538461538462	-4.73846153846154
			4.81538461538462	-4.72307692307692
			4.81538461538462	-4.70769230769231
			4.81538461538462	-4.69230769230769
			4.81538461538462	-4.67692307692308
			4.81538461538462	-4.69230769230769
			4.83076923076923	-4.69230769230769
			4.83076923076923	-4.70769230769231
			4.83076923076923	-4.72307692307692
			4.84615384615385	-4.73846153846154
			4.84615384615385	-4.75384615384615
			4.84615384615385	-4.76923076923077
			4.84615384615385	-4.78461538461538
			4.86153846153846	-4.8
			4.86153846153846	-4.81538461538462
			4.86153846153846	-4.83076923076923
			4.86153846153846	-4.84615384615385
			4.87692307692308	-4.86153846153846
			4.87692307692308	-4.87692307692308
			4.87692307692308	-4.89230769230769
			4.87692307692308	-4.90769230769231
			4.87692307692308	-4.92307692307692
			4.87692307692308	-4.93846153846154
			4.87692307692308	-4.95384615384615
			4.89230769230769	-4.96923076923077
			4.89230769230769	-4.98461538461538
			4.89230769230769	-5
			4.89230769230769	-5.01538461538462
			4.89230769230769	-5.03076923076923
			4.89230769230769	-5.04615384615385
			4.89230769230769	-5.06153846153846
			4.89230769230769	-5.07692307692308
			4.89230769230769	-5.09230769230769
			4.89230769230769	-5.10769230769231
			4.89230769230769	-5.12307692307692
			4.89230769230769	-5.13846153846154
			4.89230769230769	-5.15384615384615
			4.89230769230769	-5.16923076923077
			4.89230769230769	-5.18461538461538
			4.89230769230769	-5.2
			4.89230769230769	-5.21538461538462
			4.89230769230769	-5.23076923076923
			4.89230769230769	-5.24615384615385
			4.89230769230769	-5.26153846153846
			4.89230769230769	-5.27692307692308
			4.89230769230769	-5.29230769230769
			4.89230769230769	-5.30769230769231
			4.89230769230769	-5.32307692307692
			4.89230769230769	-5.33846153846154
			4.89230769230769	-5.35384615384615
			4.89230769230769	-5.36923076923077
			4.89230769230769	-5.38461538461538
			4.89230769230769	-5.4
			4.89230769230769	-5.41538461538461
			4.89230769230769	-5.43076923076923
			4.89230769230769	-5.44615384615385
			4.89230769230769	-5.46153846153846
			4.89230769230769	-5.47692307692308
			4.89230769230769	-5.49230769230769
			4.89230769230769	-5.50769230769231
			4.89230769230769	-5.52307692307692
			4.90769230769231	-5.50769230769231
			4.92307692307692	-5.49230769230769
			4.93846153846154	-5.47692307692308
			4.95384615384615	-5.47692307692308
			4.96923076923077	-5.46153846153846
			4.96923076923077	-5.44615384615385
			4.98461538461538	-5.43076923076923
			5	-5.41538461538461
			5.01538461538462	-5.4
			5.03076923076923	-5.38461538461538
			5.03076923076923	-5.36923076923077
			5.03076923076923	-5.35384615384615
			5.04615384615385	-5.35384615384615
			5.04615384615385	-5.33846153846154
			5.06153846153846	-5.32307692307692
			5.06153846153846	-5.30769230769231
			5.07692307692308	-5.29230769230769
			5.07692307692308	-5.27692307692308
			5.07692307692308	-5.26153846153846
			5.09230769230769	-5.24615384615385
			5.09230769230769	-5.23076923076923
			5.09230769230769	-5.21538461538462
			5.10769230769231	-5.2
			5.10769230769231	-5.18461538461538
			5.10769230769231	-5.16923076923077
			5.10769230769231	-5.15384615384615
			5.12307692307692	-5.15384615384615
			5.12307692307692	-5.13846153846154
			5.12307692307692	-5.12307692307692
			5.12307692307692	-5.10769230769231
			5.12307692307692	-5.09230769230769
			5.12307692307692	-5.07692307692308
			5.13846153846154	-5.06153846153846
			5.13846153846154	-5.04615384615385
			5.13846153846154	-5.03076923076923
			5.13846153846154	-5.01538461538462
			5.13846153846154	-5
			5.13846153846154	-4.98461538461538
			5.13846153846154	-4.96923076923077
			5.13846153846154	-4.95384615384615
			5.13846153846154	-4.93846153846154
			5.13846153846154	-4.92307692307692
			5.13846153846154	-4.90769230769231
			5.13846153846154	-4.89230769230769
			5.13846153846154	-4.87692307692308
			5.13846153846154	-4.86153846153846
			5.13846153846154	-4.84615384615385
			5.13846153846154	-4.83076923076923
			5.13846153846154	-4.81538461538462
			5.13846153846154	-4.8
			5.13846153846154	-4.78461538461538
			5.13846153846154	-4.76923076923077
			5.13846153846154	-4.75384615384615
			5.13846153846154	-4.73846153846154
			5.13846153846154	-4.72307692307692
			5.13846153846154	-4.70769230769231
			5.13846153846154	-4.69230769230769
			5.13846153846154	-4.67692307692308
			5.12307692307692	-4.66153846153846
			5.12307692307692	-4.64615384615385
			5.12307692307692	-4.63076923076923
			5.12307692307692	-4.61538461538461
			5.12307692307692	-4.6
			5.12307692307692	-4.58461538461538
			5.12307692307692	-4.56923076923077
			5.12307692307692	-4.55384615384615
			5.12307692307692	-4.53846153846154
			5.12307692307692	-4.52307692307692
			5.12307692307692	-4.50769230769231
			5.12307692307692	-4.49230769230769
			5.12307692307692	-4.47692307692308
			5.12307692307692	-4.46153846153846
			5.10769230769231	-4.44615384615385
			5.10769230769231	-4.43076923076923
			5.10769230769231	-4.41538461538461
			5.10769230769231	-4.4
			5.10769230769231	-4.38461538461538
			5.10769230769231	-4.36923076923077
			5.10769230769231	-4.35384615384615
			5.10769230769231	-4.33846153846154
			5.09230769230769	-4.32307692307692
			5.09230769230769	-4.30769230769231
			5.09230769230769	-4.29230769230769
			5.09230769230769	-4.27692307692308
			5.09230769230769	-4.26153846153846
			5.09230769230769	-4.24615384615385
			5.07692307692308	-4.23076923076923
			5.07692307692308	-4.21538461538462
			5.07692307692308	-4.2
			5.07692307692308	-4.18461538461538
			5.09230769230769	-4.16923076923077
			5.10769230769231	-4.15384615384615
			5.12307692307692	-4.15384615384615
			5.13846153846154	-4.15384615384615
			5.15384615384615	-4.16923076923077
			5.16923076923077	-4.18461538461538
			5.16923076923077	-4.2
			5.16923076923077	-4.21538461538462
			5.18461538461538	-4.23076923076923
			5.18461538461538	-4.24615384615385
			5.2	-4.26153846153846
			5.2	-4.27692307692308
			5.2	-4.29230769230769
			5.21538461538462	-4.30769230769231
			5.21538461538462	-4.32307692307692
			5.21538461538462	-4.33846153846154
			5.23076923076923	-4.35384615384615
			5.23076923076923	-4.36923076923077
			5.23076923076923	-4.38461538461538
			5.24615384615385	-4.4
			5.24615384615385	-4.41538461538461
			5.24615384615385	-4.43076923076923
			5.24615384615385	-4.44615384615385
			5.26153846153846	-4.46153846153846
			5.26153846153846	-4.47692307692308
			5.26153846153846	-4.49230769230769
			5.27692307692308	-4.50769230769231
			5.27692307692308	-4.52307692307692
			5.27692307692308	-4.53846153846154
			5.27692307692308	-4.55384615384615
			5.29230769230769	-4.56923076923077
			5.29230769230769	-4.58461538461538
			5.29230769230769	-4.6
			5.29230769230769	-4.61538461538461
			5.30769230769231	-4.63076923076923
			5.30769230769231	-4.64615384615385
			5.30769230769231	-4.66153846153846
			5.32307692307692	-4.67692307692308
			5.32307692307692	-4.69230769230769
			5.32307692307692	-4.70769230769231
			5.32307692307692	-4.72307692307692
			5.32307692307692	-4.73846153846154
			5.33846153846154	-4.75384615384615
			5.33846153846154	-4.76923076923077
			5.33846153846154	-4.78461538461538
			5.33846153846154	-4.8
			5.35384615384615	-4.81538461538462
			5.35384615384615	-4.83076923076923
			5.35384615384615	-4.84615384615385
			5.35384615384615	-4.86153846153846
			5.35384615384615	-4.87692307692308
			5.36923076923077	-4.89230769230769
			5.36923076923077	-4.90769230769231
			5.36923076923077	-4.92307692307692
			5.36923076923077	-4.93846153846154
			5.38461538461538	-4.95384615384615
			5.38461538461538	-4.96923076923077
			5.38461538461538	-4.98461538461538
			5.4	-4.96923076923077
			5.41538461538461	-4.95384615384615
			5.43076923076923	-4.93846153846154
			5.43076923076923	-4.92307692307692
			5.44615384615385	-4.90769230769231
			5.44615384615385	-4.89230769230769
			5.46153846153846	-4.87692307692308
			5.46153846153846	-4.86153846153846
			5.47692307692308	-4.84615384615385
			5.47692307692308	-4.83076923076923
			5.47692307692308	-4.81538461538462
			5.49230769230769	-4.81538461538462
			5.49230769230769	-4.8
			5.49230769230769	-4.78461538461538
			5.50769230769231	-4.76923076923077
			5.50769230769231	-4.75384615384615
			5.50769230769231	-4.73846153846154
			5.50769230769231	-4.72307692307692
			5.52307692307692	-4.70769230769231
			5.52307692307692	-4.69230769230769
			5.52307692307692	-4.67692307692308
			5.53846153846154	-4.66153846153846
			5.53846153846154	-4.64615384615385
			5.53846153846154	-4.63076923076923
			5.53846153846154	-4.61538461538461
			5.53846153846154	-4.6
			5.55384615384615	-4.58461538461538
			5.55384615384615	-4.56923076923077
			5.55384615384615	-4.55384615384615
			5.55384615384615	-4.53846153846154
			5.55384615384615	-4.52307692307692
			5.55384615384615	-4.50769230769231
			5.55384615384615	-4.49230769230769
			5.56923076923077	-4.47692307692308
			5.56923076923077	-4.46153846153846
			5.56923076923077	-4.44615384615385
			5.56923076923077	-4.43076923076923
			5.56923076923077	-4.41538461538461
			5.56923076923077	-4.4
			5.56923076923077	-4.38461538461538
			5.56923076923077	-4.36923076923077
			5.56923076923077	-4.35384615384615
			5.56923076923077	-4.33846153846154
			5.56923076923077	-4.32307692307692
			5.56923076923077	-4.30769230769231
			5.55384615384615	-4.29230769230769
			5.55384615384615	-4.27692307692308
			5.55384615384615	-4.26153846153846
			5.55384615384615	-4.24615384615385
			5.55384615384615	-4.23076923076923
			5.55384615384615	-4.21538461538462
			5.55384615384615	-4.2
			5.55384615384615	-4.18461538461538
			5.55384615384615	-4.16923076923077
			5.53846153846154	-4.16923076923077
			5.53846153846154	-4.15384615384615
			5.53846153846154	-4.13846153846154
			5.53846153846154	-4.12307692307692
			5.53846153846154	-4.10769230769231
			5.52307692307692	-4.09230769230769
			5.52307692307692	-4.07692307692308
			5.52307692307692	-4.06153846153846
			5.52307692307692	-4.04615384615385
			5.50769230769231	-4.03076923076923
			5.50769230769231	-4.01538461538462
			5.50769230769231	-4
			5.50769230769231	-3.98461538461538
			5.49230769230769	-3.96923076923077
			5.49230769230769	-3.95384615384615
			5.49230769230769	-3.93846153846154
			5.47692307692308	-3.92307692307692
			5.47692307692308	-3.90769230769231
			5.47692307692308	-3.89230769230769
			5.46153846153846	-3.87692307692308
			5.46153846153846	-3.86153846153846
			5.46153846153846	-3.84615384615385
			5.44615384615385	-3.83076923076923
			5.46153846153846	-3.84615384615385
			5.47692307692308	-3.86153846153846
			5.49230769230769	-3.87692307692308
			5.49230769230769	-3.89230769230769
			5.50769230769231	-3.90769230769231
			5.50769230769231	-3.92307692307692
			5.52307692307692	-3.92307692307692
			5.52307692307692	-3.93846153846154
			5.53846153846154	-3.95384615384615
			5.53846153846154	-3.96923076923077
			5.55384615384615	-3.98461538461538
			5.56923076923077	-4
			5.56923076923077	-4.01538461538462
			5.58461538461538	-4.03076923076923
			5.58461538461538	-4.04615384615385
			5.6	-4.06153846153846
			5.6	-4.07692307692308
			5.61538461538461	-4.09230769230769
			5.61538461538461	-4.10769230769231
			5.61538461538461	-4.12307692307692
			5.63076923076923	-4.13846153846154
			5.63076923076923	-4.15384615384615
			5.64615384615385	-4.16923076923077
			5.64615384615385	-4.18461538461538
			5.66153846153846	-4.2
			5.66153846153846	-4.21538461538462
			5.67692307692308	-4.23076923076923
			5.67692307692308	-4.24615384615385
			5.67692307692308	-4.26153846153846
			5.69230769230769	-4.26153846153846
			5.69230769230769	-4.27692307692308
			5.69230769230769	-4.29230769230769
			5.69230769230769	-4.30769230769231
			5.70769230769231	-4.30769230769231
			5.70769230769231	-4.32307692307692
			5.70769230769231	-4.33846153846154
			5.72307692307692	-4.33846153846154
			5.72307692307692	-4.35384615384615
			5.72307692307692	-4.36923076923077
			5.72307692307692	-4.38461538461538
			5.73846153846154	-4.38461538461538
			5.73846153846154	-4.4
			5.73846153846154	-4.41538461538461
			5.75384615384615	-4.41538461538461
			5.75384615384615	-4.43076923076923
			5.75384615384615	-4.44615384615385
			5.75384615384615	-4.46153846153846
			5.76923076923077	-4.47692307692308
			5.76923076923077	-4.49230769230769
			5.78461538461538	-4.49230769230769
			5.78461538461538	-4.50769230769231
			5.8	-4.52307692307692
			5.81538461538462	-4.53846153846154
			5.81538461538462	-4.55384615384615
			5.83076923076923	-4.55384615384615
			5.84615384615385	-4.55384615384615
			5.86153846153846	-4.53846153846154
			5.86153846153846	-4.52307692307692
			5.86153846153846	-4.50769230769231
			5.86153846153846	-4.49230769230769
			5.86153846153846	-4.47692307692308
			5.86153846153846	-4.46153846153846
			5.86153846153846	-4.44615384615385
			5.86153846153846	-4.43076923076923
			5.86153846153846	-4.41538461538461
			5.86153846153846	-4.4
			5.86153846153846	-4.38461538461538
			5.86153846153846	-4.36923076923077
			5.86153846153846	-4.35384615384615
			5.86153846153846	-4.33846153846154
			5.86153846153846	-4.32307692307692
			5.86153846153846	-4.30769230769231
			5.86153846153846	-4.29230769230769
			5.86153846153846	-4.27692307692308
			5.86153846153846	-4.26153846153846
			5.86153846153846	-4.24615384615385
			5.86153846153846	-4.23076923076923
			5.86153846153846	-4.21538461538462
			5.86153846153846	-4.2
			5.86153846153846	-4.18461538461538
			5.86153846153846	-4.16923076923077
			5.86153846153846	-4.15384615384615
			5.86153846153846	-4.13846153846154
			5.84615384615385	-4.12307692307692
			5.84615384615385	-4.10769230769231
			5.84615384615385	-4.09230769230769
			5.84615384615385	-4.07692307692308
			5.84615384615385	-4.06153846153846
			5.84615384615385	-4.04615384615385
			5.83076923076923	-4.03076923076923
			5.83076923076923	-4.01538461538462
			5.83076923076923	-4
			5.83076923076923	-3.98461538461538
			5.83076923076923	-3.96923076923077
			5.83076923076923	-3.95384615384615
			5.81538461538462	-3.93846153846154
			5.81538461538462	-3.92307692307692
			5.81538461538462	-3.90769230769231
			5.81538461538462	-3.89230769230769
			5.8	-3.87692307692308
			5.8	-3.86153846153846
			5.8	-3.84615384615385
			5.8	-3.83076923076923
			5.78461538461538	-3.81538461538462
			5.78461538461538	-3.8
			5.78461538461538	-3.78461538461538
			5.76923076923077	-3.76923076923077
			5.76923076923077	-3.75384615384615
			5.76923076923077	-3.73846153846154
			5.75384615384615	-3.72307692307692
			5.75384615384615	-3.70769230769231
			5.75384615384615	-3.69230769230769
			5.73846153846154	-3.67692307692308
			5.73846153846154	-3.66153846153846
			5.73846153846154	-3.64615384615385
			5.72307692307692	-3.63076923076923
			5.72307692307692	-3.61538461538461
			5.70769230769231	-3.6
			5.70769230769231	-3.58461538461538
			5.70769230769231	-3.56923076923077
			5.69230769230769	-3.55384615384615
			5.69230769230769	-3.53846153846154
			5.67692307692308	-3.52307692307692
			5.67692307692308	-3.50769230769231
			5.67692307692308	-3.49230769230769
			5.66153846153846	-3.47692307692308
			5.66153846153846	-3.46153846153846
			5.64615384615385	-3.44615384615385
			5.64615384615385	-3.43076923076923
			5.64615384615385	-3.41538461538462
			5.63076923076923	-3.4
			5.63076923076923	-3.38461538461538
			5.61538461538461	-3.36923076923077
			5.61538461538461	-3.35384615384615
			5.61538461538461	-3.33846153846154
			5.6	-3.32307692307692
			5.6	-3.30769230769231
			5.58461538461538	-3.29230769230769
			5.58461538461538	-3.27692307692308
			5.56923076923077	-3.26153846153846
			5.55384615384615	-3.24615384615385
			5.55384615384615	-3.23076923076923
			5.53846153846154	-3.23076923076923
			5.53846153846154	-3.21538461538462
			5.52307692307692	-3.2
			5.50769230769231	-3.2
			5.50769230769231	-3.18461538461538
			5.49230769230769	-3.16923076923077
			5.47692307692308	-3.16923076923077
			5.47692307692308	-3.15384615384615
			5.46153846153846	-3.13846153846154
			5.44615384615385	-3.13846153846154
			5.44615384615385	-3.12307692307692
			5.43076923076923	-3.10769230769231
			5.41538461538461	-3.10769230769231
			5.41538461538461	-3.09230769230769
			5.4	-3.09230769230769
			5.38461538461538	-3.07692307692308
			5.38461538461538	-3.06153846153846
			5.36923076923077	-3.06153846153846
			5.35384615384615	-3.04615384615385
			5.33846153846154	-3.03076923076923
			5.32307692307692	-3.01538461538462
			5.30769230769231	-3.01538461538462
			5.29230769230769	-3
			5.27692307692308	-2.98461538461538
			5.26153846153846	-2.98461538461538
			5.24615384615385	-2.96923076923077
			5.23076923076923	-2.96923076923077
			5.21538461538462	-2.95384615384615
			5.2	-2.93846153846154
			5.18461538461538	-2.93846153846154
			5.16923076923077	-2.92307692307692
			5.15384615384615	-2.92307692307692
			5.15384615384615	-2.90769230769231
			5.13846153846154	-2.90769230769231
			5.12307692307692	-2.90769230769231
			5.12307692307692	-2.89230769230769
			5.10769230769231	-2.89230769230769
			5.09230769230769	-2.89230769230769
			5.07692307692308	-2.87692307692308
			5.06153846153846	-2.87692307692308
			5.04615384615385	-2.86153846153846
			5.03076923076923	-2.86153846153846
			5.01538461538462	-2.86153846153846
			5	-2.84615384615385
			4.98461538461538	-2.84615384615385
			4.96923076923077	-2.84615384615385
			4.95384615384615	-2.83076923076923
			4.93846153846154	-2.83076923076923
			4.92307692307692	-2.83076923076923
			4.90769230769231	-2.81538461538462
			4.89230769230769	-2.81538461538462
			4.87692307692308	-2.81538461538462
			4.86153846153846	-2.81538461538462
			4.84615384615385	-2.8
			4.83076923076923	-2.8
			4.81538461538462	-2.8
			4.8	-2.8
			4.78461538461538	-2.8
			4.76923076923077	-2.8
			4.75384615384615	-2.78461538461538
			4.73846153846154	-2.78461538461538
			4.72307692307692	-2.78461538461538
			4.70769230769231	-2.78461538461538
			4.69230769230769	-2.78461538461538
			4.67692307692308	-2.78461538461538
			4.66153846153846	-2.78461538461538
			4.64615384615385	-2.78461538461538
			4.63076923076923	-2.78461538461538
			4.61538461538461	-2.78461538461538
			4.6	-2.78461538461538
			4.58461538461538	-2.78461538461538
			4.56923076923077	-2.78461538461538
			4.55384615384615	-2.78461538461538
			4.53846153846154	-2.78461538461538
			4.52307692307692	-2.78461538461538
			4.50769230769231	-2.78461538461538
			4.49230769230769	-2.78461538461538
			4.47692307692308	-2.78461538461538
			4.46153846153846	-2.78461538461538
			4.44615384615385	-2.78461538461538
			4.43076923076923	-2.78461538461538
			4.41538461538461	-2.78461538461538
			4.4	-2.78461538461538
			4.38461538461538	-2.78461538461538
			4.36923076923077	-2.78461538461538
			4.35384615384615	-2.78461538461538
			4.33846153846154	-2.8
			4.32307692307692	-2.8
			4.30769230769231	-2.8
			4.29230769230769	-2.8
			4.27692307692308	-2.8
			4.26153846153846	-2.8
			4.24615384615385	-2.8
			4.23076923076923	-2.81538461538462
			4.21538461538462	-2.81538461538462
			4.2	-2.81538461538462
			4.18461538461538	-2.81538461538462
			4.16923076923077	-2.81538461538462
			4.15384615384615	-2.83076923076923
			4.13846153846154	-2.83076923076923
			4.12307692307692	-2.83076923076923
		</margin>
	</curves.scaled>
	<ruler.points type=matrix rownames=TRUE colnames=FALSE nrow=2 ncol=2 as.numeric=TRUE >
		Ruler point 1	12	420
		Ruler point 2	454	420
	</ruler.points>
</shapes>

