<shapes type=list>
	<ruler.pixel type=vector names=FALSE length=1 as.numeric=TRUE >321.00155762862</ruler.pixel>
	<ruler.interval type=vector names=FALSE length=1 as.numeric=TRUE >1</ruler.interval>
	<scaling.units type=vector names=FALSE length=1 as.numeric=FALSE >cm</scaling.units>
	<scaling type=vector names=FALSE length=1 as.numeric=TRUE >0.00311524968099047</scaling>
	<landmarks.pixel type=matrix rownames=TRUE colnames=FALSE nrow=7 ncol=2 as.numeric=TRUE >
		LM1	253	372
		LM2	253	481
		LM3	253	490
		LM4	253	498
		LM5	292	377
		LM6	372	394
		LM7	379	397
	</landmarks.pixel>
	<landmarks.scaled type=matrix rownames=TRUE colnames=FALSE nrow=7 ncol=2 as.numeric=TRUE >
		LM1	0.788158169290588	-1.15887288132845
		LM2	0.788158169290588	-1.49843509655641
		LM3	0.788158169290588	-1.52647234368533
		LM4	0.788158169290588	-1.55139434113325
		LM5	0.909652906849216	-1.17444912973341
		LM6	1.15887288132845	-1.22740837431024
		LM7	1.18067962909539	-1.23675412335322
	</landmarks.scaled>
	<curves.control type=list>
		<axis type=matrix rownames=FALSE colnames=FALSE nrow=7 ncol=2 as.numeric=TRUE >
			253	372
			271	372
			292	377
			294	393
			280	449
			273	481
			253	481
		</axis>
		<border type=matrix rownames=FALSE colnames=FALSE nrow=5 ncol=2 as.numeric=TRUE >
			253	490
			270	490
			297	479
			358	446
			372	394
		</border>
		<margin type=matrix rownames=FALSE colnames=FALSE nrow=9 ncol=2 as.numeric=TRUE >
			253	498
			272	497
			316	480
			342	465
			358	441
			374	414
			379	398
			344	384
			292	377
		</margin>
	</curves.control>
	<curves.pixel type=list>
		<axis type=matrix rownames=FALSE colnames=FALSE nrow=160 ncol=2 as.numeric=TRUE >
			253	372
			254	372
			255	372
			256	372
			257	372
			258	372
			259	372
			260	372
			261	372
			262	372
			263	372
			264	372
			265	373
			266	373
			267	373
			268	373
			269	373
			270	373
			271	373
			272	373
			273	373
			274	374
			275	374
			276	374
			277	374
			278	374
			279	374
			280	374
			281	375
			282	375
			283	375
			284	375
			285	375
			285	376
			286	376
			287	376
			288	376
			289	376
			290	377
			291	377
			292	377
			292	378
			292	379
			292	380
			292	381
			292	382
			292	383
			292	384
			292	385
			292	386
			292	387
			292	388
			292	389
			292	390
			292	391
			292	392
			291	393
			291	394
			291	395
			291	396
			291	397
			291	398
			291	399
			290	400
			290	401
			290	402
			290	403
			290	404
			290	405
			289	406
			289	407
			289	408
			289	409
			289	410
			289	411
			288	412
			288	413
			288	414
			288	415
			288	416
			287	416
			287	417
			287	418
			287	419
			287	420
			287	421
			286	422
			286	423
			286	424
			286	425
			285	426
			285	427
			285	428
			285	429
			285	430
			284	431
			284	432
			284	433
			284	434
			283	435
			283	436
			283	437
			283	438
			282	439
			282	440
			282	441
			282	442
			281	443
			281	444
			281	445
			281	446
			281	447
			280	447
			280	448
			280	449
			280	450
			280	451
			279	451
			279	452
			279	453
			279	454
			278	455
			278	456
			278	457
			278	458
			277	458
			277	459
			277	460
			277	461
			276	462
			276	463
			275	464
			275	465
			274	466
			274	467
			273	468
			273	469
			272	470
			272	471
			271	471
			270	472
			270	473
			269	474
			268	475
			267	476
			266	477
			265	477
			264	478
			263	478
			263	479
			262	479
			261	480
			260	480
			259	480
			258	480
			257	481
			256	481
			255	481
			254	481
			253	481
		</axis>
		<border type=matrix rownames=FALSE colnames=FALSE nrow=148 ncol=2 as.numeric=TRUE >
			253	490
			254	490
			255	490
			256	490
			257	490
			258	490
			259	490
			260	490
			261	489
			262	489
			263	489
			264	489
			265	489
			266	489
			267	489
			268	488
			269	488
			270	488
			271	488
			272	487
			273	487
			274	487
			275	487
			276	486
			277	486
			278	486
			279	485
			280	485
			281	485
			282	484
			283	484
			284	484
			285	484
			285	483
			286	483
			287	483
			288	482
			289	482
			290	482
			291	481
			292	481
			293	481
			294	480
			295	480
			296	479
			297	479
			298	478
			299	478
			300	477
			301	477
			302	476
			303	476
			304	475
			305	474
			306	474
			307	473
			308	473
			309	472
			310	472
			311	471
			312	470
			313	470
			313	469
			314	469
			315	468
			316	467
			317	467
			318	466
			319	466
			320	465
			320	464
			321	464
			322	463
			323	463
			324	462
			325	461
			326	460
			327	459
			328	459
			329	458
			330	457
			331	456
			332	455
			333	455
			334	454
			334	453
			335	452
			336	452
			337	451
			338	450
			339	449
			340	448
			341	447
			342	446
			343	445
			344	444
			345	443
			346	442
			347	441
			348	440
			348	439
			349	438
			350	437
			351	436
			352	435
			353	434
			353	433
			353	432
			354	432
			354	431
			355	430
			356	429
			357	428
			357	427
			358	426
			358	425
			359	424
			359	423
			360	423
			360	422
			361	421
			361	420
			362	419
			363	418
			363	417
			364	416
			364	415
			365	414
			365	413
			366	412
			366	411
			366	410
			367	409
			367	408
			368	407
			368	406
			369	405
			369	404
			369	403
			370	402
			370	401
			370	400
			371	399
			371	398
			371	397
			371	396
			372	395
			372	394
		</border>
		<margin type=matrix rownames=FALSE colnames=FALSE nrow=255 ncol=2 as.numeric=TRUE >
			253	498
			254	498
			255	498
			256	498
			257	498
			258	497
			259	497
			260	497
			261	497
			262	497
			263	497
			264	496
			265	496
			266	496
			267	496
			268	496
			269	495
			270	495
			271	495
			272	495
			273	494
			274	494
			275	494
			276	494
			277	493
			278	493
			279	493
			280	493
			281	492
			282	492
			283	492
			284	491
			285	491
			286	491
			287	490
			288	490
			289	490
			290	489
			291	489
			292	489
			293	488
			294	488
			295	488
			296	487
			297	487
			298	487
			299	486
			300	486
			301	486
			302	485
			303	485
			304	484
			305	484
			306	484
			307	483
			308	483
			309	483
			310	482
			311	482
			312	481
			313	481
			314	481
			315	480
			316	480
			317	479
			318	479
			319	478
			320	478
			321	477
			322	476
			323	476
			324	475
			325	475
			326	474
			326	473
			327	473
			328	472
			329	472
			330	471
			330	470
			331	470
			332	469
			333	469
			333	468
			334	467
			335	467
			336	466
			336	465
			337	465
			338	464
			339	464
			339	463
			340	462
			341	462
			341	461
			342	460
			343	459
			344	459
			344	458
			345	457
			346	457
			346	456
			347	455
			348	455
			348	454
			349	453
			349	452
			350	452
			351	451
			351	450
			352	449
			353	449
			353	448
			354	447
			354	446
			355	445
			356	444
			357	443
			357	442
			358	441
			359	440
			359	439
			360	438
			361	437
			361	436
			361	435
			362	435
			362	434
			362	433
			363	433
			363	432
			364	431
			364	430
			365	429
			365	428
			366	428
			366	427
			366	426
			367	425
			368	424
			368	423
			369	422
			369	421
			369	420
			370	419
			371	418
			371	417
			372	416
			372	415
			372	414
			373	413
			374	412
			374	411
			375	410
			375	409
			375	408
			376	407
			376	406
			377	405
			377	404
			377	403
			378	402
			378	401
			378	400
			379	400
			379	399
			379	398
			378	397
			377	397
			376	397
			375	397
			375	396
			374	396
			373	396
			372	395
			371	395
			370	395
			369	394
			368	394
			367	394
			366	393
			365	393
			364	393
			363	392
			362	392
			361	392
			360	391
			359	391
			358	391
			357	390
			356	390
			355	390
			354	389
			353	389
			352	389
			351	389
			350	388
			349	388
			348	388
			347	388
			346	387
			345	387
			344	387
			343	387
			342	386
			341	386
			340	386
			339	386
			338	385
			337	385
			336	385
			335	385
			334	384
			333	384
			332	384
			331	384
			330	383
			329	383
			328	383
			327	383
			326	383
			325	382
			324	382
			323	382
			322	382
			321	382
			320	381
			319	381
			318	381
			317	381
			316	381
			315	381
			314	380
			313	380
			312	380
			311	380
			310	380
			309	380
			308	379
			307	379
			306	379
			305	379
			304	379
			303	379
			302	378
			301	378
			300	378
			299	378
			298	378
			297	378
			296	378
			295	377
			294	377
			293	377
			292	377
		</margin>
	</curves.pixel>
	<curves.scaled type=list>
		<axis type=matrix rownames=FALSE colnames=FALSE nrow=160 ncol=2 as.numeric=TRUE >
			0.788158169290588	-1.15887288132845
			0.791273418971578	-1.15887288132845
			0.794388668652569	-1.15887288132845
			0.797503918333559	-1.15887288132845
			0.80061916801455	-1.15887288132845
			0.80373441769554	-1.15887288132845
			0.806849667376531	-1.15887288132845
			0.809964917057521	-1.15887288132845
			0.813080166738512	-1.15887288132845
			0.816195416419502	-1.15887288132845
			0.819310666100493	-1.15887288132845
			0.822425915781483	-1.15887288132845
			0.825541165462474	-1.16198813100944
			0.828656415143464	-1.16198813100944
			0.831771664824455	-1.16198813100944
			0.834886914505445	-1.16198813100944
			0.838002164186435	-1.16198813100944
			0.841117413867426	-1.16198813100944
			0.844232663548416	-1.16198813100944
			0.847347913229407	-1.16198813100944
			0.850463162910397	-1.16198813100944
			0.853578412591388	-1.16510338069043
			0.856693662272378	-1.16510338069043
			0.859808911953369	-1.16510338069043
			0.862924161634359	-1.16510338069043
			0.86603941131535	-1.16510338069043
			0.86915466099634	-1.16510338069043
			0.872269910677331	-1.16510338069043
			0.875385160358321	-1.16821863037142
			0.878500410039311	-1.16821863037142
			0.881615659720302	-1.16821863037142
			0.884730909401292	-1.16821863037142
			0.887846159082283	-1.16821863037142
			0.887846159082283	-1.17133388005242
			0.890961408763273	-1.17133388005242
			0.894076658444264	-1.17133388005242
			0.897191908125254	-1.17133388005242
			0.900307157806245	-1.17133388005242
			0.903422407487235	-1.17444912973341
			0.906537657168226	-1.17444912973341
			0.909652906849216	-1.17444912973341
			0.909652906849216	-1.1775643794144
			0.909652906849216	-1.18067962909539
			0.909652906849216	-1.18379487877638
			0.909652906849216	-1.18691012845737
			0.909652906849216	-1.19002537813836
			0.909652906849216	-1.19314062781935
			0.909652906849216	-1.19625587750034
			0.909652906849216	-1.19937112718133
			0.909652906849216	-1.20248637686232
			0.909652906849216	-1.20560162654331
			0.909652906849216	-1.2087168762243
			0.909652906849216	-1.21183212590529
			0.909652906849216	-1.21494737558628
			0.909652906849216	-1.21806262526727
			0.909652906849216	-1.22117787494826
			0.906537657168226	-1.22429312462925
			0.906537657168226	-1.22740837431024
			0.906537657168226	-1.23052362399123
			0.906537657168226	-1.23363887367222
			0.906537657168226	-1.23675412335322
			0.906537657168226	-1.23986937303421
			0.906537657168226	-1.2429846227152
			0.903422407487235	-1.24609987239619
			0.903422407487235	-1.24921512207718
			0.903422407487235	-1.25233037175817
			0.903422407487235	-1.25544562143916
			0.903422407487235	-1.25856087112015
			0.903422407487235	-1.26167612080114
			0.900307157806245	-1.26479137048213
			0.900307157806245	-1.26790662016312
			0.900307157806245	-1.27102186984411
			0.900307157806245	-1.2741371195251
			0.900307157806245	-1.27725236920609
			0.900307157806245	-1.28036761888708
			0.897191908125254	-1.28348286856807
			0.897191908125254	-1.28659811824906
			0.897191908125254	-1.28971336793005
			0.897191908125254	-1.29282861761104
			0.897191908125254	-1.29594386729203
			0.894076658444264	-1.29594386729203
			0.894076658444264	-1.29905911697302
			0.894076658444264	-1.30217436665401
			0.894076658444264	-1.30528961633501
			0.894076658444264	-1.308404866016
			0.894076658444264	-1.31152011569699
			0.890961408763273	-1.31463536537798
			0.890961408763273	-1.31775061505897
			0.890961408763273	-1.32086586473996
			0.890961408763273	-1.32398111442095
			0.887846159082283	-1.32709636410194
			0.887846159082283	-1.33021161378293
			0.887846159082283	-1.33332686346392
			0.887846159082283	-1.33644211314491
			0.887846159082283	-1.3395573628259
			0.884730909401292	-1.34267261250689
			0.884730909401292	-1.34578786218788
			0.884730909401292	-1.34890311186887
			0.884730909401292	-1.35201836154986
			0.881615659720302	-1.35513361123085
			0.881615659720302	-1.35824886091184
			0.881615659720302	-1.36136411059283
			0.881615659720302	-1.36447936027382
			0.878500410039311	-1.36759460995481
			0.878500410039311	-1.37070985963581
			0.878500410039311	-1.3738251093168
			0.878500410039311	-1.37694035899779
			0.875385160358321	-1.38005560867878
			0.875385160358321	-1.38317085835977
			0.875385160358321	-1.38628610804076
			0.875385160358321	-1.38940135772175
			0.875385160358321	-1.39251660740274
			0.872269910677331	-1.39251660740274
			0.872269910677331	-1.39563185708373
			0.872269910677331	-1.39874710676472
			0.872269910677331	-1.40186235644571
			0.872269910677331	-1.4049776061267
			0.86915466099634	-1.4049776061267
			0.86915466099634	-1.40809285580769
			0.86915466099634	-1.41120810548868
			0.86915466099634	-1.41432335516967
			0.86603941131535	-1.41743860485066
			0.86603941131535	-1.42055385453165
			0.86603941131535	-1.42366910421264
			0.86603941131535	-1.42678435389363
			0.862924161634359	-1.42678435389363
			0.862924161634359	-1.42989960357462
			0.862924161634359	-1.43301485325561
			0.862924161634359	-1.4361301029366
			0.859808911953369	-1.4392453526176
			0.859808911953369	-1.44236060229859
			0.856693662272378	-1.44547585197958
			0.856693662272378	-1.44859110166057
			0.853578412591388	-1.45170635134156
			0.853578412591388	-1.45482160102255
			0.850463162910397	-1.45793685070354
			0.850463162910397	-1.46105210038453
			0.847347913229407	-1.46416735006552
			0.847347913229407	-1.46728259974651
			0.844232663548416	-1.46728259974651
			0.841117413867426	-1.4703978494275
			0.841117413867426	-1.47351309910849
			0.838002164186435	-1.47662834878948
			0.834886914505445	-1.47974359847047
			0.831771664824455	-1.48285884815146
			0.828656415143464	-1.48597409783245
			0.825541165462474	-1.48597409783245
			0.822425915781483	-1.48908934751344
			0.819310666100493	-1.48908934751344
			0.819310666100493	-1.49220459719443
			0.816195416419502	-1.49220459719443
			0.813080166738512	-1.49531984687542
			0.809964917057521	-1.49531984687542
			0.806849667376531	-1.49531984687542
			0.80373441769554	-1.49531984687542
			0.80061916801455	-1.49843509655641
			0.797503918333559	-1.49843509655641
			0.794388668652569	-1.49843509655641
			0.791273418971578	-1.49843509655641
			0.788158169290588	-1.49843509655641
		</axis>
		<border type=matrix rownames=FALSE colnames=FALSE nrow=148 ncol=2 as.numeric=TRUE >
			0.788158169290588	-1.52647234368533
			0.791273418971578	-1.52647234368533
			0.794388668652569	-1.52647234368533
			0.797503918333559	-1.52647234368533
			0.80061916801455	-1.52647234368533
			0.80373441769554	-1.52647234368533
			0.806849667376531	-1.52647234368533
			0.809964917057521	-1.52647234368533
			0.813080166738512	-1.52335709400434
			0.816195416419502	-1.52335709400434
			0.819310666100493	-1.52335709400434
			0.822425915781483	-1.52335709400434
			0.825541165462474	-1.52335709400434
			0.828656415143464	-1.52335709400434
			0.831771664824455	-1.52335709400434
			0.834886914505445	-1.52024184432335
			0.838002164186435	-1.52024184432335
			0.841117413867426	-1.52024184432335
			0.844232663548416	-1.52024184432335
			0.847347913229407	-1.51712659464236
			0.850463162910397	-1.51712659464236
			0.853578412591388	-1.51712659464236
			0.856693662272378	-1.51712659464236
			0.859808911953369	-1.51401134496137
			0.862924161634359	-1.51401134496137
			0.86603941131535	-1.51401134496137
			0.86915466099634	-1.51089609528038
			0.872269910677331	-1.51089609528038
			0.875385160358321	-1.51089609528038
			0.878500410039311	-1.50778084559939
			0.881615659720302	-1.50778084559939
			0.884730909401292	-1.50778084559939
			0.887846159082283	-1.50778084559939
			0.887846159082283	-1.5046655959184
			0.890961408763273	-1.5046655959184
			0.894076658444264	-1.5046655959184
			0.897191908125254	-1.5015503462374
			0.900307157806245	-1.5015503462374
			0.903422407487235	-1.5015503462374
			0.906537657168226	-1.49843509655641
			0.909652906849216	-1.49843509655641
			0.912768156530207	-1.49843509655641
			0.915883406211197	-1.49531984687542
			0.918998655892188	-1.49531984687542
			0.922113905573178	-1.49220459719443
			0.925229155254168	-1.49220459719443
			0.928344404935159	-1.48908934751344
			0.931459654616149	-1.48908934751344
			0.93457490429714	-1.48597409783245
			0.93769015397813	-1.48597409783245
			0.940805403659121	-1.48285884815146
			0.943920653340111	-1.48285884815146
			0.947035903021102	-1.47974359847047
			0.950151152702092	-1.47662834878948
			0.953266402383083	-1.47662834878948
			0.956381652064073	-1.47351309910849
			0.959496901745064	-1.47351309910849
			0.962612151426054	-1.4703978494275
			0.965727401107045	-1.4703978494275
			0.968842650788035	-1.46728259974651
			0.971957900469026	-1.46416735006552
			0.975073150150016	-1.46416735006552
			0.975073150150016	-1.46105210038453
			0.978188399831006	-1.46105210038453
			0.981303649511997	-1.45793685070354
			0.984418899192987	-1.45482160102255
			0.987534148873978	-1.45482160102255
			0.990649398554968	-1.45170635134156
			0.993764648235959	-1.45170635134156
			0.996879897916949	-1.44859110166057
			0.996879897916949	-1.44547585197958
			0.99999514759794	-1.44547585197958
			1.00311039727893	-1.44236060229859
			1.00622564695992	-1.44236060229859
			1.00934089664091	-1.4392453526176
			1.0124561463219	-1.4361301029366
			1.01557139600289	-1.43301485325561
			1.01868664568388	-1.42989960357462
			1.02180189536487	-1.42989960357462
			1.02491714504586	-1.42678435389363
			1.02803239472685	-1.42366910421264
			1.03114764440784	-1.42055385453165
			1.03426289408883	-1.41743860485066
			1.03737814376983	-1.41743860485066
			1.04049339345082	-1.41432335516967
			1.04049339345082	-1.41120810548868
			1.04360864313181	-1.40809285580769
			1.0467238928128	-1.40809285580769
			1.04983914249379	-1.4049776061267
			1.05295439217478	-1.40186235644571
			1.05606964185577	-1.39874710676472
			1.05918489153676	-1.39563185708373
			1.06230014121775	-1.39251660740274
			1.06541539089874	-1.38940135772175
			1.06853064057973	-1.38628610804076
			1.07164589026072	-1.38317085835977
			1.07476113994171	-1.38005560867878
			1.0778763896227	-1.37694035899779
			1.08099163930369	-1.3738251093168
			1.08410688898468	-1.37070985963581
			1.08410688898468	-1.36759460995481
			1.08722213866567	-1.36447936027382
			1.09033738834666	-1.36136411059283
			1.09345263802765	-1.35824886091184
			1.09656788770864	-1.35513361123085
			1.09968313738963	-1.35201836154986
			1.09968313738963	-1.34890311186887
			1.09968313738963	-1.34578786218788
			1.10279838707063	-1.34578786218788
			1.10279838707063	-1.34267261250689
			1.10591363675162	-1.3395573628259
			1.10902888643261	-1.33644211314491
			1.1121441361136	-1.33332686346392
			1.1121441361136	-1.33021161378293
			1.11525938579459	-1.32709636410194
			1.11525938579459	-1.32398111442095
			1.11837463547558	-1.32086586473996
			1.11837463547558	-1.31775061505897
			1.12148988515657	-1.31775061505897
			1.12148988515657	-1.31463536537798
			1.12460513483756	-1.31152011569699
			1.12460513483756	-1.308404866016
			1.12772038451855	-1.30528961633501
			1.13083563419954	-1.30217436665401
			1.13083563419954	-1.29905911697302
			1.13395088388053	-1.29594386729203
			1.13395088388053	-1.29282861761104
			1.13706613356152	-1.28971336793005
			1.13706613356152	-1.28659811824906
			1.14018138324251	-1.28348286856807
			1.14018138324251	-1.28036761888708
			1.14018138324251	-1.27725236920609
			1.1432966329235	-1.2741371195251
			1.1432966329235	-1.27102186984411
			1.14641188260449	-1.26790662016312
			1.14641188260449	-1.26479137048213
			1.14952713228548	-1.26167612080114
			1.14952713228548	-1.25856087112015
			1.14952713228548	-1.25544562143916
			1.15264238196647	-1.25233037175817
			1.15264238196647	-1.24921512207718
			1.15264238196647	-1.24609987239619
			1.15575763164746	-1.2429846227152
			1.15575763164746	-1.23986937303421
			1.15575763164746	-1.23675412335322
			1.15575763164746	-1.23363887367222
			1.15887288132845	-1.23052362399123
			1.15887288132845	-1.22740837431024
		</border>
		<margin type=matrix rownames=FALSE colnames=FALSE nrow=255 ncol=2 as.numeric=TRUE >
			0.788158169290588	-1.55139434113325
			0.791273418971578	-1.55139434113325
			0.794388668652569	-1.55139434113325
			0.797503918333559	-1.55139434113325
			0.80061916801455	-1.55139434113325
			0.80373441769554	-1.54827909145226
			0.806849667376531	-1.54827909145226
			0.809964917057521	-1.54827909145226
			0.813080166738512	-1.54827909145226
			0.816195416419502	-1.54827909145226
			0.819310666100493	-1.54827909145226
			0.822425915781483	-1.54516384177127
			0.825541165462474	-1.54516384177127
			0.828656415143464	-1.54516384177127
			0.831771664824455	-1.54516384177127
			0.834886914505445	-1.54516384177127
			0.838002164186435	-1.54204859209028
			0.841117413867426	-1.54204859209028
			0.844232663548416	-1.54204859209028
			0.847347913229407	-1.54204859209028
			0.850463162910397	-1.53893334240929
			0.853578412591388	-1.53893334240929
			0.856693662272378	-1.53893334240929
			0.859808911953369	-1.53893334240929
			0.862924161634359	-1.5358180927283
			0.86603941131535	-1.5358180927283
			0.86915466099634	-1.5358180927283
			0.872269910677331	-1.5358180927283
			0.875385160358321	-1.53270284304731
			0.878500410039311	-1.53270284304731
			0.881615659720302	-1.53270284304731
			0.884730909401292	-1.52958759336632
			0.887846159082283	-1.52958759336632
			0.890961408763273	-1.52958759336632
			0.894076658444264	-1.52647234368533
			0.897191908125254	-1.52647234368533
			0.900307157806245	-1.52647234368533
			0.903422407487235	-1.52335709400434
			0.906537657168226	-1.52335709400434
			0.909652906849216	-1.52335709400434
			0.912768156530207	-1.52024184432335
			0.915883406211197	-1.52024184432335
			0.918998655892188	-1.52024184432335
			0.922113905573178	-1.51712659464236
			0.925229155254168	-1.51712659464236
			0.928344404935159	-1.51712659464236
			0.931459654616149	-1.51401134496137
			0.93457490429714	-1.51401134496137
			0.93769015397813	-1.51401134496137
			0.940805403659121	-1.51089609528038
			0.943920653340111	-1.51089609528038
			0.947035903021102	-1.50778084559939
			0.950151152702092	-1.50778084559939
			0.953266402383083	-1.50778084559939
			0.956381652064073	-1.5046655959184
			0.959496901745064	-1.5046655959184
			0.962612151426054	-1.5046655959184
			0.965727401107045	-1.5015503462374
			0.968842650788035	-1.5015503462374
			0.971957900469026	-1.49843509655641
			0.975073150150016	-1.49843509655641
			0.978188399831006	-1.49843509655641
			0.981303649511997	-1.49531984687542
			0.984418899192987	-1.49531984687542
			0.987534148873978	-1.49220459719443
			0.990649398554968	-1.49220459719443
			0.993764648235959	-1.48908934751344
			0.996879897916949	-1.48908934751344
			0.99999514759794	-1.48597409783245
			1.00311039727893	-1.48285884815146
			1.00622564695992	-1.48285884815146
			1.00934089664091	-1.47974359847047
			1.0124561463219	-1.47974359847047
			1.01557139600289	-1.47662834878948
			1.01557139600289	-1.47351309910849
			1.01868664568388	-1.47351309910849
			1.02180189536487	-1.4703978494275
			1.02491714504586	-1.4703978494275
			1.02803239472685	-1.46728259974651
			1.02803239472685	-1.46416735006552
			1.03114764440784	-1.46416735006552
			1.03426289408883	-1.46105210038453
			1.03737814376983	-1.46105210038453
			1.03737814376983	-1.45793685070354
			1.04049339345082	-1.45482160102255
			1.04360864313181	-1.45482160102255
			1.0467238928128	-1.45170635134156
			1.0467238928128	-1.44859110166057
			1.04983914249379	-1.44859110166057
			1.05295439217478	-1.44547585197958
			1.05606964185577	-1.44547585197958
			1.05606964185577	-1.44236060229859
			1.05918489153676	-1.4392453526176
			1.06230014121775	-1.4392453526176
			1.06230014121775	-1.4361301029366
			1.06541539089874	-1.43301485325561
			1.06853064057973	-1.42989960357462
			1.07164589026072	-1.42989960357462
			1.07164589026072	-1.42678435389363
			1.07476113994171	-1.42366910421264
			1.0778763896227	-1.42366910421264
			1.0778763896227	-1.42055385453165
			1.08099163930369	-1.41743860485066
			1.08410688898468	-1.41743860485066
			1.08410688898468	-1.41432335516967
			1.08722213866567	-1.41120810548868
			1.08722213866567	-1.40809285580769
			1.09033738834666	-1.40809285580769
			1.09345263802765	-1.4049776061267
			1.09345263802765	-1.40186235644571
			1.09656788770864	-1.39874710676472
			1.09968313738963	-1.39874710676472
			1.09968313738963	-1.39563185708373
			1.10279838707063	-1.39251660740274
			1.10279838707063	-1.38940135772175
			1.10591363675162	-1.38628610804076
			1.10902888643261	-1.38317085835977
			1.1121441361136	-1.38005560867878
			1.1121441361136	-1.37694035899779
			1.11525938579459	-1.3738251093168
			1.11837463547558	-1.37070985963581
			1.11837463547558	-1.36759460995481
			1.12148988515657	-1.36447936027382
			1.12460513483756	-1.36136411059283
			1.12460513483756	-1.35824886091184
			1.12460513483756	-1.35513361123085
			1.12772038451855	-1.35513361123085
			1.12772038451855	-1.35201836154986
			1.12772038451855	-1.34890311186887
			1.13083563419954	-1.34890311186887
			1.13083563419954	-1.34578786218788
			1.13395088388053	-1.34267261250689
			1.13395088388053	-1.3395573628259
			1.13706613356152	-1.33644211314491
			1.13706613356152	-1.33332686346392
			1.14018138324251	-1.33332686346392
			1.14018138324251	-1.33021161378293
			1.14018138324251	-1.32709636410194
			1.1432966329235	-1.32398111442095
			1.14641188260449	-1.32086586473996
			1.14641188260449	-1.31775061505897
			1.14952713228548	-1.31463536537798
			1.14952713228548	-1.31152011569699
			1.14952713228548	-1.308404866016
			1.15264238196647	-1.30528961633501
			1.15575763164746	-1.30217436665401
			1.15575763164746	-1.29905911697302
			1.15887288132845	-1.29594386729203
			1.15887288132845	-1.29282861761104
			1.15887288132845	-1.28971336793005
			1.16198813100944	-1.28659811824906
			1.16510338069043	-1.28348286856807
			1.16510338069043	-1.28036761888708
			1.16821863037142	-1.27725236920609
			1.16821863037142	-1.2741371195251
			1.16821863037142	-1.27102186984411
			1.17133388005242	-1.26790662016312
			1.17133388005242	-1.26479137048213
			1.17444912973341	-1.26167612080114
			1.17444912973341	-1.25856087112015
			1.17444912973341	-1.25544562143916
			1.1775643794144	-1.25233037175817
			1.1775643794144	-1.24921512207718
			1.1775643794144	-1.24609987239619
			1.18067962909539	-1.24609987239619
			1.18067962909539	-1.2429846227152
			1.18067962909539	-1.23986937303421
			1.1775643794144	-1.23675412335322
			1.17444912973341	-1.23675412335322
			1.17133388005242	-1.23675412335322
			1.16821863037142	-1.23675412335322
			1.16821863037142	-1.23363887367222
			1.16510338069043	-1.23363887367222
			1.16198813100944	-1.23363887367222
			1.15887288132845	-1.23052362399123
			1.15575763164746	-1.23052362399123
			1.15264238196647	-1.23052362399123
			1.14952713228548	-1.22740837431024
			1.14641188260449	-1.22740837431024
			1.1432966329235	-1.22740837431024
			1.14018138324251	-1.22429312462925
			1.13706613356152	-1.22429312462925
			1.13395088388053	-1.22429312462925
			1.13083563419954	-1.22117787494826
			1.12772038451855	-1.22117787494826
			1.12460513483756	-1.22117787494826
			1.12148988515657	-1.21806262526727
			1.11837463547558	-1.21806262526727
			1.11525938579459	-1.21806262526727
			1.1121441361136	-1.21494737558628
			1.10902888643261	-1.21494737558628
			1.10591363675162	-1.21494737558628
			1.10279838707063	-1.21183212590529
			1.09968313738963	-1.21183212590529
			1.09656788770864	-1.21183212590529
			1.09345263802765	-1.21183212590529
			1.09033738834666	-1.2087168762243
			1.08722213866567	-1.2087168762243
			1.08410688898468	-1.2087168762243
			1.08099163930369	-1.2087168762243
			1.0778763896227	-1.20560162654331
			1.07476113994171	-1.20560162654331
			1.07164589026072	-1.20560162654331
			1.06853064057973	-1.20560162654331
			1.06541539089874	-1.20248637686232
			1.06230014121775	-1.20248637686232
			1.05918489153676	-1.20248637686232
			1.05606964185577	-1.20248637686232
			1.05295439217478	-1.19937112718133
			1.04983914249379	-1.19937112718133
			1.0467238928128	-1.19937112718133
			1.04360864313181	-1.19937112718133
			1.04049339345082	-1.19625587750034
			1.03737814376983	-1.19625587750034
			1.03426289408883	-1.19625587750034
			1.03114764440784	-1.19625587750034
			1.02803239472685	-1.19314062781935
			1.02491714504586	-1.19314062781935
			1.02180189536487	-1.19314062781935
			1.01868664568388	-1.19314062781935
			1.01557139600289	-1.19314062781935
			1.0124561463219	-1.19002537813836
			1.00934089664091	-1.19002537813836
			1.00622564695992	-1.19002537813836
			1.00311039727893	-1.19002537813836
			0.99999514759794	-1.19002537813836
			0.996879897916949	-1.18691012845737
			0.993764648235959	-1.18691012845737
			0.990649398554968	-1.18691012845737
			0.987534148873978	-1.18691012845737
			0.984418899192987	-1.18691012845737
			0.981303649511997	-1.18691012845737
			0.978188399831006	-1.18379487877638
			0.975073150150016	-1.18379487877638
			0.971957900469026	-1.18379487877638
			0.968842650788035	-1.18379487877638
			0.965727401107045	-1.18379487877638
			0.962612151426054	-1.18379487877638
			0.959496901745064	-1.18067962909539
			0.956381652064073	-1.18067962909539
			0.953266402383083	-1.18067962909539
			0.950151152702092	-1.18067962909539
			0.947035903021102	-1.18067962909539
			0.943920653340111	-1.18067962909539
			0.940805403659121	-1.1775643794144
			0.93769015397813	-1.1775643794144
			0.93457490429714	-1.1775643794144
			0.931459654616149	-1.1775643794144
			0.928344404935159	-1.1775643794144
			0.925229155254168	-1.1775643794144
			0.922113905573178	-1.1775643794144
			0.918998655892188	-1.17444912973341
			0.915883406211197	-1.17444912973341
			0.912768156530207	-1.17444912973341
			0.909652906849216	-1.17444912973341
		</margin>
	</curves.scaled>
	<ruler.points type=matrix rownames=TRUE colnames=FALSE nrow=2 ncol=2 as.numeric=TRUE >
		Ruler point 1	1	517
		Ruler point 2	322	518
	</ruler.points>
</shapes>

