<shapes type=list>
	<ruler.pixel type=vector names=FALSE length=1 as.numeric=TRUE >495.049492475247</ruler.pixel>
	<ruler.interval type=vector names=FALSE length=1 as.numeric=TRUE >23</ruler.interval>
	<scaling.units type=vector names=FALSE length=1 as.numeric=FALSE >mm</scaling.units>
	<scaling type=vector names=FALSE length=1 as.numeric=TRUE >0.046460001170792</scaling>
	<landmarks.pixel type=matrix rownames=TRUE colnames=FALSE nrow=16 ncol=2 as.numeric=TRUE >
		LM1	241	48
		LM2	241	70
		LM3	240	163
		LM4	241	188
		LM5	285	135
		LM6	285	152
		LM7	288	170
		LM8	308	84
		LM9	315	122
		LM10	241	48
		LM11	365	151
		LM12	369	170
		LM13	241	48
		LM14	325	102
		LM15	408	188
		LM16	412	218
	</landmarks.pixel>
	<landmarks.scaled type=matrix rownames=TRUE colnames=FALSE nrow=16 ncol=2 as.numeric=TRUE >
		LM1	11.1968602821609	-2.23008005619802
		LM2	11.1968602821609	-3.25220008195544
		LM3	11.1504002809901	-7.5729801908391
		LM4	11.1968602821609	-8.7344802201089
		LM5	13.2411003336757	-6.27210015805693
		LM6	13.2411003336757	-7.06192017796039
		LM7	13.3804803371881	-7.89820019903465
		LM8	14.309680360604	-3.90264009834653
		LM9	14.6349003687995	-5.66812014283663
		LM10	11.1968602821609	-2.23008005619802
		LM11	16.9579004273391	-7.0154601767896
		LM12	17.1437404320223	-7.89820019903465
		LM13	11.1968602821609	-2.23008005619802
		LM14	15.0995003805074	-4.73892011942079
		LM15	18.9556804776832	-8.7344802201089
		LM16	19.1415204823663	-10.1282802552327
	</landmarks.scaled>
	<curves.control type=list>
		<glabela type=matrix rownames=FALSE colnames=FALSE nrow=7 ncol=2 as.numeric=TRUE >
			241	70
			281	66
			284	119
			285	146
			286	153
			287	159
			288	170
		</glabela>
		<sutura type=matrix rownames=FALSE colnames=FALSE nrow=11 ncol=2 as.numeric=TRUE >
			241	48
			290	47
			320	59
			320	68
			307	84
			329	95
			315	122
			322	134
			346	136
			371	143
			369	170
		</sutura>
		<P type=matrix rownames=FALSE colnames=FALSE nrow=11 ncol=2 as.numeric=TRUE >
			241	188
			272	189
			289	170
			314	171
			369	170
			383	167
			391	178
			403	202
			412	220
			412	207
			408	188
		</P>
		<C type=matrix rownames=FALSE colnames=FALSE nrow=5 ncol=2 as.numeric=TRUE >
			241	48
			289	45
			334	64
			384	94
			408	188
		</C>
	</curves.control>
	<curves.pixel type=list>
		<glabela type=matrix rownames=FALSE colnames=FALSE nrow=124 ncol=2 as.numeric=TRUE >
			241	70
			242	70
			243	70
			244	70
			245	70
			246	70
			247	70
			248	70
			249	70
			250	70
			251	70
			252	70
			253	70
			254	70
			255	71
			256	71
			257	71
			258	71
			259	72
			260	72
			261	72
			262	73
			263	73
			264	74
			265	75
			266	75
			267	76
			268	77
			269	77
			270	78
			270	79
			271	80
			272	80
			273	81
			273	82
			274	83
			275	84
			275	85
			276	86
			277	87
			277	88
			277	89
			278	90
			278	91
			279	92
			279	93
			279	94
			280	95
			280	96
			280	97
			281	98
			281	99
			281	100
			282	101
			282	102
			282	103
			282	104
			282	105
			283	106
			283	107
			283	108
			283	109
			283	110
			283	111
			283	112
			283	113
			284	114
			284	115
			284	116
			284	117
			284	118
			284	119
			284	120
			284	121
			284	122
			284	123
			284	124
			284	125
			284	126
			284	127
			284	128
			284	129
			284	130
			284	131
			285	131
			285	132
			285	133
			285	134
			285	135
			285	136
			285	137
			285	138
			285	139
			285	140
			285	141
			285	142
			285	143
			285	144
			285	145
			285	146
			285	147
			285	148
			286	149
			286	150
			286	151
			286	152
			286	153
			286	154
			286	155
			286	156
			287	157
			287	158
			287	159
			287	160
			287	161
			287	162
			287	163
			287	164
			288	165
			288	166
			288	167
			288	168
			288	169
			288	170
		</glabela>
		<sutura type=matrix rownames=FALSE colnames=FALSE nrow=227 ncol=2 as.numeric=TRUE >
			241	48
			242	48
			243	48
			244	48
			245	48
			246	48
			247	48
			248	48
			249	48
			250	48
			251	48
			252	48
			253	48
			254	48
			255	48
			256	48
			257	48
			258	48
			259	48
			260	48
			261	48
			262	48
			263	48
			264	48
			265	48
			266	48
			267	48
			268	49
			269	49
			270	49
			271	49
			272	49
			273	49
			274	49
			275	49
			276	49
			277	49
			278	49
			279	49
			279	50
			280	50
			281	50
			282	50
			283	50
			284	50
			285	50
			286	50
			287	50
			287	51
			288	51
			289	51
			290	51
			291	51
			292	51
			293	52
			294	52
			295	52
			296	52
			297	52
			298	53
			299	53
			300	53
			301	53
			302	53
			303	54
			304	54
			305	54
			306	54
			307	55
			308	55
			309	55
			310	56
			311	56
			312	56
			313	57
			314	57
			315	57
			316	58
			317	58
			318	58
			319	59
			320	59
			320	60
			320	61
			320	62
			319	63
			319	64
			319	65
			318	66
			318	67
			317	68
			317	69
			317	70
			316	71
			316	72
			315	73
			314	74
			313	75
			313	76
			312	77
			312	78
			311	79
			310	80
			309	81
			309	82
			308	83
			307	84
			308	85
			309	85
			310	86
			311	86
			312	87
			313	88
			314	88
			314	89
			315	90
			316	90
			316	91
			317	92
			317	93
			318	93
			318	94
			319	95
			319	96
			319	97
			320	98
			320	99
			320	100
			320	101
			320	102
			320	103
			320	104
			320	105
			320	106
			320	107
			320	108
			320	109
			320	110
			319	111
			319	112
			319	113
			318	114
			318	115
			318	116
			317	117
			317	118
			316	119
			316	120
			315	121
			315	122
			315	123
			316	123
			316	124
			317	125
			318	125
			318	126
			319	127
			320	128
			321	129
			322	129
			323	130
			324	131
			325	131
			326	131
			327	132
			328	132
			329	133
			330	133
			331	133
			332	134
			333	134
			334	134
			335	134
			336	135
			337	135
			338	135
			339	135
			340	135
			341	135
			342	136
			343	136
			344	136
			345	136
			346	136
			347	136
			348	137
			349	137
			350	137
			351	138
			352	138
			353	139
			354	139
			355	139
			355	140
			356	140
			357	141
			358	141
			358	142
			359	142
			360	143
			361	144
			362	145
			363	146
			364	147
			364	148
			365	149
			365	150
			366	151
			366	152
			367	153
			367	154
			367	155
			368	156
			368	157
			368	158
			369	159
			369	160
			369	161
			369	162
			369	163
			369	164
			369	165
			369	166
			369	167
			369	168
			369	169
			369	170
		</sutura>
		<P type=matrix rownames=FALSE colnames=FALSE nrow=232 ncol=2 as.numeric=TRUE >
			241	188
			242	188
			243	188
			244	188
			245	188
			246	188
			247	188
			248	188
			249	188
			250	188
			251	188
			252	188
			253	188
			254	187
			255	187
			256	187
			257	187
			258	187
			259	187
			260	186
			261	186
			262	186
			263	186
			264	185
			265	185
			266	185
			267	185
			268	184
			269	184
			270	183
			271	183
			272	182
			273	182
			274	181
			275	181
			276	180
			277	180
			278	179
			279	179
			280	178
			281	177
			282	177
			282	176
			283	175
			284	175
			285	174
			286	173
			287	173
			287	172
			288	171
			289	170
			290	170
			291	170
			292	170
			293	170
			294	170
			295	170
			296	170
			297	170
			298	170
			299	170
			300	170
			301	170
			302	170
			303	170
			304	170
			305	170
			306	170
			307	170
			308	170
			309	170
			310	170
			311	170
			312	170
			313	170
			314	170
			315	170
			316	170
			317	170
			318	170
			319	170
			320	170
			321	170
			322	170
			323	170
			324	170
			325	170
			326	170
			327	170
			328	170
			329	170
			330	170
			331	170
			332	170
			333	170
			334	170
			335	170
			336	170
			337	170
			338	170
			339	170
			340	170
			341	170
			342	170
			343	170
			344	170
			345	170
			346	170
			347	170
			348	170
			349	170
			350	170
			351	170
			352	170
			353	170
			354	170
			355	170
			356	170
			357	170
			358	170
			359	170
			360	170
			361	170
			362	170
			363	170
			364	170
			365	170
			366	170
			367	170
			368	170
			369	170
			370	170
			371	170
			372	169
			373	169
			374	169
			375	169
			376	169
			377	169
			378	170
			379	170
			380	170
			381	170
			382	171
			383	171
			384	171
			384	172
			385	172
			386	173
			387	174
			388	175
			389	176
			390	177
			391	178
			392	179
			392	180
			392	181
			393	181
			393	182
			393	183
			394	184
			395	185
			395	186
			395	187
			396	188
			396	189
			397	189
			397	190
			398	191
			398	192
			398	193
			399	194
			400	195
			400	196
			401	197
			401	198
			402	199
			402	200
			403	201
			403	202
			403	203
			404	204
			404	205
			405	206
			405	207
			406	208
			407	209
			407	210
			408	211
			408	212
			408	213
			409	213
			409	214
			409	215
			410	215
			410	216
			411	217
			411	218
			412	219
			412	220
			412	219
			412	218
			412	217
			412	216
			412	215
			412	214
			412	213
			412	212
			412	211
			412	210
			411	209
			411	208
			411	207
			411	206
			411	205
			411	204
			411	203
			411	202
			410	201
			410	200
			410	199
			410	198
			410	197
			410	196
			409	195
			409	194
			409	193
			409	192
			409	191
			408	190
			408	189
			408	188
		</P>
		<C type=matrix rownames=FALSE colnames=FALSE nrow=224 ncol=2 as.numeric=TRUE >
			241	48
			242	48
			243	48
			244	48
			245	48
			246	48
			247	48
			248	48
			249	48
			250	48
			251	48
			252	48
			253	48
			254	48
			255	48
			256	48
			257	48
			258	48
			259	48
			260	48
			261	48
			262	48
			263	48
			264	48
			265	48
			266	48
			267	48
			268	48
			269	48
			270	48
			271	48
			272	48
			273	48
			274	49
			275	49
			276	49
			277	49
			278	49
			279	49
			280	49
			281	49
			282	49
			283	50
			284	50
			285	50
			286	50
			287	50
			288	50
			289	51
			290	51
			291	51
			292	51
			293	51
			294	52
			295	52
			296	52
			297	52
			298	52
			299	53
			300	53
			301	53
			302	53
			303	54
			304	54
			305	54
			306	54
			307	55
			308	55
			309	55
			310	55
			311	56
			312	56
			313	56
			314	57
			315	57
			316	57
			317	58
			318	58
			319	58
			320	58
			321	59
			322	60
			323	60
			324	60
			325	60
			325	61
			326	61
			327	61
			328	62
			329	62
			330	62
			331	63
			332	63
			333	63
			334	64
			335	65
			336	65
			337	66
			338	67
			339	67
			340	68
			341	69
			342	69
			343	70
			344	71
			345	72
			346	72
			347	73
			348	74
			349	75
			350	76
			351	77
			352	78
			353	79
			354	80
			355	81
			356	82
			357	83
			358	84
			359	85
			360	86
			361	87
			362	88
			363	89
			364	90
			364	91
			365	92
			366	93
			366	94
			367	94
			368	95
			368	96
			369	97
			370	98
			370	99
			371	100
			372	101
			372	102
			373	103
			374	104
			374	105
			375	106
			375	107
			376	108
			377	109
			377	110
			378	111
			378	112
			379	113
			380	114
			380	115
			381	116
			381	117
			382	118
			383	119
			383	120
			384	121
			384	122
			385	123
			385	124
			386	125
			386	126
			387	127
			387	128
			387	129
			388	130
			389	131
			389	132
			389	133
			390	134
			390	135
			391	136
			391	137
			392	138
			392	139
			392	140
			393	141
			393	142
			394	143
			394	144
			394	145
			395	146
			395	147
			396	148
			396	149
			396	150
			397	151
			397	152
			397	153
			398	154
			398	155
			398	156
			399	157
			399	158
			400	159
			400	160
			400	161
			401	162
			401	163
			401	164
			402	165
			402	166
			402	167
			402	168
			403	169
			403	170
			403	171
			404	172
			404	173
			404	174
			405	175
			405	176
			405	177
			405	178
			406	179
			406	180
			406	181
			406	182
			407	183
			407	184
			407	185
			407	186
			408	187
			408	188
		</C>
	</curves.pixel>
	<curves.scaled type=list>
		<glabela type=matrix rownames=FALSE colnames=FALSE nrow=124 ncol=2 as.numeric=TRUE >
			11.1968602821609	-3.25220008195544
			11.2433202833317	-3.25220008195544
			11.2897802845025	-3.25220008195544
			11.3362402856733	-3.25220008195544
			11.3827002868441	-3.25220008195544
			11.4291602880148	-3.25220008195544
			11.4756202891856	-3.25220008195544
			11.5220802903564	-3.25220008195544
			11.5685402915272	-3.25220008195544
			11.615000292698	-3.25220008195544
			11.6614602938688	-3.25220008195544
			11.7079202950396	-3.25220008195544
			11.7543802962104	-3.25220008195544
			11.8008402973812	-3.25220008195544
			11.847300298552	-3.29866008312624
			11.8937602997228	-3.29866008312624
			11.9402203008936	-3.29866008312624
			11.9866803020643	-3.29866008312624
			12.0331403032351	-3.34512008429703
			12.0796003044059	-3.34512008429703
			12.1260603055767	-3.34512008429703
			12.1725203067475	-3.39158008546782
			12.2189803079183	-3.39158008546782
			12.2654403090891	-3.43804008663861
			12.3119003102599	-3.4845000878094
			12.3583603114307	-3.4845000878094
			12.4048203126015	-3.5309600889802
			12.4512803137723	-3.57742009015099
			12.4977403149431	-3.57742009015099
			12.5442003161139	-3.62388009132178
			12.5442003161139	-3.67034009249257
			12.5906603172846	-3.71680009366336
			12.6371203184554	-3.71680009366336
			12.6835803196262	-3.76326009483416
			12.6835803196262	-3.80972009600495
			12.730040320797	-3.85618009717574
			12.7765003219678	-3.90264009834653
			12.7765003219678	-3.94910009951732
			12.8229603231386	-3.99556010068812
			12.8694203243094	-4.04202010185891
			12.8694203243094	-4.0884801030297
			12.8694203243094	-4.13494010420049
			12.9158803254802	-4.18140010537128
			12.9158803254802	-4.22786010654208
			12.962340326651	-4.27432010771287
			12.962340326651	-4.32078010888366
			12.962340326651	-4.36724011005445
			13.0088003278218	-4.41370011122524
			13.0088003278218	-4.46016011239604
			13.0088003278218	-4.50662011356683
			13.0552603289926	-4.55308011473762
			13.0552603289926	-4.59954011590841
			13.0552603289926	-4.6460001170792
			13.1017203301634	-4.69246011825
			13.1017203301634	-4.73892011942079
			13.1017203301634	-4.78538012059158
			13.1017203301634	-4.83184012176237
			13.1017203301634	-4.87830012293317
			13.1481803313341	-4.92476012410396
			13.1481803313341	-4.97122012527475
			13.1481803313341	-5.01768012644554
			13.1481803313341	-5.06414012761633
			13.1481803313341	-5.11060012878713
			13.1481803313341	-5.15706012995792
			13.1481803313341	-5.20352013112871
			13.1481803313341	-5.2499801322995
			13.1946403325049	-5.29644013347029
			13.1946403325049	-5.34290013464109
			13.1946403325049	-5.38936013581188
			13.1946403325049	-5.43582013698267
			13.1946403325049	-5.48228013815346
			13.1946403325049	-5.52874013932425
			13.1946403325049	-5.57520014049505
			13.1946403325049	-5.62166014166584
			13.1946403325049	-5.66812014283663
			13.1946403325049	-5.71458014400742
			13.1946403325049	-5.76104014517821
			13.1946403325049	-5.80750014634901
			13.1946403325049	-5.8539601475198
			13.1946403325049	-5.90042014869059
			13.1946403325049	-5.94688014986138
			13.1946403325049	-5.99334015103217
			13.1946403325049	-6.03980015220297
			13.1946403325049	-6.08626015337376
			13.2411003336757	-6.08626015337376
			13.2411003336757	-6.13272015454455
			13.2411003336757	-6.17918015571534
			13.2411003336757	-6.22564015688613
			13.2411003336757	-6.27210015805693
			13.2411003336757	-6.31856015922772
			13.2411003336757	-6.36502016039851
			13.2411003336757	-6.4114801615693
			13.2411003336757	-6.45794016274009
			13.2411003336757	-6.50440016391089
			13.2411003336757	-6.55086016508168
			13.2411003336757	-6.59732016625247
			13.2411003336757	-6.64378016742326
			13.2411003336757	-6.69024016859406
			13.2411003336757	-6.73670016976485
			13.2411003336757	-6.78316017093564
			13.2411003336757	-6.82962017210643
			13.2411003336757	-6.87608017327722
			13.2875603348465	-6.92254017444801
			13.2875603348465	-6.96900017561881
			13.2875603348465	-7.0154601767896
			13.2875603348465	-7.06192017796039
			13.2875603348465	-7.10838017913118
			13.2875603348465	-7.15484018030198
			13.2875603348465	-7.20130018147277
			13.2875603348465	-7.24776018264356
			13.3340203360173	-7.29422018381435
			13.3340203360173	-7.34068018498514
			13.3340203360173	-7.38714018615594
			13.3340203360173	-7.43360018732673
			13.3340203360173	-7.48006018849752
			13.3340203360173	-7.52652018966831
			13.3340203360173	-7.5729801908391
			13.3340203360173	-7.6194401920099
			13.3804803371881	-7.66590019318069
			13.3804803371881	-7.71236019435148
			13.3804803371881	-7.75882019552227
			13.3804803371881	-7.80528019669306
			13.3804803371881	-7.85174019786386
			13.3804803371881	-7.89820019903465
		</glabela>
		<sutura type=matrix rownames=FALSE colnames=FALSE nrow=227 ncol=2 as.numeric=TRUE >
			11.1968602821609	-2.23008005619802
			11.2433202833317	-2.23008005619802
			11.2897802845025	-2.23008005619802
			11.3362402856733	-2.23008005619802
			11.3827002868441	-2.23008005619802
			11.4291602880148	-2.23008005619802
			11.4756202891856	-2.23008005619802
			11.5220802903564	-2.23008005619802
			11.5685402915272	-2.23008005619802
			11.615000292698	-2.23008005619802
			11.6614602938688	-2.23008005619802
			11.7079202950396	-2.23008005619802
			11.7543802962104	-2.23008005619802
			11.8008402973812	-2.23008005619802
			11.847300298552	-2.23008005619802
			11.8937602997228	-2.23008005619802
			11.9402203008936	-2.23008005619802
			11.9866803020643	-2.23008005619802
			12.0331403032351	-2.23008005619802
			12.0796003044059	-2.23008005619802
			12.1260603055767	-2.23008005619802
			12.1725203067475	-2.23008005619802
			12.2189803079183	-2.23008005619802
			12.2654403090891	-2.23008005619802
			12.3119003102599	-2.23008005619802
			12.3583603114307	-2.23008005619802
			12.4048203126015	-2.23008005619802
			12.4512803137723	-2.27654005736881
			12.4977403149431	-2.27654005736881
			12.5442003161139	-2.27654005736881
			12.5906603172846	-2.27654005736881
			12.6371203184554	-2.27654005736881
			12.6835803196262	-2.27654005736881
			12.730040320797	-2.27654005736881
			12.7765003219678	-2.27654005736881
			12.8229603231386	-2.27654005736881
			12.8694203243094	-2.27654005736881
			12.9158803254802	-2.27654005736881
			12.962340326651	-2.27654005736881
			12.962340326651	-2.3230000585396
			13.0088003278218	-2.3230000585396
			13.0552603289926	-2.3230000585396
			13.1017203301634	-2.3230000585396
			13.1481803313341	-2.3230000585396
			13.1946403325049	-2.3230000585396
			13.2411003336757	-2.3230000585396
			13.2875603348465	-2.3230000585396
			13.3340203360173	-2.3230000585396
			13.3340203360173	-2.36946005971039
			13.3804803371881	-2.36946005971039
			13.4269403383589	-2.36946005971039
			13.4734003395297	-2.36946005971039
			13.5198603407005	-2.36946005971039
			13.5663203418713	-2.36946005971039
			13.6127803430421	-2.41592006088119
			13.6592403442129	-2.41592006088119
			13.7057003453837	-2.41592006088119
			13.7521603465544	-2.41592006088119
			13.7986203477252	-2.41592006088119
			13.845080348896	-2.46238006205198
			13.8915403500668	-2.46238006205198
			13.9380003512376	-2.46238006205198
			13.9844603524084	-2.46238006205198
			14.0309203535792	-2.46238006205198
			14.07738035475	-2.50884006322277
			14.1238403559208	-2.50884006322277
			14.1703003570916	-2.50884006322277
			14.2167603582624	-2.50884006322277
			14.2632203594332	-2.55530006439356
			14.309680360604	-2.55530006439356
			14.3561403617747	-2.55530006439356
			14.4026003629455	-2.60176006556435
			14.4490603641163	-2.60176006556435
			14.4955203652871	-2.60176006556435
			14.5419803664579	-2.64822006673515
			14.5884403676287	-2.64822006673515
			14.6349003687995	-2.64822006673515
			14.6813603699703	-2.69468006790594
			14.7278203711411	-2.69468006790594
			14.7742803723119	-2.69468006790594
			14.8207403734827	-2.74114006907673
			14.8672003746535	-2.74114006907673
			14.8672003746535	-2.78760007024752
			14.8672003746535	-2.83406007141831
			14.8672003746535	-2.88052007258911
			14.8207403734827	-2.9269800737599
			14.8207403734827	-2.97344007493069
			14.8207403734827	-3.01990007610148
			14.7742803723119	-3.06636007727228
			14.7742803723119	-3.11282007844307
			14.7278203711411	-3.15928007961386
			14.7278203711411	-3.20574008078465
			14.7278203711411	-3.25220008195544
			14.6813603699703	-3.29866008312624
			14.6813603699703	-3.34512008429703
			14.6349003687995	-3.39158008546782
			14.5884403676287	-3.43804008663861
			14.5419803664579	-3.4845000878094
			14.5419803664579	-3.5309600889802
			14.4955203652871	-3.57742009015099
			14.4955203652871	-3.62388009132178
			14.4490603641163	-3.67034009249257
			14.4026003629455	-3.71680009366336
			14.3561403617747	-3.76326009483416
			14.3561403617747	-3.80972009600495
			14.309680360604	-3.85618009717574
			14.2632203594332	-3.90264009834653
			14.309680360604	-3.94910009951732
			14.3561403617747	-3.94910009951732
			14.4026003629455	-3.99556010068812
			14.4490603641163	-3.99556010068812
			14.4955203652871	-4.04202010185891
			14.5419803664579	-4.0884801030297
			14.5884403676287	-4.0884801030297
			14.5884403676287	-4.13494010420049
			14.6349003687995	-4.18140010537128
			14.6813603699703	-4.18140010537128
			14.6813603699703	-4.22786010654208
			14.7278203711411	-4.27432010771287
			14.7278203711411	-4.32078010888366
			14.7742803723119	-4.32078010888366
			14.7742803723119	-4.36724011005445
			14.8207403734827	-4.41370011122524
			14.8207403734827	-4.46016011239604
			14.8207403734827	-4.50662011356683
			14.8672003746535	-4.55308011473762
			14.8672003746535	-4.59954011590841
			14.8672003746535	-4.6460001170792
			14.8672003746535	-4.69246011825
			14.8672003746535	-4.73892011942079
			14.8672003746535	-4.78538012059158
			14.8672003746535	-4.83184012176237
			14.8672003746535	-4.87830012293317
			14.8672003746535	-4.92476012410396
			14.8672003746535	-4.97122012527475
			14.8672003746535	-5.01768012644554
			14.8672003746535	-5.06414012761633
			14.8672003746535	-5.11060012878713
			14.8207403734827	-5.15706012995792
			14.8207403734827	-5.20352013112871
			14.8207403734827	-5.2499801322995
			14.7742803723119	-5.29644013347029
			14.7742803723119	-5.34290013464109
			14.7742803723119	-5.38936013581188
			14.7278203711411	-5.43582013698267
			14.7278203711411	-5.48228013815346
			14.6813603699703	-5.52874013932425
			14.6813603699703	-5.57520014049505
			14.6349003687995	-5.62166014166584
			14.6349003687995	-5.66812014283663
			14.6349003687995	-5.71458014400742
			14.6813603699703	-5.71458014400742
			14.6813603699703	-5.76104014517821
			14.7278203711411	-5.80750014634901
			14.7742803723119	-5.80750014634901
			14.7742803723119	-5.8539601475198
			14.8207403734827	-5.90042014869059
			14.8672003746535	-5.94688014986138
			14.9136603758242	-5.99334015103217
			14.960120376995	-5.99334015103217
			15.0065803781658	-6.03980015220297
			15.0530403793366	-6.08626015337376
			15.0995003805074	-6.08626015337376
			15.1459603816782	-6.08626015337376
			15.192420382849	-6.13272015454455
			15.2388803840198	-6.13272015454455
			15.2853403851906	-6.17918015571534
			15.3318003863614	-6.17918015571534
			15.3782603875322	-6.17918015571534
			15.424720388703	-6.22564015688613
			15.4711803898738	-6.22564015688613
			15.5176403910445	-6.22564015688613
			15.5641003922153	-6.22564015688613
			15.6105603933861	-6.27210015805693
			15.6570203945569	-6.27210015805693
			15.7034803957277	-6.27210015805693
			15.7499403968985	-6.27210015805693
			15.7964003980693	-6.27210015805693
			15.8428603992401	-6.27210015805693
			15.8893204004109	-6.31856015922772
			15.9357804015817	-6.31856015922772
			15.9822404027525	-6.31856015922772
			16.0287004039233	-6.31856015922772
			16.075160405094	-6.31856015922772
			16.1216204062648	-6.31856015922772
			16.1680804074356	-6.36502016039851
			16.2145404086064	-6.36502016039851
			16.2610004097772	-6.36502016039851
			16.307460410948	-6.4114801615693
			16.3539204121188	-6.4114801615693
			16.4003804132896	-6.45794016274009
			16.4468404144604	-6.45794016274009
			16.4933004156312	-6.45794016274009
			16.4933004156312	-6.50440016391089
			16.539760416802	-6.50440016391089
			16.5862204179728	-6.55086016508168
			16.6326804191436	-6.55086016508168
			16.6326804191436	-6.59732016625247
			16.6791404203143	-6.59732016625247
			16.7256004214851	-6.64378016742326
			16.7720604226559	-6.69024016859406
			16.8185204238267	-6.73670016976485
			16.8649804249975	-6.78316017093564
			16.9114404261683	-6.82962017210643
			16.9114404261683	-6.87608017327722
			16.9579004273391	-6.92254017444801
			16.9579004273391	-6.96900017561881
			17.0043604285099	-7.0154601767896
			17.0043604285099	-7.06192017796039
			17.0508204296807	-7.10838017913118
			17.0508204296807	-7.15484018030198
			17.0508204296807	-7.20130018147277
			17.0972804308515	-7.24776018264356
			17.0972804308515	-7.29422018381435
			17.0972804308515	-7.34068018498514
			17.1437404320223	-7.38714018615594
			17.1437404320223	-7.43360018732673
			17.1437404320223	-7.48006018849752
			17.1437404320223	-7.52652018966831
			17.1437404320223	-7.5729801908391
			17.1437404320223	-7.6194401920099
			17.1437404320223	-7.66590019318069
			17.1437404320223	-7.71236019435148
			17.1437404320223	-7.75882019552227
			17.1437404320223	-7.80528019669306
			17.1437404320223	-7.85174019786386
			17.1437404320223	-7.89820019903465
		</sutura>
		<P type=matrix rownames=FALSE colnames=FALSE nrow=232 ncol=2 as.numeric=TRUE >
			11.1968602821609	-8.7344802201089
			11.2433202833317	-8.7344802201089
			11.2897802845025	-8.7344802201089
			11.3362402856733	-8.7344802201089
			11.3827002868441	-8.7344802201089
			11.4291602880148	-8.7344802201089
			11.4756202891856	-8.7344802201089
			11.5220802903564	-8.7344802201089
			11.5685402915272	-8.7344802201089
			11.615000292698	-8.7344802201089
			11.6614602938688	-8.7344802201089
			11.7079202950396	-8.7344802201089
			11.7543802962104	-8.7344802201089
			11.8008402973812	-8.68802021893811
			11.847300298552	-8.68802021893811
			11.8937602997228	-8.68802021893811
			11.9402203008936	-8.68802021893811
			11.9866803020643	-8.68802021893811
			12.0331403032351	-8.68802021893811
			12.0796003044059	-8.64156021776732
			12.1260603055767	-8.64156021776732
			12.1725203067475	-8.64156021776732
			12.2189803079183	-8.64156021776732
			12.2654403090891	-8.59510021659653
			12.3119003102599	-8.59510021659653
			12.3583603114307	-8.59510021659653
			12.4048203126015	-8.59510021659653
			12.4512803137723	-8.54864021542574
			12.4977403149431	-8.54864021542574
			12.5442003161139	-8.50218021425495
			12.5906603172846	-8.50218021425495
			12.6371203184554	-8.45572021308415
			12.6835803196262	-8.45572021308415
			12.730040320797	-8.40926021191336
			12.7765003219678	-8.40926021191336
			12.8229603231386	-8.36280021074257
			12.8694203243094	-8.36280021074257
			12.9158803254802	-8.31634020957178
			12.962340326651	-8.31634020957178
			13.0088003278218	-8.26988020840098
			13.0552603289926	-8.22342020723019
			13.1017203301634	-8.22342020723019
			13.1017203301634	-8.1769602060594
			13.1481803313341	-8.13050020488861
			13.1946403325049	-8.13050020488861
			13.2411003336757	-8.08404020371782
			13.2875603348465	-8.03758020254702
			13.3340203360173	-8.03758020254702
			13.3340203360173	-7.99112020137623
			13.3804803371881	-7.94466020020544
			13.4269403383589	-7.89820019903465
			13.4734003395297	-7.89820019903465
			13.5198603407005	-7.89820019903465
			13.5663203418713	-7.89820019903465
			13.6127803430421	-7.89820019903465
			13.6592403442129	-7.89820019903465
			13.7057003453837	-7.89820019903465
			13.7521603465544	-7.89820019903465
			13.7986203477252	-7.89820019903465
			13.845080348896	-7.89820019903465
			13.8915403500668	-7.89820019903465
			13.9380003512376	-7.89820019903465
			13.9844603524084	-7.89820019903465
			14.0309203535792	-7.89820019903465
			14.07738035475	-7.89820019903465
			14.1238403559208	-7.89820019903465
			14.1703003570916	-7.89820019903465
			14.2167603582624	-7.89820019903465
			14.2632203594332	-7.89820019903465
			14.309680360604	-7.89820019903465
			14.3561403617747	-7.89820019903465
			14.4026003629455	-7.89820019903465
			14.4490603641163	-7.89820019903465
			14.4955203652871	-7.89820019903465
			14.5419803664579	-7.89820019903465
			14.5884403676287	-7.89820019903465
			14.6349003687995	-7.89820019903465
			14.6813603699703	-7.89820019903465
			14.7278203711411	-7.89820019903465
			14.7742803723119	-7.89820019903465
			14.8207403734827	-7.89820019903465
			14.8672003746535	-7.89820019903465
			14.9136603758242	-7.89820019903465
			14.960120376995	-7.89820019903465
			15.0065803781658	-7.89820019903465
			15.0530403793366	-7.89820019903465
			15.0995003805074	-7.89820019903465
			15.1459603816782	-7.89820019903465
			15.192420382849	-7.89820019903465
			15.2388803840198	-7.89820019903465
			15.2853403851906	-7.89820019903465
			15.3318003863614	-7.89820019903465
			15.3782603875322	-7.89820019903465
			15.424720388703	-7.89820019903465
			15.4711803898738	-7.89820019903465
			15.5176403910445	-7.89820019903465
			15.5641003922153	-7.89820019903465
			15.6105603933861	-7.89820019903465
			15.6570203945569	-7.89820019903465
			15.7034803957277	-7.89820019903465
			15.7499403968985	-7.89820019903465
			15.7964003980693	-7.89820019903465
			15.8428603992401	-7.89820019903465
			15.8893204004109	-7.89820019903465
			15.9357804015817	-7.89820019903465
			15.9822404027525	-7.89820019903465
			16.0287004039233	-7.89820019903465
			16.075160405094	-7.89820019903465
			16.1216204062648	-7.89820019903465
			16.1680804074356	-7.89820019903465
			16.2145404086064	-7.89820019903465
			16.2610004097772	-7.89820019903465
			16.307460410948	-7.89820019903465
			16.3539204121188	-7.89820019903465
			16.4003804132896	-7.89820019903465
			16.4468404144604	-7.89820019903465
			16.4933004156312	-7.89820019903465
			16.539760416802	-7.89820019903465
			16.5862204179728	-7.89820019903465
			16.6326804191436	-7.89820019903465
			16.6791404203143	-7.89820019903465
			16.7256004214851	-7.89820019903465
			16.7720604226559	-7.89820019903465
			16.8185204238267	-7.89820019903465
			16.8649804249975	-7.89820019903465
			16.9114404261683	-7.89820019903465
			16.9579004273391	-7.89820019903465
			17.0043604285099	-7.89820019903465
			17.0508204296807	-7.89820019903465
			17.0972804308515	-7.89820019903465
			17.1437404320223	-7.89820019903465
			17.1902004331931	-7.89820019903465
			17.2366604343638	-7.89820019903465
			17.2831204355346	-7.85174019786386
			17.3295804367054	-7.85174019786386
			17.3760404378762	-7.85174019786386
			17.422500439047	-7.85174019786386
			17.4689604402178	-7.85174019786386
			17.5154204413886	-7.85174019786386
			17.5618804425594	-7.89820019903465
			17.6083404437302	-7.89820019903465
			17.654800444901	-7.89820019903465
			17.7012604460718	-7.89820019903465
			17.7477204472426	-7.94466020020544
			17.7941804484134	-7.94466020020544
			17.8406404495841	-7.94466020020544
			17.8406404495841	-7.99112020137623
			17.8871004507549	-7.99112020137623
			17.9335604519257	-8.03758020254702
			17.9800204530965	-8.08404020371782
			18.0264804542673	-8.13050020488861
			18.0729404554381	-8.1769602060594
			18.1194004566089	-8.22342020723019
			18.1658604577797	-8.26988020840098
			18.2123204589505	-8.31634020957178
			18.2123204589505	-8.36280021074257
			18.2123204589505	-8.40926021191336
			18.2587804601213	-8.40926021191336
			18.2587804601213	-8.45572021308415
			18.2587804601213	-8.50218021425495
			18.3052404612921	-8.54864021542574
			18.3517004624629	-8.59510021659653
			18.3517004624629	-8.64156021776732
			18.3517004624629	-8.68802021893811
			18.3981604636337	-8.7344802201089
			18.3981604636337	-8.7809402212797
			18.4446204648044	-8.7809402212797
			18.4446204648044	-8.82740022245049
			18.4910804659752	-8.87386022362128
			18.4910804659752	-8.92032022479207
			18.4910804659752	-8.96678022596286
			18.537540467146	-9.01324022713366
			18.5840004683168	-9.05970022830445
			18.5840004683168	-9.10616022947524
			18.6304604694876	-9.15262023064603
			18.6304604694876	-9.19908023181683
			18.6769204706584	-9.24554023298762
			18.6769204706584	-9.29200023415841
			18.7233804718292	-9.3384602353292
			18.7233804718292	-9.38492023649999
			18.7233804718292	-9.43138023767079
			18.769840473	-9.47784023884158
			18.769840473	-9.52430024001237
			18.8163004741708	-9.57076024118316
			18.8163004741708	-9.61722024235395
			18.8627604753416	-9.66368024352475
			18.9092204765124	-9.71014024469554
			18.9092204765124	-9.75660024586633
			18.9556804776832	-9.80306024703712
			18.9556804776832	-9.84952024820791
			18.9556804776832	-9.89598024937871
			19.0021404788539	-9.89598024937871
			19.0021404788539	-9.9424402505495
			19.0021404788539	-9.98890025172029
			19.0486004800247	-9.98890025172029
			19.0486004800247	-10.0353602528911
			19.0950604811955	-10.0818202540619
			19.0950604811955	-10.1282802552327
			19.1415204823663	-10.1747402564035
			19.1415204823663	-10.2212002575743
			19.1415204823663	-10.1747402564035
			19.1415204823663	-10.1282802552327
			19.1415204823663	-10.0818202540619
			19.1415204823663	-10.0353602528911
			19.1415204823663	-9.98890025172029
			19.1415204823663	-9.9424402505495
			19.1415204823663	-9.89598024937871
			19.1415204823663	-9.84952024820791
			19.1415204823663	-9.80306024703712
			19.1415204823663	-9.75660024586633
			19.0950604811955	-9.71014024469554
			19.0950604811955	-9.66368024352475
			19.0950604811955	-9.61722024235395
			19.0950604811955	-9.57076024118316
			19.0950604811955	-9.52430024001237
			19.0950604811955	-9.47784023884158
			19.0950604811955	-9.43138023767079
			19.0950604811955	-9.38492023649999
			19.0486004800247	-9.3384602353292
			19.0486004800247	-9.29200023415841
			19.0486004800247	-9.24554023298762
			19.0486004800247	-9.19908023181683
			19.0486004800247	-9.15262023064603
			19.0486004800247	-9.10616022947524
			19.0021404788539	-9.05970022830445
			19.0021404788539	-9.01324022713366
			19.0021404788539	-8.96678022596286
			19.0021404788539	-8.92032022479207
			19.0021404788539	-8.87386022362128
			18.9556804776832	-8.82740022245049
			18.9556804776832	-8.7809402212797
			18.9556804776832	-8.7344802201089
		</P>
		<C type=matrix rownames=FALSE colnames=FALSE nrow=224 ncol=2 as.numeric=TRUE >
			11.1968602821609	-2.23008005619802
			11.2433202833317	-2.23008005619802
			11.2897802845025	-2.23008005619802
			11.3362402856733	-2.23008005619802
			11.3827002868441	-2.23008005619802
			11.4291602880148	-2.23008005619802
			11.4756202891856	-2.23008005619802
			11.5220802903564	-2.23008005619802
			11.5685402915272	-2.23008005619802
			11.615000292698	-2.23008005619802
			11.6614602938688	-2.23008005619802
			11.7079202950396	-2.23008005619802
			11.7543802962104	-2.23008005619802
			11.8008402973812	-2.23008005619802
			11.847300298552	-2.23008005619802
			11.8937602997228	-2.23008005619802
			11.9402203008936	-2.23008005619802
			11.9866803020643	-2.23008005619802
			12.0331403032351	-2.23008005619802
			12.0796003044059	-2.23008005619802
			12.1260603055767	-2.23008005619802
			12.1725203067475	-2.23008005619802
			12.2189803079183	-2.23008005619802
			12.2654403090891	-2.23008005619802
			12.3119003102599	-2.23008005619802
			12.3583603114307	-2.23008005619802
			12.4048203126015	-2.23008005619802
			12.4512803137723	-2.23008005619802
			12.4977403149431	-2.23008005619802
			12.5442003161139	-2.23008005619802
			12.5906603172846	-2.23008005619802
			12.6371203184554	-2.23008005619802
			12.6835803196262	-2.23008005619802
			12.730040320797	-2.27654005736881
			12.7765003219678	-2.27654005736881
			12.8229603231386	-2.27654005736881
			12.8694203243094	-2.27654005736881
			12.9158803254802	-2.27654005736881
			12.962340326651	-2.27654005736881
			13.0088003278218	-2.27654005736881
			13.0552603289926	-2.27654005736881
			13.1017203301634	-2.27654005736881
			13.1481803313341	-2.3230000585396
			13.1946403325049	-2.3230000585396
			13.2411003336757	-2.3230000585396
			13.2875603348465	-2.3230000585396
			13.3340203360173	-2.3230000585396
			13.3804803371881	-2.3230000585396
			13.4269403383589	-2.36946005971039
			13.4734003395297	-2.36946005971039
			13.5198603407005	-2.36946005971039
			13.5663203418713	-2.36946005971039
			13.6127803430421	-2.36946005971039
			13.6592403442129	-2.41592006088119
			13.7057003453837	-2.41592006088119
			13.7521603465544	-2.41592006088119
			13.7986203477252	-2.41592006088119
			13.845080348896	-2.41592006088119
			13.8915403500668	-2.46238006205198
			13.9380003512376	-2.46238006205198
			13.9844603524084	-2.46238006205198
			14.0309203535792	-2.46238006205198
			14.07738035475	-2.50884006322277
			14.1238403559208	-2.50884006322277
			14.1703003570916	-2.50884006322277
			14.2167603582624	-2.50884006322277
			14.2632203594332	-2.55530006439356
			14.309680360604	-2.55530006439356
			14.3561403617747	-2.55530006439356
			14.4026003629455	-2.55530006439356
			14.4490603641163	-2.60176006556435
			14.4955203652871	-2.60176006556435
			14.5419803664579	-2.60176006556435
			14.5884403676287	-2.64822006673515
			14.6349003687995	-2.64822006673515
			14.6813603699703	-2.64822006673515
			14.7278203711411	-2.69468006790594
			14.7742803723119	-2.69468006790594
			14.8207403734827	-2.69468006790594
			14.8672003746535	-2.69468006790594
			14.9136603758242	-2.74114006907673
			14.960120376995	-2.78760007024752
			15.0065803781658	-2.78760007024752
			15.0530403793366	-2.78760007024752
			15.0995003805074	-2.78760007024752
			15.0995003805074	-2.83406007141831
			15.1459603816782	-2.83406007141831
			15.192420382849	-2.83406007141831
			15.2388803840198	-2.88052007258911
			15.2853403851906	-2.88052007258911
			15.3318003863614	-2.88052007258911
			15.3782603875322	-2.9269800737599
			15.424720388703	-2.9269800737599
			15.4711803898738	-2.9269800737599
			15.5176403910445	-2.97344007493069
			15.5641003922153	-3.01990007610148
			15.6105603933861	-3.01990007610148
			15.6570203945569	-3.06636007727228
			15.7034803957277	-3.11282007844307
			15.7499403968985	-3.11282007844307
			15.7964003980693	-3.15928007961386
			15.8428603992401	-3.20574008078465
			15.8893204004109	-3.20574008078465
			15.9357804015817	-3.25220008195544
			15.9822404027525	-3.29866008312624
			16.0287004039233	-3.34512008429703
			16.075160405094	-3.34512008429703
			16.1216204062648	-3.39158008546782
			16.1680804074356	-3.43804008663861
			16.2145404086064	-3.4845000878094
			16.2610004097772	-3.5309600889802
			16.307460410948	-3.57742009015099
			16.3539204121188	-3.62388009132178
			16.4003804132896	-3.67034009249257
			16.4468404144604	-3.71680009366336
			16.4933004156312	-3.76326009483416
			16.539760416802	-3.80972009600495
			16.5862204179728	-3.85618009717574
			16.6326804191436	-3.90264009834653
			16.6791404203143	-3.94910009951732
			16.7256004214851	-3.99556010068812
			16.7720604226559	-4.04202010185891
			16.8185204238267	-4.0884801030297
			16.8649804249975	-4.13494010420049
			16.9114404261683	-4.18140010537128
			16.9114404261683	-4.22786010654208
			16.9579004273391	-4.27432010771287
			17.0043604285099	-4.32078010888366
			17.0043604285099	-4.36724011005445
			17.0508204296807	-4.36724011005445
			17.0972804308515	-4.41370011122524
			17.0972804308515	-4.46016011239604
			17.1437404320223	-4.50662011356683
			17.1902004331931	-4.55308011473762
			17.1902004331931	-4.59954011590841
			17.2366604343638	-4.6460001170792
			17.2831204355346	-4.69246011825
			17.2831204355346	-4.73892011942079
			17.3295804367054	-4.78538012059158
			17.3760404378762	-4.83184012176237
			17.3760404378762	-4.87830012293317
			17.422500439047	-4.92476012410396
			17.422500439047	-4.97122012527475
			17.4689604402178	-5.01768012644554
			17.5154204413886	-5.06414012761633
			17.5154204413886	-5.11060012878713
			17.5618804425594	-5.15706012995792
			17.5618804425594	-5.20352013112871
			17.6083404437302	-5.2499801322995
			17.654800444901	-5.29644013347029
			17.654800444901	-5.34290013464109
			17.7012604460718	-5.38936013581188
			17.7012604460718	-5.43582013698267
			17.7477204472426	-5.48228013815346
			17.7941804484134	-5.52874013932425
			17.7941804484134	-5.57520014049505
			17.8406404495841	-5.62166014166584
			17.8406404495841	-5.66812014283663
			17.8871004507549	-5.71458014400742
			17.8871004507549	-5.76104014517821
			17.9335604519257	-5.80750014634901
			17.9335604519257	-5.8539601475198
			17.9800204530965	-5.90042014869059
			17.9800204530965	-5.94688014986138
			17.9800204530965	-5.99334015103217
			18.0264804542673	-6.03980015220297
			18.0729404554381	-6.08626015337376
			18.0729404554381	-6.13272015454455
			18.0729404554381	-6.17918015571534
			18.1194004566089	-6.22564015688613
			18.1194004566089	-6.27210015805693
			18.1658604577797	-6.31856015922772
			18.1658604577797	-6.36502016039851
			18.2123204589505	-6.4114801615693
			18.2123204589505	-6.45794016274009
			18.2123204589505	-6.50440016391089
			18.2587804601213	-6.55086016508168
			18.2587804601213	-6.59732016625247
			18.3052404612921	-6.64378016742326
			18.3052404612921	-6.69024016859406
			18.3052404612921	-6.73670016976485
			18.3517004624629	-6.78316017093564
			18.3517004624629	-6.82962017210643
			18.3981604636337	-6.87608017327722
			18.3981604636337	-6.92254017444801
			18.3981604636337	-6.96900017561881
			18.4446204648044	-7.0154601767896
			18.4446204648044	-7.06192017796039
			18.4446204648044	-7.10838017913118
			18.4910804659752	-7.15484018030198
			18.4910804659752	-7.20130018147277
			18.4910804659752	-7.24776018264356
			18.537540467146	-7.29422018381435
			18.537540467146	-7.34068018498514
			18.5840004683168	-7.38714018615594
			18.5840004683168	-7.43360018732673
			18.5840004683168	-7.48006018849752
			18.6304604694876	-7.52652018966831
			18.6304604694876	-7.5729801908391
			18.6304604694876	-7.6194401920099
			18.6769204706584	-7.66590019318069
			18.6769204706584	-7.71236019435148
			18.6769204706584	-7.75882019552227
			18.6769204706584	-7.80528019669306
			18.7233804718292	-7.85174019786386
			18.7233804718292	-7.89820019903465
			18.7233804718292	-7.94466020020544
			18.769840473	-7.99112020137623
			18.769840473	-8.03758020254702
			18.769840473	-8.08404020371782
			18.8163004741708	-8.13050020488861
			18.8163004741708	-8.1769602060594
			18.8163004741708	-8.22342020723019
			18.8163004741708	-8.26988020840098
			18.8627604753416	-8.31634020957178
			18.8627604753416	-8.36280021074257
			18.8627604753416	-8.40926021191336
			18.8627604753416	-8.45572021308415
			18.9092204765124	-8.50218021425495
			18.9092204765124	-8.54864021542574
			18.9092204765124	-8.59510021659653
			18.9092204765124	-8.64156021776732
			18.9556804776832	-8.68802021893811
			18.9556804776832	-8.7344802201089
		</C>
	</curves.scaled>
	<ruler.points type=matrix rownames=TRUE colnames=FALSE nrow=2 ncol=2 as.numeric=TRUE >
		Ruler point 1	444	30
		Ruler point 2	437	525
	</ruler.points>
</shapes>

