<shapes type=list>
	<scaling type=logical names=FALSE length=1 as.numeric=FALSE >NA</scaling>
	<landmarks.pixel type=matrix rownames=TRUE colnames=FALSE nrow=15 ncol=2 as.numeric=TRUE >
		LM1	434	37
		LM2	434	269
		LM3	434	373
		LM4	434	445
		LM5	488	362
		LM6	484	382
		LM7	485	413
		LM8	567	265
		LM9	583	290
		LM10	434	37
		LM12	718	471
		LM13	434	37
		LM14	583	273
		LM15	737	445
		LM16	769	643
	</landmarks.pixel>
	<curves.control type=list>
		<glabela type=matrix rownames=FALSE colnames=FALSE nrow=7 ncol=2 as.numeric=TRUE >
			434	269
			456	264
			472	286
			495	365
			484	383
			483	395
			485	413
		</glabela>
		<sutura type=matrix rownames=FALSE colnames=FALSE nrow=17 ncol=2 as.numeric=TRUE >
			434	37
			576	36
			670	144
			721	213
			733	274
			742	345
			737	398
			733	433
			740	457
			752	484
			767	532
			779	599
			777	638
			767	650
			765	637
			776	558
			718	471
		</sutura>
		<P type=matrix rownames=FALSE colnames=FALSE nrow=25 ncol=2 as.numeric=TRUE >
			434	445
			459	453
			485	416
			533	418
			589	415
			632	422
			682	446
			710	461
			721	475
			739	502
			748	527
			764	560
			767	598
			766	629
			765	641
			769	645
			773	641
			778	640
			777	625
			777	582
			770	548
			764	521
			753	488
			740	459
			737	445
		</P>
		<C type=matrix rownames=FALSE colnames=FALSE nrow=9 ncol=2 as.numeric=TRUE >
			434	37
			576	36
			668	142
			721	212
			733	274
			743	344
			737	398
			736	435
			737	445
		</C>
	</curves.control>
	<curves.pixel type=list>
		<glabela type=matrix rownames=FALSE colnames=FALSE nrow=172 ncol=2 as.numeric=TRUE >
			434	269
			435	269
			436	269
			437	268
			438	268
			439	268
			440	268
			441	268
			442	268
			443	268
			444	268
			445	268
			446	268
			447	269
			448	269
			449	269
			450	269
			451	269
			452	270
			453	270
			454	271
			455	271
			456	271
			457	272
			458	272
			459	273
			460	274
			461	274
			461	275
			462	276
			463	276
			464	277
			465	278
			466	279
			467	280
			468	281
			469	282
			469	283
			470	283
			471	284
			471	285
			472	286
			472	287
			473	288
			473	289
			473	290
			474	291
			474	292
			474	293
			474	294
			475	295
			475	296
			475	297
			475	298
			476	299
			476	300
			476	301
			476	302
			477	303
			477	304
			477	305
			477	306
			478	307
			478	308
			478	309
			479	310
			479	311
			479	312
			479	313
			480	314
			480	315
			480	316
			480	317
			481	318
			481	319
			481	320
			481	321
			481	322
			482	323
			482	324
			482	325
			482	326
			483	327
			483	328
			483	329
			483	330
			483	331
			484	332
			484	333
			484	334
			484	335
			484	336
			484	337
			485	337
			485	338
			485	339
			485	340
			485	341
			485	342
			485	343
			486	344
			486	345
			486	346
			486	347
			486	348
			486	349
			487	350
			487	351
			487	352
			487	353
			487	354
			487	355
			487	356
			487	357
			487	358
			487	359
			487	360
			487	361
			488	362
			488	363
			488	364
			488	365
			488	366
			488	367
			487	368
			487	369
			487	370
			487	371
			487	372
			487	373
			487	374
			487	375
			487	376
			486	377
			486	378
			486	379
			486	380
			485	380
			485	381
			485	382
			484	382
			484	383
			484	384
			484	385
			484	386
			484	387
			484	388
			484	389
			484	390
			484	391
			484	392
			484	393
			484	394
			484	395
			484	396
			484	397
			484	398
			484	399
			484	400
			484	401
			484	402
			484	403
			484	404
			484	405
			484	406
			484	407
			484	408
			485	409
			485	410
			485	411
			485	412
			485	413
		</glabela>
		<sutura type=matrix rownames=FALSE colnames=FALSE nrow=943 ncol=2 as.numeric=TRUE >
			434	37
			435	37
			436	37
			437	37
			438	37
			439	37
			440	37
			441	37
			442	37
			443	37
			444	37
			445	37
			446	37
			447	37
			448	37
			449	37
			450	37
			451	37
			452	37
			453	37
			454	37
			455	37
			456	38
			457	38
			458	38
			459	38
			460	38
			461	38
			462	38
			463	38
			464	38
			465	38
			466	38
			467	38
			468	38
			469	38
			470	39
			471	39
			472	39
			473	39
			474	39
			475	39
			476	39
			477	39
			478	39
			479	40
			480	40
			481	40
			482	40
			483	40
			484	40
			485	40
			486	41
			487	41
			488	41
			489	41
			490	41
			491	41
			492	41
			493	42
			494	42
			495	42
			496	42
			497	42
			498	42
			499	43
			500	43
			501	43
			502	43
			503	44
			504	44
			505	44
			506	44
			507	44
			508	44
			508	45
			509	45
			510	45
			511	45
			512	45
			512	46
			513	46
			514	46
			515	46
			516	46
			517	47
			518	47
			519	47
			520	48
			521	48
			522	48
			523	48
			524	49
			525	49
			526	49
			527	49
			528	50
			529	50
			530	50
			531	51
			532	51
			533	51
			534	52
			535	52
			536	52
			537	53
			538	53
			539	53
			540	54
			541	54
			542	54
			543	55
			544	55
			545	55
			546	56
			547	56
			548	57
			549	57
			550	57
			551	58
			552	58
			553	58
			554	59
			555	59
			555	60
			556	60
			557	60
			558	61
			559	61
			560	62
			561	62
			562	62
			563	63
			564	63
			565	64
			566	64
			567	64
			568	65
			569	65
			569	66
			570	66
			571	67
			572	67
			573	68
			574	68
			575	68
			576	69
			577	69
			578	70
			579	70
			579	71
			580	71
			581	72
			582	72
			583	73
			584	73
			585	74
			586	74
			587	75
			588	75
			588	76
			589	76
			590	77
			591	77
			592	78
			593	78
			594	79
			595	79
			595	80
			596	81
			597	81
			598	82
			599	82
			600	83
			601	83
			602	84
			603	85
			604	86
			605	86
			606	87
			607	88
			608	88
			609	89
			610	89
			610	90
			611	90
			612	91
			613	91
			614	92
			615	93
			616	94
			617	95
			618	95
			619	96
			620	97
			621	98
			622	99
			623	99
			624	100
			625	101
			626	101
			627	102
			627	103
			628	103
			629	104
			630	105
			631	105
			632	106
			633	107
			633	108
			634	108
			635	109
			636	110
			637	111
			638	111
			638	112
			639	113
			640	113
			641	114
			642	115
			643	116
			644	117
			645	118
			646	119
			647	120
			648	121
			649	122
			650	123
			651	124
			652	125
			653	126
			654	127
			655	128
			656	129
			657	130
			658	131
			659	132
			660	133
			661	134
			661	135
			662	136
			663	137
			664	138
			665	139
			666	140
			667	141
			668	142
			669	143
			670	144
			670	145
			671	145
			671	146
			672	147
			673	148
			674	149
			674	150
			675	151
			676	152
			676	153
			677	153
			677	154
			678	155
			678	156
			679	157
			680	157
			680	158
			681	159
			681	160
			682	161
			683	162
			683	163
			684	164
			685	165
			685	166
			686	167
			687	168
			687	169
			688	170
			688	171
			689	172
			690	173
			690	174
			691	175
			692	175
			692	176
			693	177
			693	178
			694	179
			694	180
			695	181
			696	182
			696	183
			697	184
			697	185
			698	186
			698	187
			699	188
			699	189
			700	190
			700	191
			701	191
			702	192
			702	193
			703	194
			703	195
			704	196
			704	197
			705	198
			705	199
			706	200
			706	201
			707	202
			707	203
			708	204
			708	205
			709	206
			709	207
			710	208
			710	209
			711	210
			711	211
			712	212
			712	213
			713	214
			713	215
			714	216
			714	217
			715	218
			715	219
			715	220
			716	221
			716	222
			717	223
			717	224
			717	225
			718	226
			719	227
			719	228
			719	229
			720	230
			720	231
			721	232
			721	233
			721	234
			722	235
			722	236
			722	237
			723	238
			723	239
			724	240
			724	241
			724	242
			725	243
			725	244
			725	245
			726	246
			726	247
			726	248
			726	249
			727	250
			727	251
			727	252
			728	252
			728	253
			728	254
			728	255
			729	256
			729	257
			729	258
			730	259
			730	260
			730	261
			730	262
			730	263
			731	264
			731	265
			731	266
			731	267
			732	268
			732	269
			732	270
			732	271
			733	272
			733	273
			733	274
			733	275
			733	276
			733	277
			733	278
			734	279
			734	280
			734	281
			734	282
			734	283
			734	284
			734	285
			734	286
			735	287
			735	288
			735	289
			735	290
			735	291
			735	292
			735	293
			735	294
			735	295
			735	296
			736	297
			736	298
			736	299
			736	300
			736	301
			736	302
			736	303
			736	304
			736	305
			736	306
			736	307
			737	307
			737	308
			737	309
			737	310
			737	311
			737	312
			737	313
			737	314
			737	315
			737	316
			737	317
			737	318
			737	319
			737	320
			738	320
			738	321
			738	322
			738	323
			738	324
			738	325
			738	326
			738	327
			738	328
			738	329
			738	330
			738	331
			738	332
			738	333
			738	334
			738	335
			738	336
			738	337
			738	338
			738	339
			738	340
			739	341
			739	342
			739	343
			739	344
			739	345
			739	346
			739	347
			739	348
			739	349
			739	350
			739	351
			739	352
			739	353
			739	354
			739	355
			739	356
			739	357
			739	358
			739	359
			739	360
			739	361
			739	362
			739	363
			739	364
			739	365
			739	366
			739	367
			739	368
			739	369
			739	370
			739	371
			739	372
			739	373
			739	374
			738	375
			738	376
			738	377
			738	378
			738	379
			738	380
			738	381
			738	382
			738	383
			738	384
			738	385
			738	386
			738	387
			738	388
			738	389
			738	390
			738	391
			738	392
			737	392
			737	393
			737	394
			737	395
			737	396
			737	397
			737	398
			737	399
			737	400
			737	401
			737	402
			736	403
			736	404
			736	405
			736	406
			736	407
			736	408
			736	409
			736	410
			736	411
			736	412
			736	413
			736	414
			736	415
			736	416
			736	417
			736	418
			736	419
			736	420
			736	421
			736	422
			736	423
			736	424
			736	425
			736	426
			736	427
			736	428
			736	429
			736	430
			736	431
			736	432
			736	433
			736	434
			736	435
			736	436
			736	437
			736	438
			736	439
			737	440
			737	441
			737	442
			737	443
			737	444
			737	445
			737	446
			738	447
			738	448
			738	449
			738	450
			739	451
			739	452
			739	453
			739	454
			739	455
			740	455
			740	456
			740	457
			740	458
			741	459
			741	460
			742	461
			742	462
			742	463
			743	464
			744	465
			744	466
			744	467
			745	468
			745	469
			745	470
			746	471
			746	472
			747	473
			747	474
			748	475
			748	476
			748	477
			748	478
			749	478
			749	479
			749	480
			750	481
			750	482
			751	483
			751	484
			751	485
			751	486
			752	486
			752	487
			752	488
			753	489
			753	490
			753	491
			754	491
			754	492
			754	493
			754	494
			755	495
			755	496
			755	497
			756	498
			756	499
			757	500
			757	501
			757	502
			757	503
			758	503
			758	504
			758	505
			759	506
			759	507
			759	508
			760	509
			760	510
			760	511
			760	512
			761	513
			761	514
			762	515
			762	516
			762	517
			763	518
			763	519
			763	520
			764	521
			764	522
			764	523
			765	524
			765	525
			765	526
			765	527
			766	527
			766	528
			766	529
			766	530
			767	531
			767	532
			767	533
			767	534
			768	535
			768	536
			768	537
			768	538
			768	539
			768	540
			769	541
			769	542
			769	543
			769	544
			769	545
			769	546
			770	547
			770	548
			770	549
			770	550
			770	551
			770	552
			770	553
			771	553
			771	554
			771	555
			771	556
			771	557
			771	558
			771	559
			772	560
			772	561
			772	562
			772	563
			772	564
			772	565
			772	566
			773	567
			773	568
			773	569
			773	570
			773	571
			773	572
			773	573
			774	574
			774	575
			774	576
			774	577
			774	578
			774	579
			774	580
			774	581
			774	582
			775	583
			775	584
			775	585
			775	586
			775	587
			775	588
			775	589
			775	590
			775	591
			776	592
			776	593
			776	594
			776	595
			776	596
			776	597
			776	598
			776	599
			776	600
			776	601
			776	602
			776	603
			776	604
			777	605
			777	606
			777	607
			777	608
			777	609
			777	610
			777	611
			777	612
			777	613
			777	614
			777	615
			777	616
			777	617
			777	618
			777	619
			777	620
			777	621
			777	622
			777	623
			777	624
			777	625
			777	626
			777	627
			777	628
			777	629
			777	630
			777	631
			777	632
			777	633
			777	634
			777	635
			777	636
			777	637
			777	638
			776	639
			775	640
			774	641
			774	642
			773	642
			772	643
			771	643
			770	644
			769	644
			768	643
			767	643
			766	642
			766	641
			766	640
			765	639
			765	638
			765	637
			765	636
			765	635
			765	634
			766	633
			766	632
			766	631
			766	630
			766	629
			766	628
			766	627
			766	626
			766	625
			766	624
			766	623
			766	622
			767	621
			767	620
			767	619
			767	618
			767	617
			767	616
			767	615
			767	614
			767	613
			767	612
			767	611
			767	610
			767	609
			767	608
			767	607
			767	606
			767	605
			767	604
			767	603
			766	602
			766	601
			766	600
			766	599
			766	598
			766	597
			766	596
			766	595
			766	594
			766	593
			766	592
			766	591
			766	590
			765	589
			765	588
			765	587
			765	586
			765	585
			765	584
			765	583
			764	582
			764	581
			764	580
			764	579
			764	578
			764	577
			763	576
			763	575
			763	574
			763	573
			763	572
			763	571
			762	570
			762	569
			762	568
			761	567
			761	566
			761	565
			761	564
			761	563
			760	562
			760	561
			760	560
			760	559
			759	558
			759	557
			759	556
			758	555
			758	554
			758	553
			758	552
			757	551
			757	550
			757	549
			756	548
			756	547
			756	546
			755	545
			755	544
			755	543
			754	542
			754	541
			754	540
			753	539
			753	538
			753	537
			752	536
			752	535
			752	534
			751	533
			751	532
			750	532
			750	531
			750	530
			749	529
			749	528
			748	527
			748	526
			748	525
			747	524
			747	523
			746	522
			746	521
			745	520
			745	519
			744	518
			744	517
			744	516
			743	515
			743	514
			742	513
			742	512
			741	511
			741	510
			740	509
			740	508
			739	507
			739	506
			738	505
			738	504
			737	503
			737	502
			736	501
			735	500
			735	499
			734	498
			734	497
			733	496
			733	495
			732	494
			732	493
			731	492
			730	491
			730	490
			729	489
			729	488
			728	487
			727	486
			727	485
			726	484
			726	483
			725	482
			724	481
			724	480
			723	479
			722	478
			722	477
			721	476
			720	475
			720	474
			719	473
			718	472
			718	471
		</sutura>
		<P type=matrix rownames=FALSE colnames=FALSE nrow=682 ncol=2 as.numeric=TRUE >
			434	445
			435	445
			436	445
			437	446
			438	446
			439	446
			440	446
			441	446
			442	446
			443	446
			444	446
			445	446
			446	446
			447	446
			448	446
			449	446
			450	445
			451	445
			452	445
			453	445
			453	444
			454	444
			455	444
			456	444
			456	443
			457	443
			458	442
			459	442
			460	441
			461	441
			462	440
			463	439
			464	439
			465	438
			466	437
			467	437
			467	436
			468	435
			469	434
			470	433
			471	433
			472	432
			473	431
			474	430
			475	429
			476	428
			477	427
			478	426
			478	425
			479	424
			480	423
			480	422
			481	421
			482	421
			482	420
			483	419
			484	418
			484	417
			485	416
			486	416
			487	416
			488	416
			489	416
			490	416
			491	416
			492	416
			493	416
			494	416
			495	416
			496	416
			497	416
			498	416
			499	416
			500	416
			500	417
			501	417
			502	417
			503	417
			504	417
			505	417
			506	417
			507	417
			508	417
			509	417
			510	417
			511	417
			512	417
			513	417
			514	417
			515	417
			516	417
			517	417
			518	417
			519	417
			520	417
			521	417
			522	417
			523	417
			524	417
			525	417
			526	417
			527	417
			528	417
			529	417
			530	417
			531	417
			532	417
			533	417
			534	417
			535	417
			536	417
			537	417
			538	417
			539	417
			540	417
			541	417
			542	417
			543	417
			544	417
			545	417
			546	417
			547	417
			548	417
			549	417
			550	417
			551	416
			552	416
			553	416
			554	416
			555	416
			556	416
			557	416
			558	416
			559	416
			560	416
			561	416
			562	416
			563	416
			564	416
			565	416
			566	416
			567	416
			568	416
			569	416
			570	416
			571	416
			572	416
			573	416
			574	416
			575	416
			576	416
			577	416
			578	416
			579	415
			580	415
			581	415
			582	415
			583	415
			584	415
			585	415
			586	415
			587	415
			588	415
			589	415
			590	415
			591	415
			592	416
			593	416
			594	416
			595	416
			596	416
			597	416
			598	417
			599	417
			600	417
			601	417
			602	417
			602	418
			603	418
			604	418
			605	418
			606	418
			607	419
			608	419
			609	419
			610	419
			611	419
			611	420
			612	420
			613	420
			614	420
			615	421
			616	421
			617	421
			618	421
			619	422
			620	422
			621	422
			622	423
			623	423
			624	423
			625	424
			626	424
			627	424
			628	424
			629	425
			630	425
			631	425
			632	426
			633	426
			634	426
			635	427
			636	427
			637	427
			638	428
			639	428
			640	428
			641	429
			642	429
			643	430
			644	430
			645	430
			646	431
			647	431
			648	431
			649	432
			650	432
			651	432
			652	433
			653	433
			654	434
			655	434
			656	435
			657	435
			658	435
			659	436
			660	436
			661	437
			662	437
			663	437
			664	438
			665	438
			666	439
			667	439
			668	440
			669	440
			670	440
			671	441
			672	441
			673	442
			674	442
			675	443
			676	443
			677	444
			678	444
			679	445
			680	445
			681	445
			682	446
			683	447
			684	447
			685	448
			686	448
			687	449
			688	449
			689	450
			690	451
			691	451
			692	452
			693	452
			694	453
			695	454
			696	454
			697	455
			698	455
			699	456
			700	456
			701	457
			701	458
			702	458
			703	459
			704	459
			705	460
			706	461
			707	462
			708	462
			709	463
			710	464
			711	464
			711	465
			712	466
			713	467
			714	467
			714	468
			715	469
			716	469
			716	470
			717	471
			718	471
			718	472
			719	473
			720	473
			720	474
			721	475
			721	476
			722	477
			723	478
			724	479
			724	480
			725	481
			725	482
			726	483
			727	484
			728	485
			728	486
			729	487
			729	488
			730	489
			731	490
			731	491
			732	492
			732	493
			733	494
			733	495
			734	496
			734	497
			735	498
			735	499
			736	500
			736	501
			737	502
			737	503
			738	503
			738	504
			739	505
			739	506
			740	507
			740	508
			740	509
			741	510
			741	511
			742	512
			742	513
			743	513
			743	514
			743	515
			744	516
			744	517
			744	518
			745	519
			745	520
			746	521
			746	522
			747	523
			747	524
			747	525
			748	526
			748	527
			748	528
			749	529
			749	530
			750	531
			750	532
			751	533
			751	534
			752	535
			752	536
			753	537
			753	538
			753	539
			754	540
			754	541
			755	542
			755	543
			755	544
			756	545
			756	546
			756	547
			757	548
			757	549
			757	550
			758	551
			758	552
			758	553
			759	554
			759	555
			759	556
			760	557
			760	558
			760	559
			761	560
			761	561
			761	562
			761	563
			761	564
			762	564
			762	565
			762	566
			762	567
			762	568
			763	569
			763	570
			763	571
			763	572
			764	573
			764	574
			764	575
			764	576
			764	577
			764	578
			765	579
			765	580
			765	581
			765	582
			765	583
			765	584
			766	585
			766	586
			766	587
			766	588
			766	589
			766	590
			766	591
			766	592
			767	593
			767	594
			767	595
			767	596
			767	597
			767	598
			767	599
			767	600
			767	601
			767	602
			767	603
			767	604
			767	605
			767	606
			767	607
			767	608
			767	609
			767	610
			767	611
			767	612
			766	613
			766	614
			766	615
			766	616
			766	617
			766	618
			766	619
			766	620
			766	621
			766	622
			766	623
			766	624
			766	625
			766	626
			766	627
			766	628
			766	629
			766	630
			766	631
			766	632
			766	633
			766	634
			765	634
			765	635
			765	636
			765	637
			765	638
			765	639
			765	640
			765	641
			766	642
			767	642
			768	643
			769	643
			770	643
			771	643
			772	642
			773	641
			774	641
			775	640
			775	639
			776	638
			776	637
			777	636
			777	635
			777	634
			777	633
			777	632
			777	631
			777	630
			777	629
			777	628
			777	627
			777	626
			777	625
			777	624
			777	623
			777	622
			777	621
			777	620
			777	619
			777	618
			777	617
			777	616
			777	615
			777	614
			777	613
			777	612
			777	611
			777	610
			777	609
			777	608
			777	607
			777	606
			777	605
			777	604
			777	603
			776	602
			776	601
			776	600
			776	599
			776	598
			776	597
			776	596
			776	595
			776	594
			776	593
			776	592
			776	591
			776	590
			776	589
			776	588
			775	587
			775	586
			775	585
			775	584
			775	583
			775	582
			775	581
			775	580
			775	579
			775	578
			774	577
			774	576
			774	575
			774	574
			774	573
			774	572
			774	571
			774	570
			774	569
			773	568
			773	567
			773	566
			773	565
			773	564
			773	563
			772	562
			772	561
			772	560
			772	559
			772	558
			772	557
			771	556
			771	555
			771	554
			771	553
			771	552
			771	551
			770	550
			770	549
			770	548
			770	547
			770	546
			769	545
			769	544
			769	543
			769	542
			768	541
			768	540
			768	539
			768	538
			767	537
			767	536
			767	535
			767	534
			766	533
			766	532
			766	531
			765	530
			765	529
			765	528
			765	527
			765	526
			764	526
			764	525
			764	524
			764	523
			763	522
			763	521
			763	520
			763	519
			762	518
			762	517
			762	516
			762	515
			761	514
			761	513
			761	512
			760	511
			760	510
			760	509
			759	508
			759	507
			759	506
			759	505
			758	504
			758	503
			758	502
			757	501
			757	500
			757	499
			756	498
			756	497
			756	496
			755	495
			755	494
			755	493
			754	492
			754	491
			754	490
			753	489
			753	488
			753	487
			752	486
			752	485
			751	485
			751	484
			751	483
			750	482
			750	481
			750	480
			749	479
			748	478
			748	477
			748	476
			747	475
			747	474
			746	473
			746	472
			746	471
			745	470
			745	469
			745	468
			744	467
			744	466
			743	465
			743	464
			742	463
			742	462
			742	461
			741	460
			741	459
			741	458
			740	457
			740	456
			740	455
			739	454
			739	453
			739	452
			739	451
			738	450
			738	449
			738	448
			738	447
			737	447
			737	446
			737	445
		</P>
		<C type=matrix rownames=FALSE colnames=FALSE nrow=557 ncol=2 as.numeric=TRUE >
			434	37
			435	37
			436	37
			437	37
			438	37
			439	37
			440	37
			441	37
			442	37
			443	37
			444	37
			445	37
			446	37
			447	37
			448	37
			449	37
			450	37
			451	37
			452	37
			453	37
			454	37
			455	37
			456	38
			457	38
			458	38
			459	38
			460	38
			461	38
			462	38
			463	38
			464	38
			465	38
			466	38
			467	38
			468	38
			469	38
			470	39
			471	39
			472	39
			473	39
			474	39
			475	39
			476	39
			477	39
			478	39
			479	40
			480	40
			481	40
			482	40
			483	40
			484	40
			485	40
			486	40
			487	41
			488	41
			489	41
			490	41
			491	41
			492	41
			493	42
			494	42
			495	42
			496	42
			497	42
			498	42
			499	43
			500	43
			501	43
			502	43
			503	43
			504	44
			505	44
			506	44
			507	44
			508	44
			509	45
			510	45
			511	45
			512	45
			513	46
			514	46
			515	46
			516	46
			517	47
			518	47
			519	47
			520	47
			521	48
			522	48
			523	48
			524	48
			525	49
			526	49
			527	49
			528	50
			529	50
			530	50
			531	51
			532	51
			533	51
			534	52
			535	52
			536	52
			537	52
			538	53
			539	53
			540	54
			541	54
			542	54
			543	55
			544	55
			545	55
			546	56
			547	56
			548	56
			549	57
			550	57
			551	57
			552	58
			553	58
			554	59
			555	59
			556	59
			556	60
			557	60
			558	60
			558	61
			559	61
			560	61
			561	62
			562	62
			563	63
			564	63
			565	63
			566	64
			567	64
			568	65
			569	65
			570	66
			571	66
			572	67
			573	67
			574	68
			575	68
			576	69
			577	69
			578	70
			579	70
			579	71
			580	71
			581	72
			582	72
			583	73
			584	73
			585	74
			586	74
			587	75
			588	75
			589	76
			590	76
			591	77
			592	78
			593	78
			594	79
			595	79
			595	80
			596	80
			597	80
			597	81
			598	81
			599	82
			600	82
			601	83
			602	84
			603	85
			604	85
			605	86
			606	86
			606	87
			607	87
			608	88
			609	88
			609	89
			610	89
			611	90
			612	90
			612	91
			613	91
			614	92
			615	92
			615	93
			616	94
			617	94
			618	95
			619	96
			620	97
			621	98
			622	98
			623	99
			624	100
			625	100
			626	101
			627	102
			628	102
			628	103
			629	104
			630	105
			631	105
			632	106
			633	107
			634	108
			635	109
			636	110
			637	111
			638	112
			639	113
			640	114
			641	115
			642	115
			643	116
			644	117
			645	118
			646	119
			647	120
			648	121
			649	122
			650	123
			651	124
			652	125
			653	126
			654	127
			655	128
			656	129
			657	130
			658	131
			659	132
			660	133
			661	134
			662	135
			663	136
			664	137
			665	138
			666	139
			666	140
			667	141
			668	142
			669	143
			669	144
			670	145
			671	145
			671	146
			672	147
			672	148
			673	149
			674	150
			674	151
			675	151
			676	152
			676	153
			677	154
			677	155
			678	156
			679	156
			679	157
			680	158
			680	159
			681	160
			682	161
			682	162
			683	162
			683	163
			684	164
			684	165
			685	166
			686	167
			687	168
			687	169
			688	170
			689	171
			689	172
			690	173
			691	174
			691	175
			692	176
			692	177
			693	178
			694	179
			694	180
			695	181
			695	182
			696	183
			697	184
			697	185
			698	186
			698	187
			699	188
			700	189
			700	190
			701	191
			701	192
			702	193
			702	194
			703	195
			703	196
			704	197
			705	198
			705	199
			706	200
			706	201
			707	202
			707	203
			708	204
			708	205
			709	206
			709	207
			710	208
			710	209
			711	210
			711	211
			712	212
			712	213
			712	214
			713	215
			713	216
			714	216
			714	217
			715	218
			715	219
			716	220
			716	221
			716	222
			717	223
			717	224
			718	225
			718	226
			719	227
			719	228
			719	229
			720	230
			720	231
			720	232
			721	233
			721	234
			722	235
			722	236
			722	237
			723	237
			723	238
			723	239
			724	240
			724	241
			724	242
			725	243
			725	244
			725	245
			726	246
			726	247
			726	248
			727	249
			727	250
			727	251
			727	252
			728	252
			728	253
			728	254
			728	255
			729	256
			729	257
			729	258
			730	259
			730	260
			730	261
			730	262
			730	263
			731	264
			731	265
			731	266
			732	267
			732	268
			732	269
			732	270
			732	271
			733	272
			733	273
			733	274
			733	275
			733	276
			733	277
			734	278
			734	279
			734	280
			734	281
			734	282
			734	283
			734	284
			734	285
			735	285
			735	286
			735	287
			735	288
			735	289
			735	290
			735	291
			735	292
			735	293
			736	294
			736	295
			736	296
			736	297
			736	298
			736	299
			736	300
			736	301
			736	302
			737	303
			737	304
			737	305
			737	306
			737	307
			737	308
			737	309
			737	310
			737	311
			737	312
			737	313
			738	314
			738	315
			738	316
			738	317
			738	318
			738	319
			738	320
			738	321
			738	322
			738	323
			738	324
			738	325
			738	326
			738	327
			738	328
			739	329
			739	330
			739	331
			739	332
			739	333
			739	334
			739	335
			739	336
			739	337
			739	338
			739	339
			739	340
			739	341
			739	342
			739	343
			739	344
			739	345
			739	346
			739	347
			739	348
			739	349
			739	350
			739	351
			739	352
			739	353
			739	354
			739	355
			739	356
			739	357
			739	358
			739	359
			739	360
			739	361
			739	362
			739	363
			739	364
			739	365
			739	366
			739	367
			739	368
			739	369
			739	370
			739	371
			739	372
			739	373
			739	374
			739	375
			739	376
			739	377
			739	378
			739	379
			739	380
			738	381
			738	382
			738	383
			738	384
			738	385
			738	386
			738	387
			738	388
			738	389
			738	390
			738	391
			738	392
			738	393
			737	394
			737	395
			737	396
			737	397
			737	398
			737	399
			737	400
			737	401
			737	402
			737	403
			737	404
			737	405
			737	406
			737	407
			737	408
			737	409
			737	410
			737	411
			737	412
			737	413
			737	414
			737	415
			737	416
			737	417
			737	418
			737	419
			737	420
			737	421
			737	422
			737	423
			737	424
			737	425
			737	426
			737	427
			737	428
			737	429
			737	430
			737	431
			737	432
			737	433
			737	434
			737	435
			737	436
			737	437
			737	438
			737	439
			737	440
			737	441
			737	442
			737	443
			737	444
			737	445
		</C>
	</curves.pixel>
</shapes>

