<shapes type=list>
	<ruler.pixel type=vector names=FALSE length=1 as.numeric=TRUE >43.0116263352131</ruler.pixel>
	<ruler.interval type=vector names=FALSE length=1 as.numeric=TRUE >1</ruler.interval>
	<scaling.units type=vector names=FALSE length=1 as.numeric=FALSE >mm</scaling.units>
	<scaling type=vector names=FALSE length=1 as.numeric=TRUE >0.0232495277487639</scaling>
	<landmarks.pixel type=matrix rownames=TRUE colnames=FALSE nrow=16 ncol=2 as.numeric=TRUE >
		LM1	237	62
		LM2	237	79
		LM3	239	222
		LM4	240	243
		LM5	315	125
		LM6	313	204
		LM7	307	230
		LM8	339	111
		LM9	351	167
		LM10	237	62
		LM11	377	209
		LM12	381	222
		LM13	237	62
		LM14	366	138
		LM15	426	243
		LM16	427	256
	</landmarks.pixel>
	<landmarks.scaled type=matrix rownames=TRUE colnames=FALSE nrow=16 ncol=2 as.numeric=TRUE >
		LM1	5.51013807645703	-1.44147072042336
		LM2	5.51013807645703	-1.83671269215234
		LM3	5.55663713195456	-5.16139516022558
		LM4	5.57988665970332	-5.64963524294962
		LM5	7.32360124086061	-2.90619096859548
		LM6	7.27710218536309	-4.74290366074783
		LM7	7.1376050188705	-5.34739138221569
		LM8	7.88158990683095	-2.58069758011279
		LM9	8.16058423981611	-3.88267113404356
		LM10	5.51013807645703	-1.44147072042336
		LM11	8.76507196128397	-4.85915129949165
		LM12	8.85807007227903	-5.16139516022558
		LM13	5.51013807645703	-1.44147072042336
		LM14	8.50932715604757	-3.20843482932941
		LM15	9.9042988209734	-5.64963524294962
		LM16	9.92754834872217	-5.95187910368355
	</landmarks.scaled>
	<curves.control type=list>
		<glabela type=matrix rownames=FALSE colnames=FALSE nrow=5 ncol=2 as.numeric=TRUE >
			237	79
			328	67
			316	156
			315	209
			307	230
		</glabela>
		<sutura type=matrix rownames=FALSE colnames=FALSE nrow=9 ncol=2 as.numeric=TRUE >
			237	62
			298	55
			343	85
			342	97
			338	112
			375	137
			351	167
			382	207
			381	222
		</sutura>
		<P type=matrix rownames=FALSE colnames=FALSE nrow=11 ncol=2 as.numeric=TRUE >
			240	243
			252	247
			306	230
			332	230
			381	223
			389	225
			405	221
			413	233
			427	258
			428	248
			426	243
		</P>
		<C type=matrix rownames=FALSE colnames=FALSE nrow=7 ncol=2 as.numeric=TRUE >
			237	62
			298	55
			345	85
			388	114
			415	218
			420	229
			426	243
		</C>
	</curves.control>
	<curves.pixel type=list>
		<glabela type=matrix rownames=FALSE colnames=FALSE nrow=207 ncol=2 as.numeric=TRUE >
			237	79
			238	79
			239	79
			240	79
			241	79
			242	78
			243	78
			244	78
			245	78
			246	78
			247	78
			248	78
			249	78
			250	78
			251	78
			252	78
			253	78
			254	78
			255	78
			256	78
			257	78
			258	78
			259	78
			260	78
			261	78
			262	78
			263	78
			264	78
			265	78
			266	78
			267	78
			268	78
			269	78
			270	78
			271	78
			272	79
			273	79
			274	79
			275	79
			276	79
			277	79
			278	80
			279	80
			280	80
			281	80
			281	81
			282	81
			283	81
			284	81
			285	82
			286	82
			287	83
			288	83
			289	83
			290	84
			291	84
			292	85
			293	85
			293	86
			294	86
			295	87
			296	87
			297	88
			298	89
			299	89
			300	90
			301	91
			302	92
			303	93
			304	94
			305	95
			306	96
			307	97
			307	98
			308	99
			309	100
			309	101
			310	102
			310	103
			311	104
			311	105
			312	106
			312	107
			313	108
			313	109
			313	110
			314	111
			314	112
			314	113
			315	114
			315	115
			315	116
			315	117
			316	118
			316	119
			316	120
			316	121
			316	122
			316	123
			317	124
			317	125
			317	126
			317	127
			317	128
			317	129
			317	130
			317	131
			317	132
			317	133
			317	134
			317	135
			317	136
			317	137
			317	138
			317	139
			317	140
			317	141
			317	142
			317	143
			317	144
			317	145
			317	146
			317	147
			317	148
			317	149
			317	150
			317	151
			316	152
			316	153
			316	154
			316	155
			316	156
			316	157
			316	158
			316	159
			316	160
			316	161
			316	162
			316	163
			316	164
			316	165
			316	166
			316	167
			316	168
			316	169
			316	170
			316	171
			315	172
			315	173
			315	174
			315	175
			315	176
			315	177
			315	178
			315	179
			315	180
			315	181
			315	182
			315	183
			315	184
			315	185
			315	186
			315	187
			315	188
			314	189
			314	190
			314	191
			314	192
			314	193
			314	194
			314	195
			314	196
			314	197
			314	198
			314	199
			313	200
			313	201
			313	202
			313	203
			313	204
			313	205
			313	206
			313	207
			312	207
			312	208
			312	209
			312	210
			312	211
			312	212
			311	213
			311	214
			311	215
			311	216
			311	217
			311	218
			310	219
			310	220
			310	221
			309	222
			309	223
			309	224
			309	225
			308	226
			308	227
			308	228
			307	229
			307	230
		</glabela>
		<sutura type=matrix rownames=FALSE colnames=FALSE nrow=256 ncol=2 as.numeric=TRUE >
			237	62
			238	62
			239	62
			240	62
			241	62
			242	61
			243	61
			244	61
			245	61
			246	61
			247	61
			248	61
			249	61
			250	61
			251	61
			252	61
			253	61
			254	61
			255	61
			256	61
			257	61
			258	61
			259	61
			260	61
			261	61
			262	61
			263	61
			264	61
			265	61
			266	61
			267	61
			268	61
			269	61
			270	61
			271	61
			272	61
			273	61
			274	61
			275	61
			276	61
			277	62
			278	62
			279	62
			280	62
			281	62
			282	62
			283	62
			284	62
			285	63
			286	63
			287	63
			288	63
			289	63
			290	64
			291	64
			292	64
			293	64
			294	64
			295	65
			296	65
			297	65
			298	65
			299	65
			300	66
			301	66
			302	66
			303	66
			304	67
			305	67
			306	67
			307	68
			308	68
			309	68
			310	69
			311	69
			312	69
			313	70
			314	70
			315	70
			316	71
			317	71
			318	72
			319	72
			320	72
			321	73
			322	73
			322	74
			323	74
			324	74
			325	75
			326	75
			327	76
			328	76
			329	77
			330	77
			331	78
			332	79
			333	79
			334	80
			335	80
			336	81
			337	81
			338	82
			339	83
			340	83
			341	84
			342	84
			343	85
			343	86
			343	87
			343	88
			343	89
			342	90
			342	91
			342	92
			342	93
			342	94
			342	95
			341	96
			341	97
			341	98
			341	99
			341	100
			341	101
			340	102
			340	103
			340	104
			340	105
			340	106
			339	107
			339	108
			339	109
			338	110
			338	111
			338	112
			339	113
			340	113
			341	114
			342	115
			343	115
			344	116
			345	117
			345	118
			346	118
			347	119
			348	120
			349	121
			350	122
			351	123
			352	124
			353	125
			353	126
			354	127
			355	127
			355	128
			356	129
			356	130
			357	131
			357	132
			358	133
			358	134
			359	135
			359	136
			360	137
			360	138
			360	139
			360	140
			360	141
			360	142
			360	143
			360	144
			360	145
			360	146
			360	147
			360	148
			360	149
			360	150
			360	151
			359	152
			359	153
			359	154
			358	155
			358	156
			358	157
			357	158
			357	159
			356	160
			355	161
			355	162
			354	163
			354	164
			353	164
			352	165
			351	166
			351	167
			352	168
			352	169
			353	169
			353	170
			354	171
			355	172
			355	173
			356	173
			356	174
			357	175
			357	176
			358	176
			359	177
			359	178
			360	178
			360	179
			361	180
			361	181
			362	181
			362	182
			363	183
			364	184
			365	185
			365	186
			366	187
			366	188
			367	189
			368	190
			368	191
			369	192
			369	193
			370	194
			370	195
			371	196
			372	197
			373	198
			373	199
			374	200
			374	201
			375	202
			375	203
			376	204
			376	205
			376	206
			377	206
			377	207
			378	208
			378	209
			378	210
			379	211
			379	212
			380	213
			380	214
			380	215
			380	216
			381	217
			381	218
			381	219
			381	220
			381	221
			381	222
		</sutura>
		<P type=matrix rownames=FALSE colnames=FALSE nrow=223 ncol=2 as.numeric=TRUE >
			240	243
			241	243
			242	243
			243	244
			244	244
			245	244
			246	244
			247	244
			248	244
			249	244
			250	244
			251	244
			251	243
			252	243
			253	243
			254	243
			255	243
			256	243
			257	243
			258	243
			259	242
			260	242
			261	242
			262	242
			263	242
			264	241
			265	241
			266	241
			267	241
			268	241
			269	240
			270	240
			271	240
			272	240
			273	239
			274	239
			275	239
			276	239
			277	238
			278	238
			279	238
			280	238
			281	237
			282	237
			283	237
			284	236
			285	236
			286	236
			287	236
			288	235
			289	235
			290	235
			291	235
			292	234
			293	234
			294	234
			295	233
			296	233
			297	233
			298	233
			299	232
			300	232
			301	232
			302	231
			303	231
			304	231
			305	230
			306	230
			307	230
			308	230
			309	230
			310	230
			311	230
			312	230
			313	230
			314	230
			315	230
			316	230
			317	230
			318	230
			319	230
			320	230
			321	230
			322	229
			323	229
			324	229
			325	229
			326	229
			327	229
			328	229
			329	229
			330	229
			331	229
			332	229
			333	229
			334	229
			335	229
			336	228
			337	228
			338	228
			339	228
			340	228
			341	228
			342	228
			343	228
			344	228
			345	228
			346	227
			347	227
			348	227
			349	227
			350	227
			351	227
			352	227
			353	227
			354	227
			354	226
			355	226
			356	226
			357	226
			358	226
			359	226
			360	226
			361	226
			362	226
			363	225
			364	225
			365	225
			366	225
			367	225
			368	225
			369	225
			370	225
			371	224
			372	224
			373	224
			374	224
			375	224
			376	224
			377	224
			378	223
			379	223
			380	223
			381	223
			382	223
			383	223
			384	224
			385	224
			386	224
			387	224
			388	224
			389	224
			390	224
			391	224
			391	223
			392	223
			393	223
			394	223
			395	223
			396	223
			397	223
			398	222
			399	222
			400	222
			401	222
			402	222
			403	222
			403	221
			404	221
			405	221
			406	222
			406	223
			407	224
			408	225
			408	226
			409	227
			410	228
			410	229
			411	230
			411	231
			412	232
			413	233
			413	234
			414	235
			414	236
			415	237
			415	238
			416	239
			417	240
			417	241
			418	241
			418	242
			419	243
			419	244
			420	245
			420	246
			421	247
			422	248
			422	249
			423	250
			423	251
			424	252
			424	253
			425	254
			426	255
			426	256
			426	257
			427	258
			427	257
			427	256
			427	255
			427	254
			427	253
			427	252
			427	251
			427	250
			427	249
			427	248
			427	247
			427	246
			427	245
			426	244
			426	243
		</P>
		<C type=matrix rownames=FALSE colnames=FALSE nrow=280 ncol=2 as.numeric=TRUE >
			237	62
			238	62
			239	62
			240	62
			241	62
			242	62
			242	61
			243	61
			244	61
			245	61
			246	61
			247	61
			248	61
			249	61
			250	61
			251	61
			252	61
			253	61
			254	61
			255	61
			256	61
			257	61
			258	61
			259	61
			260	61
			261	61
			262	61
			263	61
			264	61
			265	61
			266	61
			267	61
			268	61
			269	61
			270	61
			271	61
			272	61
			273	61
			274	61
			275	61
			276	61
			277	62
			278	62
			279	62
			280	62
			281	62
			282	62
			283	62
			284	62
			285	62
			285	63
			286	63
			287	63
			288	63
			289	63
			290	63
			291	64
			292	64
			293	64
			294	64
			295	64
			296	65
			297	65
			298	65
			299	65
			300	66
			301	66
			302	66
			303	66
			304	67
			305	67
			306	67
			307	68
			308	68
			309	68
			310	69
			311	69
			312	69
			313	70
			314	70
			315	70
			316	71
			317	71
			318	71
			319	72
			320	72
			321	72
			322	73
			323	73
			324	74
			325	74
			326	75
			327	75
			328	75
			329	76
			330	76
			331	77
			332	78
			333	78
			334	79
			335	79
			336	80
			337	80
			338	81
			339	81
			340	82
			341	82
			341	83
			342	83
			343	84
			344	84
			345	85
			346	86
			347	87
			348	87
			349	88
			350	89
			351	89
			352	90
			352	91
			353	91
			354	92
			355	93
			356	94
			357	95
			358	96
			359	97
			360	98
			361	99
			362	100
			363	101
			364	102
			365	103
			366	104
			366	105
			367	106
			368	107
			369	108
			369	109
			370	110
			370	111
			371	112
			372	112
			372	113
			373	114
			374	115
			374	116
			375	117
			376	118
			376	119
			377	120
			377	121
			378	122
			379	123
			379	124
			380	125
			381	126
			381	127
			381	128
			382	129
			383	130
			383	131
			384	132
			384	133
			385	134
			385	135
			385	136
			386	136
			386	137
			387	138
			387	139
			388	140
			388	141
			388	142
			389	142
			389	143
			390	144
			390	145
			390	146
			391	147
			391	148
			392	149
			392	150
			392	151
			393	151
			393	152
			394	153
			394	154
			395	155
			395	156
			395	157
			396	158
			396	159
			396	160
			397	161
			397	162
			398	163
			398	164
			398	165
			399	166
			399	167
			400	168
			400	169
			400	170
			401	171
			401	172
			401	173
			402	174
			402	175
			402	176
			403	176
			403	177
			403	178
			403	179
			404	180
			404	181
			404	182
			405	183
			405	184
			405	185
			406	186
			406	187
			406	188
			407	189
			407	190
			407	191
			408	192
			408	193
			408	194
			409	195
			409	196
			409	197
			409	198
			410	199
			410	200
			410	201
			411	202
			411	203
			411	204
			412	205
			412	206
			412	207
			412	208
			413	209
			413	210
			413	211
			414	212
			414	213
			414	214
			414	215
			415	216
			415	217
			415	218
			415	219
			416	220
			416	221
			417	222
			417	223
			418	224
			418	225
			419	226
			419	227
			419	228
			420	228
			420	229
			420	230
			421	230
			421	231
			421	232
			422	233
			422	234
			423	235
			423	236
			423	237
			424	238
			424	239
			425	240
			425	241
			426	242
			426	243
		</C>
	</curves.pixel>
	<curves.scaled type=list>
		<glabela type=matrix rownames=FALSE colnames=FALSE nrow=207 ncol=2 as.numeric=TRUE >
			5.51013807645703	-1.83671269215234
			5.5333876042058	-1.83671269215234
			5.55663713195456	-1.83671269215234
			5.57988665970332	-1.83671269215234
			5.60313618745209	-1.83671269215234
			5.62638571520085	-1.81346316440358
			5.64963524294962	-1.81346316440358
			5.67288477069838	-1.81346316440358
			5.69613429844715	-1.81346316440358
			5.71938382619591	-1.81346316440358
			5.74263335394467	-1.81346316440358
			5.76588288169344	-1.81346316440358
			5.7891324094422	-1.81346316440358
			5.81238193719096	-1.81346316440358
			5.83563146493973	-1.81346316440358
			5.85888099268849	-1.81346316440358
			5.88213052043726	-1.81346316440358
			5.90538004818602	-1.81346316440358
			5.92862957593478	-1.81346316440358
			5.95187910368355	-1.81346316440358
			5.97512863143231	-1.81346316440358
			5.99837815918107	-1.81346316440358
			6.02162768692984	-1.81346316440358
			6.0448772146786	-1.81346316440358
			6.06812674242737	-1.81346316440358
			6.09137627017613	-1.81346316440358
			6.11462579792489	-1.81346316440358
			6.13787532567366	-1.81346316440358
			6.16112485342242	-1.81346316440358
			6.18437438117119	-1.81346316440358
			6.20762390891995	-1.81346316440358
			6.23087343666871	-1.81346316440358
			6.25412296441748	-1.81346316440358
			6.27737249216624	-1.81346316440358
			6.300622019915	-1.81346316440358
			6.32387154766377	-1.83671269215234
			6.34712107541253	-1.83671269215234
			6.3703706031613	-1.83671269215234
			6.39362013091006	-1.83671269215234
			6.41686965865882	-1.83671269215234
			6.44011918640759	-1.83671269215234
			6.46336871415635	-1.85996221990111
			6.48661824190512	-1.85996221990111
			6.50986776965388	-1.85996221990111
			6.53311729740264	-1.85996221990111
			6.53311729740264	-1.88321174764987
			6.55636682515141	-1.88321174764987
			6.57961635290017	-1.88321174764987
			6.60286588064893	-1.88321174764987
			6.6261154083977	-1.90646127539864
			6.64936493614646	-1.90646127539864
			6.67261446389523	-1.9297108031474
			6.69586399164399	-1.9297108031474
			6.71911351939275	-1.9297108031474
			6.74236304714152	-1.95296033089616
			6.76561257489028	-1.95296033089616
			6.78886210263905	-1.97620985864493
			6.81211163038781	-1.97620985864493
			6.81211163038781	-1.99945938639369
			6.83536115813657	-1.99945938639369
			6.85861068588534	-2.02270891414246
			6.8818602136341	-2.02270891414246
			6.90510974138286	-2.04595844189122
			6.92835926913163	-2.06920796963998
			6.95160879688039	-2.06920796963998
			6.97485832462916	-2.09245749738875
			6.99810785237792	-2.11570702513751
			7.02135738012668	-2.13895655288627
			7.04460690787545	-2.16220608063504
			7.06785643562421	-2.1854556083838
			7.09110596337298	-2.20870513613257
			7.11435549112174	-2.23195466388133
			7.1376050188705	-2.25520419163009
			7.1376050188705	-2.27845371937886
			7.16085454661927	-2.30170324712762
			7.18410407436803	-2.32495277487639
			7.18410407436803	-2.34820230262515
			7.20735360211679	-2.37145183037391
			7.20735360211679	-2.39470135812268
			7.23060312986556	-2.41795088587144
			7.23060312986556	-2.44120041362021
			7.25385265761432	-2.46444994136897
			7.25385265761432	-2.48769946911773
			7.27710218536309	-2.5109489968665
			7.27710218536309	-2.53419852461526
			7.27710218536309	-2.55744805236402
			7.30035171311185	-2.58069758011279
			7.30035171311185	-2.60394710786155
			7.30035171311185	-2.62719663561032
			7.32360124086061	-2.65044616335908
			7.32360124086061	-2.67369569110784
			7.32360124086061	-2.69694521885661
			7.32360124086061	-2.72019474660537
			7.34685076860938	-2.74344427435413
			7.34685076860938	-2.7666938021029
			7.34685076860938	-2.78994332985166
			7.34685076860938	-2.81319285760043
			7.34685076860938	-2.83644238534919
			7.34685076860938	-2.85969191309795
			7.37010029635814	-2.88294144084672
			7.37010029635814	-2.90619096859548
			7.37010029635814	-2.92944049634425
			7.37010029635814	-2.95269002409301
			7.37010029635814	-2.97593955184177
			7.37010029635814	-2.99918907959054
			7.37010029635814	-3.0224386073393
			7.37010029635814	-3.04568813508806
			7.37010029635814	-3.06893766283683
			7.37010029635814	-3.09218719058559
			7.37010029635814	-3.11543671833436
			7.37010029635814	-3.13868624608312
			7.37010029635814	-3.16193577383188
			7.37010029635814	-3.18518530158065
			7.37010029635814	-3.20843482932941
			7.37010029635814	-3.23168435707818
			7.37010029635814	-3.25493388482694
			7.37010029635814	-3.2781834125757
			7.37010029635814	-3.30143294032447
			7.37010029635814	-3.32468246807323
			7.37010029635814	-3.347931995822
			7.37010029635814	-3.37118152357076
			7.37010029635814	-3.39443105131952
			7.37010029635814	-3.41768057906829
			7.37010029635814	-3.44093010681705
			7.37010029635814	-3.46417963456581
			7.37010029635814	-3.48742916231458
			7.37010029635814	-3.51067869006334
			7.34685076860938	-3.53392821781211
			7.34685076860938	-3.55717774556087
			7.34685076860938	-3.58042727330963
			7.34685076860938	-3.6036768010584
			7.34685076860938	-3.62692632880716
			7.34685076860938	-3.65017585655593
			7.34685076860938	-3.67342538430469
			7.34685076860938	-3.69667491205345
			7.34685076860938	-3.71992443980222
			7.34685076860938	-3.74317396755098
			7.34685076860938	-3.76642349529974
			7.34685076860938	-3.78967302304851
			7.34685076860938	-3.81292255079727
			7.34685076860938	-3.83617207854604
			7.34685076860938	-3.8594216062948
			7.34685076860938	-3.88267113404356
			7.34685076860938	-3.90592066179233
			7.34685076860938	-3.92917018954109
			7.34685076860938	-3.95241971728986
			7.34685076860938	-3.97566924503862
			7.32360124086061	-3.99891877278738
			7.32360124086061	-4.02216830053615
			7.32360124086061	-4.04541782828491
			7.32360124086061	-4.06866735603368
			7.32360124086061	-4.09191688378244
			7.32360124086061	-4.1151664115312
			7.32360124086061	-4.13841593927997
			7.32360124086061	-4.16166546702873
			7.32360124086061	-4.18491499477749
			7.32360124086061	-4.20816452252626
			7.32360124086061	-4.23141405027502
			7.32360124086061	-4.25466357802379
			7.32360124086061	-4.27791310577255
			7.32360124086061	-4.30116263352131
			7.32360124086061	-4.32441216127008
			7.32360124086061	-4.34766168901884
			7.32360124086061	-4.37091121676761
			7.30035171311185	-4.39416074451637
			7.30035171311185	-4.41741027226513
			7.30035171311185	-4.4406598000139
			7.30035171311185	-4.46390932776266
			7.30035171311185	-4.48715885551142
			7.30035171311185	-4.51040838326019
			7.30035171311185	-4.53365791100895
			7.30035171311185	-4.55690743875772
			7.30035171311185	-4.58015696650648
			7.30035171311185	-4.60340649425524
			7.30035171311185	-4.62665602200401
			7.27710218536309	-4.64990554975277
			7.27710218536309	-4.67315507750154
			7.27710218536309	-4.6964046052503
			7.27710218536309	-4.71965413299906
			7.27710218536309	-4.74290366074783
			7.27710218536309	-4.76615318849659
			7.27710218536309	-4.78940271624535
			7.27710218536309	-4.81265224399412
			7.25385265761432	-4.81265224399412
			7.25385265761432	-4.83590177174288
			7.25385265761432	-4.85915129949165
			7.25385265761432	-4.88240082724041
			7.25385265761432	-4.90565035498917
			7.25385265761432	-4.92889988273794
			7.23060312986556	-4.9521494104867
			7.23060312986556	-4.97539893823546
			7.23060312986556	-4.99864846598423
			7.23060312986556	-5.02189799373299
			7.23060312986556	-5.04514752148176
			7.23060312986556	-5.06839704923052
			7.20735360211679	-5.09164657697928
			7.20735360211679	-5.11489610472805
			7.20735360211679	-5.13814563247681
			7.18410407436803	-5.16139516022558
			7.18410407436803	-5.18464468797434
			7.18410407436803	-5.2078942157231
			7.18410407436803	-5.23114374347187
			7.16085454661927	-5.25439327122063
			7.16085454661927	-5.27764279896939
			7.16085454661927	-5.30089232671816
			7.1376050188705	-5.32414185446692
			7.1376050188705	-5.34739138221569
		</glabela>
		<sutura type=matrix rownames=FALSE colnames=FALSE nrow=256 ncol=2 as.numeric=TRUE >
			5.51013807645703	-1.44147072042336
			5.5333876042058	-1.44147072042336
			5.55663713195456	-1.44147072042336
			5.57988665970332	-1.44147072042336
			5.60313618745209	-1.44147072042336
			5.62638571520085	-1.4182211926746
			5.64963524294962	-1.4182211926746
			5.67288477069838	-1.4182211926746
			5.69613429844715	-1.4182211926746
			5.71938382619591	-1.4182211926746
			5.74263335394467	-1.4182211926746
			5.76588288169344	-1.4182211926746
			5.7891324094422	-1.4182211926746
			5.81238193719096	-1.4182211926746
			5.83563146493973	-1.4182211926746
			5.85888099268849	-1.4182211926746
			5.88213052043726	-1.4182211926746
			5.90538004818602	-1.4182211926746
			5.92862957593478	-1.4182211926746
			5.95187910368355	-1.4182211926746
			5.97512863143231	-1.4182211926746
			5.99837815918107	-1.4182211926746
			6.02162768692984	-1.4182211926746
			6.0448772146786	-1.4182211926746
			6.06812674242737	-1.4182211926746
			6.09137627017613	-1.4182211926746
			6.11462579792489	-1.4182211926746
			6.13787532567366	-1.4182211926746
			6.16112485342242	-1.4182211926746
			6.18437438117119	-1.4182211926746
			6.20762390891995	-1.4182211926746
			6.23087343666871	-1.4182211926746
			6.25412296441748	-1.4182211926746
			6.27737249216624	-1.4182211926746
			6.300622019915	-1.4182211926746
			6.32387154766377	-1.4182211926746
			6.34712107541253	-1.4182211926746
			6.3703706031613	-1.4182211926746
			6.39362013091006	-1.4182211926746
			6.41686965865882	-1.4182211926746
			6.44011918640759	-1.44147072042336
			6.46336871415635	-1.44147072042336
			6.48661824190512	-1.44147072042336
			6.50986776965388	-1.44147072042336
			6.53311729740264	-1.44147072042336
			6.55636682515141	-1.44147072042336
			6.57961635290017	-1.44147072042336
			6.60286588064893	-1.44147072042336
			6.6261154083977	-1.46472024817212
			6.64936493614646	-1.46472024817212
			6.67261446389523	-1.46472024817212
			6.69586399164399	-1.46472024817212
			6.71911351939275	-1.46472024817212
			6.74236304714152	-1.48796977592089
			6.76561257489028	-1.48796977592089
			6.78886210263905	-1.48796977592089
			6.81211163038781	-1.48796977592089
			6.83536115813657	-1.48796977592089
			6.85861068588534	-1.51121930366965
			6.8818602136341	-1.51121930366965
			6.90510974138286	-1.51121930366965
			6.92835926913163	-1.51121930366965
			6.95160879688039	-1.51121930366965
			6.97485832462916	-1.53446883141841
			6.99810785237792	-1.53446883141841
			7.02135738012668	-1.53446883141841
			7.04460690787545	-1.53446883141841
			7.06785643562421	-1.55771835916718
			7.09110596337298	-1.55771835916718
			7.11435549112174	-1.55771835916718
			7.1376050188705	-1.58096788691594
			7.16085454661927	-1.58096788691594
			7.18410407436803	-1.58096788691594
			7.20735360211679	-1.60421741466471
			7.23060312986556	-1.60421741466471
			7.25385265761432	-1.60421741466471
			7.27710218536309	-1.62746694241347
			7.30035171311185	-1.62746694241347
			7.32360124086061	-1.62746694241347
			7.34685076860938	-1.65071647016223
			7.37010029635814	-1.65071647016223
			7.39334982410691	-1.673965997911
			7.41659935185567	-1.673965997911
			7.43984887960443	-1.673965997911
			7.4630984073532	-1.69721552565976
			7.48634793510196	-1.69721552565976
			7.48634793510196	-1.72046505340853
			7.50959746285073	-1.72046505340853
			7.53284699059949	-1.72046505340853
			7.55609651834825	-1.74371458115729
			7.57934604609702	-1.74371458115729
			7.60259557384578	-1.76696410890605
			7.62584510159454	-1.76696410890605
			7.64909462934331	-1.79021363665482
			7.67234415709207	-1.79021363665482
			7.69559368484084	-1.81346316440358
			7.7188432125896	-1.83671269215234
			7.74209274033836	-1.83671269215234
			7.76534226808713	-1.85996221990111
			7.78859179583589	-1.85996221990111
			7.81184132358466	-1.88321174764987
			7.83509085133342	-1.88321174764987
			7.85834037908218	-1.90646127539864
			7.88158990683095	-1.9297108031474
			7.90483943457971	-1.9297108031474
			7.92808896232847	-1.95296033089616
			7.95133849007724	-1.95296033089616
			7.974588017826	-1.97620985864493
			7.974588017826	-1.99945938639369
			7.974588017826	-2.02270891414246
			7.974588017826	-2.04595844189122
			7.974588017826	-2.06920796963998
			7.95133849007724	-2.09245749738875
			7.95133849007724	-2.11570702513751
			7.95133849007724	-2.13895655288627
			7.95133849007724	-2.16220608063504
			7.95133849007724	-2.1854556083838
			7.95133849007724	-2.20870513613257
			7.92808896232847	-2.23195466388133
			7.92808896232847	-2.25520419163009
			7.92808896232847	-2.27845371937886
			7.92808896232847	-2.30170324712762
			7.92808896232847	-2.32495277487639
			7.92808896232847	-2.34820230262515
			7.90483943457971	-2.37145183037391
			7.90483943457971	-2.39470135812268
			7.90483943457971	-2.41795088587144
			7.90483943457971	-2.44120041362021
			7.90483943457971	-2.46444994136897
			7.88158990683095	-2.48769946911773
			7.88158990683095	-2.5109489968665
			7.88158990683095	-2.53419852461526
			7.85834037908218	-2.55744805236402
			7.85834037908218	-2.58069758011279
			7.85834037908218	-2.60394710786155
			7.88158990683095	-2.62719663561032
			7.90483943457971	-2.62719663561032
			7.92808896232847	-2.65044616335908
			7.95133849007724	-2.67369569110784
			7.974588017826	-2.67369569110784
			7.99783754557477	-2.69694521885661
			8.02108707332353	-2.72019474660537
			8.02108707332353	-2.74344427435413
			8.04433660107229	-2.74344427435413
			8.06758612882106	-2.7666938021029
			8.09083565656982	-2.78994332985166
			8.11408518431859	-2.81319285760043
			8.13733471206735	-2.83644238534919
			8.16058423981611	-2.85969191309795
			8.18383376756488	-2.88294144084672
			8.20708329531364	-2.90619096859548
			8.20708329531364	-2.92944049634425
			8.2303328230624	-2.95269002409301
			8.25358235081117	-2.95269002409301
			8.25358235081117	-2.97593955184177
			8.27683187855993	-2.99918907959054
			8.27683187855993	-3.0224386073393
			8.3000814063087	-3.04568813508806
			8.3000814063087	-3.06893766283683
			8.32333093405746	-3.09218719058559
			8.32333093405746	-3.11543671833436
			8.34658046180622	-3.13868624608312
			8.34658046180622	-3.16193577383188
			8.36982998955499	-3.18518530158065
			8.36982998955499	-3.20843482932941
			8.36982998955499	-3.23168435707818
			8.36982998955499	-3.25493388482694
			8.36982998955499	-3.2781834125757
			8.36982998955499	-3.30143294032447
			8.36982998955499	-3.32468246807323
			8.36982998955499	-3.347931995822
			8.36982998955499	-3.37118152357076
			8.36982998955499	-3.39443105131952
			8.36982998955499	-3.41768057906829
			8.36982998955499	-3.44093010681705
			8.36982998955499	-3.46417963456581
			8.36982998955499	-3.48742916231458
			8.36982998955499	-3.51067869006334
			8.34658046180622	-3.53392821781211
			8.34658046180622	-3.55717774556087
			8.34658046180622	-3.58042727330963
			8.32333093405746	-3.6036768010584
			8.32333093405746	-3.62692632880716
			8.32333093405746	-3.65017585655593
			8.3000814063087	-3.67342538430469
			8.3000814063087	-3.69667491205345
			8.27683187855993	-3.71992443980222
			8.25358235081117	-3.74317396755098
			8.25358235081117	-3.76642349529974
			8.2303328230624	-3.78967302304851
			8.2303328230624	-3.81292255079727
			8.20708329531364	-3.81292255079727
			8.18383376756488	-3.83617207854604
			8.16058423981611	-3.8594216062948
			8.16058423981611	-3.88267113404356
			8.18383376756488	-3.90592066179233
			8.18383376756488	-3.92917018954109
			8.20708329531364	-3.92917018954109
			8.20708329531364	-3.95241971728986
			8.2303328230624	-3.97566924503862
			8.25358235081117	-3.99891877278738
			8.25358235081117	-4.02216830053615
			8.27683187855993	-4.02216830053615
			8.27683187855993	-4.04541782828491
			8.3000814063087	-4.06866735603368
			8.3000814063087	-4.09191688378244
			8.32333093405746	-4.09191688378244
			8.34658046180622	-4.1151664115312
			8.34658046180622	-4.13841593927997
			8.36982998955499	-4.13841593927997
			8.36982998955499	-4.16166546702873
			8.39307951730375	-4.18491499477749
			8.39307951730375	-4.20816452252626
			8.41632904505252	-4.20816452252626
			8.41632904505252	-4.23141405027502
			8.43957857280128	-4.25466357802379
			8.46282810055004	-4.27791310577255
			8.48607762829881	-4.30116263352131
			8.48607762829881	-4.32441216127008
			8.50932715604757	-4.34766168901884
			8.50932715604757	-4.37091121676761
			8.53257668379634	-4.39416074451637
			8.5558262115451	-4.41741027226513
			8.5558262115451	-4.4406598000139
			8.57907573929386	-4.46390932776266
			8.57907573929386	-4.48715885551142
			8.60232526704263	-4.51040838326019
			8.60232526704263	-4.53365791100895
			8.62557479479139	-4.55690743875772
			8.64882432254015	-4.58015696650648
			8.67207385028892	-4.60340649425524
			8.67207385028892	-4.62665602200401
			8.69532337803768	-4.64990554975277
			8.69532337803768	-4.67315507750154
			8.71857290578644	-4.6964046052503
			8.71857290578644	-4.71965413299906
			8.74182243353521	-4.74290366074783
			8.74182243353521	-4.76615318849659
			8.74182243353521	-4.78940271624535
			8.76507196128397	-4.78940271624535
			8.76507196128397	-4.81265224399412
			8.78832148903274	-4.83590177174288
			8.78832148903274	-4.85915129949165
			8.78832148903274	-4.88240082724041
			8.8115710167815	-4.90565035498917
			8.8115710167815	-4.92889988273794
			8.83482054453026	-4.9521494104867
			8.83482054453026	-4.97539893823546
			8.83482054453026	-4.99864846598423
			8.83482054453026	-5.02189799373299
			8.85807007227903	-5.04514752148176
			8.85807007227903	-5.06839704923052
			8.85807007227903	-5.09164657697928
			8.85807007227903	-5.11489610472805
			8.85807007227903	-5.13814563247681
			8.85807007227903	-5.16139516022558
		</sutura>
		<P type=matrix rownames=FALSE colnames=FALSE nrow=223 ncol=2 as.numeric=TRUE >
			5.57988665970332	-5.64963524294962
			5.60313618745209	-5.64963524294962
			5.62638571520085	-5.64963524294962
			5.64963524294962	-5.67288477069838
			5.67288477069838	-5.67288477069838
			5.69613429844715	-5.67288477069838
			5.71938382619591	-5.67288477069838
			5.74263335394467	-5.67288477069838
			5.76588288169344	-5.67288477069838
			5.7891324094422	-5.67288477069838
			5.81238193719096	-5.67288477069838
			5.83563146493973	-5.67288477069838
			5.83563146493973	-5.64963524294962
			5.85888099268849	-5.64963524294962
			5.88213052043726	-5.64963524294962
			5.90538004818602	-5.64963524294962
			5.92862957593478	-5.64963524294962
			5.95187910368355	-5.64963524294962
			5.97512863143231	-5.64963524294962
			5.99837815918107	-5.64963524294962
			6.02162768692984	-5.62638571520085
			6.0448772146786	-5.62638571520085
			6.06812674242737	-5.62638571520085
			6.09137627017613	-5.62638571520085
			6.11462579792489	-5.62638571520085
			6.13787532567366	-5.60313618745209
			6.16112485342242	-5.60313618745209
			6.18437438117119	-5.60313618745209
			6.20762390891995	-5.60313618745209
			6.23087343666871	-5.60313618745209
			6.25412296441748	-5.57988665970332
			6.27737249216624	-5.57988665970332
			6.300622019915	-5.57988665970332
			6.32387154766377	-5.57988665970332
			6.34712107541253	-5.55663713195456
			6.3703706031613	-5.55663713195456
			6.39362013091006	-5.55663713195456
			6.41686965865882	-5.55663713195456
			6.44011918640759	-5.5333876042058
			6.46336871415635	-5.5333876042058
			6.48661824190512	-5.5333876042058
			6.50986776965388	-5.5333876042058
			6.53311729740264	-5.51013807645703
			6.55636682515141	-5.51013807645703
			6.57961635290017	-5.51013807645703
			6.60286588064893	-5.48688854870827
			6.6261154083977	-5.48688854870827
			6.64936493614646	-5.48688854870827
			6.67261446389523	-5.48688854870827
			6.69586399164399	-5.46363902095951
			6.71911351939275	-5.46363902095951
			6.74236304714152	-5.46363902095951
			6.76561257489028	-5.46363902095951
			6.78886210263905	-5.44038949321074
			6.81211163038781	-5.44038949321074
			6.83536115813657	-5.44038949321074
			6.85861068588534	-5.41713996546198
			6.8818602136341	-5.41713996546198
			6.90510974138286	-5.41713996546198
			6.92835926913163	-5.41713996546198
			6.95160879688039	-5.39389043771321
			6.97485832462916	-5.39389043771321
			6.99810785237792	-5.39389043771321
			7.02135738012668	-5.37064090996445
			7.04460690787545	-5.37064090996445
			7.06785643562421	-5.37064090996445
			7.09110596337298	-5.34739138221569
			7.11435549112174	-5.34739138221569
			7.1376050188705	-5.34739138221569
			7.16085454661927	-5.34739138221569
			7.18410407436803	-5.34739138221569
			7.20735360211679	-5.34739138221569
			7.23060312986556	-5.34739138221569
			7.25385265761432	-5.34739138221569
			7.27710218536309	-5.34739138221569
			7.30035171311185	-5.34739138221569
			7.32360124086061	-5.34739138221569
			7.34685076860938	-5.34739138221569
			7.37010029635814	-5.34739138221569
			7.39334982410691	-5.34739138221569
			7.41659935185567	-5.34739138221569
			7.43984887960443	-5.34739138221569
			7.4630984073532	-5.34739138221569
			7.48634793510196	-5.32414185446692
			7.50959746285073	-5.32414185446692
			7.53284699059949	-5.32414185446692
			7.55609651834825	-5.32414185446692
			7.57934604609702	-5.32414185446692
			7.60259557384578	-5.32414185446692
			7.62584510159454	-5.32414185446692
			7.64909462934331	-5.32414185446692
			7.67234415709207	-5.32414185446692
			7.69559368484084	-5.32414185446692
			7.7188432125896	-5.32414185446692
			7.74209274033836	-5.32414185446692
			7.76534226808713	-5.32414185446692
			7.78859179583589	-5.32414185446692
			7.81184132358466	-5.30089232671816
			7.83509085133342	-5.30089232671816
			7.85834037908218	-5.30089232671816
			7.88158990683095	-5.30089232671816
			7.90483943457971	-5.30089232671816
			7.92808896232847	-5.30089232671816
			7.95133849007724	-5.30089232671816
			7.974588017826	-5.30089232671816
			7.99783754557477	-5.30089232671816
			8.02108707332353	-5.30089232671816
			8.04433660107229	-5.27764279896939
			8.06758612882106	-5.27764279896939
			8.09083565656982	-5.27764279896939
			8.11408518431859	-5.27764279896939
			8.13733471206735	-5.27764279896939
			8.16058423981611	-5.27764279896939
			8.18383376756488	-5.27764279896939
			8.20708329531364	-5.27764279896939
			8.2303328230624	-5.27764279896939
			8.2303328230624	-5.25439327122063
			8.25358235081117	-5.25439327122063
			8.27683187855993	-5.25439327122063
			8.3000814063087	-5.25439327122063
			8.32333093405746	-5.25439327122063
			8.34658046180622	-5.25439327122063
			8.36982998955499	-5.25439327122063
			8.39307951730375	-5.25439327122063
			8.41632904505252	-5.25439327122063
			8.43957857280128	-5.23114374347187
			8.46282810055004	-5.23114374347187
			8.48607762829881	-5.23114374347187
			8.50932715604757	-5.23114374347187
			8.53257668379634	-5.23114374347187
			8.5558262115451	-5.23114374347187
			8.57907573929386	-5.23114374347187
			8.60232526704263	-5.23114374347187
			8.62557479479139	-5.2078942157231
			8.64882432254015	-5.2078942157231
			8.67207385028892	-5.2078942157231
			8.69532337803768	-5.2078942157231
			8.71857290578644	-5.2078942157231
			8.74182243353521	-5.2078942157231
			8.76507196128397	-5.2078942157231
			8.78832148903274	-5.18464468797434
			8.8115710167815	-5.18464468797434
			8.83482054453026	-5.18464468797434
			8.85807007227903	-5.18464468797434
			8.88131960002779	-5.18464468797434
			8.90456912777656	-5.18464468797434
			8.92781865552532	-5.2078942157231
			8.95106818327409	-5.2078942157231
			8.97431771102285	-5.2078942157231
			8.99756723877161	-5.2078942157231
			9.02081676652038	-5.2078942157231
			9.04406629426914	-5.2078942157231
			9.0673158220179	-5.2078942157231
			9.09056534976667	-5.2078942157231
			9.09056534976667	-5.18464468797434
			9.11381487751543	-5.18464468797434
			9.1370644052642	-5.18464468797434
			9.16031393301296	-5.18464468797434
			9.18356346076172	-5.18464468797434
			9.20681298851049	-5.18464468797434
			9.23006251625925	-5.18464468797434
			9.25331204400801	-5.16139516022558
			9.27656157175678	-5.16139516022558
			9.29981109950554	-5.16139516022558
			9.32306062725431	-5.16139516022558
			9.34631015500307	-5.16139516022558
			9.36955968275183	-5.16139516022558
			9.36955968275183	-5.13814563247681
			9.3928092105006	-5.13814563247681
			9.41605873824936	-5.13814563247681
			9.43930826599813	-5.16139516022558
			9.43930826599813	-5.18464468797434
			9.46255779374689	-5.2078942157231
			9.48580732149565	-5.23114374347187
			9.48580732149565	-5.25439327122063
			9.50905684924442	-5.27764279896939
			9.53230637699318	-5.30089232671816
			9.53230637699318	-5.32414185446692
			9.55555590474195	-5.34739138221569
			9.55555590474195	-5.37064090996445
			9.57880543249071	-5.39389043771321
			9.60205496023947	-5.41713996546198
			9.60205496023947	-5.44038949321074
			9.62530448798824	-5.46363902095951
			9.62530448798824	-5.48688854870827
			9.648554015737	-5.51013807645703
			9.648554015737	-5.5333876042058
			9.67180354348576	-5.55663713195456
			9.69505307123453	-5.57988665970332
			9.69505307123453	-5.60313618745209
			9.71830259898329	-5.60313618745209
			9.71830259898329	-5.62638571520085
			9.74155212673205	-5.64963524294962
			9.74155212673205	-5.67288477069838
			9.76480165448082	-5.69613429844715
			9.76480165448082	-5.71938382619591
			9.78805118222958	-5.74263335394467
			9.81130070997835	-5.76588288169344
			9.81130070997835	-5.7891324094422
			9.83455023772711	-5.81238193719096
			9.83455023772711	-5.83563146493973
			9.85779976547587	-5.85888099268849
			9.85779976547587	-5.88213052043726
			9.88104929322464	-5.90538004818602
			9.9042988209734	-5.92862957593478
			9.9042988209734	-5.95187910368355
			9.9042988209734	-5.97512863143231
			9.92754834872217	-5.99837815918107
			9.92754834872217	-5.97512863143231
			9.92754834872217	-5.95187910368355
			9.92754834872217	-5.92862957593478
			9.92754834872217	-5.90538004818602
			9.92754834872217	-5.88213052043726
			9.92754834872217	-5.85888099268849
			9.92754834872217	-5.83563146493973
			9.92754834872217	-5.81238193719096
			9.92754834872217	-5.7891324094422
			9.92754834872217	-5.76588288169344
			9.92754834872217	-5.74263335394467
			9.92754834872217	-5.71938382619591
			9.92754834872217	-5.69613429844715
			9.9042988209734	-5.67288477069838
			9.9042988209734	-5.64963524294962
		</P>
		<C type=matrix rownames=FALSE colnames=FALSE nrow=280 ncol=2 as.numeric=TRUE >
			5.51013807645703	-1.44147072042336
			5.5333876042058	-1.44147072042336
			5.55663713195456	-1.44147072042336
			5.57988665970332	-1.44147072042336
			5.60313618745209	-1.44147072042336
			5.62638571520085	-1.44147072042336
			5.62638571520085	-1.4182211926746
			5.64963524294962	-1.4182211926746
			5.67288477069838	-1.4182211926746
			5.69613429844715	-1.4182211926746
			5.71938382619591	-1.4182211926746
			5.74263335394467	-1.4182211926746
			5.76588288169344	-1.4182211926746
			5.7891324094422	-1.4182211926746
			5.81238193719096	-1.4182211926746
			5.83563146493973	-1.4182211926746
			5.85888099268849	-1.4182211926746
			5.88213052043726	-1.4182211926746
			5.90538004818602	-1.4182211926746
			5.92862957593478	-1.4182211926746
			5.95187910368355	-1.4182211926746
			5.97512863143231	-1.4182211926746
			5.99837815918107	-1.4182211926746
			6.02162768692984	-1.4182211926746
			6.0448772146786	-1.4182211926746
			6.06812674242737	-1.4182211926746
			6.09137627017613	-1.4182211926746
			6.11462579792489	-1.4182211926746
			6.13787532567366	-1.4182211926746
			6.16112485342242	-1.4182211926746
			6.18437438117119	-1.4182211926746
			6.20762390891995	-1.4182211926746
			6.23087343666871	-1.4182211926746
			6.25412296441748	-1.4182211926746
			6.27737249216624	-1.4182211926746
			6.300622019915	-1.4182211926746
			6.32387154766377	-1.4182211926746
			6.34712107541253	-1.4182211926746
			6.3703706031613	-1.4182211926746
			6.39362013091006	-1.4182211926746
			6.41686965865882	-1.4182211926746
			6.44011918640759	-1.44147072042336
			6.46336871415635	-1.44147072042336
			6.48661824190512	-1.44147072042336
			6.50986776965388	-1.44147072042336
			6.53311729740264	-1.44147072042336
			6.55636682515141	-1.44147072042336
			6.57961635290017	-1.44147072042336
			6.60286588064893	-1.44147072042336
			6.6261154083977	-1.44147072042336
			6.6261154083977	-1.46472024817212
			6.64936493614646	-1.46472024817212
			6.67261446389523	-1.46472024817212
			6.69586399164399	-1.46472024817212
			6.71911351939275	-1.46472024817212
			6.74236304714152	-1.46472024817212
			6.76561257489028	-1.48796977592089
			6.78886210263905	-1.48796977592089
			6.81211163038781	-1.48796977592089
			6.83536115813657	-1.48796977592089
			6.85861068588534	-1.48796977592089
			6.8818602136341	-1.51121930366965
			6.90510974138286	-1.51121930366965
			6.92835926913163	-1.51121930366965
			6.95160879688039	-1.51121930366965
			6.97485832462916	-1.53446883141841
			6.99810785237792	-1.53446883141841
			7.02135738012668	-1.53446883141841
			7.04460690787545	-1.53446883141841
			7.06785643562421	-1.55771835916718
			7.09110596337298	-1.55771835916718
			7.11435549112174	-1.55771835916718
			7.1376050188705	-1.58096788691594
			7.16085454661927	-1.58096788691594
			7.18410407436803	-1.58096788691594
			7.20735360211679	-1.60421741466471
			7.23060312986556	-1.60421741466471
			7.25385265761432	-1.60421741466471
			7.27710218536309	-1.62746694241347
			7.30035171311185	-1.62746694241347
			7.32360124086061	-1.62746694241347
			7.34685076860938	-1.65071647016223
			7.37010029635814	-1.65071647016223
			7.39334982410691	-1.65071647016223
			7.41659935185567	-1.673965997911
			7.43984887960443	-1.673965997911
			7.4630984073532	-1.673965997911
			7.48634793510196	-1.69721552565976
			7.50959746285073	-1.69721552565976
			7.53284699059949	-1.72046505340853
			7.55609651834825	-1.72046505340853
			7.57934604609702	-1.74371458115729
			7.60259557384578	-1.74371458115729
			7.62584510159454	-1.74371458115729
			7.64909462934331	-1.76696410890605
			7.67234415709207	-1.76696410890605
			7.69559368484084	-1.79021363665482
			7.7188432125896	-1.81346316440358
			7.74209274033836	-1.81346316440358
			7.76534226808713	-1.83671269215234
			7.78859179583589	-1.83671269215234
			7.81184132358466	-1.85996221990111
			7.83509085133342	-1.85996221990111
			7.85834037908218	-1.88321174764987
			7.88158990683095	-1.88321174764987
			7.90483943457971	-1.90646127539864
			7.92808896232847	-1.90646127539864
			7.92808896232847	-1.9297108031474
			7.95133849007724	-1.9297108031474
			7.974588017826	-1.95296033089616
			7.99783754557477	-1.95296033089616
			8.02108707332353	-1.97620985864493
			8.04433660107229	-1.99945938639369
			8.06758612882106	-2.02270891414246
			8.09083565656982	-2.02270891414246
			8.11408518431859	-2.04595844189122
			8.13733471206735	-2.06920796963998
			8.16058423981611	-2.06920796963998
			8.18383376756488	-2.09245749738875
			8.18383376756488	-2.11570702513751
			8.20708329531364	-2.11570702513751
			8.2303328230624	-2.13895655288627
			8.25358235081117	-2.16220608063504
			8.27683187855993	-2.1854556083838
			8.3000814063087	-2.20870513613257
			8.32333093405746	-2.23195466388133
			8.34658046180622	-2.25520419163009
			8.36982998955499	-2.27845371937886
			8.39307951730375	-2.30170324712762
			8.41632904505252	-2.32495277487639
			8.43957857280128	-2.34820230262515
			8.46282810055004	-2.37145183037391
			8.48607762829881	-2.39470135812268
			8.50932715604757	-2.41795088587144
			8.50932715604757	-2.44120041362021
			8.53257668379634	-2.46444994136897
			8.5558262115451	-2.48769946911773
			8.57907573929386	-2.5109489968665
			8.57907573929386	-2.53419852461526
			8.60232526704263	-2.55744805236402
			8.60232526704263	-2.58069758011279
			8.62557479479139	-2.60394710786155
			8.64882432254015	-2.60394710786155
			8.64882432254015	-2.62719663561032
			8.67207385028892	-2.65044616335908
			8.69532337803768	-2.67369569110784
			8.69532337803768	-2.69694521885661
			8.71857290578644	-2.72019474660537
			8.74182243353521	-2.74344427435413
			8.74182243353521	-2.7666938021029
			8.76507196128397	-2.78994332985166
			8.76507196128397	-2.81319285760043
			8.78832148903274	-2.83644238534919
			8.8115710167815	-2.85969191309795
			8.8115710167815	-2.88294144084672
			8.83482054453026	-2.90619096859548
			8.85807007227903	-2.92944049634425
			8.85807007227903	-2.95269002409301
			8.85807007227903	-2.97593955184177
			8.88131960002779	-2.99918907959054
			8.90456912777656	-3.0224386073393
			8.90456912777656	-3.04568813508806
			8.92781865552532	-3.06893766283683
			8.92781865552532	-3.09218719058559
			8.95106818327409	-3.11543671833436
			8.95106818327409	-3.13868624608312
			8.95106818327409	-3.16193577383188
			8.97431771102285	-3.16193577383188
			8.97431771102285	-3.18518530158065
			8.99756723877161	-3.20843482932941
			8.99756723877161	-3.23168435707818
			9.02081676652038	-3.25493388482694
			9.02081676652038	-3.2781834125757
			9.02081676652038	-3.30143294032447
			9.04406629426914	-3.30143294032447
			9.04406629426914	-3.32468246807323
			9.0673158220179	-3.347931995822
			9.0673158220179	-3.37118152357076
			9.0673158220179	-3.39443105131952
			9.09056534976667	-3.41768057906829
			9.09056534976667	-3.44093010681705
			9.11381487751543	-3.46417963456581
			9.11381487751543	-3.48742916231458
			9.11381487751543	-3.51067869006334
			9.1370644052642	-3.51067869006334
			9.1370644052642	-3.53392821781211
			9.16031393301296	-3.55717774556087
			9.16031393301296	-3.58042727330963
			9.18356346076172	-3.6036768010584
			9.18356346076172	-3.62692632880716
			9.18356346076172	-3.65017585655593
			9.20681298851049	-3.67342538430469
			9.20681298851049	-3.69667491205345
			9.20681298851049	-3.71992443980222
			9.23006251625925	-3.74317396755098
			9.23006251625925	-3.76642349529974
			9.25331204400801	-3.78967302304851
			9.25331204400801	-3.81292255079727
			9.25331204400801	-3.83617207854604
			9.27656157175678	-3.8594216062948
			9.27656157175678	-3.88267113404356
			9.29981109950554	-3.90592066179233
			9.29981109950554	-3.92917018954109
			9.29981109950554	-3.95241971728986
			9.32306062725431	-3.97566924503862
			9.32306062725431	-3.99891877278738
			9.32306062725431	-4.02216830053615
			9.34631015500307	-4.04541782828491
			9.34631015500307	-4.06866735603368
			9.34631015500307	-4.09191688378244
			9.36955968275183	-4.09191688378244
			9.36955968275183	-4.1151664115312
			9.36955968275183	-4.13841593927997
			9.36955968275183	-4.16166546702873
			9.3928092105006	-4.18491499477749
			9.3928092105006	-4.20816452252626
			9.3928092105006	-4.23141405027502
			9.41605873824936	-4.25466357802379
			9.41605873824936	-4.27791310577255
			9.41605873824936	-4.30116263352131
			9.43930826599813	-4.32441216127008
			9.43930826599813	-4.34766168901884
			9.43930826599813	-4.37091121676761
			9.46255779374689	-4.39416074451637
			9.46255779374689	-4.41741027226513
			9.46255779374689	-4.4406598000139
			9.48580732149565	-4.46390932776266
			9.48580732149565	-4.48715885551142
			9.48580732149565	-4.51040838326019
			9.50905684924442	-4.53365791100895
			9.50905684924442	-4.55690743875772
			9.50905684924442	-4.58015696650648
			9.50905684924442	-4.60340649425524
			9.53230637699318	-4.62665602200401
			9.53230637699318	-4.64990554975277
			9.53230637699318	-4.67315507750154
			9.55555590474195	-4.6964046052503
			9.55555590474195	-4.71965413299906
			9.55555590474195	-4.74290366074783
			9.57880543249071	-4.76615318849659
			9.57880543249071	-4.78940271624535
			9.57880543249071	-4.81265224399412
			9.57880543249071	-4.83590177174288
			9.60205496023947	-4.85915129949165
			9.60205496023947	-4.88240082724041
			9.60205496023947	-4.90565035498917
			9.62530448798824	-4.92889988273794
			9.62530448798824	-4.9521494104867
			9.62530448798824	-4.97539893823546
			9.62530448798824	-4.99864846598423
			9.648554015737	-5.02189799373299
			9.648554015737	-5.04514752148176
			9.648554015737	-5.06839704923052
			9.648554015737	-5.09164657697928
			9.67180354348576	-5.11489610472805
			9.67180354348576	-5.13814563247681
			9.69505307123453	-5.16139516022558
			9.69505307123453	-5.18464468797434
			9.71830259898329	-5.2078942157231
			9.71830259898329	-5.23114374347187
			9.74155212673205	-5.25439327122063
			9.74155212673205	-5.27764279896939
			9.74155212673205	-5.30089232671816
			9.76480165448082	-5.30089232671816
			9.76480165448082	-5.32414185446692
			9.76480165448082	-5.34739138221569
			9.78805118222958	-5.34739138221569
			9.78805118222958	-5.37064090996445
			9.78805118222958	-5.39389043771321
			9.81130070997835	-5.41713996546198
			9.81130070997835	-5.44038949321074
			9.83455023772711	-5.46363902095951
			9.83455023772711	-5.48688854870827
			9.83455023772711	-5.51013807645703
			9.85779976547587	-5.5333876042058
			9.85779976547587	-5.55663713195456
			9.88104929322464	-5.57988665970332
			9.88104929322464	-5.60313618745209
			9.9042988209734	-5.62638571520085
			9.9042988209734	-5.64963524294962
		</C>
	</curves.scaled>
	<ruler.points type=matrix rownames=TRUE colnames=FALSE nrow=2 ncol=2 as.numeric=TRUE >
		Ruler point 1	410	39
		Ruler point 2	411	82
	</ruler.points>
</shapes>

