<shapes type=list>
	<ruler.pixel type=vector names=FALSE length=1 as.numeric=TRUE >434</ruler.pixel>
	<ruler.interval type=vector names=FALSE length=1 as.numeric=TRUE >17.04</ruler.interval>
	<scaling.units type=vector names=FALSE length=1 as.numeric=FALSE >mm</scaling.units>
	<scaling type=vector names=FALSE length=1 as.numeric=TRUE >0.0392626728110599</scaling>
	<landmarks.pixel type=matrix rownames=TRUE colnames=FALSE nrow=12 ncol=2 as.numeric=TRUE >
		LM1	225	56
		LM2	225	88
		LM3	225	327
		LM4	225	359
		LM5	314	244
		LM6	329	329
		LM7	336	349
		LM8	314	191
		LM9	322	313
		LM10	225	56
		LM11	412	325
		LM12	430	348
	</landmarks.pixel>
	<landmarks.scaled type=matrix rownames=TRUE colnames=FALSE nrow=12 ncol=2 as.numeric=TRUE >
		LM1	8.83410138248848	-2.19870967741935
		LM2	8.83410138248848	-3.45511520737327
		LM3	8.83410138248848	-12.8388940092166
		LM4	8.83410138248848	-14.0952995391705
		LM5	12.3284792626728	-9.58009216589862
		LM6	12.9174193548387	-12.9174193548387
		LM7	13.1922580645161	-13.7026728110599
		LM8	12.3284792626728	-7.49917050691244
		LM9	12.6425806451613	-12.2892165898618
		LM10	8.83410138248848	-2.19870967741935
		LM11	16.1762211981567	-12.7603686635945
		LM12	16.8829493087558	-13.6634101382488
	</landmarks.scaled>
	<curves.control type=list>
		<glabela type=matrix rownames=FALSE colnames=FALSE nrow=19 ncol=2 as.numeric=TRUE >
			225	88
			254	91
			279	99
			298	111
			307	121
			321	146
			302	176
			295	190
			303	210
			305	224
			314	240
			315	247
			309	261
			304	281
			315	290
			321	299
			322	312
			328	323
			336	349
		</glabela>
		<sutura type=matrix rownames=FALSE colnames=FALSE nrow=25 ncol=2 as.numeric=TRUE >
			225	56
			266	58
			299	68
			344	88
			354	103
			366	123
			352	135
			341	143
			318	156
			311	168
			309	181
			306	192
			314	190
			330	201
			345	210
			368	229
			368	262
			357	280
			332	293
			324	303
			323	309
			326	330
			387	318
			421	322
			430	348
		</sutura>
	</curves.control>
	<curves.pixel type=list>
		<glabela type=matrix rownames=FALSE colnames=FALSE nrow=322 ncol=2 as.numeric=TRUE >
			225	88
			226	88
			227	88
			228	88
			229	88
			230	89
			231	89
			232	89
			233	89
			234	89
			235	89
			236	89
			237	90
			238	90
			239	90
			240	90
			241	90
			242	90
			243	90
			244	91
			245	91
			246	91
			247	91
			248	91
			249	91
			250	92
			251	92
			252	92
			253	92
			254	92
			255	93
			256	93
			257	93
			258	93
			259	94
			260	94
			261	94
			262	94
			263	95
			264	95
			265	95
			266	95
			267	95
			268	96
			269	96
			270	96
			271	97
			272	97
			273	97
			274	97
			274	98
			275	98
			276	98
			277	98
			278	99
			279	99
			280	100
			281	100
			282	101
			283	102
			284	102
			285	103
			286	103
			287	104
			287	105
			288	105
			289	106
			290	106
			291	107
			292	108
			293	109
			294	109
			295	110
			296	111
			297	111
			297	112
			298	113
			299	113
			300	114
			300	115
			301	115
			302	116
			303	116
			303	117
			304	118
			305	119
			306	120
			307	121
			307	122
			308	123
			309	124
			309	125
			310	126
			310	127
			310	128
			311	129
			311	130
			311	131
			311	132
			312	133
			312	134
			312	135
			312	136
			313	137
			313	138
			313	139
			313	140
			313	141
			313	142
			313	143
			313	144
			313	145
			313	146
			313	147
			313	148
			312	149
			312	150
			312	151
			312	152
			312	153
			312	154
			311	155
			311	156
			311	157
			311	158
			310	158
			310	159
			310	160
			310	161
			309	161
			309	162
			309	163
			308	164
			308	165
			307	166
			307	167
			307	168
			306	169
			306	170
			305	171
			304	172
			304	173
			303	174
			303	175
			302	176
			302	177
			301	178
			301	179
			300	180
			300	181
			300	182
			300	183
			299	184
			299	185
			299	186
			299	187
			299	188
			299	189
			299	190
			299	191
			299	192
			299	193
			299	194
			299	195
			299	196
			299	197
			299	198
			300	199
			300	200
			300	201
			300	202
			301	203
			301	204
			301	205
			302	206
			302	207
			302	208
			303	209
			303	210
			303	211
			303	212
			304	213
			304	214
			304	215
			304	216
			304	217
			305	218
			305	219
			305	220
			306	221
			306	222
			306	223
			307	224
			307	225
			307	226
			308	227
			308	228
			309	229
			309	230
			310	231
			310	232
			310	233
			311	233
			311	234
			311	235
			312	235
			312	236
			312	237
			313	237
			313	238
			313	239
			314	239
			314	240
			314	241
			314	242
			314	243
			314	244
			314	245
			314	246
			314	247
			313	248
			313	249
			313	250
			313	251
			312	252
			312	253
			312	254
			311	255
			311	256
			311	257
			310	258
			310	259
			309	260
			309	261
			309	262
			308	263
			308	264
			308	265
			308	266
			308	267
			308	268
			308	269
			308	270
			307	271
			307	272
			307	273
			307	274
			308	275
			308	276
			308	277
			308	278
			308	279
			308	280
			309	281
			309	282
			310	283
			310	284
			311	285
			311	286
			312	287
			313	288
			314	289
			315	290
			315	291
			316	292
			317	293
			317	294
			318	295
			318	296
			319	297
			319	298
			320	299
			320	300
			320	301
			320	302
			321	303
			321	304
			321	305
			321	306
			321	307
			322	308
			322	309
			322	310
			322	311
			322	312
			323	313
			323	314
			324	315
			324	316
			324	317
			325	318
			325	319
			326	320
			326	321
			327	322
			327	323
			328	324
			328	325
			328	326
			329	327
			329	328
			329	329
			330	330
			330	331
			330	332
			331	333
			331	334
			331	335
			332	336
			332	337
			332	338
			333	339
			333	340
			334	341
			334	342
			334	343
			334	344
			335	345
			335	346
			335	347
			336	348
			336	349
		</glabela>
		<sutura type=matrix rownames=FALSE colnames=FALSE nrow=515 ncol=2 as.numeric=TRUE >
			225	56
			226	56
			227	56
			228	56
			229	56
			230	56
			231	56
			232	56
			233	56
			234	57
			235	57
			236	57
			237	57
			238	57
			239	57
			240	57
			241	57
			242	57
			243	57
			244	57
			245	58
			246	58
			247	58
			248	58
			249	58
			250	58
			251	58
			252	58
			253	58
			254	58
			254	59
			255	59
			256	59
			257	59
			258	59
			259	59
			260	59
			261	60
			262	60
			263	60
			264	60
			265	60
			266	60
			267	60
			267	61
			268	61
			269	61
			270	61
			271	61
			272	61
			273	62
			274	62
			275	62
			276	62
			277	62
			278	63
			279	63
			280	63
			281	63
			282	64
			283	64
			284	64
			285	64
			286	65
			287	65
			288	65
			289	65
			290	65
			291	66
			292	66
			293	66
			294	67
			295	67
			296	67
			297	67
			298	68
			299	68
			300	68
			301	69
			302	70
			303	70
			304	70
			305	71
			306	71
			307	72
			308	72
			309	73
			310	73
			311	73
			312	74
			313	75
			314	75
			315	76
			316	76
			317	77
			318	77
			319	77
			320	78
			321	78
			321	79
			322	79
			323	80
			324	80
			325	81
			326	81
			326	82
			327	82
			328	82
			329	83
			330	83
			330	84
			331	84
			332	85
			333	85
			334	86
			335	87
			336	87
			337	88
			338	88
			338	89
			339	89
			340	90
			341	90
			341	91
			342	91
			343	92
			344	93
			345	94
			346	95
			347	96
			348	97
			349	98
			350	99
			351	99
			352	100
			353	101
			353	102
			354	103
			355	104
			355	105
			356	106
			356	107
			357	108
			357	109
			358	110
			358	111
			358	112
			358	113
			359	113
			359	114
			359	115
			359	116
			359	117
			359	118
			360	119
			360	120
			360	121
			359	122
			359	123
			359	124
			359	125
			359	126
			358	127
			358	128
			357	129
			356	130
			356	131
			355	132
			354	133
			353	134
			352	135
			351	136
			350	136
			350	137
			349	137
			348	138
			347	139
			346	139
			345	140
			344	141
			343	141
			342	142
			341	142
			340	143
			339	144
			338	144
			337	145
			336	145
			336	146
			335	146
			334	147
			333	148
			332	148
			331	149
			330	149
			329	150
			328	150
			327	151
			326	151
			325	152
			324	153
			323	153
			322	154
			321	154
			320	155
			319	156
			318	157
			317	157
			317	158
			316	159
			316	160
			315	161
			315	162
			314	163
			314	164
			314	165
			313	166
			313	167
			312	168
			312	169
			312	170
			311	171
			311	172
			311	173
			310	174
			310	175
			310	176
			310	177
			309	178
			309	179
			309	180
			309	181
			309	182
			309	183
			308	184
			308	185
			308	186
			308	187
			308	188
			309	189
			310	190
			311	190
			312	190
			313	190
			314	190
			315	191
			316	191
			317	192
			318	193
			319	193
			320	194
			321	194
			321	195
			322	196
			323	196
			324	197
			325	197
			326	198
			327	199
			328	199
			329	200
			330	201
			331	202
			332	202
			333	203
			334	203
			335	204
			336	204
			337	205
			338	206
			339	206
			340	207
			341	207
			341	208
			342	208
			343	209
			344	209
			344	210
			345	210
			346	211
			347	212
			348	213
			349	214
			350	215
			351	216
			352	217
			353	218
			354	219
			355	220
			356	221
			356	222
			357	223
			358	224
			358	225
			359	226
			359	227
			360	228
			361	229
			361	230
			362	231
			362	232
			362	233
			363	233
			363	234
			363	235
			364	236
			364	237
			364	238
			365	239
			365	240
			365	241
			366	242
			366	243
			366	244
			366	245
			367	246
			367	247
			367	248
			367	249
			367	250
			367	251
			367	252
			368	253
			368	254
			368	255
			368	256
			368	257
			368	258
			368	259
			368	260
			368	261
			368	262
			368	263
			367	263
			367	264
			366	264
			366	265
			366	266
			365	266
			365	267
			364	267
			364	268
			363	269
			362	270
			361	271
			360	272
			360	273
			359	274
			358	275
			357	275
			357	276
			356	277
			355	277
			355	278
			354	278
			353	279
			352	280
			351	281
			350	282
			349	283
			348	283
			347	284
			346	285
			345	285
			344	286
			343	287
			342	287
			341	288
			340	288
			339	289
			338	290
			337	290
			336	291
			335	292
			334	292
			333	293
			332	293
			331	294
			331	295
			330	295
			329	296
			329	297
			328	298
			328	299
			327	300
			326	301
			326	302
			325	303
			325	304
			324	305
			324	306
			324	307
			323	308
			323	309
			323	310
			324	311
			324	312
			324	313
			325	314
			325	315
			326	315
			327	316
			327	317
			328	317
			329	318
			330	318
			331	319
			332	319
			333	320
			334	320
			335	321
			336	321
			337	321
			338	321
			339	321
			339	322
			340	322
			341	322
			342	322
			343	322
			344	322
			345	322
			346	322
			347	322
			348	322
			349	322
			350	322
			351	322
			352	322
			353	322
			354	322
			355	322
			356	322
			357	322
			358	322
			359	322
			360	322
			361	322
			362	322
			363	322
			364	322
			365	321
			366	321
			367	321
			368	321
			369	321
			370	321
			371	321
			372	321
			373	320
			374	320
			375	320
			376	320
			377	320
			378	320
			379	320
			380	319
			381	319
			382	319
			383	319
			384	318
			385	318
			386	318
			387	318
			388	318
			389	318
			390	318
			391	319
			392	319
			393	319
			394	319
			395	319
			396	320
			397	320
			398	320
			399	320
			400	321
			401	321
			402	321
			403	322
			404	322
			405	322
			406	323
			407	323
			408	324
			409	324
			410	325
			411	325
			412	326
			413	327
			414	327
			415	328
			416	328
			417	329
			418	330
			419	331
			420	331
			420	332
			421	333
			422	334
			423	335
			423	336
			424	336
			425	337
			425	338
			426	339
			426	340
			427	341
			428	342
			428	343
			429	344
			429	345
			429	346
			430	347
			430	348
		</sutura>
	</curves.pixel>
	<curves.scaled type=list>
		<glabela type=matrix rownames=FALSE colnames=FALSE nrow=322 ncol=2 as.numeric=TRUE >
			8.83410138248848	-3.45511520737327
			8.87336405529954	-3.45511520737327
			8.9126267281106	-3.45511520737327
			8.95188940092166	-3.45511520737327
			8.99115207373272	-3.45511520737327
			9.03041474654378	-3.49437788018433
			9.06967741935484	-3.49437788018433
			9.1089400921659	-3.49437788018433
			9.14820276497696	-3.49437788018433
			9.18746543778802	-3.49437788018433
			9.22672811059908	-3.49437788018433
			9.26599078341014	-3.49437788018433
			9.3052534562212	-3.53364055299539
			9.34451612903226	-3.53364055299539
			9.38377880184332	-3.53364055299539
			9.42304147465438	-3.53364055299539
			9.46230414746544	-3.53364055299539
			9.5015668202765	-3.53364055299539
			9.54082949308756	-3.53364055299539
			9.58009216589862	-3.57290322580645
			9.61935483870968	-3.57290322580645
			9.65861751152074	-3.57290322580645
			9.6978801843318	-3.57290322580645
			9.73714285714286	-3.57290322580645
			9.77640552995392	-3.57290322580645
			9.81566820276498	-3.61216589861751
			9.85493087557604	-3.61216589861751
			9.8941935483871	-3.61216589861751
			9.93345622119816	-3.61216589861751
			9.97271889400922	-3.61216589861751
			10.0119815668203	-3.65142857142857
			10.0512442396313	-3.65142857142857
			10.0905069124424	-3.65142857142857
			10.1297695852535	-3.65142857142857
			10.1690322580645	-3.69069124423963
			10.2082949308756	-3.69069124423963
			10.2475576036866	-3.69069124423963
			10.2868202764977	-3.69069124423963
			10.3260829493088	-3.72995391705069
			10.3653456221198	-3.72995391705069
			10.4046082949309	-3.72995391705069
			10.4438709677419	-3.72995391705069
			10.483133640553	-3.72995391705069
			10.5223963133641	-3.76921658986175
			10.5616589861751	-3.76921658986175
			10.6009216589862	-3.76921658986175
			10.6401843317972	-3.80847926267281
			10.6794470046083	-3.80847926267281
			10.7187096774194	-3.80847926267281
			10.7579723502304	-3.80847926267281
			10.7579723502304	-3.84774193548387
			10.7972350230415	-3.84774193548387
			10.8364976958525	-3.84774193548387
			10.8757603686636	-3.84774193548387
			10.9150230414747	-3.88700460829493
			10.9542857142857	-3.88700460829493
			10.9935483870968	-3.92626728110599
			11.0328110599078	-3.92626728110599
			11.0720737327189	-3.96552995391705
			11.11133640553	-4.00479262672811
			11.150599078341	-4.00479262672811
			11.1898617511521	-4.04405529953917
			11.2291244239631	-4.04405529953917
			11.2683870967742	-4.08331797235023
			11.2683870967742	-4.12258064516129
			11.3076497695853	-4.12258064516129
			11.3469124423963	-4.16184331797235
			11.3861751152074	-4.16184331797235
			11.4254377880184	-4.20110599078341
			11.4647004608295	-4.24036866359447
			11.5039631336406	-4.27963133640553
			11.5432258064516	-4.27963133640553
			11.5824884792627	-4.31889400921659
			11.6217511520737	-4.35815668202765
			11.6610138248848	-4.35815668202765
			11.6610138248848	-4.39741935483871
			11.7002764976959	-4.43668202764977
			11.7395391705069	-4.43668202764977
			11.778801843318	-4.47594470046083
			11.778801843318	-4.51520737327189
			11.818064516129	-4.51520737327189
			11.8573271889401	-4.55447004608295
			11.8965898617512	-4.55447004608295
			11.8965898617512	-4.59373271889401
			11.9358525345622	-4.63299539170507
			11.9751152073733	-4.67225806451613
			12.0143778801843	-4.71152073732719
			12.0536405529954	-4.75078341013825
			12.0536405529954	-4.79004608294931
			12.0929032258065	-4.82930875576037
			12.1321658986175	-4.86857142857143
			12.1321658986175	-4.90783410138249
			12.1714285714286	-4.94709677419355
			12.1714285714286	-4.98635944700461
			12.1714285714286	-5.02562211981567
			12.2106912442396	-5.06488479262673
			12.2106912442396	-5.10414746543779
			12.2106912442396	-5.14341013824885
			12.2106912442396	-5.18267281105991
			12.2499539170507	-5.22193548387097
			12.2499539170507	-5.26119815668203
			12.2499539170507	-5.30046082949309
			12.2499539170507	-5.33972350230415
			12.2892165898618	-5.37898617511521
			12.2892165898618	-5.41824884792627
			12.2892165898618	-5.45751152073733
			12.2892165898618	-5.49677419354839
			12.2892165898618	-5.53603686635945
			12.2892165898618	-5.57529953917051
			12.2892165898618	-5.61456221198157
			12.2892165898618	-5.65382488479263
			12.2892165898618	-5.69308755760369
			12.2892165898618	-5.73235023041475
			12.2892165898618	-5.77161290322581
			12.2892165898618	-5.81087557603687
			12.2499539170507	-5.85013824884793
			12.2499539170507	-5.88940092165899
			12.2499539170507	-5.92866359447005
			12.2499539170507	-5.96792626728111
			12.2499539170507	-6.00718894009217
			12.2499539170507	-6.04645161290323
			12.2106912442396	-6.08571428571429
			12.2106912442396	-6.12497695852535
			12.2106912442396	-6.1642396313364
			12.2106912442396	-6.20350230414746
			12.1714285714286	-6.20350230414746
			12.1714285714286	-6.24276497695852
			12.1714285714286	-6.28202764976959
			12.1714285714286	-6.32129032258065
			12.1321658986175	-6.32129032258065
			12.1321658986175	-6.3605529953917
			12.1321658986175	-6.39981566820276
			12.0929032258065	-6.43907834101382
			12.0929032258065	-6.47834101382488
			12.0536405529954	-6.51760368663594
			12.0536405529954	-6.556866359447
			12.0536405529954	-6.59612903225806
			12.0143778801843	-6.63539170506912
			12.0143778801843	-6.67465437788018
			11.9751152073733	-6.71391705069124
			11.9358525345622	-6.7531797235023
			11.9358525345622	-6.79244239631336
			11.8965898617512	-6.83170506912442
			11.8965898617512	-6.87096774193548
			11.8573271889401	-6.91023041474654
			11.8573271889401	-6.9494930875576
			11.818064516129	-6.98875576036866
			11.818064516129	-7.02801843317972
			11.778801843318	-7.06728110599078
			11.778801843318	-7.10654377880184
			11.778801843318	-7.1458064516129
			11.778801843318	-7.18506912442396
			11.7395391705069	-7.22433179723502
			11.7395391705069	-7.26359447004608
			11.7395391705069	-7.30285714285714
			11.7395391705069	-7.3421198156682
			11.7395391705069	-7.38138248847926
			11.7395391705069	-7.42064516129032
			11.7395391705069	-7.45990783410138
			11.7395391705069	-7.49917050691244
			11.7395391705069	-7.5384331797235
			11.7395391705069	-7.57769585253456
			11.7395391705069	-7.61695852534562
			11.7395391705069	-7.65622119815668
			11.7395391705069	-7.69548387096774
			11.7395391705069	-7.7347465437788
			11.7395391705069	-7.77400921658986
			11.778801843318	-7.81327188940092
			11.778801843318	-7.85253456221198
			11.778801843318	-7.89179723502304
			11.778801843318	-7.9310599078341
			11.818064516129	-7.97032258064516
			11.818064516129	-8.00958525345622
			11.818064516129	-8.04884792626728
			11.8573271889401	-8.08811059907834
			11.8573271889401	-8.1273732718894
			11.8573271889401	-8.16663594470046
			11.8965898617512	-8.20589861751152
			11.8965898617512	-8.24516129032258
			11.8965898617512	-8.28442396313364
			11.8965898617512	-8.3236866359447
			11.9358525345622	-8.36294930875576
			11.9358525345622	-8.40221198156682
			11.9358525345622	-8.44147465437788
			11.9358525345622	-8.48073732718894
			11.9358525345622	-8.52
			11.9751152073733	-8.55926267281106
			11.9751152073733	-8.59852534562212
			11.9751152073733	-8.63778801843318
			12.0143778801843	-8.67705069124424
			12.0143778801843	-8.7163133640553
			12.0143778801843	-8.75557603686636
			12.0536405529954	-8.79483870967742
			12.0536405529954	-8.83410138248848
			12.0536405529954	-8.87336405529954
			12.0929032258065	-8.9126267281106
			12.0929032258065	-8.95188940092166
			12.1321658986175	-8.99115207373272
			12.1321658986175	-9.03041474654378
			12.1714285714286	-9.06967741935484
			12.1714285714286	-9.1089400921659
			12.1714285714286	-9.14820276497696
			12.2106912442396	-9.14820276497696
			12.2106912442396	-9.18746543778802
			12.2106912442396	-9.22672811059908
			12.2499539170507	-9.22672811059908
			12.2499539170507	-9.26599078341014
			12.2499539170507	-9.3052534562212
			12.2892165898618	-9.3052534562212
			12.2892165898618	-9.34451612903226
			12.2892165898618	-9.38377880184332
			12.3284792626728	-9.38377880184332
			12.3284792626728	-9.42304147465438
			12.3284792626728	-9.46230414746544
			12.3284792626728	-9.5015668202765
			12.3284792626728	-9.54082949308756
			12.3284792626728	-9.58009216589862
			12.3284792626728	-9.61935483870968
			12.3284792626728	-9.65861751152074
			12.3284792626728	-9.6978801843318
			12.2892165898618	-9.73714285714286
			12.2892165898618	-9.77640552995392
			12.2892165898618	-9.81566820276498
			12.2892165898618	-9.85493087557604
			12.2499539170507	-9.8941935483871
			12.2499539170507	-9.93345622119816
			12.2499539170507	-9.97271889400922
			12.2106912442396	-10.0119815668203
			12.2106912442396	-10.0512442396313
			12.2106912442396	-10.0905069124424
			12.1714285714286	-10.1297695852535
			12.1714285714286	-10.1690322580645
			12.1321658986175	-10.2082949308756
			12.1321658986175	-10.2475576036866
			12.1321658986175	-10.2868202764977
			12.0929032258065	-10.3260829493088
			12.0929032258065	-10.3653456221198
			12.0929032258065	-10.4046082949309
			12.0929032258065	-10.4438709677419
			12.0929032258065	-10.483133640553
			12.0929032258065	-10.5223963133641
			12.0929032258065	-10.5616589861751
			12.0929032258065	-10.6009216589862
			12.0536405529954	-10.6401843317972
			12.0536405529954	-10.6794470046083
			12.0536405529954	-10.7187096774194
			12.0536405529954	-10.7579723502304
			12.0929032258065	-10.7972350230415
			12.0929032258065	-10.8364976958525
			12.0929032258065	-10.8757603686636
			12.0929032258065	-10.9150230414747
			12.0929032258065	-10.9542857142857
			12.0929032258065	-10.9935483870968
			12.1321658986175	-11.0328110599078
			12.1321658986175	-11.0720737327189
			12.1714285714286	-11.11133640553
			12.1714285714286	-11.150599078341
			12.2106912442396	-11.1898617511521
			12.2106912442396	-11.2291244239631
			12.2499539170507	-11.2683870967742
			12.2892165898618	-11.3076497695853
			12.3284792626728	-11.3469124423963
			12.3677419354839	-11.3861751152074
			12.3677419354839	-11.4254377880184
			12.4070046082949	-11.4647004608295
			12.446267281106	-11.5039631336406
			12.446267281106	-11.5432258064516
			12.485529953917	-11.5824884792627
			12.485529953917	-11.6217511520737
			12.5247926267281	-11.6610138248848
			12.5247926267281	-11.7002764976959
			12.5640552995392	-11.7395391705069
			12.5640552995392	-11.778801843318
			12.5640552995392	-11.818064516129
			12.5640552995392	-11.8573271889401
			12.6033179723502	-11.8965898617512
			12.6033179723502	-11.9358525345622
			12.6033179723502	-11.9751152073733
			12.6033179723502	-12.0143778801843
			12.6033179723502	-12.0536405529954
			12.6425806451613	-12.0929032258065
			12.6425806451613	-12.1321658986175
			12.6425806451613	-12.1714285714286
			12.6425806451613	-12.2106912442396
			12.6425806451613	-12.2499539170507
			12.6818433179723	-12.2892165898618
			12.6818433179723	-12.3284792626728
			12.7211059907834	-12.3677419354839
			12.7211059907834	-12.4070046082949
			12.7211059907834	-12.446267281106
			12.7603686635945	-12.485529953917
			12.7603686635945	-12.5247926267281
			12.7996313364055	-12.5640552995392
			12.7996313364055	-12.6033179723502
			12.8388940092166	-12.6425806451613
			12.8388940092166	-12.6818433179723
			12.8781566820276	-12.7211059907834
			12.8781566820276	-12.7603686635945
			12.8781566820276	-12.7996313364055
			12.9174193548387	-12.8388940092166
			12.9174193548387	-12.8781566820276
			12.9174193548387	-12.9174193548387
			12.9566820276498	-12.9566820276498
			12.9566820276498	-12.9959447004608
			12.9566820276498	-13.0352073732719
			12.9959447004608	-13.0744700460829
			12.9959447004608	-13.113732718894
			12.9959447004608	-13.1529953917051
			13.0352073732719	-13.1922580645161
			13.0352073732719	-13.2315207373272
			13.0352073732719	-13.2707834101382
			13.0744700460829	-13.3100460829493
			13.0744700460829	-13.3493087557604
			13.113732718894	-13.3885714285714
			13.113732718894	-13.4278341013825
			13.113732718894	-13.4670967741935
			13.113732718894	-13.5063594470046
			13.1529953917051	-13.5456221198157
			13.1529953917051	-13.5848847926267
			13.1529953917051	-13.6241474654378
			13.1922580645161	-13.6634101382488
			13.1922580645161	-13.7026728110599
		</glabela>
		<sutura type=matrix rownames=FALSE colnames=FALSE nrow=515 ncol=2 as.numeric=TRUE >
			8.83410138248848	-2.19870967741935
			8.87336405529954	-2.19870967741935
			8.9126267281106	-2.19870967741935
			8.95188940092166	-2.19870967741935
			8.99115207373272	-2.19870967741935
			9.03041474654378	-2.19870967741935
			9.06967741935484	-2.19870967741935
			9.1089400921659	-2.19870967741935
			9.14820276497696	-2.19870967741935
			9.18746543778802	-2.23797235023041
			9.22672811059908	-2.23797235023041
			9.26599078341014	-2.23797235023041
			9.3052534562212	-2.23797235023041
			9.34451612903226	-2.23797235023041
			9.38377880184332	-2.23797235023041
			9.42304147465438	-2.23797235023041
			9.46230414746544	-2.23797235023041
			9.5015668202765	-2.23797235023041
			9.54082949308756	-2.23797235023041
			9.58009216589862	-2.23797235023041
			9.61935483870968	-2.27723502304147
			9.65861751152074	-2.27723502304147
			9.6978801843318	-2.27723502304147
			9.73714285714286	-2.27723502304147
			9.77640552995392	-2.27723502304147
			9.81566820276498	-2.27723502304147
			9.85493087557604	-2.27723502304147
			9.8941935483871	-2.27723502304147
			9.93345622119816	-2.27723502304147
			9.97271889400922	-2.27723502304147
			9.97271889400922	-2.31649769585253
			10.0119815668203	-2.31649769585253
			10.0512442396313	-2.31649769585253
			10.0905069124424	-2.31649769585253
			10.1297695852535	-2.31649769585253
			10.1690322580645	-2.31649769585253
			10.2082949308756	-2.31649769585253
			10.2475576036866	-2.35576036866359
			10.2868202764977	-2.35576036866359
			10.3260829493088	-2.35576036866359
			10.3653456221198	-2.35576036866359
			10.4046082949309	-2.35576036866359
			10.4438709677419	-2.35576036866359
			10.483133640553	-2.35576036866359
			10.483133640553	-2.39502304147465
			10.5223963133641	-2.39502304147465
			10.5616589861751	-2.39502304147465
			10.6009216589862	-2.39502304147465
			10.6401843317972	-2.39502304147465
			10.6794470046083	-2.39502304147465
			10.7187096774194	-2.43428571428571
			10.7579723502304	-2.43428571428571
			10.7972350230415	-2.43428571428571
			10.8364976958525	-2.43428571428571
			10.8757603686636	-2.43428571428571
			10.9150230414747	-2.47354838709677
			10.9542857142857	-2.47354838709677
			10.9935483870968	-2.47354838709677
			11.0328110599078	-2.47354838709677
			11.0720737327189	-2.51281105990783
			11.11133640553	-2.51281105990783
			11.150599078341	-2.51281105990783
			11.1898617511521	-2.51281105990783
			11.2291244239631	-2.55207373271889
			11.2683870967742	-2.55207373271889
			11.3076497695853	-2.55207373271889
			11.3469124423963	-2.55207373271889
			11.3861751152074	-2.55207373271889
			11.4254377880184	-2.59133640552995
			11.4647004608295	-2.59133640552995
			11.5039631336406	-2.59133640552995
			11.5432258064516	-2.63059907834101
			11.5824884792627	-2.63059907834101
			11.6217511520737	-2.63059907834101
			11.6610138248848	-2.63059907834101
			11.7002764976959	-2.66986175115207
			11.7395391705069	-2.66986175115207
			11.778801843318	-2.66986175115207
			11.818064516129	-2.70912442396313
			11.8573271889401	-2.74838709677419
			11.8965898617512	-2.74838709677419
			11.9358525345622	-2.74838709677419
			11.9751152073733	-2.78764976958525
			12.0143778801843	-2.78764976958525
			12.0536405529954	-2.82691244239631
			12.0929032258065	-2.82691244239631
			12.1321658986175	-2.86617511520737
			12.1714285714286	-2.86617511520737
			12.2106912442396	-2.86617511520737
			12.2499539170507	-2.90543778801843
			12.2892165898618	-2.94470046082949
			12.3284792626728	-2.94470046082949
			12.3677419354839	-2.98396313364055
			12.4070046082949	-2.98396313364055
			12.446267281106	-3.02322580645161
			12.485529953917	-3.02322580645161
			12.5247926267281	-3.02322580645161
			12.5640552995392	-3.06248847926267
			12.6033179723502	-3.06248847926267
			12.6033179723502	-3.10175115207373
			12.6425806451613	-3.10175115207373
			12.6818433179723	-3.14101382488479
			12.7211059907834	-3.14101382488479
			12.7603686635945	-3.18027649769585
			12.7996313364055	-3.18027649769585
			12.7996313364055	-3.21953917050691
			12.8388940092166	-3.21953917050691
			12.8781566820276	-3.21953917050691
			12.9174193548387	-3.25880184331797
			12.9566820276498	-3.25880184331797
			12.9566820276498	-3.29806451612903
			12.9959447004608	-3.29806451612903
			13.0352073732719	-3.33732718894009
			13.0744700460829	-3.33732718894009
			13.113732718894	-3.37658986175115
			13.1529953917051	-3.41585253456221
			13.1922580645161	-3.41585253456221
			13.2315207373272	-3.45511520737327
			13.2707834101382	-3.45511520737327
			13.2707834101382	-3.49437788018433
			13.3100460829493	-3.49437788018433
			13.3493087557604	-3.53364055299539
			13.3885714285714	-3.53364055299539
			13.3885714285714	-3.57290322580645
			13.4278341013825	-3.57290322580645
			13.4670967741935	-3.61216589861751
			13.5063594470046	-3.65142857142857
			13.5456221198157	-3.69069124423963
			13.5848847926267	-3.72995391705069
			13.6241474654378	-3.76921658986175
			13.6634101382488	-3.80847926267281
			13.7026728110599	-3.84774193548387
			13.741935483871	-3.88700460829493
			13.781198156682	-3.88700460829493
			13.8204608294931	-3.92626728110599
			13.8597235023041	-3.96552995391705
			13.8597235023041	-4.00479262672811
			13.8989861751152	-4.04405529953917
			13.9382488479263	-4.08331797235023
			13.9382488479263	-4.12258064516129
			13.9775115207373	-4.16184331797235
			13.9775115207373	-4.20110599078341
			14.0167741935484	-4.24036866359447
			14.0167741935484	-4.27963133640553
			14.0560368663594	-4.31889400921659
			14.0560368663594	-4.35815668202765
			14.0560368663594	-4.39741935483871
			14.0560368663594	-4.43668202764977
			14.0952995391705	-4.43668202764977
			14.0952995391705	-4.47594470046083
			14.0952995391705	-4.51520737327189
			14.0952995391705	-4.55447004608295
			14.0952995391705	-4.59373271889401
			14.0952995391705	-4.63299539170507
			14.1345622119816	-4.67225806451613
			14.1345622119816	-4.71152073732719
			14.1345622119816	-4.75078341013825
			14.0952995391705	-4.79004608294931
			14.0952995391705	-4.82930875576037
			14.0952995391705	-4.86857142857143
			14.0952995391705	-4.90783410138249
			14.0952995391705	-4.94709677419355
			14.0560368663594	-4.98635944700461
			14.0560368663594	-5.02562211981567
			14.0167741935484	-5.06488479262673
			13.9775115207373	-5.10414746543779
			13.9775115207373	-5.14341013824885
			13.9382488479263	-5.18267281105991
			13.8989861751152	-5.22193548387097
			13.8597235023041	-5.26119815668203
			13.8204608294931	-5.30046082949309
			13.781198156682	-5.33972350230415
			13.741935483871	-5.33972350230415
			13.741935483871	-5.37898617511521
			13.7026728110599	-5.37898617511521
			13.6634101382488	-5.41824884792627
			13.6241474654378	-5.45751152073733
			13.5848847926267	-5.45751152073733
			13.5456221198157	-5.49677419354839
			13.5063594470046	-5.53603686635945
			13.4670967741935	-5.53603686635945
			13.4278341013825	-5.57529953917051
			13.3885714285714	-5.57529953917051
			13.3493087557604	-5.61456221198157
			13.3100460829493	-5.65382488479263
			13.2707834101382	-5.65382488479263
			13.2315207373272	-5.69308755760369
			13.1922580645161	-5.69308755760369
			13.1922580645161	-5.73235023041475
			13.1529953917051	-5.73235023041475
			13.113732718894	-5.77161290322581
			13.0744700460829	-5.81087557603687
			13.0352073732719	-5.81087557603687
			12.9959447004608	-5.85013824884793
			12.9566820276498	-5.85013824884793
			12.9174193548387	-5.88940092165899
			12.8781566820276	-5.88940092165899
			12.8388940092166	-5.92866359447005
			12.7996313364055	-5.92866359447005
			12.7603686635945	-5.96792626728111
			12.7211059907834	-6.00718894009217
			12.6818433179723	-6.00718894009217
			12.6425806451613	-6.04645161290323
			12.6033179723502	-6.04645161290323
			12.5640552995392	-6.08571428571429
			12.5247926267281	-6.12497695852535
			12.485529953917	-6.1642396313364
			12.446267281106	-6.1642396313364
			12.446267281106	-6.20350230414746
			12.4070046082949	-6.24276497695852
			12.4070046082949	-6.28202764976959
			12.3677419354839	-6.32129032258065
			12.3677419354839	-6.3605529953917
			12.3284792626728	-6.39981566820276
			12.3284792626728	-6.43907834101382
			12.3284792626728	-6.47834101382488
			12.2892165898618	-6.51760368663594
			12.2892165898618	-6.556866359447
			12.2499539170507	-6.59612903225806
			12.2499539170507	-6.63539170506912
			12.2499539170507	-6.67465437788018
			12.2106912442396	-6.71391705069124
			12.2106912442396	-6.7531797235023
			12.2106912442396	-6.79244239631336
			12.1714285714286	-6.83170506912442
			12.1714285714286	-6.87096774193548
			12.1714285714286	-6.91023041474654
			12.1714285714286	-6.9494930875576
			12.1321658986175	-6.98875576036866
			12.1321658986175	-7.02801843317972
			12.1321658986175	-7.06728110599078
			12.1321658986175	-7.10654377880184
			12.1321658986175	-7.1458064516129
			12.1321658986175	-7.18506912442396
			12.0929032258065	-7.22433179723502
			12.0929032258065	-7.26359447004608
			12.0929032258065	-7.30285714285714
			12.0929032258065	-7.3421198156682
			12.0929032258065	-7.38138248847926
			12.1321658986175	-7.42064516129032
			12.1714285714286	-7.45990783410138
			12.2106912442396	-7.45990783410138
			12.2499539170507	-7.45990783410138
			12.2892165898618	-7.45990783410138
			12.3284792626728	-7.45990783410138
			12.3677419354839	-7.49917050691244
			12.4070046082949	-7.49917050691244
			12.446267281106	-7.5384331797235
			12.485529953917	-7.57769585253456
			12.5247926267281	-7.57769585253456
			12.5640552995392	-7.61695852534562
			12.6033179723502	-7.61695852534562
			12.6033179723502	-7.65622119815668
			12.6425806451613	-7.69548387096774
			12.6818433179723	-7.69548387096774
			12.7211059907834	-7.7347465437788
			12.7603686635945	-7.7347465437788
			12.7996313364055	-7.77400921658986
			12.8388940092166	-7.81327188940092
			12.8781566820276	-7.81327188940092
			12.9174193548387	-7.85253456221198
			12.9566820276498	-7.89179723502304
			12.9959447004608	-7.9310599078341
			13.0352073732719	-7.9310599078341
			13.0744700460829	-7.97032258064516
			13.113732718894	-7.97032258064516
			13.1529953917051	-8.00958525345622
			13.1922580645161	-8.00958525345622
			13.2315207373272	-8.04884792626728
			13.2707834101382	-8.08811059907834
			13.3100460829493	-8.08811059907834
			13.3493087557604	-8.1273732718894
			13.3885714285714	-8.1273732718894
			13.3885714285714	-8.16663594470046
			13.4278341013825	-8.16663594470046
			13.4670967741935	-8.20589861751152
			13.5063594470046	-8.20589861751152
			13.5063594470046	-8.24516129032258
			13.5456221198157	-8.24516129032258
			13.5848847926267	-8.28442396313364
			13.6241474654378	-8.3236866359447
			13.6634101382488	-8.36294930875576
			13.7026728110599	-8.40221198156682
			13.741935483871	-8.44147465437788
			13.781198156682	-8.48073732718894
			13.8204608294931	-8.52
			13.8597235023041	-8.55926267281106
			13.8989861751152	-8.59852534562212
			13.9382488479263	-8.63778801843318
			13.9775115207373	-8.67705069124424
			13.9775115207373	-8.7163133640553
			14.0167741935484	-8.75557603686636
			14.0560368663594	-8.79483870967742
			14.0560368663594	-8.83410138248848
			14.0952995391705	-8.87336405529954
			14.0952995391705	-8.9126267281106
			14.1345622119816	-8.95188940092166
			14.1738248847926	-8.99115207373272
			14.1738248847926	-9.03041474654378
			14.2130875576037	-9.06967741935484
			14.2130875576037	-9.1089400921659
			14.2130875576037	-9.14820276497696
			14.2523502304147	-9.14820276497696
			14.2523502304147	-9.18746543778802
			14.2523502304147	-9.22672811059908
			14.2916129032258	-9.26599078341014
			14.2916129032258	-9.3052534562212
			14.2916129032258	-9.34451612903226
			14.3308755760369	-9.38377880184332
			14.3308755760369	-9.42304147465438
			14.3308755760369	-9.46230414746544
			14.3701382488479	-9.5015668202765
			14.3701382488479	-9.54082949308756
			14.3701382488479	-9.58009216589862
			14.3701382488479	-9.61935483870968
			14.409400921659	-9.65861751152074
			14.409400921659	-9.6978801843318
			14.409400921659	-9.73714285714286
			14.409400921659	-9.77640552995392
			14.409400921659	-9.81566820276498
			14.409400921659	-9.85493087557604
			14.409400921659	-9.8941935483871
			14.44866359447	-9.93345622119816
			14.44866359447	-9.97271889400922
			14.44866359447	-10.0119815668203
			14.44866359447	-10.0512442396313
			14.44866359447	-10.0905069124424
			14.44866359447	-10.1297695852535
			14.44866359447	-10.1690322580645
			14.44866359447	-10.2082949308756
			14.44866359447	-10.2475576036866
			14.44866359447	-10.2868202764977
			14.44866359447	-10.3260829493088
			14.409400921659	-10.3260829493088
			14.409400921659	-10.3653456221198
			14.3701382488479	-10.3653456221198
			14.3701382488479	-10.4046082949309
			14.3701382488479	-10.4438709677419
			14.3308755760369	-10.4438709677419
			14.3308755760369	-10.483133640553
			14.2916129032258	-10.483133640553
			14.2916129032258	-10.5223963133641
			14.2523502304147	-10.5616589861751
			14.2130875576037	-10.6009216589862
			14.1738248847926	-10.6401843317972
			14.1345622119816	-10.6794470046083
			14.1345622119816	-10.7187096774194
			14.0952995391705	-10.7579723502304
			14.0560368663594	-10.7972350230415
			14.0167741935484	-10.7972350230415
			14.0167741935484	-10.8364976958525
			13.9775115207373	-10.8757603686636
			13.9382488479263	-10.8757603686636
			13.9382488479263	-10.9150230414747
			13.8989861751152	-10.9150230414747
			13.8597235023041	-10.9542857142857
			13.8204608294931	-10.9935483870968
			13.781198156682	-11.0328110599078
			13.741935483871	-11.0720737327189
			13.7026728110599	-11.11133640553
			13.6634101382488	-11.11133640553
			13.6241474654378	-11.150599078341
			13.5848847926267	-11.1898617511521
			13.5456221198157	-11.1898617511521
			13.5063594470046	-11.2291244239631
			13.4670967741935	-11.2683870967742
			13.4278341013825	-11.2683870967742
			13.3885714285714	-11.3076497695853
			13.3493087557604	-11.3076497695853
			13.3100460829493	-11.3469124423963
			13.2707834101382	-11.3861751152074
			13.2315207373272	-11.3861751152074
			13.1922580645161	-11.4254377880184
			13.1529953917051	-11.4647004608295
			13.113732718894	-11.4647004608295
			13.0744700460829	-11.5039631336406
			13.0352073732719	-11.5039631336406
			12.9959447004608	-11.5432258064516
			12.9959447004608	-11.5824884792627
			12.9566820276498	-11.5824884792627
			12.9174193548387	-11.6217511520737
			12.9174193548387	-11.6610138248848
			12.8781566820276	-11.7002764976959
			12.8781566820276	-11.7395391705069
			12.8388940092166	-11.778801843318
			12.7996313364055	-11.818064516129
			12.7996313364055	-11.8573271889401
			12.7603686635945	-11.8965898617512
			12.7603686635945	-11.9358525345622
			12.7211059907834	-11.9751152073733
			12.7211059907834	-12.0143778801843
			12.7211059907834	-12.0536405529954
			12.6818433179723	-12.0929032258065
			12.6818433179723	-12.1321658986175
			12.6818433179723	-12.1714285714286
			12.7211059907834	-12.2106912442396
			12.7211059907834	-12.2499539170507
			12.7211059907834	-12.2892165898618
			12.7603686635945	-12.3284792626728
			12.7603686635945	-12.3677419354839
			12.7996313364055	-12.3677419354839
			12.8388940092166	-12.4070046082949
			12.8388940092166	-12.446267281106
			12.8781566820276	-12.446267281106
			12.9174193548387	-12.485529953917
			12.9566820276498	-12.485529953917
			12.9959447004608	-12.5247926267281
			13.0352073732719	-12.5247926267281
			13.0744700460829	-12.5640552995392
			13.113732718894	-12.5640552995392
			13.1529953917051	-12.6033179723502
			13.1922580645161	-12.6033179723502
			13.2315207373272	-12.6033179723502
			13.2707834101382	-12.6033179723502
			13.3100460829493	-12.6033179723502
			13.3100460829493	-12.6425806451613
			13.3493087557604	-12.6425806451613
			13.3885714285714	-12.6425806451613
			13.4278341013825	-12.6425806451613
			13.4670967741935	-12.6425806451613
			13.5063594470046	-12.6425806451613
			13.5456221198157	-12.6425806451613
			13.5848847926267	-12.6425806451613
			13.6241474654378	-12.6425806451613
			13.6634101382488	-12.6425806451613
			13.7026728110599	-12.6425806451613
			13.741935483871	-12.6425806451613
			13.781198156682	-12.6425806451613
			13.8204608294931	-12.6425806451613
			13.8597235023041	-12.6425806451613
			13.8989861751152	-12.6425806451613
			13.9382488479263	-12.6425806451613
			13.9775115207373	-12.6425806451613
			14.0167741935484	-12.6425806451613
			14.0560368663594	-12.6425806451613
			14.0952995391705	-12.6425806451613
			14.1345622119816	-12.6425806451613
			14.1738248847926	-12.6425806451613
			14.2130875576037	-12.6425806451613
			14.2523502304147	-12.6425806451613
			14.2916129032258	-12.6425806451613
			14.3308755760369	-12.6033179723502
			14.3701382488479	-12.6033179723502
			14.409400921659	-12.6033179723502
			14.44866359447	-12.6033179723502
			14.4879262672811	-12.6033179723502
			14.5271889400922	-12.6033179723502
			14.5664516129032	-12.6033179723502
			14.6057142857143	-12.6033179723502
			14.6449769585253	-12.5640552995392
			14.6842396313364	-12.5640552995392
			14.7235023041475	-12.5640552995392
			14.7627649769585	-12.5640552995392
			14.8020276497696	-12.5640552995392
			14.8412903225806	-12.5640552995392
			14.8805529953917	-12.5640552995392
			14.9198156682028	-12.5247926267281
			14.9590783410138	-12.5247926267281
			14.9983410138249	-12.5247926267281
			15.0376036866359	-12.5247926267281
			15.076866359447	-12.485529953917
			15.1161290322581	-12.485529953917
			15.1553917050691	-12.485529953917
			15.1946543778802	-12.485529953917
			15.2339170506912	-12.485529953917
			15.2731797235023	-12.485529953917
			15.3124423963134	-12.485529953917
			15.3517050691244	-12.5247926267281
			15.3909677419355	-12.5247926267281
			15.4302304147465	-12.5247926267281
			15.4694930875576	-12.5247926267281
			15.5087557603687	-12.5247926267281
			15.5480184331797	-12.5640552995392
			15.5872811059908	-12.5640552995392
			15.6265437788018	-12.5640552995392
			15.6658064516129	-12.5640552995392
			15.705069124424	-12.6033179723502
			15.744331797235	-12.6033179723502
			15.7835944700461	-12.6033179723502
			15.8228571428571	-12.6425806451613
			15.8621198156682	-12.6425806451613
			15.9013824884793	-12.6425806451613
			15.9406451612903	-12.6818433179723
			15.9799078341014	-12.6818433179723
			16.0191705069124	-12.7211059907834
			16.0584331797235	-12.7211059907834
			16.0976958525346	-12.7603686635945
			16.1369585253456	-12.7603686635945
			16.1762211981567	-12.7996313364055
			16.2154838709677	-12.8388940092166
			16.2547465437788	-12.8388940092166
			16.2940092165899	-12.8781566820276
			16.3332718894009	-12.8781566820276
			16.372534562212	-12.9174193548387
			16.411797235023	-12.9566820276498
			16.4510599078341	-12.9959447004608
			16.4903225806452	-12.9959447004608
			16.4903225806452	-13.0352073732719
			16.5295852534562	-13.0744700460829
			16.5688479262673	-13.113732718894
			16.6081105990783	-13.1529953917051
			16.6081105990783	-13.1922580645161
			16.6473732718894	-13.1922580645161
			16.6866359447005	-13.2315207373272
			16.6866359447005	-13.2707834101382
			16.7258986175115	-13.3100460829493
			16.7258986175115	-13.3493087557604
			16.7651612903226	-13.3885714285714
			16.8044239631336	-13.4278341013825
			16.8044239631336	-13.4670967741935
			16.8436866359447	-13.5063594470046
			16.8436866359447	-13.5456221198157
			16.8436866359447	-13.5848847926267
			16.8829493087558	-13.6241474654378
			16.8829493087558	-13.6634101382488
		</sutura>
	</curves.scaled>
	<ruler.points type=matrix rownames=TRUE colnames=FALSE nrow=2 ncol=2 as.numeric=TRUE >
		Ruler point 1	12	17
		Ruler point 2	446	17
	</ruler.points>
</shapes>

