<shapes type=list>
	<scaling type=logical names=FALSE length=1 as.numeric=FALSE >NA</scaling>
	<landmarks.pixel type=matrix rownames=TRUE colnames=FALSE nrow=16 ncol=2 as.numeric=TRUE >
		LM1	218	24
		LM2	215	120
		LM3	216	206
		LM4	216	214
		LM5	238	191
		LM6	238	204
		LM7	237	211
		LM8	255	143
		LM9	261	156
		LM10	218	24
		LM11	NaN	NaN
		LM12	306	265
		LM13	218	24
		LM14	263	148
		LM15	389	214
		LM16	294	367
	</landmarks.pixel>
	<curves.control type=list>
		<glabella type=matrix rownames=FALSE colnames=FALSE nrow=5 ncol=2 as.numeric=TRUE >
			215	120
			238	122
			238	202
			239	206
			237	211
		</glabella>
		<suture type=matrix rownames=FALSE colnames=FALSE nrow=17 ncol=2 as.numeric=TRUE >
			218	24
			304	37
			345	81
			384	119
			389	206
			389	246
			373	284
			359	311
			341	336
			327	352
			298	368
			290	370
			294	360
			301	342
			304	322
			308	273
			306	265
		</suture>
		<anterior type=matrix rownames=FALSE colnames=FALSE nrow=7 ncol=2 as.numeric=TRUE >
			218	24
			304	37
			345	81
			385	119
			389	206
			389	211
			389	214
		</anterior>
		<posterior type=matrix rownames=FALSE colnames=FALSE nrow=19 ncol=2 as.numeric=TRUE >
			216	214
			227	213
			237	211
			263	203
			287	216
			303	225
			306	265
			308	273
			304	322
			301	342
			294	360
			290	370
			298	368
			327	352
			341	336
			359	311
			373	284
			389	246
			389	214
		</posterior>
	</curves.control>
	<curves.pixel type=list>
		<glabella type=matrix rownames=FALSE colnames=FALSE nrow=97 ncol=2 as.numeric=TRUE >
			215	120
			216	120
			217	120
			218	121
			219	121
			220	122
			221	122
			222	123
			223	124
			224	125
			225	126
			226	127
			226	128
			227	129
			228	130
			228	131
			229	132
			229	133
			230	134
			230	135
			230	136
			231	137
			231	138
			231	139
			232	140
			232	141
			233	142
			233	143
			233	144
			233	145
			233	146
			234	147
			234	148
			234	149
			234	150
			234	151
			235	152
			235	153
			235	154
			235	155
			235	156
			235	157
			236	158
			236	159
			236	160
			236	161
			236	162
			236	163
			236	164
			236	165
			236	166
			237	166
			237	167
			237	168
			237	169
			237	170
			237	171
			237	172
			237	173
			237	174
			237	175
			237	176
			237	177
			237	178
			237	179
			238	180
			238	181
			238	182
			238	183
			238	184
			238	185
			238	186
			238	187
			238	188
			238	189
			238	190
			238	191
			238	192
			238	193
			238	194
			238	195
			238	196
			238	197
			238	198
			238	199
			238	200
			238	201
			238	202
			238	203
			238	204
			238	205
			238	206
			238	207
			238	208
			238	209
			237	210
			237	211
		</glabella>
		<suture type=matrix rownames=FALSE colnames=FALSE nrow=550 ncol=2 as.numeric=TRUE >
			218	24
			219	24
			220	24
			221	24
			222	25
			223	25
			224	25
			225	25
			226	25
			227	26
			228	26
			229	26
			230	26
			231	26
			232	26
			233	27
			234	27
			235	27
			236	27
			237	27
			238	28
			239	28
			240	28
			241	28
			242	28
			243	29
			244	29
			245	29
			246	29
			247	29
			247	30
			248	30
			249	30
			250	30
			251	31
			252	31
			253	31
			254	31
			255	32
			256	32
			257	32
			258	32
			259	33
			260	33
			261	33
			262	34
			263	34
			264	34
			265	34
			266	35
			267	35
			268	35
			269	36
			270	36
			271	36
			272	37
			273	37
			274	37
			274	38
			275	38
			276	38
			277	38
			278	39
			279	39
			280	39
			280	40
			281	40
			282	40
			283	41
			284	41
			285	41
			285	42
			286	42
			287	42
			288	43
			289	43
			290	44
			291	44
			292	44
			293	45
			294	45
			295	46
			296	46
			297	47
			298	47
			299	47
			299	48
			300	48
			301	49
			302	49
			303	50
			304	50
			305	51
			306	51
			307	52
			308	53
			309	53
			310	54
			311	54
			312	55
			313	55
			314	56
			315	57
			316	57
			317	58
			318	59
			319	59
			320	60
			321	60
			322	61
			323	62
			324	62
			325	63
			326	64
			327	65
			328	66
			329	67
			330	67
			331	68
			332	69
			333	70
			334	71
			335	72
			336	73
			337	73
			338	74
			339	75
			340	76
			341	77
			342	78
			343	79
			344	80
			345	81
			346	82
			347	83
			348	84
			349	85
			350	86
			351	87
			352	88
			352	89
			353	90
			354	90
			354	91
			355	92
			356	93
			356	94
			357	95
			358	96
			358	97
			359	97
			359	98
			360	99
			361	100
			361	101
			362	102
			362	103
			363	104
			363	105
			364	106
			364	107
			365	108
			366	109
			366	110
			367	111
			367	112
			368	113
			368	114
			369	115
			369	116
			370	117
			370	118
			371	119
			371	120
			371	121
			372	121
			372	122
			372	123
			373	124
			373	125
			374	126
			374	127
			374	128
			375	129
			375	130
			376	131
			376	132
			376	133
			377	134
			377	135
			377	136
			377	137
			378	137
			378	138
			378	139
			378	140
			379	141
			379	142
			379	143
			379	144
			380	144
			380	145
			380	146
			380	147
			380	148
			381	149
			381	150
			381	151
			382	152
			382	153
			382	154
			382	155
			383	156
			383	157
			383	158
			383	159
			383	160
			384	161
			384	162
			384	163
			384	164
			384	165
			384	166
			385	166
			385	167
			385	168
			385	169
			385	170
			385	171
			385	172
			386	173
			386	174
			386	175
			386	176
			386	177
			386	178
			386	179
			387	180
			387	181
			387	182
			387	183
			387	184
			387	185
			387	186
			387	187
			388	188
			388	189
			388	190
			388	191
			388	192
			388	193
			388	194
			388	195
			388	196
			388	197
			388	198
			389	199
			389	200
			389	201
			389	202
			389	203
			389	204
			389	205
			389	206
			389	207
			389	208
			389	209
			389	210
			389	211
			389	212
			389	213
			389	214
			389	215
			389	216
			389	217
			389	218
			389	219
			389	220
			388	221
			388	222
			388	223
			388	224
			388	225
			388	226
			388	227
			388	228
			388	229
			387	230
			387	231
			387	232
			387	233
			387	234
			387	235
			387	236
			386	237
			386	238
			386	239
			386	240
			386	241
			386	242
			385	243
			385	244
			385	245
			385	246
			385	247
			384	248
			384	249
			384	250
			384	251
			383	252
			383	253
			383	254
			383	255
			382	256
			382	257
			382	258
			382	259
			381	260
			381	261
			381	262
			381	263
			380	264
			380	265
			380	266
			379	267
			379	268
			379	269
			378	270
			378	271
			378	272
			377	273
			377	274
			377	275
			376	276
			376	277
			375	278
			375	279
			375	280
			374	281
			374	282
			374	283
			373	284
			372	285
			372	286
			372	287
			371	288
			370	289
			370	290
			369	291
			369	292
			368	293
			368	294
			367	295
			366	296
			366	297
			365	298
			365	299
			364	300
			364	301
			363	302
			363	303
			362	304
			361	305
			361	306
			360	307
			360	308
			359	309
			359	310
			358	311
			357	312
			356	313
			356	314
			355	315
			354	316
			354	317
			353	318
			353	319
			352	319
			352	320
			351	321
			351	322
			350	323
			349	324
			348	325
			348	326
			347	327
			347	328
			346	329
			345	330
			345	331
			344	332
			343	333
			342	334
			342	335
			341	336
			341	337
			340	337
			339	338
			338	339
			337	340
			336	341
			335	342
			334	343
			334	344
			333	344
			332	345
			331	346
			330	346
			329	347
			328	348
			328	349
			327	349
			326	350
			325	351
			324	352
			323	352
			322	353
			321	354
			320	355
			319	355
			318	356
			317	357
			316	357
			315	358
			314	358
			313	359
			312	360
			311	360
			310	361
			309	361
			308	362
			307	363
			306	364
			305	364
			304	365
			303	365
			302	366
			301	366
			300	367
			299	368
			298	368
			297	368
			296	368
			295	368
			294	368
			293	367
			293	366
			293	365
			293	364
			293	363
			293	362
			294	361
			294	360
			295	359
			295	358
			295	357
			295	356
			296	356
			296	355
			296	354
			297	353
			297	352
			297	351
			297	350
			298	349
			298	348
			299	347
			299	346
			299	345
			299	344
			300	343
			300	342
			300	341
			300	340
			301	339
			301	338
			301	337
			301	336
			302	335
			302	334
			302	333
			302	332
			302	331
			303	330
			303	329
			303	328
			303	327
			303	326
			303	325
			304	324
			304	323
			304	322
			304	321
			304	320
			304	319
			304	318
			304	317
			305	316
			305	315
			305	314
			305	313
			305	312
			305	311
			305	310
			305	309
			305	308
			305	307
			305	306
			305	305
			305	304
			305	303
			305	302
			306	302
			306	301
			306	300
			306	299
			306	298
			306	297
			306	296
			306	295
			306	294
			306	293
			306	292
			306	291
			306	290
			306	289
			306	288
			306	287
			306	286
			306	285
			306	284
			307	283
			307	282
			307	281
			307	280
			307	279
			307	278
			307	277
			307	276
			307	275
			307	274
			307	273
			307	272
			307	271
			307	270
			307	269
			306	268
			306	267
			306	266
			306	265
		</suture>
		<anterior type=matrix rownames=FALSE colnames=FALSE nrow=266 ncol=2 as.numeric=TRUE >
			218	24
			219	24
			220	24
			221	25
			222	25
			223	25
			224	25
			225	25
			226	25
			227	25
			228	26
			229	26
			230	26
			231	26
			232	26
			233	27
			234	27
			235	27
			236	27
			237	27
			238	28
			239	28
			240	28
			241	28
			242	28
			243	29
			244	29
			245	29
			246	29
			247	30
			248	30
			249	30
			250	30
			251	31
			252	31
			253	31
			254	31
			255	32
			256	32
			257	32
			258	32
			259	33
			260	33
			261	33
			262	34
			263	34
			264	34
			265	34
			266	35
			267	35
			268	35
			269	36
			270	36
			271	36
			272	37
			273	37
			274	37
			275	38
			276	38
			277	38
			278	39
			279	39
			280	40
			281	40
			282	40
			283	40
			283	41
			284	41
			285	41
			286	42
			287	42
			288	43
			289	43
			290	43
			291	44
			292	45
			293	45
			294	45
			295	46
			296	46
			297	47
			298	47
			299	48
			300	48
			301	49
			302	49
			303	50
			304	50
			305	51
			306	51
			307	52
			308	52
			309	53
			310	54
			311	54
			312	55
			313	55
			314	56
			315	56
			315	57
			316	57
			317	58
			318	59
			319	59
			320	60
			321	60
			322	61
			323	62
			324	63
			325	63
			326	64
			327	65
			328	66
			329	66
			330	67
			331	68
			332	69
			333	69
			334	70
			335	71
			336	72
			336	73
			337	73
			338	74
			339	75
			340	76
			341	77
			342	78
			343	79
			344	80
			345	81
			346	82
			347	83
			348	84
			349	85
			350	86
			351	87
			352	88
			352	89
			353	90
			354	91
			355	92
			356	93
			357	94
			357	95
			358	96
			359	97
			360	98
			360	99
			361	100
			361	101
			362	102
			363	103
			364	104
			364	105
			365	106
			365	107
			366	108
			366	109
			367	110
			367	111
			368	112
			369	113
			369	114
			369	115
			370	116
			370	117
			371	118
			371	119
			372	120
			372	121
			372	122
			373	122
			373	123
			373	124
			374	125
			374	126
			374	127
			375	128
			375	129
			375	130
			376	130
			376	131
			376	132
			377	133
			377	134
			377	135
			378	136
			378	137
			378	138
			378	139
			379	140
			379	141
			379	142
			380	143
			380	144
			380	145
			380	146
			381	147
			381	148
			381	149
			381	150
			382	151
			382	152
			382	153
			382	154
			383	155
			383	156
			383	157
			383	158
			383	159
			384	160
			384	161
			384	162
			384	163
			385	164
			385	165
			385	166
			385	167
			385	168
			385	169
			386	170
			386	171
			386	172
			386	173
			386	174
			386	175
			386	176
			387	177
			387	178
			387	179
			387	180
			387	181
			387	182
			387	183
			387	184
			387	185
			388	186
			388	187
			388	188
			388	189
			388	190
			388	191
			388	192
			388	193
			388	194
			388	195
			388	196
			389	197
			389	198
			389	199
			389	200
			389	201
			389	202
			389	203
			389	204
			389	205
			389	206
			389	207
			389	208
			389	209
			389	210
			389	211
			389	212
			389	213
			389	214
		</anterior>
		<posterior type=matrix rownames=FALSE colnames=FALSE nrow=408 ncol=2 as.numeric=TRUE >
			216	214
			217	214
			218	214
			219	214
			220	214
			221	214
			222	213
			223	213
			224	213
			225	213
			226	213
			227	213
			228	213
			229	212
			230	212
			231	212
			232	212
			233	212
			234	212
			235	211
			236	211
			237	211
			238	211
			239	210
			240	210
			241	210
			242	210
			243	209
			244	209
			245	209
			246	209
			247	209
			248	209
			249	208
			250	208
			251	208
			252	208
			253	208
			254	208
			255	208
			256	208
			257	208
			258	208
			259	208
			260	208
			261	208
			262	208
			263	208
			264	208
			265	209
			266	209
			267	209
			268	209
			269	209
			270	209
			270	210
			271	210
			272	210
			273	210
			274	210
			274	211
			275	211
			276	211
			277	211
			278	212
			279	212
			280	213
			281	213
			282	214
			283	214
			284	214
			285	215
			286	215
			287	216
			288	216
			288	217
			289	217
			289	218
			290	218
			291	219
			292	220
			293	221
			294	222
			295	223
			295	224
			296	225
			296	226
			297	227
			298	228
			298	229
			299	230
			299	231
			299	232
			300	233
			300	234
			301	235
			301	236
			301	237
			302	238
			302	239
			302	240
			302	241
			303	242
			303	243
			303	244
			303	245
			304	246
			304	247
			304	248
			304	249
			304	250
			304	251
			305	252
			305	253
			305	254
			305	255
			305	256
			305	257
			305	258
			305	259
			306	259
			306	260
			306	261
			306	262
			306	263
			306	264
			306	265
			306	266
			306	267
			306	268
			307	269
			307	270
			307	271
			307	272
			307	273
			307	274
			307	275
			307	276
			307	277
			307	278
			307	279
			307	280
			307	281
			307	282
			307	283
			306	284
			306	285
			306	286
			306	287
			306	288
			306	289
			306	290
			306	291
			306	292
			306	293
			306	294
			306	295
			306	296
			306	297
			306	298
			306	299
			306	300
			306	301
			306	302
			305	303
			305	304
			305	305
			305	306
			305	307
			305	308
			305	309
			305	310
			305	311
			305	312
			305	313
			305	314
			305	315
			304	316
			304	317
			304	318
			304	319
			304	320
			304	321
			304	322
			304	323
			304	324
			304	325
			303	326
			303	327
			303	328
			303	329
			303	330
			302	331
			302	332
			302	333
			302	334
			302	335
			301	336
			301	337
			301	338
			301	339
			300	340
			300	341
			300	342
			299	343
			299	344
			299	345
			299	346
			298	347
			298	348
			298	349
			297	350
			297	351
			297	352
			296	353
			296	354
			296	355
			295	356
			295	357
			295	358
			294	359
			294	360
			294	361
			293	362
			293	363
			293	364
			293	365
			293	366
			293	367
			293	368
			294	368
			295	368
			296	368
			297	368
			298	368
			299	367
			300	367
			301	366
			302	366
			303	365
			304	365
			305	364
			306	363
			307	363
			308	362
			309	362
			310	361
			311	360
			312	359
			313	359
			314	358
			315	358
			316	357
			317	356
			318	356
			319	355
			320	354
			321	354
			322	353
			323	352
			324	352
			325	351
			325	350
			326	350
			327	349
			328	348
			329	348
			329	347
			330	346
			331	346
			332	345
			333	344
			334	343
			335	342
			336	341
			337	340
			338	340
			339	339
			339	338
			340	337
			341	336
			341	335
			342	334
			343	333
			344	332
			345	331
			345	330
			346	329
			347	328
			347	327
			348	326
			348	325
			349	324
			350	323
			351	322
			352	321
			352	320
			353	319
			353	318
			354	318
			354	317
			354	316
			355	316
			355	315
			356	314
			356	313
			357	312
			358	311
			358	310
			359	309
			359	308
			360	308
			360	307
			361	306
			361	305
			362	304
			363	303
			363	302
			364	301
			364	300
			365	299
			365	298
			366	297
			366	296
			367	295
			368	294
			368	293
			369	292
			369	291
			370	290
			370	289
			371	288
			371	287
			372	286
			372	285
			373	284
			373	283
			374	282
			374	281
			375	280
			375	279
			375	278
			376	278
			376	277
			376	276
			377	275
			377	274
			377	273
			378	272
			378	271
			379	270
			379	269
			379	268
			380	267
			380	266
			380	265
			380	264
			381	263
			381	262
			381	261
			382	260
			382	259
			382	258
			382	257
			383	256
			383	255
			384	254
			384	253
			384	252
			384	251
			385	250
			385	249
			385	248
			385	247
			385	246
			386	245
			386	244
			386	243
			386	242
			386	241
			387	240
			387	239
			387	238
			387	237
			387	236
			387	235
			387	234
			388	234
			388	233
			388	232
			388	231
			388	230
			388	229
			388	228
			388	227
			388	226
			389	225
			389	224
			389	223
			389	222
			389	221
			389	220
			389	219
			389	218
			389	217
			389	216
			389	215
			389	214
		</posterior>
	</curves.pixel>
</shapes>

