<shapes type=list>
	<scaling type=logical names=FALSE length=1 as.numeric=FALSE >NA</scaling>
	<landmarks.pixel type=matrix rownames=TRUE colnames=FALSE nrow=16 ncol=2 as.numeric=TRUE >
		LM1	548	285
		LM2	548	300
		LM3	548	651
		LM4	548	698
		LM5	738	399
		LM6	637	643
		LM7	643	676
		LM8	730	464
		LM9	722	589
		LM10	548	300
		LM11	827	561
		LM12	873	575
		LM13	548	285
		LM14	794	520
		LM15	884	698
		LM16	873	703
	</landmarks.pixel>
	<curves.control type=list>
		<glabella type=matrix rownames=FALSE colnames=FALSE nrow=15 ncol=2 as.numeric=TRUE >
			548	300
			624	316
			665	336
			762	384
			729	417
			703	436
			683	469
			686	496
			678	520
			664	540
			636	593
			640	628
			636	642
			640	651
			643	676
		</glabella>
		<suture type=matrix rownames=FALSE colnames=FALSE nrow=23 ncol=2 as.numeric=TRUE >
			548	300
			624	316
			665	336
			762	384
			729	417
			706	435
			695	452
			688	466
			689	469
			710	458
			736	467
			770	492
			766	537
			762	568
			721	590
			713	595
			739	592
			755	584
			772	572
			784	562
			800	559
			827	552
			873	575
		</suture>
		<anterior type=matrix rownames=FALSE colnames=FALSE nrow=9 ncol=2 as.numeric=TRUE >
			548	285
			616	292
			685	317
			768	368
			811	414
			873	505
			883	597
			902	671
			884	698
		</anterior>
		<posterior type=matrix rownames=FALSE colnames=FALSE nrow=9 ncol=2 as.numeric=TRUE >
			548	698
			585	693
			642	676
			665	685
			742	683
			759	682
			856	701
			873	708
			884	698
		</posterior>
	</curves.control>
	<curves.pixel type=list>
		<glabella type=matrix rownames=FALSE colnames=FALSE nrow=506 ncol=2 as.numeric=TRUE >
			548	300
			549	300
			550	301
			551	301
			552	301
			553	301
			554	301
			555	302
			556	302
			557	302
			558	302
			559	302
			560	302
			560	303
			561	303
			562	303
			563	303
			564	303
			564	304
			565	304
			566	304
			567	304
			568	304
			569	305
			570	305
			571	305
			572	305
			573	306
			574	306
			575	306
			576	306
			577	307
			578	307
			579	307
			580	307
			581	307
			582	308
			583	308
			584	308
			585	309
			586	309
			587	309
			588	309
			589	310
			590	310
			591	310
			592	310
			593	311
			594	311
			595	311
			596	311
			597	312
			598	312
			599	312
			600	313
			601	313
			602	313
			603	313
			604	314
			605	314
			606	314
			607	315
			608	315
			609	315
			610	315
			610	316
			611	316
			612	316
			613	316
			614	317
			615	317
			616	317
			617	318
			618	318
			619	318
			620	318
			621	319
			622	319
			623	320
			624	320
			625	320
			626	320
			627	321
			628	321
			629	321
			630	322
			631	322
			632	322
			633	323
			634	323
			635	323
			636	324
			637	324
			638	325
			639	325
			640	325
			640	326
			641	326
			642	326
			643	326
			644	327
			645	327
			646	328
			647	328
			648	328
			648	329
			649	329
			650	329
			651	330
			652	330
			653	331
			654	331
			655	331
			656	332
			657	332
			658	333
			659	333
			660	334
			661	334
			662	335
			663	335
			664	335
			665	336
			666	337
			667	337
			668	337
			669	338
			670	339
			671	339
			672	339
			673	340
			674	340
			675	341
			676	342
			677	342
			678	343
			679	343
			680	344
			681	344
			682	345
			683	345
			684	346
			685	346
			686	347
			687	348
			688	348
			689	349
			690	349
			690	350
			691	350
			692	351
			693	351
			694	352
			695	352
			696	353
			697	354
			698	354
			699	355
			700	356
			701	356
			702	357
			703	357
			704	358
			705	359
			706	359
			706	360
			707	360
			708	361
			709	362
			710	362
			711	363
			712	364
			713	365
			714	365
			715	366
			716	367
			717	368
			718	368
			718	369
			719	370
			720	370
			721	371
			721	372
			722	372
			723	373
			724	374
			725	375
			726	376
			727	377
			728	378
			728	379
			729	380
			730	380
			730	381
			731	382
			731	383
			732	384
			733	385
			733	386
			734	387
			734	388
			735	389
			735	390
			736	391
			736	392
			737	393
			737	394
			737	395
			737	396
			737	397
			737	398
			737	399
			737	400
			737	401
			737	402
			737	403
			737	404
			736	405
			736	406
			736	407
			736	408
			735	409
			735	410
			734	410
			734	411
			733	412
			733	413
			732	414
			731	415
			730	416
			729	417
			728	418
			727	418
			727	419
			726	419
			725	420
			724	421
			723	422
			722	422
			721	423
			720	424
			719	425
			718	425
			718	426
			717	427
			716	428
			715	429
			714	429
			713	430
			712	431
			712	432
			711	433
			710	434
			709	434
			708	435
			707	436
			707	437
			706	438
			705	439
			704	440
			703	441
			703	442
			702	443
			701	444
			700	444
			699	445
			699	446
			698	447
			697	448
			696	449
			696	450
			695	451
			694	452
			693	453
			693	454
			692	455
			692	456
			691	457
			690	458
			690	459
			689	460
			688	460
			688	461
			687	462
			687	463
			686	464
			685	465
			685	466
			684	467
			684	468
			683	469
			683	470
			683	471
			683	472
			683	473
			683	474
			684	475
			684	476
			684	477
			684	478
			684	479
			684	480
			684	481
			684	482
			684	483
			684	484
			684	485
			684	486
			684	487
			684	488
			684	489
			684	490
			684	491
			684	492
			683	492
			683	493
			683	494
			683	495
			683	496
			683	497
			683	498
			683	499
			683	500
			683	501
			682	502
			682	503
			682	504
			682	505
			682	506
			682	507
			681	508
			681	509
			681	510
			681	511
			680	512
			680	513
			680	514
			679	515
			679	516
			679	517
			679	518
			678	519
			678	520
			678	521
			677	521
			677	522
			676	523
			675	524
			675	525
			674	526
			673	527
			673	528
			672	529
			671	530
			671	531
			670	532
			669	533
			669	534
			668	535
			668	536
			667	537
			666	538
			666	539
			665	540
			665	541
			664	542
			664	543
			663	544
			662	545
			662	546
			661	547
			661	548
			660	549
			659	550
			659	551
			658	552
			658	553
			657	554
			657	555
			656	556
			655	557
			655	558
			654	559
			654	560
			653	561
			653	562
			652	563
			652	564
			651	564
			651	565
			650	566
			650	567
			649	568
			649	569
			648	570
			648	571
			647	572
			647	573
			646	574
			646	575
			645	575
			645	576
			644	577
			644	578
			643	579
			643	580
			642	581
			642	582
			641	583
			641	584
			640	585
			639	586
			639	587
			638	588
			638	589
			638	590
			637	590
			637	591
			637	592
			636	592
			636	593
			636	594
			636	595
			636	596
			636	597
			637	598
			637	599
			637	600
			637	601
			637	602
			637	603
			637	604
			637	605
			637	606
			637	607
			637	608
			638	609
			638	610
			638	611
			638	612
			638	613
			638	614
			638	615
			638	616
			638	617
			638	618
			638	619
			638	620
			638	621
			638	622
			638	623
			638	624
			638	625
			638	626
			638	627
			638	628
			638	629
			638	630
			638	631
			638	632
			638	633
			637	634
			637	635
			637	636
			637	637
			637	638
			637	639
			637	640
			636	640
			636	641
			636	642
			636	643
			637	644
			637	645
			638	646
			638	647
			638	648
			638	649
			639	650
			639	651
			639	652
			639	653
			639	654
			640	655
			640	656
			640	657
			640	658
			640	659
			641	660
			641	661
			641	662
			641	663
			641	664
			641	665
			642	665
			642	666
			642	667
			642	668
			642	669
			642	670
			642	671
			643	672
			643	673
			643	674
			643	675
			643	676
		</glabella>
		<suture type=matrix rownames=FALSE colnames=FALSE nrow=634 ncol=2 as.numeric=TRUE >
			548	300
			549	300
			550	300
			551	301
			552	301
			553	301
			554	301
			555	301
			556	302
			557	302
			558	302
			559	302
			560	303
			561	303
			562	303
			563	303
			564	304
			565	304
			566	304
			567	304
			568	305
			569	305
			570	305
			571	305
			572	305
			573	306
			574	306
			575	306
			576	306
			577	307
			578	307
			579	307
			580	307
			581	308
			582	308
			583	308
			584	308
			585	309
			586	309
			587	309
			588	309
			589	309
			590	310
			591	310
			592	310
			593	311
			594	311
			595	311
			596	312
			597	312
			598	312
			599	312
			600	313
			601	313
			602	313
			603	313
			604	314
			605	314
			606	314
			607	315
			608	315
			609	315
			610	316
			611	316
			612	316
			613	316
			614	317
			615	317
			616	317
			617	318
			618	318
			619	318
			620	319
			621	319
			622	319
			623	319
			624	320
			625	320
			626	320
			626	321
			627	321
			628	321
			629	321
			630	322
			631	322
			632	323
			633	323
			634	323
			635	324
			636	324
			637	324
			638	325
			639	325
			640	325
			641	326
			642	326
			643	327
			644	327
			645	327
			646	328
			647	328
			648	328
			649	329
			650	329
			651	330
			652	330
			653	330
			653	331
			654	331
			655	331
			655	332
			656	332
			657	332
			658	333
			659	333
			660	334
			661	334
			662	334
			663	335
			664	336
			665	336
			666	336
			667	337
			668	337
			668	338
			669	338
			670	338
			671	339
			672	340
			673	340
			674	340
			675	341
			676	341
			676	342
			677	342
			678	343
			679	343
			680	344
			681	344
			682	345
			683	345
			684	346
			685	347
			686	347
			687	348
			688	348
			689	349
			690	349
			691	350
			692	350
			693	351
			694	352
			695	353
			696	353
			697	354
			698	354
			699	355
			700	356
			701	356
			702	357
			703	358
			704	358
			705	359
			706	359
			707	360
			708	361
			709	361
			709	362
			710	362
			711	363
			712	364
			713	364
			713	365
			714	366
			715	366
			716	367
			717	368
			718	369
			719	369
			720	370
			720	371
			721	371
			722	372
			723	373
			723	374
			724	374
			725	375
			726	376
			727	377
			728	378
			729	379
			729	380
			730	381
			731	382
			732	383
			732	384
			733	385
			734	386
			734	387
			735	388
			735	389
			735	390
			736	391
			736	392
			736	393
			737	394
			737	395
			737	396
			737	397
			737	398
			737	399
			737	400
			737	401
			737	402
			737	403
			737	404
			737	405
			736	406
			736	407
			735	408
			735	409
			734	410
			734	411
			733	412
			733	413
			732	413
			731	414
			731	415
			730	416
			729	417
			728	418
			727	419
			726	420
			725	420
			724	421
			723	422
			722	423
			721	423
			721	424
			720	424
			719	425
			718	426
			717	427
			716	428
			715	429
			714	430
			713	431
			712	432
			711	433
			710	434
			709	435
			708	436
			707	437
			706	438
			705	439
			704	440
			704	441
			703	442
			702	442
			701	443
			701	444
			700	445
			699	446
			699	447
			698	448
			697	449
			697	450
			696	450
			695	451
			695	452
			695	453
			694	454
			694	455
			693	456
			692	457
			692	458
			692	459
			691	460
			691	461
			690	462
			690	463
			690	464
			689	465
			689	466
			689	467
			689	468
			689	469
			690	469
			691	468
			692	467
			693	467
			694	467
			695	466
			696	466
			697	466
			698	465
			699	465
			700	465
			701	464
			702	464
			703	464
			704	464
			705	464
			706	463
			707	463
			708	463
			709	463
			710	463
			711	463
			712	463
			713	463
			714	463
			715	463
			716	463
			717	463
			718	463
			719	463
			720	463
			721	463
			722	464
			723	464
			724	464
			725	464
			726	464
			727	464
			728	465
			729	465
			730	465
			731	465
			732	466
			733	466
			734	466
			735	467
			736	467
			737	468
			738	469
			739	469
			740	470
			741	471
			742	472
			743	473
			744	473
			745	474
			745	475
			746	476
			747	477
			748	477
			749	478
			749	479
			750	480
			751	481
			751	482
			752	483
			753	484
			754	485
			755	486
			755	487
			756	488
			756	489
			757	490
			757	491
			758	492
			759	493
			759	494
			760	495
			760	496
			761	497
			761	498
			761	499
			762	500
			762	501
			763	502
			763	503
			763	504
			763	505
			764	506
			764	507
			764	508
			764	509
			765	510
			765	511
			765	512
			765	513
			765	514
			766	515
			766	516
			766	517
			766	518
			766	519
			766	520
			766	521
			766	522
			766	523
			766	524
			766	525
			766	526
			766	527
			766	528
			766	529
			766	530
			766	531
			766	532
			766	533
			766	534
			766	535
			766	536
			766	537
			766	538
			766	539
			765	540
			765	541
			765	542
			765	543
			765	544
			764	545
			764	546
			764	547
			763	548
			763	549
			763	550
			762	551
			762	552
			761	553
			761	554
			760	555
			759	556
			759	557
			758	558
			758	559
			757	560
			756	561
			755	562
			755	563
			754	564
			754	565
			753	565
			753	566
			752	567
			751	567
			751	568
			750	569
			749	570
			748	570
			748	571
			747	572
			746	573
			745	573
			745	574
			744	575
			743	575
			742	576
			741	577
			740	578
			739	579
			738	580
			737	580
			736	581
			735	582
			734	583
			733	583
			732	584
			731	584
			730	585
			729	585
			728	586
			727	586
			726	587
			725	588
			724	588
			723	589
			722	590
			721	590
			720	590
			720	591
			719	591
			719	592
			720	593
			721	593
			722	593
			723	593
			724	593
			725	593
			726	593
			727	593
			728	593
			729	593
			730	593
			731	593
			732	593
			733	593
			734	593
			735	592
			736	592
			737	592
			738	592
			739	592
			740	592
			741	591
			742	590
			743	590
			744	589
			745	589
			746	588
			747	588
			748	587
			749	586
			750	586
			751	585
			752	585
			753	584
			754	584
			755	583
			756	582
			757	582
			758	581
			759	581
			760	580
			761	579
			762	579
			763	578
			764	577
			765	577
			766	576
			767	575
			768	575
			769	574
			770	573
			771	573
			772	572
			773	571
			774	570
			775	569
			776	569
			777	568
			778	568
			779	567
			780	566
			781	566
			782	565
			783	565
			784	564
			785	564
			786	563
			787	563
			788	562
			789	562
			790	562
			791	561
			792	561
			793	561
			794	561
			794	560
			795	560
			796	560
			797	560
			798	559
			799	559
			800	559
			801	559
			802	559
			803	558
			804	558
			805	558
			806	558
			807	558
			808	558
			809	558
			810	557
			811	557
			812	557
			813	557
			814	557
			815	557
			816	557
			817	557
			818	558
			819	558
			820	558
			821	558
			822	558
			823	558
			824	558
			825	558
			826	558
			827	559
			828	559
			829	559
			830	559
			831	559
			832	559
			832	560
			833	560
			834	560
			835	560
			836	561
			837	561
			838	561
			839	561
			840	562
			841	562
			842	562
			843	562
			843	563
			844	563
			845	563
			846	564
			847	564
			848	564
			849	565
			850	565
			851	565
			852	566
			853	566
			854	567
			855	567
			856	567
			857	568
			858	568
			859	569
			860	569
			861	570
			862	570
			863	570
			864	571
			865	571
			866	572
			867	572
			868	573
			869	573
			870	573
			870	574
			871	574
			872	575
			873	575
		</suture>
		<anterior type=matrix rownames=FALSE colnames=FALSE nrow=572 ncol=2 as.numeric=TRUE >
			548	285
			549	285
			550	285
			551	285
			552	285
			553	285
			553	286
			554	286
			555	286
			556	286
			557	286
			558	286
			559	286
			560	286
			561	286
			562	287
			563	287
			564	287
			565	287
			566	287
			567	287
			568	287
			569	288
			570	288
			571	288
			572	288
			573	288
			574	288
			575	288
			576	289
			577	289
			578	289
			579	289
			580	289
			581	289
			582	290
			583	290
			584	290
			585	290
			586	290
			587	290
			587	291
			588	291
			589	291
			590	291
			591	291
			592	291
			593	292
			594	292
			595	292
			596	292
			597	292
			598	293
			599	293
			600	293
			601	293
			602	293
			603	294
			604	294
			605	294
			606	294
			607	294
			608	295
			609	295
			610	295
			611	295
			612	295
			613	296
			614	296
			615	296
			616	296
			617	297
			618	297
			619	297
			620	297
			621	298
			622	298
			623	298
			624	298
			625	299
			626	299
			627	299
			628	299
			629	300
			630	300
			631	300
			632	300
			633	301
			634	301
			635	301
			636	302
			637	302
			638	302
			639	302
			640	303
			641	303
			642	303
			643	304
			644	304
			645	304
			646	304
			647	305
			648	305
			649	305
			650	306
			651	306
			652	306
			653	306
			654	307
			655	307
			656	307
			657	308
			658	308
			659	308
			660	309
			661	309
			662	309
			663	310
			664	310
			665	310
			666	310
			667	311
			668	311
			669	311
			670	312
			671	312
			672	312
			673	313
			674	313
			675	313
			676	314
			677	314
			678	315
			679	315
			680	315
			681	315
			681	316
			682	316
			683	316
			684	317
			685	317
			686	318
			687	318
			688	319
			689	319
			690	320
			691	320
			691	321
			692	322
			693	322
			694	323
			695	323
			696	324
			697	324
			698	325
			699	326
			700	326
			701	327
			702	327
			702	328
			703	329
			704	329
			705	330
			706	330
			707	331
			708	331
			709	332
			710	333
			711	334
			712	334
			713	335
			714	336
			715	336
			716	337
			717	337
			718	338
			719	339
			720	340
			721	340
			722	341
			723	342
			724	342
			725	343
			726	343
			727	344
			727	345
			728	345
			729	346
			730	346
			731	347
			732	347
			732	348
			733	349
			734	349
			735	350
			736	350
			737	351
			737	352
			738	352
			739	353
			740	353
			741	354
			742	354
			742	355
			743	356
			744	356
			745	357
			746	357
			746	358
			747	359
			748	359
			749	360
			750	361
			751	362
			752	362
			753	363
			754	364
			755	364
			756	365
			757	366
			758	366
			758	367
			759	368
			760	368
			761	369
			762	370
			763	371
			764	371
			765	372
			765	373
			766	373
			767	374
			768	375
			769	375
			770	376
			771	377
			772	378
			773	379
			774	380
			775	381
			776	381
			777	382
			778	383
			779	384
			780	385
			781	385
			782	386
			783	387
			784	388
			785	389
			786	389
			787	390
			787	391
			788	392
			789	393
			790	394
			791	394
			792	395
			793	396
			794	397
			795	398
			796	399
			797	400
			798	401
			799	402
			800	403
			801	404
			802	405
			803	406
			804	407
			805	408
			806	409
			807	410
			808	411
			809	412
			810	412
			810	413
			811	414
			812	415
			813	416
			813	417
			814	418
			814	419
			815	420
			816	421
			817	422
			817	423
			818	424
			818	425
			819	426
			819	427
			820	427
			820	428
			821	429
			821	430
			822	431
			823	432
			823	433
			824	434
			825	435
			825	436
			826	437
			826	438
			827	439
			828	440
			828	441
			829	442
			829	443
			830	444
			830	445
			831	446
			832	447
			832	448
			833	449
			833	450
			834	451
			834	452
			835	453
			835	454
			836	454
			837	455
			837	456
			838	457
			838	458
			839	459
			839	460
			840	461
			840	462
			841	463
			841	464
			842	465
			842	466
			843	467
			843	468
			844	469
			844	470
			845	471
			845	472
			846	473
			846	474
			847	475
			847	476
			848	477
			848	478
			848	479
			849	480
			849	481
			850	482
			850	483
			851	484
			851	485
			852	486
			852	487
			853	488
			853	489
			854	490
			854	491
			854	492
			855	492
			855	493
			855	494
			856	494
			856	495
			856	496
			857	497
			857	498
			857	499
			858	500
			858	501
			859	502
			859	503
			860	504
			860	505
			860	506
			861	507
			861	508
			862	509
			862	510
			862	511
			863	512
			863	513
			863	514
			864	515
			864	516
			865	517
			865	518
			865	519
			866	520
			866	521
			866	522
			867	523
			867	524
			867	525
			868	526
			868	527
			868	528
			869	529
			869	530
			869	531
			870	532
			870	533
			870	534
			870	535
			871	536
			871	537
			871	538
			872	539
			872	540
			872	541
			872	542
			873	543
			873	544
			873	545
			873	546
			874	547
			874	548
			874	549
			874	550
			875	550
			875	551
			875	552
			875	553
			875	554
			876	555
			876	556
			876	557
			876	558
			877	559
			877	560
			877	561
			877	562
			877	563
			878	563
			878	564
			878	565
			878	566
			878	567
			879	568
			879	569
			879	570
			879	571
			879	572
			880	573
			880	574
			880	575
			880	576
			880	577
			880	578
			880	579
			881	579
			881	580
			881	581
			881	582
			881	583
			881	584
			881	585
			882	586
			882	587
			882	588
			882	589
			882	590
			882	591
			882	592
			883	593
			883	594
			883	595
			883	596
			883	597
			883	598
			883	599
			884	600
			884	601
			884	602
			884	603
			885	604
			885	605
			885	606
			886	607
			886	608
			886	609
			886	610
			886	611
			886	612
			887	612
			887	613
			887	614
			887	615
			887	616
			888	617
			888	618
			888	619
			888	620
			888	621
			889	622
			889	623
			889	624
			889	625
			889	626
			890	627
			890	628
			890	629
			890	630
			890	631
			890	632
			890	633
			891	633
			891	634
			891	635
			891	636
			891	637
			891	638
			891	639
			891	640
			891	641
			892	641
			892	642
			892	643
			892	644
			892	645
			892	646
			892	647
			892	648
			892	649
			892	650
			892	651
			893	652
			893	653
			893	654
			893	655
			893	656
			893	657
			893	658
			893	659
			893	660
			893	661
			893	662
			893	663
			893	664
			893	665
			893	666
			893	667
			893	668
			892	669
			892	670
			892	671
			892	672
			892	673
			892	674
			892	675
			892	676
			892	677
			891	678
			891	679
			891	680
			891	681
			891	682
			890	683
			890	684
			890	685
			889	686
			889	687
			889	688
			889	689
			888	690
			888	691
			887	692
			887	693
			886	694
			886	695
			885	696
			885	697
			884	698
		</anterior>
		<posterior type=matrix rownames=FALSE colnames=FALSE nrow=346 ncol=2 as.numeric=TRUE >
			548	698
			549	698
			550	698
			551	698
			552	697
			553	697
			554	697
			555	697
			556	697
			557	697
			558	696
			559	696
			560	696
			561	696
			562	696
			563	696
			564	695
			565	695
			566	695
			567	695
			568	695
			569	694
			570	694
			571	694
			572	694
			573	694
			574	693
			575	693
			576	693
			577	693
			578	693
			579	692
			580	692
			581	692
			582	692
			583	692
			584	691
			585	691
			586	691
			587	691
			588	690
			589	690
			590	690
			591	690
			592	690
			593	689
			594	689
			595	689
			596	689
			597	688
			598	688
			599	688
			600	688
			601	687
			602	687
			603	687
			604	687
			605	686
			606	686
			607	686
			608	685
			609	685
			610	685
			611	685
			612	685
			612	684
			613	684
			614	684
			615	684
			616	683
			617	683
			618	683
			619	683
			619	682
			620	682
			621	682
			622	682
			623	682
			623	681
			624	681
			625	681
			626	681
			627	680
			628	680
			629	680
			630	679
			631	679
			632	679
			633	679
			634	678
			635	678
			636	678
			637	677
			638	677
			639	677
			640	677
			641	676
			642	676
			643	676
			643	677
			644	677
			645	677
			646	677
			647	678
			648	678
			649	678
			650	678
			651	679
			652	679
			653	679
			654	679
			655	679
			656	680
			657	680
			658	680
			659	680
			660	680
			661	680
			662	681
			663	681
			664	681
			665	681
			666	681
			667	681
			668	681
			669	681
			670	682
			671	682
			672	682
			673	682
			674	682
			675	682
			676	682
			677	682
			678	682
			679	682
			680	682
			681	682
			682	682
			682	683
			683	683
			684	683
			685	683
			686	683
			687	683
			688	683
			689	683
			690	683
			691	683
			692	683
			693	683
			694	683
			695	683
			696	683
			697	683
			698	683
			699	683
			700	683
			701	683
			702	683
			703	683
			704	683
			705	683
			706	683
			707	683
			708	683
			709	683
			710	683
			711	683
			712	683
			713	683
			714	683
			715	683
			716	683
			717	683
			718	683
			719	683
			720	683
			721	683
			722	683
			723	683
			724	683
			725	683
			726	683
			727	683
			728	683
			729	683
			730	683
			731	683
			732	683
			733	683
			734	683
			735	683
			736	683
			737	683
			738	683
			739	683
			740	683
			741	683
			742	683
			743	683
			744	683
			745	683
			746	683
			747	683
			748	683
			749	683
			750	683
			751	683
			752	683
			753	683
			754	684
			755	684
			756	684
			757	684
			758	684
			759	684
			760	684
			761	684
			762	684
			762	685
			763	685
			764	685
			765	685
			766	685
			767	685
			768	685
			769	686
			770	686
			771	686
			772	686
			773	686
			774	686
			775	686
			776	687
			777	687
			778	687
			779	687
			780	687
			781	687
			782	687
			783	688
			784	688
			785	688
			786	688
			787	688
			788	688
			789	689
			790	689
			791	689
			792	689
			793	689
			794	690
			795	690
			796	690
			797	690
			798	690
			799	690
			800	691
			801	691
			802	691
			803	691
			804	691
			805	691
			806	692
			807	692
			808	692
			809	692
			810	692
			811	693
			812	693
			813	693
			814	693
			815	693
			816	693
			817	694
			818	694
			819	694
			820	694
			821	694
			822	694
			823	695
			824	695
			825	695
			826	695
			827	695
			828	696
			829	696
			830	696
			831	696
			832	696
			833	697
			834	697
			835	697
			836	697
			837	697
			838	698
			839	698
			840	698
			841	698
			842	698
			843	699
			844	699
			845	699
			846	699
			847	699
			848	699
			849	700
			850	700
			851	700
			852	700
			853	700
			854	701
			855	701
			856	701
			857	701
			857	702
			858	702
			859	702
			860	702
			861	703
			862	703
			863	703
			864	703
			865	704
			866	704
			867	704
			868	704
			869	704
			870	704
			871	704
			872	704
			873	704
			874	703
			875	703
			876	703
			877	702
			878	702
			879	702
			879	701
			880	701
			881	700
			882	700
			883	699
			883	698
			884	698
		</posterior>
	</curves.pixel>
</shapes>

