<shapes type=list>
	<ruler.pixel type=vector names=FALSE length=1 as.numeric=TRUE >73</ruler.pixel>
	<ruler.interval type=vector names=FALSE length=1 as.numeric=TRUE >2</ruler.interval>
	<scaling.units type=vector names=FALSE length=1 as.numeric=FALSE >mm</scaling.units>
	<scaling type=vector names=FALSE length=1 as.numeric=TRUE >0.0273972602739726</scaling>
	<landmarks.pixel type=matrix rownames=TRUE colnames=FALSE nrow=16 ncol=2 as.numeric=TRUE >
		LM1	179	61
		LM2	171	122
		LM3	163	234
		LM4	160	263
		LM5	230	224
		LM6	230	224
		LM7	229	245
		LM8	238	153
		LM9	238	198
		LM10	179	61
		LM11	251	216
		LM12	275	242
		LM13	179	61
		LM14	259	173
		LM15	331	263
		LM16	333	330
	</landmarks.pixel>
	<landmarks.scaled type=matrix rownames=TRUE colnames=FALSE nrow=16 ncol=2 as.numeric=TRUE >
		LM1	4.9041095890411	-1.67123287671233
		LM2	4.68493150684932	-3.34246575342466
		LM3	4.46575342465753	-6.41095890410959
		LM4	4.38356164383562	-7.20547945205479
		LM5	6.3013698630137	-6.13698630136986
		LM6	6.3013698630137	-6.13698630136986
		LM7	6.27397260273973	-6.71232876712329
		LM8	6.52054794520548	-4.19178082191781
		LM9	6.52054794520548	-5.42465753424657
		LM10	4.9041095890411	-1.67123287671233
		LM11	6.87671232876712	-5.91780821917808
		LM12	7.53424657534247	-6.63013698630137
		LM13	4.9041095890411	-1.67123287671233
		LM14	7.0958904109589	-4.73972602739726
		LM15	9.06849315068493	-7.20547945205479
		LM16	9.12328767123288	-9.04109589041096
	</landmarks.scaled>
	<curves.control type=list>
		<glabella type=matrix rownames=FALSE colnames=FALSE nrow=3 ncol=2 as.numeric=TRUE >
			171	122
			230	117
			229	245
		</glabella>
		<suture type=matrix rownames=FALSE colnames=FALSE nrow=13 ncol=2 as.numeric=TRUE >
			179	61
			225	70
			234	81
			258	115
			248	133
			228	148
			251	164
			264	183
			240	190
			240	214
			265	230
			273	235
			275	242
		</suture>
		<anterior type=matrix rownames=FALSE colnames=FALSE nrow=3 ncol=2 as.numeric=TRUE >
			179	61
			315	85
			331	263
		</anterior>
		<posterior type=matrix rownames=FALSE colnames=FALSE nrow=9 ncol=2 as.numeric=TRUE >
			160	263
			193	261
			230	250
			240	235
			303	261
			324	273
			333	330
			338	288
			331	263
		</posterior>
	</curves.control>
	<curves.pixel type=list>
		<glabella type=matrix rownames=FALSE colnames=FALSE nrow=149 ncol=2 as.numeric=TRUE >
			171	122
			172	122
			173	122
			174	122
			175	122
			176	122
			177	122
			178	122
			179	122
			180	122
			181	122
			182	122
			183	123
			184	123
			185	123
			186	123
			187	123
			188	124
			189	124
			190	124
			191	125
			192	125
			193	126
			194	126
			195	127
			196	128
			197	128
			198	129
			199	130
			200	130
			201	131
			202	132
			203	133
			204	134
			205	135
			206	135
			206	136
			207	137
			208	138
			208	139
			209	139
			209	140
			210	141
			211	142
			211	143
			212	144
			212	145
			213	146
			213	147
			214	148
			214	149
			215	149
			215	150
			215	151
			216	152
			216	153
			217	154
			217	155
			217	156
			218	157
			218	158
			219	159
			219	160
			219	161
			220	162
			220	163
			220	164
			221	165
			221	166
			221	167
			221	168
			222	168
			222	169
			222	170
			222	171
			222	172
			223	173
			223	174
			223	175
			223	176
			224	177
			224	178
			224	179
			224	180
			224	181
			225	182
			225	183
			225	184
			225	185
			225	186
			225	187
			226	188
			226	189
			226	190
			226	191
			226	192
			226	193
			226	194
			227	195
			227	196
			227	197
			227	198
			227	199
			227	200
			227	201
			227	202
			227	203
			228	204
			228	205
			228	206
			228	207
			228	208
			228	209
			228	210
			228	211
			228	212
			228	213
			228	214
			228	215
			228	216
			228	217
			228	218
			229	219
			229	220
			229	221
			229	222
			229	223
			229	224
			229	225
			229	226
			229	227
			229	228
			229	229
			229	230
			229	231
			229	232
			229	233
			229	234
			229	235
			229	236
			229	237
			229	238
			229	239
			229	240
			229	241
			229	242
			229	243
			229	244
			229	245
		</glabella>
		<suture type=matrix rownames=FALSE colnames=FALSE nrow=234 ncol=2 as.numeric=TRUE >
			179	61
			180	61
			181	61
			182	62
			183	62
			184	62
			185	62
			186	62
			187	63
			188	63
			189	63
			190	63
			191	64
			192	64
			193	64
			194	64
			195	64
			196	65
			197	65
			198	65
			199	65
			200	66
			201	66
			202	66
			203	67
			204	67
			205	67
			206	67
			207	68
			208	68
			209	68
			210	69
			211	69
			212	69
			213	69
			213	70
			214	70
			215	70
			216	71
			217	71
			218	71
			219	72
			220	72
			221	73
			222	73
			223	73
			224	74
			225	75
			226	75
			227	76
			228	76
			229	77
			230	77
			231	78
			232	79
			233	80
			234	81
			235	82
			236	83
			236	84
			237	85
			238	86
			238	87
			239	88
			239	89
			240	90
			241	91
			241	92
			242	93
			242	94
			243	95
			243	96
			244	97
			244	98
			245	99
			246	100
			246	101
			246	102
			247	103
			247	104
			247	105
			248	105
			248	106
			248	107
			248	108
			249	109
			249	110
			250	111
			250	112
			250	113
			250	114
			250	115
			251	116
			251	117
			251	118
			251	119
			251	120
			251	121
			251	122
			251	123
			251	124
			251	125
			250	126
			250	127
			250	128
			250	129
			249	130
			249	131
			248	132
			248	133
			247	134
			246	135
			245	136
			244	136
			243	137
			242	138
			242	139
			241	140
			241	141
			240	141
			240	142
			239	143
			239	144
			239	145
			239	146
			239	147
			239	148
			239	149
			239	150
			239	151
			240	152
			240	153
			241	154
			242	155
			242	156
			243	157
			244	158
			245	159
			246	160
			247	161
			248	162
			249	163
			250	163
			251	164
			252	165
			252	166
			253	167
			253	168
			254	169
			254	170
			255	171
			255	172
			255	173
			255	174
			256	175
			256	176
			255	177
			255	178
			255	179
			255	180
			254	181
			254	182
			253	182
			253	183
			252	184
			251	185
			250	185
			249	186
			248	187
			247	187
			246	188
			245	188
			244	189
			243	189
			242	189
			241	190
			240	190
			240	191
			240	192
			240	193
			240	194
			240	195
			240	196
			241	197
			241	198
			241	199
			241	200
			241	201
			242	202
			242	203
			242	204
			243	205
			243	206
			244	207
			244	208
			245	209
			245	210
			246	211
			246	212
			247	213
			248	214
			249	215
			249	216
			250	217
			251	218
			252	219
			253	220
			254	221
			255	222
			256	223
			256	224
			257	224
			258	225
			259	226
			260	227
			261	227
			262	228
			263	229
			264	229
			265	230
			266	230
			266	231
			267	231
			268	232
			269	233
			270	234
			271	235
			272	236
			273	237
			273	238
			274	239
			274	240
			275	241
			275	242
		</suture>
		<anterior type=matrix rownames=FALSE colnames=FALSE nrow=261 ncol=2 as.numeric=TRUE >
			179	61
			180	61
			181	61
			182	62
			183	62
			184	62
			185	62
			186	62
			187	63
			188	63
			189	63
			190	63
			191	63
			192	64
			193	64
			194	64
			195	64
			196	65
			197	65
			198	65
			199	66
			200	66
			201	66
			202	66
			202	67
			203	67
			204	67
			205	67
			206	68
			207	68
			208	68
			209	69
			210	69
			211	69
			212	70
			213	70
			214	70
			214	71
			215	71
			216	71
			217	72
			218	72
			219	72
			220	73
			221	73
			222	73
			222	74
			223	74
			224	75
			225	75
			226	75
			227	76
			228	76
			228	77
			229	77
			230	77
			231	78
			232	78
			233	79
			234	80
			235	80
			236	81
			237	81
			238	82
			239	82
			240	83
			241	84
			242	84
			243	85
			244	85
			245	86
			246	86
			247	87
			248	88
			249	89
			250	90
			251	90
			252	91
			253	92
			254	93
			255	93
			256	94
			257	94
			257	95
			258	95
			259	96
			260	97
			261	98
			262	99
			263	100
			264	101
			265	101
			266	102
			267	103
			268	104
			268	105
			269	105
			270	106
			271	107
			272	108
			272	109
			273	110
			274	110
			275	111
			276	112
			276	113
			277	114
			278	115
			279	116
			279	117
			280	117
			281	118
			282	119
			282	120
			283	121
			284	122
			285	123
			285	124
			286	125
			287	126
			287	127
			288	128
			289	129
			289	130
			290	131
			291	132
			291	133
			292	134
			293	135
			293	136
			294	137
			295	138
			295	139
			296	140
			297	141
			297	142
			298	143
			298	144
			299	145
			300	146
			300	147
			300	148
			301	148
			301	149
			301	150
			302	150
			302	151
			302	152
			303	153
			303	154
			304	155
			305	156
			305	157
			305	158
			306	159
			306	160
			307	161
			307	162
			308	163
			308	164
			309	165
			309	166
			309	167
			310	167
			310	168
			310	169
			311	170
			311	171
			311	172
			312	173
			312	174
			313	175
			313	176
			313	177
			314	178
			314	179
			314	180
			315	181
			315	182
			315	183
			316	184
			316	185
			316	186
			316	187
			317	188
			317	189
			317	190
			318	191
			318	192
			318	193
			319	194
			319	195
			319	196
			319	197
			320	198
			320	199
			320	200
			321	201
			321	202
			321	203
			321	204
			322	205
			322	206
			322	207
			322	208
			323	209
			323	210
			323	211
			323	212
			323	213
			324	214
			324	215
			324	216
			324	217
			324	218
			325	218
			325	219
			325	220
			325	221
			325	222
			326	223
			326	224
			326	225
			326	226
			326	227
			326	228
			327	229
			327	230
			327	231
			327	232
			327	233
			327	234
			328	235
			328	236
			328	237
			328	238
			328	239
			328	240
			328	241
			329	242
			329	243
			329	244
			329	245
			329	246
			329	247
			329	248
			330	249
			330	250
			330	251
			330	252
			330	253
			330	254
			330	255
			330	256
			330	257
			331	258
			331	259
			331	260
			331	261
			331	262
			331	263
		</anterior>
		<posterior type=matrix rownames=FALSE colnames=FALSE nrow=291 ncol=2 as.numeric=TRUE >
			160	263
			161	263
			162	263
			163	263
			164	263
			165	263
			166	263
			167	262
			168	262
			169	262
			170	262
			171	262
			172	262
			173	262
			174	262
			175	262
			176	262
			177	261
			178	261
			179	261
			180	261
			181	261
			182	261
			183	261
			184	260
			185	260
			186	260
			187	260
			188	260
			189	260
			190	260
			191	259
			192	259
			193	259
			194	259
			195	259
			196	258
			197	258
			198	258
			199	258
			200	258
			201	257
			202	257
			203	257
			204	257
			205	257
			206	256
			207	256
			208	256
			209	256
			210	255
			211	255
			212	255
			213	255
			214	254
			215	254
			216	254
			217	254
			218	253
			219	253
			220	253
			221	253
			222	252
			223	252
			224	252
			225	251
			226	251
			227	251
			228	251
			229	250
			230	250
			230	249
			231	249
			231	248
			232	248
			233	247
			234	246
			235	246
			236	246
			237	245
			238	245
			239	245
			240	245
			241	245
			242	245
			243	245
			244	245
			245	245
			246	245
			247	245
			248	245
			249	245
			250	245
			251	245
			252	245
			253	245
			254	245
			255	246
			256	246
			257	246
			258	246
			259	246
			260	246
			261	247
			262	247
			263	247
			264	247
			265	248
			266	248
			267	248
			268	249
			269	249
			270	249
			271	249
			272	250
			273	250
			274	250
			275	251
			276	251
			277	251
			278	252
			279	252
			280	252
			281	252
			281	253
			282	253
			283	253
			284	254
			285	254
			286	254
			287	255
			288	255
			289	256
			290	256
			291	256
			292	257
			293	257
			294	257
			295	258
			296	258
			297	258
			297	259
			298	259
			299	259
			300	260
			301	260
			302	260
			302	261
			303	261
			304	261
			304	262
			305	262
			305	263
			306	263
			307	264
			308	265
			309	266
			310	267
			311	268
			312	269
			313	270
			314	271
			314	272
			315	273
			315	274
			316	275
			317	275
			317	276
			318	277
			318	278
			319	279
			319	280
			320	281
			320	282
			321	283
			321	284
			321	285
			322	286
			322	287
			322	288
			323	289
			323	290
			324	291
			324	292
			324	293
			325	293
			325	294
			325	295
			325	296
			326	297
			326	298
			326	299
			327	300
			327	301
			327	302
			327	303
			328	304
			328	305
			328	306
			328	307
			329	307
			329	308
			329	309
			329	310
			329	311
			330	312
			330	313
			330	314
			330	315
			330	316
			331	317
			331	318
			331	319
			331	320
			331	321
			332	322
			332	323
			332	324
			332	325
			332	326
			333	327
			333	328
			333	329
			333	330
			333	329
			333	328
			333	327
			333	326
			334	325
			334	324
			334	323
			334	322
			334	321
			334	320
			334	319
			334	318
			334	317
			334	316
			334	315
			335	314
			335	313
			335	312
			335	311
			335	310
			335	309
			335	308
			335	307
			335	306
			335	305
			335	304
			335	303
			335	302
			335	301
			335	300
			335	299
			335	298
			335	297
			335	296
			335	295
			335	294
			335	293
			335	292
			335	291
			335	290
			335	289
			335	288
			335	287
			335	286
			335	285
			335	284
			334	283
			334	282
			334	281
			334	280
			334	279
			334	278
			334	277
			334	276
			334	275
			333	274
			333	273
			333	272
			333	271
			333	270
			332	269
			332	268
			332	267
			332	266
			331	265
			331	264
			331	263
		</posterior>
	</curves.pixel>
	<curves.scaled type=list>
		<glabella type=matrix rownames=FALSE colnames=FALSE nrow=149 ncol=2 as.numeric=TRUE >
			4.68493150684932	-3.34246575342466
			4.71232876712329	-3.34246575342466
			4.73972602739726	-3.34246575342466
			4.76712328767123	-3.34246575342466
			4.79452054794521	-3.34246575342466
			4.82191780821918	-3.34246575342466
			4.84931506849315	-3.34246575342466
			4.87671232876712	-3.34246575342466
			4.9041095890411	-3.34246575342466
			4.93150684931507	-3.34246575342466
			4.95890410958904	-3.34246575342466
			4.98630136986301	-3.34246575342466
			5.01369863013699	-3.36986301369863
			5.04109589041096	-3.36986301369863
			5.06849315068493	-3.36986301369863
			5.0958904109589	-3.36986301369863
			5.12328767123288	-3.36986301369863
			5.15068493150685	-3.3972602739726
			5.17808219178082	-3.3972602739726
			5.20547945205479	-3.3972602739726
			5.23287671232877	-3.42465753424658
			5.26027397260274	-3.42465753424658
			5.28767123287671	-3.45205479452055
			5.31506849315068	-3.45205479452055
			5.34246575342466	-3.47945205479452
			5.36986301369863	-3.50684931506849
			5.3972602739726	-3.50684931506849
			5.42465753424657	-3.53424657534247
			5.45205479452055	-3.56164383561644
			5.47945205479452	-3.56164383561644
			5.50684931506849	-3.58904109589041
			5.53424657534247	-3.61643835616438
			5.56164383561644	-3.64383561643836
			5.58904109589041	-3.67123287671233
			5.61643835616438	-3.6986301369863
			5.64383561643836	-3.6986301369863
			5.64383561643836	-3.72602739726027
			5.67123287671233	-3.75342465753425
			5.6986301369863	-3.78082191780822
			5.6986301369863	-3.80821917808219
			5.72602739726027	-3.80821917808219
			5.72602739726027	-3.83561643835616
			5.75342465753425	-3.86301369863014
			5.78082191780822	-3.89041095890411
			5.78082191780822	-3.91780821917808
			5.80821917808219	-3.94520547945205
			5.80821917808219	-3.97260273972603
			5.83561643835616	-4
			5.83561643835616	-4.02739726027397
			5.86301369863014	-4.05479452054795
			5.86301369863014	-4.08219178082192
			5.89041095890411	-4.08219178082192
			5.89041095890411	-4.10958904109589
			5.89041095890411	-4.13698630136986
			5.91780821917808	-4.16438356164384
			5.91780821917808	-4.19178082191781
			5.94520547945205	-4.21917808219178
			5.94520547945205	-4.24657534246575
			5.94520547945205	-4.27397260273973
			5.97260273972603	-4.3013698630137
			5.97260273972603	-4.32876712328767
			6	-4.35616438356164
			6	-4.38356164383562
			6	-4.41095890410959
			6.02739726027397	-4.43835616438356
			6.02739726027397	-4.46575342465753
			6.02739726027397	-4.49315068493151
			6.05479452054794	-4.52054794520548
			6.05479452054794	-4.54794520547945
			6.05479452054794	-4.57534246575342
			6.05479452054794	-4.6027397260274
			6.08219178082192	-4.6027397260274
			6.08219178082192	-4.63013698630137
			6.08219178082192	-4.65753424657534
			6.08219178082192	-4.68493150684932
			6.08219178082192	-4.71232876712329
			6.10958904109589	-4.73972602739726
			6.10958904109589	-4.76712328767123
			6.10958904109589	-4.79452054794521
			6.10958904109589	-4.82191780821918
			6.13698630136986	-4.84931506849315
			6.13698630136986	-4.87671232876712
			6.13698630136986	-4.9041095890411
			6.13698630136986	-4.93150684931507
			6.13698630136986	-4.95890410958904
			6.16438356164384	-4.98630136986301
			6.16438356164384	-5.01369863013699
			6.16438356164384	-5.04109589041096
			6.16438356164384	-5.06849315068493
			6.16438356164384	-5.0958904109589
			6.16438356164384	-5.12328767123288
			6.19178082191781	-5.15068493150685
			6.19178082191781	-5.17808219178082
			6.19178082191781	-5.20547945205479
			6.19178082191781	-5.23287671232877
			6.19178082191781	-5.26027397260274
			6.19178082191781	-5.28767123287671
			6.19178082191781	-5.31506849315068
			6.21917808219178	-5.34246575342466
			6.21917808219178	-5.36986301369863
			6.21917808219178	-5.3972602739726
			6.21917808219178	-5.42465753424657
			6.21917808219178	-5.45205479452055
			6.21917808219178	-5.47945205479452
			6.21917808219178	-5.50684931506849
			6.21917808219178	-5.53424657534247
			6.21917808219178	-5.56164383561644
			6.24657534246575	-5.58904109589041
			6.24657534246575	-5.61643835616438
			6.24657534246575	-5.64383561643836
			6.24657534246575	-5.67123287671233
			6.24657534246575	-5.6986301369863
			6.24657534246575	-5.72602739726027
			6.24657534246575	-5.75342465753425
			6.24657534246575	-5.78082191780822
			6.24657534246575	-5.80821917808219
			6.24657534246575	-5.83561643835616
			6.24657534246575	-5.86301369863014
			6.24657534246575	-5.89041095890411
			6.24657534246575	-5.91780821917808
			6.24657534246575	-5.94520547945205
			6.24657534246575	-5.97260273972603
			6.27397260273973	-6
			6.27397260273973	-6.02739726027397
			6.27397260273973	-6.05479452054794
			6.27397260273973	-6.08219178082192
			6.27397260273973	-6.10958904109589
			6.27397260273973	-6.13698630136986
			6.27397260273973	-6.16438356164384
			6.27397260273973	-6.19178082191781
			6.27397260273973	-6.21917808219178
			6.27397260273973	-6.24657534246575
			6.27397260273973	-6.27397260273973
			6.27397260273973	-6.3013698630137
			6.27397260273973	-6.32876712328767
			6.27397260273973	-6.35616438356164
			6.27397260273973	-6.38356164383562
			6.27397260273973	-6.41095890410959
			6.27397260273973	-6.43835616438356
			6.27397260273973	-6.46575342465753
			6.27397260273973	-6.49315068493151
			6.27397260273973	-6.52054794520548
			6.27397260273973	-6.54794520547945
			6.27397260273973	-6.57534246575342
			6.27397260273973	-6.6027397260274
			6.27397260273973	-6.63013698630137
			6.27397260273973	-6.65753424657534
			6.27397260273973	-6.68493150684932
			6.27397260273973	-6.71232876712329
		</glabella>
		<suture type=matrix rownames=FALSE colnames=FALSE nrow=234 ncol=2 as.numeric=TRUE >
			4.9041095890411	-1.67123287671233
			4.93150684931507	-1.67123287671233
			4.95890410958904	-1.67123287671233
			4.98630136986301	-1.6986301369863
			5.01369863013699	-1.6986301369863
			5.04109589041096	-1.6986301369863
			5.06849315068493	-1.6986301369863
			5.0958904109589	-1.6986301369863
			5.12328767123288	-1.72602739726027
			5.15068493150685	-1.72602739726027
			5.17808219178082	-1.72602739726027
			5.20547945205479	-1.72602739726027
			5.23287671232877	-1.75342465753425
			5.26027397260274	-1.75342465753425
			5.28767123287671	-1.75342465753425
			5.31506849315068	-1.75342465753425
			5.34246575342466	-1.75342465753425
			5.36986301369863	-1.78082191780822
			5.3972602739726	-1.78082191780822
			5.42465753424657	-1.78082191780822
			5.45205479452055	-1.78082191780822
			5.47945205479452	-1.80821917808219
			5.50684931506849	-1.80821917808219
			5.53424657534247	-1.80821917808219
			5.56164383561644	-1.83561643835616
			5.58904109589041	-1.83561643835616
			5.61643835616438	-1.83561643835616
			5.64383561643836	-1.83561643835616
			5.67123287671233	-1.86301369863014
			5.6986301369863	-1.86301369863014
			5.72602739726027	-1.86301369863014
			5.75342465753425	-1.89041095890411
			5.78082191780822	-1.89041095890411
			5.80821917808219	-1.89041095890411
			5.83561643835616	-1.89041095890411
			5.83561643835616	-1.91780821917808
			5.86301369863014	-1.91780821917808
			5.89041095890411	-1.91780821917808
			5.91780821917808	-1.94520547945205
			5.94520547945205	-1.94520547945205
			5.97260273972603	-1.94520547945205
			6	-1.97260273972603
			6.02739726027397	-1.97260273972603
			6.05479452054794	-2
			6.08219178082192	-2
			6.10958904109589	-2
			6.13698630136986	-2.02739726027397
			6.16438356164384	-2.05479452054794
			6.19178082191781	-2.05479452054794
			6.21917808219178	-2.08219178082192
			6.24657534246575	-2.08219178082192
			6.27397260273973	-2.10958904109589
			6.3013698630137	-2.10958904109589
			6.32876712328767	-2.13698630136986
			6.35616438356164	-2.16438356164384
			6.38356164383562	-2.19178082191781
			6.41095890410959	-2.21917808219178
			6.43835616438356	-2.24657534246575
			6.46575342465753	-2.27397260273973
			6.46575342465753	-2.3013698630137
			6.49315068493151	-2.32876712328767
			6.52054794520548	-2.35616438356164
			6.52054794520548	-2.38356164383562
			6.54794520547945	-2.41095890410959
			6.54794520547945	-2.43835616438356
			6.57534246575342	-2.46575342465753
			6.6027397260274	-2.49315068493151
			6.6027397260274	-2.52054794520548
			6.63013698630137	-2.54794520547945
			6.63013698630137	-2.57534246575342
			6.65753424657534	-2.6027397260274
			6.65753424657534	-2.63013698630137
			6.68493150684932	-2.65753424657534
			6.68493150684932	-2.68493150684932
			6.71232876712329	-2.71232876712329
			6.73972602739726	-2.73972602739726
			6.73972602739726	-2.76712328767123
			6.73972602739726	-2.79452054794521
			6.76712328767123	-2.82191780821918
			6.76712328767123	-2.84931506849315
			6.76712328767123	-2.87671232876712
			6.79452054794521	-2.87671232876712
			6.79452054794521	-2.9041095890411
			6.79452054794521	-2.93150684931507
			6.79452054794521	-2.95890410958904
			6.82191780821918	-2.98630136986301
			6.82191780821918	-3.01369863013699
			6.84931506849315	-3.04109589041096
			6.84931506849315	-3.06849315068493
			6.84931506849315	-3.0958904109589
			6.84931506849315	-3.12328767123288
			6.84931506849315	-3.15068493150685
			6.87671232876712	-3.17808219178082
			6.87671232876712	-3.20547945205479
			6.87671232876712	-3.23287671232877
			6.87671232876712	-3.26027397260274
			6.87671232876712	-3.28767123287671
			6.87671232876712	-3.31506849315068
			6.87671232876712	-3.34246575342466
			6.87671232876712	-3.36986301369863
			6.87671232876712	-3.3972602739726
			6.87671232876712	-3.42465753424658
			6.84931506849315	-3.45205479452055
			6.84931506849315	-3.47945205479452
			6.84931506849315	-3.50684931506849
			6.84931506849315	-3.53424657534247
			6.82191780821918	-3.56164383561644
			6.82191780821918	-3.58904109589041
			6.79452054794521	-3.61643835616438
			6.79452054794521	-3.64383561643836
			6.76712328767123	-3.67123287671233
			6.73972602739726	-3.6986301369863
			6.71232876712329	-3.72602739726027
			6.68493150684932	-3.72602739726027
			6.65753424657534	-3.75342465753425
			6.63013698630137	-3.78082191780822
			6.63013698630137	-3.80821917808219
			6.6027397260274	-3.83561643835616
			6.6027397260274	-3.86301369863014
			6.57534246575342	-3.86301369863014
			6.57534246575342	-3.89041095890411
			6.54794520547945	-3.91780821917808
			6.54794520547945	-3.94520547945205
			6.54794520547945	-3.97260273972603
			6.54794520547945	-4
			6.54794520547945	-4.02739726027397
			6.54794520547945	-4.05479452054795
			6.54794520547945	-4.08219178082192
			6.54794520547945	-4.10958904109589
			6.54794520547945	-4.13698630136986
			6.57534246575342	-4.16438356164384
			6.57534246575342	-4.19178082191781
			6.6027397260274	-4.21917808219178
			6.63013698630137	-4.24657534246575
			6.63013698630137	-4.27397260273973
			6.65753424657534	-4.3013698630137
			6.68493150684932	-4.32876712328767
			6.71232876712329	-4.35616438356164
			6.73972602739726	-4.38356164383562
			6.76712328767123	-4.41095890410959
			6.79452054794521	-4.43835616438356
			6.82191780821918	-4.46575342465753
			6.84931506849315	-4.46575342465753
			6.87671232876712	-4.49315068493151
			6.9041095890411	-4.52054794520548
			6.9041095890411	-4.54794520547945
			6.93150684931507	-4.57534246575342
			6.93150684931507	-4.6027397260274
			6.95890410958904	-4.63013698630137
			6.95890410958904	-4.65753424657534
			6.98630136986301	-4.68493150684932
			6.98630136986301	-4.71232876712329
			6.98630136986301	-4.73972602739726
			6.98630136986301	-4.76712328767123
			7.01369863013699	-4.79452054794521
			7.01369863013699	-4.82191780821918
			6.98630136986301	-4.84931506849315
			6.98630136986301	-4.87671232876712
			6.98630136986301	-4.9041095890411
			6.98630136986301	-4.93150684931507
			6.95890410958904	-4.95890410958904
			6.95890410958904	-4.98630136986301
			6.93150684931507	-4.98630136986301
			6.93150684931507	-5.01369863013699
			6.9041095890411	-5.04109589041096
			6.87671232876712	-5.06849315068493
			6.84931506849315	-5.06849315068493
			6.82191780821918	-5.0958904109589
			6.79452054794521	-5.12328767123288
			6.76712328767123	-5.12328767123288
			6.73972602739726	-5.15068493150685
			6.71232876712329	-5.15068493150685
			6.68493150684932	-5.17808219178082
			6.65753424657534	-5.17808219178082
			6.63013698630137	-5.17808219178082
			6.6027397260274	-5.20547945205479
			6.57534246575342	-5.20547945205479
			6.57534246575342	-5.23287671232877
			6.57534246575342	-5.26027397260274
			6.57534246575342	-5.28767123287671
			6.57534246575342	-5.31506849315068
			6.57534246575342	-5.34246575342466
			6.57534246575342	-5.36986301369863
			6.6027397260274	-5.3972602739726
			6.6027397260274	-5.42465753424657
			6.6027397260274	-5.45205479452055
			6.6027397260274	-5.47945205479452
			6.6027397260274	-5.50684931506849
			6.63013698630137	-5.53424657534247
			6.63013698630137	-5.56164383561644
			6.63013698630137	-5.58904109589041
			6.65753424657534	-5.61643835616438
			6.65753424657534	-5.64383561643836
			6.68493150684932	-5.67123287671233
			6.68493150684932	-5.6986301369863
			6.71232876712329	-5.72602739726027
			6.71232876712329	-5.75342465753425
			6.73972602739726	-5.78082191780822
			6.73972602739726	-5.80821917808219
			6.76712328767123	-5.83561643835616
			6.79452054794521	-5.86301369863014
			6.82191780821918	-5.89041095890411
			6.82191780821918	-5.91780821917808
			6.84931506849315	-5.94520547945205
			6.87671232876712	-5.97260273972603
			6.9041095890411	-6
			6.93150684931507	-6.02739726027397
			6.95890410958904	-6.05479452054794
			6.98630136986301	-6.08219178082192
			7.01369863013699	-6.10958904109589
			7.01369863013699	-6.13698630136986
			7.04109589041096	-6.13698630136986
			7.06849315068493	-6.16438356164384
			7.0958904109589	-6.19178082191781
			7.12328767123288	-6.21917808219178
			7.15068493150685	-6.21917808219178
			7.17808219178082	-6.24657534246575
			7.20547945205479	-6.27397260273973
			7.23287671232877	-6.27397260273973
			7.26027397260274	-6.3013698630137
			7.28767123287671	-6.3013698630137
			7.28767123287671	-6.32876712328767
			7.31506849315068	-6.32876712328767
			7.34246575342466	-6.35616438356164
			7.36986301369863	-6.38356164383562
			7.3972602739726	-6.41095890410959
			7.42465753424657	-6.43835616438356
			7.45205479452055	-6.46575342465753
			7.47945205479452	-6.49315068493151
			7.47945205479452	-6.52054794520548
			7.50684931506849	-6.54794520547945
			7.50684931506849	-6.57534246575342
			7.53424657534247	-6.6027397260274
			7.53424657534247	-6.63013698630137
		</suture>
		<anterior type=matrix rownames=FALSE colnames=FALSE nrow=261 ncol=2 as.numeric=TRUE >
			4.9041095890411	-1.67123287671233
			4.93150684931507	-1.67123287671233
			4.95890410958904	-1.67123287671233
			4.98630136986301	-1.6986301369863
			5.01369863013699	-1.6986301369863
			5.04109589041096	-1.6986301369863
			5.06849315068493	-1.6986301369863
			5.0958904109589	-1.6986301369863
			5.12328767123288	-1.72602739726027
			5.15068493150685	-1.72602739726027
			5.17808219178082	-1.72602739726027
			5.20547945205479	-1.72602739726027
			5.23287671232877	-1.72602739726027
			5.26027397260274	-1.75342465753425
			5.28767123287671	-1.75342465753425
			5.31506849315068	-1.75342465753425
			5.34246575342466	-1.75342465753425
			5.36986301369863	-1.78082191780822
			5.3972602739726	-1.78082191780822
			5.42465753424657	-1.78082191780822
			5.45205479452055	-1.80821917808219
			5.47945205479452	-1.80821917808219
			5.50684931506849	-1.80821917808219
			5.53424657534247	-1.80821917808219
			5.53424657534247	-1.83561643835616
			5.56164383561644	-1.83561643835616
			5.58904109589041	-1.83561643835616
			5.61643835616438	-1.83561643835616
			5.64383561643836	-1.86301369863014
			5.67123287671233	-1.86301369863014
			5.6986301369863	-1.86301369863014
			5.72602739726027	-1.89041095890411
			5.75342465753425	-1.89041095890411
			5.78082191780822	-1.89041095890411
			5.80821917808219	-1.91780821917808
			5.83561643835616	-1.91780821917808
			5.86301369863014	-1.91780821917808
			5.86301369863014	-1.94520547945205
			5.89041095890411	-1.94520547945205
			5.91780821917808	-1.94520547945205
			5.94520547945205	-1.97260273972603
			5.97260273972603	-1.97260273972603
			6	-1.97260273972603
			6.02739726027397	-2
			6.05479452054794	-2
			6.08219178082192	-2
			6.08219178082192	-2.02739726027397
			6.10958904109589	-2.02739726027397
			6.13698630136986	-2.05479452054794
			6.16438356164384	-2.05479452054794
			6.19178082191781	-2.05479452054794
			6.21917808219178	-2.08219178082192
			6.24657534246575	-2.08219178082192
			6.24657534246575	-2.10958904109589
			6.27397260273973	-2.10958904109589
			6.3013698630137	-2.10958904109589
			6.32876712328767	-2.13698630136986
			6.35616438356164	-2.13698630136986
			6.38356164383562	-2.16438356164384
			6.41095890410959	-2.19178082191781
			6.43835616438356	-2.19178082191781
			6.46575342465753	-2.21917808219178
			6.49315068493151	-2.21917808219178
			6.52054794520548	-2.24657534246575
			6.54794520547945	-2.24657534246575
			6.57534246575342	-2.27397260273973
			6.6027397260274	-2.3013698630137
			6.63013698630137	-2.3013698630137
			6.65753424657534	-2.32876712328767
			6.68493150684932	-2.32876712328767
			6.71232876712329	-2.35616438356164
			6.73972602739726	-2.35616438356164
			6.76712328767123	-2.38356164383562
			6.79452054794521	-2.41095890410959
			6.82191780821918	-2.43835616438356
			6.84931506849315	-2.46575342465753
			6.87671232876712	-2.46575342465753
			6.9041095890411	-2.49315068493151
			6.93150684931507	-2.52054794520548
			6.95890410958904	-2.54794520547945
			6.98630136986301	-2.54794520547945
			7.01369863013699	-2.57534246575342
			7.04109589041096	-2.57534246575342
			7.04109589041096	-2.6027397260274
			7.06849315068493	-2.6027397260274
			7.0958904109589	-2.63013698630137
			7.12328767123288	-2.65753424657534
			7.15068493150685	-2.68493150684932
			7.17808219178082	-2.71232876712329
			7.20547945205479	-2.73972602739726
			7.23287671232877	-2.76712328767123
			7.26027397260274	-2.76712328767123
			7.28767123287671	-2.79452054794521
			7.31506849315068	-2.82191780821918
			7.34246575342466	-2.84931506849315
			7.34246575342466	-2.87671232876712
			7.36986301369863	-2.87671232876712
			7.3972602739726	-2.9041095890411
			7.42465753424657	-2.93150684931507
			7.45205479452055	-2.95890410958904
			7.45205479452055	-2.98630136986301
			7.47945205479452	-3.01369863013699
			7.50684931506849	-3.01369863013699
			7.53424657534247	-3.04109589041096
			7.56164383561644	-3.06849315068493
			7.56164383561644	-3.0958904109589
			7.58904109589041	-3.12328767123288
			7.61643835616438	-3.15068493150685
			7.64383561643836	-3.17808219178082
			7.64383561643836	-3.20547945205479
			7.67123287671233	-3.20547945205479
			7.6986301369863	-3.23287671232877
			7.72602739726027	-3.26027397260274
			7.72602739726027	-3.28767123287671
			7.75342465753425	-3.31506849315068
			7.78082191780822	-3.34246575342466
			7.80821917808219	-3.36986301369863
			7.80821917808219	-3.3972602739726
			7.83561643835616	-3.42465753424658
			7.86301369863014	-3.45205479452055
			7.86301369863014	-3.47945205479452
			7.89041095890411	-3.50684931506849
			7.91780821917808	-3.53424657534247
			7.91780821917808	-3.56164383561644
			7.94520547945205	-3.58904109589041
			7.97260273972603	-3.61643835616438
			7.97260273972603	-3.64383561643836
			8	-3.67123287671233
			8.02739726027397	-3.6986301369863
			8.02739726027397	-3.72602739726027
			8.05479452054795	-3.75342465753425
			8.08219178082192	-3.78082191780822
			8.08219178082192	-3.80821917808219
			8.10958904109589	-3.83561643835616
			8.13698630136986	-3.86301369863014
			8.13698630136986	-3.89041095890411
			8.16438356164383	-3.91780821917808
			8.16438356164383	-3.94520547945205
			8.19178082191781	-3.97260273972603
			8.21917808219178	-4
			8.21917808219178	-4.02739726027397
			8.21917808219178	-4.05479452054795
			8.24657534246575	-4.05479452054795
			8.24657534246575	-4.08219178082192
			8.24657534246575	-4.10958904109589
			8.27397260273973	-4.10958904109589
			8.27397260273973	-4.13698630136986
			8.27397260273973	-4.16438356164384
			8.3013698630137	-4.19178082191781
			8.3013698630137	-4.21917808219178
			8.32876712328767	-4.24657534246575
			8.35616438356164	-4.27397260273973
			8.35616438356164	-4.3013698630137
			8.35616438356164	-4.32876712328767
			8.38356164383562	-4.35616438356164
			8.38356164383562	-4.38356164383562
			8.41095890410959	-4.41095890410959
			8.41095890410959	-4.43835616438356
			8.43835616438356	-4.46575342465753
			8.43835616438356	-4.49315068493151
			8.46575342465753	-4.52054794520548
			8.46575342465753	-4.54794520547945
			8.46575342465753	-4.57534246575342
			8.49315068493151	-4.57534246575342
			8.49315068493151	-4.6027397260274
			8.49315068493151	-4.63013698630137
			8.52054794520548	-4.65753424657534
			8.52054794520548	-4.68493150684932
			8.52054794520548	-4.71232876712329
			8.54794520547945	-4.73972602739726
			8.54794520547945	-4.76712328767123
			8.57534246575342	-4.79452054794521
			8.57534246575342	-4.82191780821918
			8.57534246575342	-4.84931506849315
			8.6027397260274	-4.87671232876712
			8.6027397260274	-4.9041095890411
			8.6027397260274	-4.93150684931507
			8.63013698630137	-4.95890410958904
			8.63013698630137	-4.98630136986301
			8.63013698630137	-5.01369863013699
			8.65753424657534	-5.04109589041096
			8.65753424657534	-5.06849315068493
			8.65753424657534	-5.0958904109589
			8.65753424657534	-5.12328767123288
			8.68493150684932	-5.15068493150685
			8.68493150684932	-5.17808219178082
			8.68493150684932	-5.20547945205479
			8.71232876712329	-5.23287671232877
			8.71232876712329	-5.26027397260274
			8.71232876712329	-5.28767123287671
			8.73972602739726	-5.31506849315068
			8.73972602739726	-5.34246575342466
			8.73972602739726	-5.36986301369863
			8.73972602739726	-5.3972602739726
			8.76712328767123	-5.42465753424657
			8.76712328767123	-5.45205479452055
			8.76712328767123	-5.47945205479452
			8.7945205479452	-5.50684931506849
			8.7945205479452	-5.53424657534247
			8.7945205479452	-5.56164383561644
			8.7945205479452	-5.58904109589041
			8.82191780821918	-5.61643835616438
			8.82191780821918	-5.64383561643836
			8.82191780821918	-5.67123287671233
			8.82191780821918	-5.6986301369863
			8.84931506849315	-5.72602739726027
			8.84931506849315	-5.75342465753425
			8.84931506849315	-5.78082191780822
			8.84931506849315	-5.80821917808219
			8.84931506849315	-5.83561643835616
			8.87671232876712	-5.86301369863014
			8.87671232876712	-5.89041095890411
			8.87671232876712	-5.91780821917808
			8.87671232876712	-5.94520547945205
			8.87671232876712	-5.97260273972603
			8.9041095890411	-5.97260273972603
			8.9041095890411	-6
			8.9041095890411	-6.02739726027397
			8.9041095890411	-6.05479452054794
			8.9041095890411	-6.08219178082192
			8.93150684931507	-6.10958904109589
			8.93150684931507	-6.13698630136986
			8.93150684931507	-6.16438356164384
			8.93150684931507	-6.19178082191781
			8.93150684931507	-6.21917808219178
			8.93150684931507	-6.24657534246575
			8.95890410958904	-6.27397260273973
			8.95890410958904	-6.3013698630137
			8.95890410958904	-6.32876712328767
			8.95890410958904	-6.35616438356164
			8.95890410958904	-6.38356164383562
			8.95890410958904	-6.41095890410959
			8.98630136986301	-6.43835616438356
			8.98630136986301	-6.46575342465753
			8.98630136986301	-6.49315068493151
			8.98630136986301	-6.52054794520548
			8.98630136986301	-6.54794520547945
			8.98630136986301	-6.57534246575342
			8.98630136986301	-6.6027397260274
			9.01369863013699	-6.63013698630137
			9.01369863013699	-6.65753424657534
			9.01369863013699	-6.68493150684932
			9.01369863013699	-6.71232876712329
			9.01369863013699	-6.73972602739726
			9.01369863013699	-6.76712328767123
			9.01369863013699	-6.79452054794521
			9.04109589041096	-6.82191780821918
			9.04109589041096	-6.84931506849315
			9.04109589041096	-6.87671232876712
			9.04109589041096	-6.9041095890411
			9.04109589041096	-6.93150684931507
			9.04109589041096	-6.95890410958904
			9.04109589041096	-6.98630136986301
			9.04109589041096	-7.01369863013699
			9.04109589041096	-7.04109589041096
			9.06849315068493	-7.06849315068493
			9.06849315068493	-7.0958904109589
			9.06849315068493	-7.12328767123288
			9.06849315068493	-7.15068493150685
			9.06849315068493	-7.17808219178082
			9.06849315068493	-7.20547945205479
		</anterior>
		<posterior type=matrix rownames=FALSE colnames=FALSE nrow=291 ncol=2 as.numeric=TRUE >
			4.38356164383562	-7.20547945205479
			4.41095890410959	-7.20547945205479
			4.43835616438356	-7.20547945205479
			4.46575342465753	-7.20547945205479
			4.49315068493151	-7.20547945205479
			4.52054794520548	-7.20547945205479
			4.54794520547945	-7.20547945205479
			4.57534246575342	-7.17808219178082
			4.6027397260274	-7.17808219178082
			4.63013698630137	-7.17808219178082
			4.65753424657534	-7.17808219178082
			4.68493150684932	-7.17808219178082
			4.71232876712329	-7.17808219178082
			4.73972602739726	-7.17808219178082
			4.76712328767123	-7.17808219178082
			4.79452054794521	-7.17808219178082
			4.82191780821918	-7.17808219178082
			4.84931506849315	-7.15068493150685
			4.87671232876712	-7.15068493150685
			4.9041095890411	-7.15068493150685
			4.93150684931507	-7.15068493150685
			4.95890410958904	-7.15068493150685
			4.98630136986301	-7.15068493150685
			5.01369863013699	-7.15068493150685
			5.04109589041096	-7.12328767123288
			5.06849315068493	-7.12328767123288
			5.0958904109589	-7.12328767123288
			5.12328767123288	-7.12328767123288
			5.15068493150685	-7.12328767123288
			5.17808219178082	-7.12328767123288
			5.20547945205479	-7.12328767123288
			5.23287671232877	-7.0958904109589
			5.26027397260274	-7.0958904109589
			5.28767123287671	-7.0958904109589
			5.31506849315068	-7.0958904109589
			5.34246575342466	-7.0958904109589
			5.36986301369863	-7.06849315068493
			5.3972602739726	-7.06849315068493
			5.42465753424657	-7.06849315068493
			5.45205479452055	-7.06849315068493
			5.47945205479452	-7.06849315068493
			5.50684931506849	-7.04109589041096
			5.53424657534247	-7.04109589041096
			5.56164383561644	-7.04109589041096
			5.58904109589041	-7.04109589041096
			5.61643835616438	-7.04109589041096
			5.64383561643836	-7.01369863013699
			5.67123287671233	-7.01369863013699
			5.6986301369863	-7.01369863013699
			5.72602739726027	-7.01369863013699
			5.75342465753425	-6.98630136986301
			5.78082191780822	-6.98630136986301
			5.80821917808219	-6.98630136986301
			5.83561643835616	-6.98630136986301
			5.86301369863014	-6.95890410958904
			5.89041095890411	-6.95890410958904
			5.91780821917808	-6.95890410958904
			5.94520547945205	-6.95890410958904
			5.97260273972603	-6.93150684931507
			6	-6.93150684931507
			6.02739726027397	-6.93150684931507
			6.05479452054794	-6.93150684931507
			6.08219178082192	-6.9041095890411
			6.10958904109589	-6.9041095890411
			6.13698630136986	-6.9041095890411
			6.16438356164384	-6.87671232876712
			6.19178082191781	-6.87671232876712
			6.21917808219178	-6.87671232876712
			6.24657534246575	-6.87671232876712
			6.27397260273973	-6.84931506849315
			6.3013698630137	-6.84931506849315
			6.3013698630137	-6.82191780821918
			6.32876712328767	-6.82191780821918
			6.32876712328767	-6.79452054794521
			6.35616438356164	-6.79452054794521
			6.38356164383562	-6.76712328767123
			6.41095890410959	-6.73972602739726
			6.43835616438356	-6.73972602739726
			6.46575342465753	-6.73972602739726
			6.49315068493151	-6.71232876712329
			6.52054794520548	-6.71232876712329
			6.54794520547945	-6.71232876712329
			6.57534246575342	-6.71232876712329
			6.6027397260274	-6.71232876712329
			6.63013698630137	-6.71232876712329
			6.65753424657534	-6.71232876712329
			6.68493150684932	-6.71232876712329
			6.71232876712329	-6.71232876712329
			6.73972602739726	-6.71232876712329
			6.76712328767123	-6.71232876712329
			6.79452054794521	-6.71232876712329
			6.82191780821918	-6.71232876712329
			6.84931506849315	-6.71232876712329
			6.87671232876712	-6.71232876712329
			6.9041095890411	-6.71232876712329
			6.93150684931507	-6.71232876712329
			6.95890410958904	-6.71232876712329
			6.98630136986301	-6.73972602739726
			7.01369863013699	-6.73972602739726
			7.04109589041096	-6.73972602739726
			7.06849315068493	-6.73972602739726
			7.0958904109589	-6.73972602739726
			7.12328767123288	-6.73972602739726
			7.15068493150685	-6.76712328767123
			7.17808219178082	-6.76712328767123
			7.20547945205479	-6.76712328767123
			7.23287671232877	-6.76712328767123
			7.26027397260274	-6.79452054794521
			7.28767123287671	-6.79452054794521
			7.31506849315068	-6.79452054794521
			7.34246575342466	-6.82191780821918
			7.36986301369863	-6.82191780821918
			7.3972602739726	-6.82191780821918
			7.42465753424657	-6.82191780821918
			7.45205479452055	-6.84931506849315
			7.47945205479452	-6.84931506849315
			7.50684931506849	-6.84931506849315
			7.53424657534247	-6.87671232876712
			7.56164383561644	-6.87671232876712
			7.58904109589041	-6.87671232876712
			7.61643835616438	-6.9041095890411
			7.64383561643836	-6.9041095890411
			7.67123287671233	-6.9041095890411
			7.6986301369863	-6.9041095890411
			7.6986301369863	-6.93150684931507
			7.72602739726027	-6.93150684931507
			7.75342465753425	-6.93150684931507
			7.78082191780822	-6.95890410958904
			7.80821917808219	-6.95890410958904
			7.83561643835616	-6.95890410958904
			7.86301369863014	-6.98630136986301
			7.89041095890411	-6.98630136986301
			7.91780821917808	-7.01369863013699
			7.94520547945205	-7.01369863013699
			7.97260273972603	-7.01369863013699
			8	-7.04109589041096
			8.02739726027397	-7.04109589041096
			8.05479452054795	-7.04109589041096
			8.08219178082192	-7.06849315068493
			8.10958904109589	-7.06849315068493
			8.13698630136986	-7.06849315068493
			8.13698630136986	-7.0958904109589
			8.16438356164383	-7.0958904109589
			8.19178082191781	-7.0958904109589
			8.21917808219178	-7.12328767123288
			8.24657534246575	-7.12328767123288
			8.27397260273973	-7.12328767123288
			8.27397260273973	-7.15068493150685
			8.3013698630137	-7.15068493150685
			8.32876712328767	-7.15068493150685
			8.32876712328767	-7.17808219178082
			8.35616438356164	-7.17808219178082
			8.35616438356164	-7.20547945205479
			8.38356164383562	-7.20547945205479
			8.41095890410959	-7.23287671232877
			8.43835616438356	-7.26027397260274
			8.46575342465753	-7.28767123287671
			8.49315068493151	-7.31506849315068
			8.52054794520548	-7.34246575342466
			8.54794520547945	-7.36986301369863
			8.57534246575342	-7.3972602739726
			8.6027397260274	-7.42465753424657
			8.6027397260274	-7.45205479452055
			8.63013698630137	-7.47945205479452
			8.63013698630137	-7.50684931506849
			8.65753424657534	-7.53424657534247
			8.68493150684932	-7.53424657534247
			8.68493150684932	-7.56164383561644
			8.71232876712329	-7.58904109589041
			8.71232876712329	-7.61643835616438
			8.73972602739726	-7.64383561643836
			8.73972602739726	-7.67123287671233
			8.76712328767123	-7.6986301369863
			8.76712328767123	-7.72602739726027
			8.7945205479452	-7.75342465753425
			8.7945205479452	-7.78082191780822
			8.7945205479452	-7.80821917808219
			8.82191780821918	-7.83561643835616
			8.82191780821918	-7.86301369863014
			8.82191780821918	-7.89041095890411
			8.84931506849315	-7.91780821917808
			8.84931506849315	-7.94520547945205
			8.87671232876712	-7.97260273972603
			8.87671232876712	-8
			8.87671232876712	-8.02739726027397
			8.9041095890411	-8.02739726027397
			8.9041095890411	-8.05479452054795
			8.9041095890411	-8.08219178082192
			8.9041095890411	-8.10958904109589
			8.93150684931507	-8.13698630136986
			8.93150684931507	-8.16438356164383
			8.93150684931507	-8.19178082191781
			8.95890410958904	-8.21917808219178
			8.95890410958904	-8.24657534246575
			8.95890410958904	-8.27397260273973
			8.95890410958904	-8.3013698630137
			8.98630136986301	-8.32876712328767
			8.98630136986301	-8.35616438356164
			8.98630136986301	-8.38356164383562
			8.98630136986301	-8.41095890410959
			9.01369863013699	-8.41095890410959
			9.01369863013699	-8.43835616438356
			9.01369863013699	-8.46575342465753
			9.01369863013699	-8.49315068493151
			9.01369863013699	-8.52054794520548
			9.04109589041096	-8.54794520547945
			9.04109589041096	-8.57534246575342
			9.04109589041096	-8.6027397260274
			9.04109589041096	-8.63013698630137
			9.04109589041096	-8.65753424657534
			9.06849315068493	-8.68493150684932
			9.06849315068493	-8.71232876712329
			9.06849315068493	-8.73972602739726
			9.06849315068493	-8.76712328767123
			9.06849315068493	-8.7945205479452
			9.0958904109589	-8.82191780821918
			9.0958904109589	-8.84931506849315
			9.0958904109589	-8.87671232876712
			9.0958904109589	-8.9041095890411
			9.0958904109589	-8.93150684931507
			9.12328767123288	-8.95890410958904
			9.12328767123288	-8.98630136986301
			9.12328767123288	-9.01369863013699
			9.12328767123288	-9.04109589041096
			9.12328767123288	-9.01369863013699
			9.12328767123288	-8.98630136986301
			9.12328767123288	-8.95890410958904
			9.12328767123288	-8.93150684931507
			9.15068493150685	-8.9041095890411
			9.15068493150685	-8.87671232876712
			9.15068493150685	-8.84931506849315
			9.15068493150685	-8.82191780821918
			9.15068493150685	-8.7945205479452
			9.15068493150685	-8.76712328767123
			9.15068493150685	-8.73972602739726
			9.15068493150685	-8.71232876712329
			9.15068493150685	-8.68493150684932
			9.15068493150685	-8.65753424657534
			9.15068493150685	-8.63013698630137
			9.17808219178082	-8.6027397260274
			9.17808219178082	-8.57534246575342
			9.17808219178082	-8.54794520547945
			9.17808219178082	-8.52054794520548
			9.17808219178082	-8.49315068493151
			9.17808219178082	-8.46575342465753
			9.17808219178082	-8.43835616438356
			9.17808219178082	-8.41095890410959
			9.17808219178082	-8.38356164383562
			9.17808219178082	-8.35616438356164
			9.17808219178082	-8.32876712328767
			9.17808219178082	-8.3013698630137
			9.17808219178082	-8.27397260273973
			9.17808219178082	-8.24657534246575
			9.17808219178082	-8.21917808219178
			9.17808219178082	-8.19178082191781
			9.17808219178082	-8.16438356164383
			9.17808219178082	-8.13698630136986
			9.17808219178082	-8.10958904109589
			9.17808219178082	-8.08219178082192
			9.17808219178082	-8.05479452054795
			9.17808219178082	-8.02739726027397
			9.17808219178082	-8
			9.17808219178082	-7.97260273972603
			9.17808219178082	-7.94520547945205
			9.17808219178082	-7.91780821917808
			9.17808219178082	-7.89041095890411
			9.17808219178082	-7.86301369863014
			9.17808219178082	-7.83561643835616
			9.17808219178082	-7.80821917808219
			9.17808219178082	-7.78082191780822
			9.15068493150685	-7.75342465753425
			9.15068493150685	-7.72602739726027
			9.15068493150685	-7.6986301369863
			9.15068493150685	-7.67123287671233
			9.15068493150685	-7.64383561643836
			9.15068493150685	-7.61643835616438
			9.15068493150685	-7.58904109589041
			9.15068493150685	-7.56164383561644
			9.15068493150685	-7.53424657534247
			9.12328767123288	-7.50684931506849
			9.12328767123288	-7.47945205479452
			9.12328767123288	-7.45205479452055
			9.12328767123288	-7.42465753424657
			9.12328767123288	-7.3972602739726
			9.0958904109589	-7.36986301369863
			9.0958904109589	-7.34246575342466
			9.0958904109589	-7.31506849315068
			9.0958904109589	-7.28767123287671
			9.06849315068493	-7.26027397260274
			9.06849315068493	-7.23287671232877
			9.06849315068493	-7.20547945205479
		</posterior>
	</curves.scaled>
	<ruler.points type=matrix rownames=TRUE colnames=FALSE nrow=2 ncol=2 as.numeric=TRUE >
		Ruler point 1	155	47
		Ruler point 2	228	47
	</ruler.points>
</shapes>

