<shapes type=list>
	<ruler.pixel type=vector names=FALSE length=1 as.numeric=TRUE >60.00833275471</ruler.pixel>
	<ruler.interval type=vector names=FALSE length=1 as.numeric=TRUE >1</ruler.interval>
	<scaling.units type=vector names=FALSE length=1 as.numeric=FALSE >mm</scaling.units>
	<scaling type=vector names=FALSE length=1 as.numeric=TRUE >0.0166643523339933</scaling>
	<landmarks.pixel type=matrix rownames=TRUE colnames=FALSE nrow=16 ncol=2 as.numeric=TRUE >
		LM1	131	35
		LM2	131	65
		LM3	131	183
		LM4	131	205
		LM5	180	162
		LM6	180	178
		LM7	178	189
		LM8	177	109
		LM9	180	142
		LM10	131	35
		LM11	189	175
		LM12	224	190
		LM13	131	35
		LM14	191	124
		LM15	245	205
		LM16	245	225
	</landmarks.pixel>
	<landmarks.scaled type=matrix rownames=TRUE colnames=FALSE nrow=16 ncol=2 as.numeric=TRUE >
		LM1	2.18303015575313	-0.583252331689767
		LM2	2.18303015575313	-1.08318290170957
		LM3	2.18303015575313	-3.04957647712078
		LM4	2.18303015575313	-3.41619222846863
		LM5	2.9995834201188	-2.69962507810692
		LM6	2.9995834201188	-2.96625471545081
		LM7	2.96625471545081	-3.14956259112474
		LM8	2.94959036311682	-1.81641440440527
		LM9	2.9995834201188	-2.36633803142705
		LM10	2.18303015575313	-0.583252331689767
		LM11	3.14956259112474	-2.91626165844883
		LM12	3.73281492281451	-3.16622694345873
		LM13	2.18303015575313	-0.583252331689767
		LM14	3.18289129579273	-2.06637968941517
		LM15	4.08276632182837	-3.41619222846863
		LM16	4.08276632182837	-3.7494792751485
	</landmarks.scaled>
	<curves.control type=list>
		<glabella type=matrix rownames=FALSE colnames=FALSE nrow=5 ncol=2 as.numeric=TRUE >
			131	65
			173	70
			176	143
			184	168
			178	189
		</glabella>
		<suture type=matrix rownames=FALSE colnames=FALSE nrow=15 ncol=2 as.numeric=TRUE >
			131	35
			161	40
			170	48
			189	63
			168	84
			169	98
			177	109
			183	113
			187	122
			186	133
			180	142
			185	158
			189	175
			204	177
			224	190
		</suture>
		<anterior type=matrix rownames=FALSE colnames=FALSE nrow=3 ncol=2 as.numeric=TRUE >
			131	35
			237	51
			245	205
		</anterior>
		<posterior type=matrix rownames=FALSE colnames=FALSE nrow=9 ncol=2 as.numeric=TRUE >
			131	205
			142	207
			178	189
			189	188
			224	190
			230	193
			245	225
			246	212
			245	205
		</posterior>
	</curves.control>
	<curves.pixel type=list>
		<glabella type=matrix rownames=FALSE colnames=FALSE nrow=141 ncol=2 as.numeric=TRUE >
			131	65
			132	65
			133	65
			134	66
			135	66
			136	66
			137	66
			138	66
			139	67
			140	67
			141	67
			142	68
			143	68
			144	69
			145	69
			146	70
			147	70
			148	70
			148	71
			149	71
			150	72
			151	73
			152	74
			153	74
			154	75
			155	76
			156	77
			156	78
			157	78
			158	79
			159	80
			159	81
			160	82
			161	83
			162	84
			162	85
			163	86
			163	87
			164	88
			164	89
			165	89
			165	90
			165	91
			166	92
			166	93
			167	94
			167	95
			168	96
			168	97
			168	98
			169	99
			169	100
			169	101
			170	102
			170	103
			170	104
			171	105
			171	106
			171	107
			171	108
			172	109
			172	110
			172	111
			172	112
			173	113
			173	114
			173	115
			173	116
			173	117
			173	118
			174	119
			174	120
			174	121
			174	122
			174	123
			174	124
			175	125
			175	126
			175	127
			175	128
			175	129
			175	130
			175	131
			175	132
			175	133
			175	134
			176	135
			176	136
			176	137
			176	138
			176	139
			176	140
			176	141
			176	142
			176	143
			176	144
			177	145
			177	146
			177	147
			178	148
			178	149
			178	150
			178	151
			178	152
			179	153
			179	154
			179	155
			179	156
			179	157
			180	158
			180	159
			180	160
			180	161
			180	162
			180	163
			180	164
			180	165
			180	166
			181	167
			181	168
			181	169
			181	170
			181	171
			181	172
			181	173
			180	174
			180	175
			180	176
			180	177
			180	178
			180	179
			180	180
			180	181
			180	182
			179	183
			179	184
			179	185
			179	186
			178	187
			178	188
			178	189
		</glabella>
		<suture type=matrix rownames=FALSE colnames=FALSE nrow=211 ncol=2 as.numeric=TRUE >
			131	35
			132	35
			133	35
			134	36
			135	36
			136	36
			137	36
			138	36
			139	36
			140	37
			141	37
			142	37
			143	37
			144	37
			144	38
			145	38
			146	38
			147	38
			148	39
			149	39
			150	39
			151	39
			152	39
			152	40
			153	40
			154	40
			155	41
			156	41
			157	41
			158	41
			158	42
			159	42
			160	42
			161	43
			162	43
			163	44
			164	44
			165	45
			166	45
			167	46
			168	47
			169	47
			170	48
			171	49
			172	50
			173	51
			174	52
			175	53
			176	54
			177	55
			177	56
			178	57
			178	58
			178	59
			179	60
			179	61
			179	62
			179	63
			179	64
			179	65
			179	66
			179	67
			178	68
			178	69
			178	70
			177	71
			177	72
			176	73
			176	74
			175	75
			175	76
			174	76
			174	77
			173	78
			172	79
			172	80
			171	81
			170	82
			169	83
			168	84
			168	85
			168	86
			168	87
			168	88
			169	89
			169	90
			169	91
			169	92
			169	93
			170	93
			170	94
			170	95
			170	96
			171	97
			171	98
			171	99
			172	100
			172	101
			173	102
			173	103
			174	104
			174	105
			175	106
			176	107
			176	108
			177	109
			178	110
			179	110
			180	111
			181	112
			182	113
			183	114
			183	115
			184	116
			184	117
			185	118
			186	119
			186	120
			187	121
			187	122
			187	123
			187	124
			187	125
			186	126
			186	127
			186	128
			186	129
			186	130
			185	131
			185	132
			184	133
			184	134
			184	135
			183	136
			183	137
			182	138
			182	139
			181	140
			180	141
			180	142
			180	143
			181	144
			181	145
			181	146
			182	147
			182	148
			182	149
			182	150
			183	151
			183	152
			183	153
			184	154
			184	155
			184	156
			184	157
			185	157
			185	158
			185	159
			185	160
			186	161
			186	162
			186	163
			186	164
			186	165
			187	166
			187	167
			187	168
			187	169
			188	169
			188	170
			188	171
			188	172
			189	173
			189	174
			189	175
			190	175
			191	175
			192	175
			193	176
			194	176
			195	176
			196	176
			196	177
			197	177
			198	177
			199	177
			200	178
			201	178
			202	178
			203	179
			204	179
			205	180
			206	180
			207	181
			208	181
			209	181
			210	182
			211	182
			212	183
			213	184
			214	184
			215	185
			216	185
			217	186
			218	186
			219	187
			220	188
			221	188
			222	189
			223	189
			224	190
		</suture>
		<anterior type=matrix rownames=FALSE colnames=FALSE nrow=215 ncol=2 as.numeric=TRUE >
			131	35
			132	35
			133	35
			134	35
			135	36
			136	36
			137	36
			138	36
			139	37
			140	37
			141	37
			142	37
			143	37
			144	38
			145	38
			146	38
			147	38
			148	39
			149	39
			150	39
			151	39
			152	40
			153	40
			154	41
			155	41
			156	41
			157	42
			158	42
			159	42
			160	43
			161	43
			162	44
			163	44
			164	44
			165	45
			166	45
			167	46
			168	46
			169	47
			170	47
			171	48
			172	48
			173	49
			174	49
			175	50
			176	51
			177	51
			178	52
			179	52
			180	53
			181	54
			182	54
			183	55
			184	55
			184	56
			185	57
			186	57
			187	58
			188	59
			189	59
			190	60
			191	61
			191	62
			192	62
			193	63
			194	64
			195	64
			195	65
			196	66
			197	67
			198	68
			199	68
			199	69
			200	70
			201	71
			202	72
			203	73
			204	74
			205	75
			206	76
			206	77
			207	78
			208	79
			209	80
			210	81
			210	82
			211	83
			211	84
			212	85
			213	86
			214	87
			214	88
			215	89
			216	90
			216	91
			217	92
			217	93
			218	94
			219	95
			219	96
			219	97
			220	98
			220	99
			221	99
			221	100
			222	101
			222	102
			222	103
			223	104
			224	105
			224	106
			225	107
			225	108
			225	109
			226	110
			226	111
			227	112
			227	113
			227	114
			228	115
			228	116
			229	117
			229	118
			229	119
			230	120
			230	121
			230	122
			231	123
			231	124
			231	125
			232	126
			232	127
			232	128
			233	129
			233	130
			233	131
			234	132
			234	133
			234	134
			235	135
			235	136
			235	137
			235	138
			236	139
			236	140
			236	141
			236	142
			236	143
			237	143
			237	144
			237	145
			237	146
			237	147
			238	147
			238	148
			238	149
			238	150
			238	151
			238	152
			239	152
			239	153
			239	154
			239	155
			239	156
			239	157
			240	157
			240	158
			240	159
			240	160
			240	161
			240	162
			241	163
			241	164
			241	165
			241	166
			241	167
			241	168
			241	169
			242	169
			242	170
			242	171
			242	172
			242	173
			242	174
			242	175
			242	176
			243	177
			243	178
			243	179
			243	180
			243	181
			243	182
			243	183
			243	184
			243	185
			244	186
			244	187
			244	188
			244	189
			244	190
			244	191
			244	192
			244	193
			244	194
			244	195
			244	196
			244	197
			245	198
			245	199
			245	200
			245	201
			245	202
			245	203
			245	204
			245	205
		</anterior>
		<posterior type=matrix rownames=FALSE colnames=FALSE nrow=153 ncol=2 as.numeric=TRUE >
			131	205
			132	205
			133	205
			134	205
			135	205
			136	205
			137	205
			138	205
			139	205
			140	204
			141	204
			142	204
			143	204
			144	203
			145	203
			146	203
			147	202
			148	202
			149	202
			150	201
			151	201
			152	200
			153	200
			154	200
			155	200
			155	199
			156	199
			157	199
			158	198
			159	198
			160	197
			161	197
			162	197
			163	196
			164	196
			165	195
			166	195
			167	194
			168	194
			169	193
			170	193
			171	192
			172	192
			173	191
			174	191
			175	190
			176	190
			177	189
			178	189
			179	189
			180	189
			181	189
			182	189
			183	189
			184	189
			185	189
			186	189
			187	189
			188	189
			189	189
			190	189
			191	189
			192	189
			193	189
			194	189
			195	189
			196	189
			197	189
			198	189
			199	189
			200	189
			201	189
			202	189
			203	189
			204	189
			205	189
			206	189
			207	189
			208	189
			209	189
			210	189
			211	189
			212	189
			213	189
			214	189
			215	190
			216	190
			217	190
			218	190
			219	190
			220	190
			221	190
			222	190
			223	190
			224	190
			225	190
			225	191
			226	192
			227	193
			228	194
			229	195
			230	196
			230	197
			231	198
			232	199
			232	200
			233	201
			233	202
			234	203
			234	204
			235	205
			236	206
			236	207
			237	208
			237	209
			238	210
			238	211
			238	212
			239	212
			239	213
			240	214
			240	215
			240	216
			241	216
			241	217
			242	218
			242	219
			242	220
			243	221
			244	222
			244	223
			245	224
			245	225
			245	224
			245	223
			245	222
			245	221
			245	220
			245	219
			245	218
			245	217
			245	216
			245	215
			245	214
			245	213
			245	212
			245	211
			245	210
			245	209
			245	208
			245	207
			245	206
			245	205
		</posterior>
	</curves.pixel>
	<curves.scaled type=list>
		<glabella type=matrix rownames=FALSE colnames=FALSE nrow=141 ncol=2 as.numeric=TRUE >
			2.18303015575313	-1.08318290170957
			2.19969450808712	-1.08318290170957
			2.21635886042111	-1.08318290170957
			2.23302321275511	-1.09984725404356
			2.2496875650891	-1.09984725404356
			2.26635191742309	-1.09984725404356
			2.28301626975709	-1.09984725404356
			2.29968062209108	-1.09984725404356
			2.31634497442507	-1.11651160637755
			2.33300932675907	-1.11651160637755
			2.34967367909306	-1.11651160637755
			2.36633803142705	-1.13317595871155
			2.38300238376105	-1.13317595871155
			2.39966673609504	-1.14984031104554
			2.41633108842903	-1.14984031104554
			2.43299544076303	-1.16650466337953
			2.44965979309702	-1.16650466337953
			2.46632414543101	-1.16650466337953
			2.46632414543101	-1.18316901571353
			2.48298849776501	-1.18316901571353
			2.499652850099	-1.19983336804752
			2.51631720243299	-1.21649772038151
			2.53298155476699	-1.23316207271551
			2.54964590710098	-1.23316207271551
			2.56631025943497	-1.2498264250495
			2.58297461176897	-1.26649077738349
			2.59963896410296	-1.28315512971749
			2.59963896410296	-1.29981948205148
			2.61630331643695	-1.29981948205148
			2.63296766877095	-1.31648383438547
			2.64963202110494	-1.33314818671947
			2.64963202110494	-1.34981253905346
			2.66629637343893	-1.36647689138745
			2.68296072577293	-1.38314124372145
			2.69962507810692	-1.39980559605544
			2.69962507810692	-1.41646994838943
			2.71628943044091	-1.43313430072343
			2.71628943044091	-1.44979865305742
			2.73295378277491	-1.46646300539141
			2.73295378277491	-1.48312735772541
			2.7496181351089	-1.48312735772541
			2.7496181351089	-1.4997917100594
			2.7496181351089	-1.51645606239339
			2.76628248744289	-1.53312041472739
			2.76628248744289	-1.54978476706138
			2.78294683977689	-1.56644911939537
			2.78294683977689	-1.58311347172937
			2.79961119211088	-1.59977782406336
			2.79961119211088	-1.61644217639735
			2.79961119211088	-1.63310652873135
			2.81627554444487	-1.64977088106534
			2.81627554444487	-1.66643523339933
			2.81627554444487	-1.68309958573333
			2.83293989677887	-1.69976393806732
			2.83293989677887	-1.71642829040131
			2.83293989677887	-1.73309264273531
			2.84960424911286	-1.7497569950693
			2.84960424911286	-1.76642134740329
			2.84960424911286	-1.78308569973729
			2.84960424911286	-1.79975005207128
			2.86626860144685	-1.81641440440527
			2.86626860144685	-1.83307875673927
			2.86626860144685	-1.84974310907326
			2.86626860144685	-1.86640746140725
			2.88293295378085	-1.88307181374125
			2.88293295378085	-1.89973616607524
			2.88293295378085	-1.91640051840923
			2.88293295378085	-1.93306487074323
			2.88293295378085	-1.94972922307722
			2.88293295378085	-1.96639357541121
			2.89959730611484	-1.98305792774521
			2.89959730611484	-1.9997222800792
			2.89959730611484	-2.01638663241319
			2.89959730611484	-2.03305098474719
			2.89959730611484	-2.04971533708118
			2.89959730611484	-2.06637968941517
			2.91626165844883	-2.08304404174917
			2.91626165844883	-2.09970839408316
			2.91626165844883	-2.11637274641715
			2.91626165844883	-2.13303709875115
			2.91626165844883	-2.14970145108514
			2.91626165844883	-2.16636580341913
			2.91626165844883	-2.18303015575313
			2.91626165844883	-2.19969450808712
			2.91626165844883	-2.21635886042111
			2.91626165844883	-2.23302321275511
			2.93292601078283	-2.2496875650891
			2.93292601078283	-2.26635191742309
			2.93292601078283	-2.28301626975709
			2.93292601078283	-2.29968062209108
			2.93292601078283	-2.31634497442507
			2.93292601078283	-2.33300932675907
			2.93292601078283	-2.34967367909306
			2.93292601078283	-2.36633803142705
			2.93292601078283	-2.38300238376105
			2.93292601078283	-2.39966673609504
			2.94959036311682	-2.41633108842903
			2.94959036311682	-2.43299544076303
			2.94959036311682	-2.44965979309702
			2.96625471545081	-2.46632414543101
			2.96625471545081	-2.48298849776501
			2.96625471545081	-2.499652850099
			2.96625471545081	-2.51631720243299
			2.96625471545081	-2.53298155476699
			2.98291906778481	-2.54964590710098
			2.98291906778481	-2.56631025943497
			2.98291906778481	-2.58297461176897
			2.98291906778481	-2.59963896410296
			2.98291906778481	-2.61630331643695
			2.9995834201188	-2.63296766877095
			2.9995834201188	-2.64963202110494
			2.9995834201188	-2.66629637343893
			2.9995834201188	-2.68296072577293
			2.9995834201188	-2.69962507810692
			2.9995834201188	-2.71628943044091
			2.9995834201188	-2.73295378277491
			2.9995834201188	-2.7496181351089
			2.9995834201188	-2.76628248744289
			3.01624777245279	-2.78294683977689
			3.01624777245279	-2.79961119211088
			3.01624777245279	-2.81627554444487
			3.01624777245279	-2.83293989677887
			3.01624777245279	-2.84960424911286
			3.01624777245279	-2.86626860144685
			3.01624777245279	-2.88293295378085
			2.9995834201188	-2.89959730611484
			2.9995834201188	-2.91626165844883
			2.9995834201188	-2.93292601078283
			2.9995834201188	-2.94959036311682
			2.9995834201188	-2.96625471545081
			2.9995834201188	-2.98291906778481
			2.9995834201188	-2.9995834201188
			2.9995834201188	-3.01624777245279
			2.9995834201188	-3.03291212478679
			2.98291906778481	-3.04957647712078
			2.98291906778481	-3.06624082945477
			2.98291906778481	-3.08290518178877
			2.98291906778481	-3.09956953412276
			2.96625471545081	-3.11623388645675
			2.96625471545081	-3.13289823879075
			2.96625471545081	-3.14956259112474
		</glabella>
		<suture type=matrix rownames=FALSE colnames=FALSE nrow=211 ncol=2 as.numeric=TRUE >
			2.18303015575313	-0.583252331689767
			2.19969450808712	-0.583252331689767
			2.21635886042111	-0.583252331689767
			2.23302321275511	-0.59991668402376
			2.2496875650891	-0.59991668402376
			2.26635191742309	-0.59991668402376
			2.28301626975709	-0.59991668402376
			2.29968062209108	-0.59991668402376
			2.31634497442507	-0.59991668402376
			2.33300932675907	-0.616581036357753
			2.34967367909306	-0.616581036357753
			2.36633803142705	-0.616581036357753
			2.38300238376105	-0.616581036357753
			2.39966673609504	-0.616581036357753
			2.39966673609504	-0.633245388691747
			2.41633108842903	-0.633245388691747
			2.43299544076303	-0.633245388691747
			2.44965979309702	-0.633245388691747
			2.46632414543101	-0.64990974102574
			2.48298849776501	-0.64990974102574
			2.499652850099	-0.64990974102574
			2.51631720243299	-0.64990974102574
			2.53298155476699	-0.64990974102574
			2.53298155476699	-0.666574093359733
			2.54964590710098	-0.666574093359733
			2.56631025943497	-0.666574093359733
			2.58297461176897	-0.683238445693727
			2.59963896410296	-0.683238445693727
			2.61630331643695	-0.683238445693727
			2.63296766877095	-0.683238445693727
			2.63296766877095	-0.69990279802772
			2.64963202110494	-0.69990279802772
			2.66629637343893	-0.69990279802772
			2.68296072577293	-0.716567150361713
			2.69962507810692	-0.716567150361713
			2.71628943044091	-0.733231502695707
			2.73295378277491	-0.733231502695707
			2.7496181351089	-0.7498958550297
			2.76628248744289	-0.7498958550297
			2.78294683977689	-0.766560207363693
			2.79961119211088	-0.783224559697687
			2.81627554444487	-0.783224559697687
			2.83293989677887	-0.79988891203168
			2.84960424911286	-0.816553264365673
			2.86626860144685	-0.833217616699667
			2.88293295378085	-0.84988196903366
			2.89959730611484	-0.866546321367653
			2.91626165844883	-0.883210673701647
			2.93292601078283	-0.89987502603564
			2.94959036311682	-0.916539378369633
			2.94959036311682	-0.933203730703627
			2.96625471545081	-0.94986808303762
			2.96625471545081	-0.966532435371613
			2.96625471545081	-0.983196787705607
			2.98291906778481	-0.9998611400396
			2.98291906778481	-1.01652549237359
			2.98291906778481	-1.03318984470759
			2.98291906778481	-1.04985419704158
			2.98291906778481	-1.06651854937557
			2.98291906778481	-1.08318290170957
			2.98291906778481	-1.09984725404356
			2.98291906778481	-1.11651160637755
			2.96625471545081	-1.13317595871155
			2.96625471545081	-1.14984031104554
			2.96625471545081	-1.16650466337953
			2.94959036311682	-1.18316901571353
			2.94959036311682	-1.19983336804752
			2.93292601078283	-1.21649772038151
			2.93292601078283	-1.23316207271551
			2.91626165844883	-1.2498264250495
			2.91626165844883	-1.26649077738349
			2.89959730611484	-1.26649077738349
			2.89959730611484	-1.28315512971749
			2.88293295378085	-1.29981948205148
			2.86626860144685	-1.31648383438547
			2.86626860144685	-1.33314818671947
			2.84960424911286	-1.34981253905346
			2.83293989677887	-1.36647689138745
			2.81627554444487	-1.38314124372145
			2.79961119211088	-1.39980559605544
			2.79961119211088	-1.41646994838943
			2.79961119211088	-1.43313430072343
			2.79961119211088	-1.44979865305742
			2.79961119211088	-1.46646300539141
			2.81627554444487	-1.48312735772541
			2.81627554444487	-1.4997917100594
			2.81627554444487	-1.51645606239339
			2.81627554444487	-1.53312041472739
			2.81627554444487	-1.54978476706138
			2.83293989677887	-1.54978476706138
			2.83293989677887	-1.56644911939537
			2.83293989677887	-1.58311347172937
			2.83293989677887	-1.59977782406336
			2.84960424911286	-1.61644217639735
			2.84960424911286	-1.63310652873135
			2.84960424911286	-1.64977088106534
			2.86626860144685	-1.66643523339933
			2.86626860144685	-1.68309958573333
			2.88293295378085	-1.69976393806732
			2.88293295378085	-1.71642829040131
			2.89959730611484	-1.73309264273531
			2.89959730611484	-1.7497569950693
			2.91626165844883	-1.76642134740329
			2.93292601078283	-1.78308569973729
			2.93292601078283	-1.79975005207128
			2.94959036311682	-1.81641440440527
			2.96625471545081	-1.83307875673927
			2.98291906778481	-1.83307875673927
			2.9995834201188	-1.84974310907326
			3.01624777245279	-1.86640746140725
			3.03291212478679	-1.88307181374125
			3.04957647712078	-1.89973616607524
			3.04957647712078	-1.91640051840923
			3.06624082945477	-1.93306487074323
			3.06624082945477	-1.94972922307722
			3.08290518178877	-1.96639357541121
			3.09956953412276	-1.98305792774521
			3.09956953412276	-1.9997222800792
			3.11623388645675	-2.01638663241319
			3.11623388645675	-2.03305098474719
			3.11623388645675	-2.04971533708118
			3.11623388645675	-2.06637968941517
			3.11623388645675	-2.08304404174917
			3.09956953412276	-2.09970839408316
			3.09956953412276	-2.11637274641715
			3.09956953412276	-2.13303709875115
			3.09956953412276	-2.14970145108514
			3.09956953412276	-2.16636580341913
			3.08290518178877	-2.18303015575313
			3.08290518178877	-2.19969450808712
			3.06624082945477	-2.21635886042111
			3.06624082945477	-2.23302321275511
			3.06624082945477	-2.2496875650891
			3.04957647712078	-2.26635191742309
			3.04957647712078	-2.28301626975709
			3.03291212478679	-2.29968062209108
			3.03291212478679	-2.31634497442507
			3.01624777245279	-2.33300932675907
			2.9995834201188	-2.34967367909306
			2.9995834201188	-2.36633803142705
			2.9995834201188	-2.38300238376105
			3.01624777245279	-2.39966673609504
			3.01624777245279	-2.41633108842903
			3.01624777245279	-2.43299544076303
			3.03291212478679	-2.44965979309702
			3.03291212478679	-2.46632414543101
			3.03291212478679	-2.48298849776501
			3.03291212478679	-2.499652850099
			3.04957647712078	-2.51631720243299
			3.04957647712078	-2.53298155476699
			3.04957647712078	-2.54964590710098
			3.06624082945477	-2.56631025943497
			3.06624082945477	-2.58297461176897
			3.06624082945477	-2.59963896410296
			3.06624082945477	-2.61630331643695
			3.08290518178877	-2.61630331643695
			3.08290518178877	-2.63296766877095
			3.08290518178877	-2.64963202110494
			3.08290518178877	-2.66629637343893
			3.09956953412276	-2.68296072577293
			3.09956953412276	-2.69962507810692
			3.09956953412276	-2.71628943044091
			3.09956953412276	-2.73295378277491
			3.09956953412276	-2.7496181351089
			3.11623388645675	-2.76628248744289
			3.11623388645675	-2.78294683977689
			3.11623388645675	-2.79961119211088
			3.11623388645675	-2.81627554444487
			3.13289823879075	-2.81627554444487
			3.13289823879075	-2.83293989677887
			3.13289823879075	-2.84960424911286
			3.13289823879075	-2.86626860144685
			3.14956259112474	-2.88293295378085
			3.14956259112474	-2.89959730611484
			3.14956259112474	-2.91626165844883
			3.16622694345873	-2.91626165844883
			3.18289129579273	-2.91626165844883
			3.19955564812672	-2.91626165844883
			3.21622000046071	-2.93292601078283
			3.23288435279471	-2.93292601078283
			3.2495487051287	-2.93292601078283
			3.26621305746269	-2.93292601078283
			3.26621305746269	-2.94959036311682
			3.28287740979669	-2.94959036311682
			3.29954176213068	-2.94959036311682
			3.31620611446467	-2.94959036311682
			3.33287046679867	-2.96625471545081
			3.34953481913266	-2.96625471545081
			3.36619917146665	-2.96625471545081
			3.38286352380065	-2.98291906778481
			3.39952787613464	-2.98291906778481
			3.41619222846863	-2.9995834201188
			3.43285658080263	-2.9995834201188
			3.44952093313662	-3.01624777245279
			3.46618528547061	-3.01624777245279
			3.48284963780461	-3.01624777245279
			3.4995139901386	-3.03291212478679
			3.51617834247259	-3.03291212478679
			3.53284269480659	-3.04957647712078
			3.54950704714058	-3.06624082945477
			3.56617139947457	-3.06624082945477
			3.58283575180857	-3.08290518178877
			3.59950010414256	-3.08290518178877
			3.61616445647655	-3.09956953412276
			3.63282880881055	-3.09956953412276
			3.64949316114454	-3.11623388645675
			3.66615751347853	-3.13289823879075
			3.68282186581253	-3.13289823879075
			3.69948621814652	-3.14956259112474
			3.71615057048051	-3.14956259112474
			3.73281492281451	-3.16622694345873
		</suture>
		<anterior type=matrix rownames=FALSE colnames=FALSE nrow=215 ncol=2 as.numeric=TRUE >
			2.18303015575313	-0.583252331689767
			2.19969450808712	-0.583252331689767
			2.21635886042111	-0.583252331689767
			2.23302321275511	-0.583252331689767
			2.2496875650891	-0.59991668402376
			2.26635191742309	-0.59991668402376
			2.28301626975709	-0.59991668402376
			2.29968062209108	-0.59991668402376
			2.31634497442507	-0.616581036357753
			2.33300932675907	-0.616581036357753
			2.34967367909306	-0.616581036357753
			2.36633803142705	-0.616581036357753
			2.38300238376105	-0.616581036357753
			2.39966673609504	-0.633245388691747
			2.41633108842903	-0.633245388691747
			2.43299544076303	-0.633245388691747
			2.44965979309702	-0.633245388691747
			2.46632414543101	-0.64990974102574
			2.48298849776501	-0.64990974102574
			2.499652850099	-0.64990974102574
			2.51631720243299	-0.64990974102574
			2.53298155476699	-0.666574093359733
			2.54964590710098	-0.666574093359733
			2.56631025943497	-0.683238445693727
			2.58297461176897	-0.683238445693727
			2.59963896410296	-0.683238445693727
			2.61630331643695	-0.69990279802772
			2.63296766877095	-0.69990279802772
			2.64963202110494	-0.69990279802772
			2.66629637343893	-0.716567150361713
			2.68296072577293	-0.716567150361713
			2.69962507810692	-0.733231502695707
			2.71628943044091	-0.733231502695707
			2.73295378277491	-0.733231502695707
			2.7496181351089	-0.7498958550297
			2.76628248744289	-0.7498958550297
			2.78294683977689	-0.766560207363693
			2.79961119211088	-0.766560207363693
			2.81627554444487	-0.783224559697687
			2.83293989677887	-0.783224559697687
			2.84960424911286	-0.79988891203168
			2.86626860144685	-0.79988891203168
			2.88293295378085	-0.816553264365673
			2.89959730611484	-0.816553264365673
			2.91626165844883	-0.833217616699667
			2.93292601078283	-0.84988196903366
			2.94959036311682	-0.84988196903366
			2.96625471545081	-0.866546321367653
			2.98291906778481	-0.866546321367653
			2.9995834201188	-0.883210673701647
			3.01624777245279	-0.89987502603564
			3.03291212478679	-0.89987502603564
			3.04957647712078	-0.916539378369633
			3.06624082945477	-0.916539378369633
			3.06624082945477	-0.933203730703627
			3.08290518178877	-0.94986808303762
			3.09956953412276	-0.94986808303762
			3.11623388645675	-0.966532435371613
			3.13289823879075	-0.983196787705607
			3.14956259112474	-0.983196787705607
			3.16622694345873	-0.9998611400396
			3.18289129579273	-1.01652549237359
			3.18289129579273	-1.03318984470759
			3.19955564812672	-1.03318984470759
			3.21622000046071	-1.04985419704158
			3.23288435279471	-1.06651854937557
			3.2495487051287	-1.06651854937557
			3.2495487051287	-1.08318290170957
			3.26621305746269	-1.09984725404356
			3.28287740979669	-1.11651160637755
			3.29954176213068	-1.13317595871155
			3.31620611446467	-1.13317595871155
			3.31620611446467	-1.14984031104554
			3.33287046679867	-1.16650466337953
			3.34953481913266	-1.18316901571353
			3.36619917146665	-1.19983336804752
			3.38286352380065	-1.21649772038151
			3.39952787613464	-1.23316207271551
			3.41619222846863	-1.2498264250495
			3.43285658080263	-1.26649077738349
			3.43285658080263	-1.28315512971749
			3.44952093313662	-1.29981948205148
			3.46618528547061	-1.31648383438547
			3.48284963780461	-1.33314818671947
			3.4995139901386	-1.34981253905346
			3.4995139901386	-1.36647689138745
			3.51617834247259	-1.38314124372145
			3.51617834247259	-1.39980559605544
			3.53284269480659	-1.41646994838943
			3.54950704714058	-1.43313430072343
			3.56617139947457	-1.44979865305742
			3.56617139947457	-1.46646300539141
			3.58283575180857	-1.48312735772541
			3.59950010414256	-1.4997917100594
			3.59950010414256	-1.51645606239339
			3.61616445647655	-1.53312041472739
			3.61616445647655	-1.54978476706138
			3.63282880881055	-1.56644911939537
			3.64949316114454	-1.58311347172937
			3.64949316114454	-1.59977782406336
			3.64949316114454	-1.61644217639735
			3.66615751347853	-1.63310652873135
			3.66615751347853	-1.64977088106534
			3.68282186581253	-1.64977088106534
			3.68282186581253	-1.66643523339933
			3.69948621814652	-1.68309958573333
			3.69948621814652	-1.69976393806732
			3.69948621814652	-1.71642829040131
			3.71615057048051	-1.73309264273531
			3.73281492281451	-1.7497569950693
			3.73281492281451	-1.76642134740329
			3.7494792751485	-1.78308569973729
			3.7494792751485	-1.79975005207128
			3.7494792751485	-1.81641440440527
			3.76614362748249	-1.83307875673927
			3.76614362748249	-1.84974310907326
			3.78280797981649	-1.86640746140725
			3.78280797981649	-1.88307181374125
			3.78280797981649	-1.89973616607524
			3.79947233215048	-1.91640051840923
			3.79947233215048	-1.93306487074323
			3.81613668448447	-1.94972922307722
			3.81613668448447	-1.96639357541121
			3.81613668448447	-1.98305792774521
			3.83280103681847	-1.9997222800792
			3.83280103681847	-2.01638663241319
			3.83280103681847	-2.03305098474719
			3.84946538915246	-2.04971533708118
			3.84946538915246	-2.06637968941517
			3.84946538915246	-2.08304404174917
			3.86612974148645	-2.09970839408316
			3.86612974148645	-2.11637274641715
			3.86612974148645	-2.13303709875115
			3.88279409382045	-2.14970145108514
			3.88279409382045	-2.16636580341913
			3.88279409382045	-2.18303015575313
			3.89945844615444	-2.19969450808712
			3.89945844615444	-2.21635886042111
			3.89945844615444	-2.23302321275511
			3.91612279848843	-2.2496875650891
			3.91612279848843	-2.26635191742309
			3.91612279848843	-2.28301626975709
			3.91612279848843	-2.29968062209108
			3.93278715082243	-2.31634497442507
			3.93278715082243	-2.33300932675907
			3.93278715082243	-2.34967367909306
			3.93278715082243	-2.36633803142705
			3.93278715082243	-2.38300238376105
			3.94945150315642	-2.38300238376105
			3.94945150315642	-2.39966673609504
			3.94945150315642	-2.41633108842903
			3.94945150315642	-2.43299544076303
			3.94945150315642	-2.44965979309702
			3.96611585549041	-2.44965979309702
			3.96611585549041	-2.46632414543101
			3.96611585549041	-2.48298849776501
			3.96611585549041	-2.499652850099
			3.96611585549041	-2.51631720243299
			3.96611585549041	-2.53298155476699
			3.98278020782441	-2.53298155476699
			3.98278020782441	-2.54964590710098
			3.98278020782441	-2.56631025943497
			3.98278020782441	-2.58297461176897
			3.98278020782441	-2.59963896410296
			3.98278020782441	-2.61630331643695
			3.9994445601584	-2.61630331643695
			3.9994445601584	-2.63296766877095
			3.9994445601584	-2.64963202110494
			3.9994445601584	-2.66629637343893
			3.9994445601584	-2.68296072577293
			3.9994445601584	-2.69962507810692
			4.01610891249239	-2.71628943044091
			4.01610891249239	-2.73295378277491
			4.01610891249239	-2.7496181351089
			4.01610891249239	-2.76628248744289
			4.01610891249239	-2.78294683977689
			4.01610891249239	-2.79961119211088
			4.01610891249239	-2.81627554444487
			4.03277326482639	-2.81627554444487
			4.03277326482639	-2.83293989677887
			4.03277326482639	-2.84960424911286
			4.03277326482639	-2.86626860144685
			4.03277326482639	-2.88293295378085
			4.03277326482639	-2.89959730611484
			4.03277326482639	-2.91626165844883
			4.03277326482639	-2.93292601078283
			4.04943761716038	-2.94959036311682
			4.04943761716038	-2.96625471545081
			4.04943761716038	-2.98291906778481
			4.04943761716038	-2.9995834201188
			4.04943761716038	-3.01624777245279
			4.04943761716038	-3.03291212478679
			4.04943761716038	-3.04957647712078
			4.04943761716038	-3.06624082945477
			4.04943761716038	-3.08290518178877
			4.06610196949437	-3.09956953412276
			4.06610196949437	-3.11623388645675
			4.06610196949437	-3.13289823879075
			4.06610196949437	-3.14956259112474
			4.06610196949437	-3.16622694345873
			4.06610196949437	-3.18289129579273
			4.06610196949437	-3.19955564812672
			4.06610196949437	-3.21622000046071
			4.06610196949437	-3.23288435279471
			4.06610196949437	-3.2495487051287
			4.06610196949437	-3.26621305746269
			4.06610196949437	-3.28287740979669
			4.08276632182837	-3.29954176213068
			4.08276632182837	-3.31620611446467
			4.08276632182837	-3.33287046679867
			4.08276632182837	-3.34953481913266
			4.08276632182837	-3.36619917146665
			4.08276632182837	-3.38286352380065
			4.08276632182837	-3.39952787613464
			4.08276632182837	-3.41619222846863
		</anterior>
		<posterior type=matrix rownames=FALSE colnames=FALSE nrow=153 ncol=2 as.numeric=TRUE >
			2.18303015575313	-3.41619222846863
			2.19969450808712	-3.41619222846863
			2.21635886042111	-3.41619222846863
			2.23302321275511	-3.41619222846863
			2.2496875650891	-3.41619222846863
			2.26635191742309	-3.41619222846863
			2.28301626975709	-3.41619222846863
			2.29968062209108	-3.41619222846863
			2.31634497442507	-3.41619222846863
			2.33300932675907	-3.39952787613464
			2.34967367909306	-3.39952787613464
			2.36633803142705	-3.39952787613464
			2.38300238376105	-3.39952787613464
			2.39966673609504	-3.38286352380065
			2.41633108842903	-3.38286352380065
			2.43299544076303	-3.38286352380065
			2.44965979309702	-3.36619917146665
			2.46632414543101	-3.36619917146665
			2.48298849776501	-3.36619917146665
			2.499652850099	-3.34953481913266
			2.51631720243299	-3.34953481913266
			2.53298155476699	-3.33287046679867
			2.54964590710098	-3.33287046679867
			2.56631025943497	-3.33287046679867
			2.58297461176897	-3.33287046679867
			2.58297461176897	-3.31620611446467
			2.59963896410296	-3.31620611446467
			2.61630331643695	-3.31620611446467
			2.63296766877095	-3.29954176213068
			2.64963202110494	-3.29954176213068
			2.66629637343893	-3.28287740979669
			2.68296072577293	-3.28287740979669
			2.69962507810692	-3.28287740979669
			2.71628943044091	-3.26621305746269
			2.73295378277491	-3.26621305746269
			2.7496181351089	-3.2495487051287
			2.76628248744289	-3.2495487051287
			2.78294683977689	-3.23288435279471
			2.79961119211088	-3.23288435279471
			2.81627554444487	-3.21622000046071
			2.83293989677887	-3.21622000046071
			2.84960424911286	-3.19955564812672
			2.86626860144685	-3.19955564812672
			2.88293295378085	-3.18289129579273
			2.89959730611484	-3.18289129579273
			2.91626165844883	-3.16622694345873
			2.93292601078283	-3.16622694345873
			2.94959036311682	-3.14956259112474
			2.96625471545081	-3.14956259112474
			2.98291906778481	-3.14956259112474
			2.9995834201188	-3.14956259112474
			3.01624777245279	-3.14956259112474
			3.03291212478679	-3.14956259112474
			3.04957647712078	-3.14956259112474
			3.06624082945477	-3.14956259112474
			3.08290518178877	-3.14956259112474
			3.09956953412276	-3.14956259112474
			3.11623388645675	-3.14956259112474
			3.13289823879075	-3.14956259112474
			3.14956259112474	-3.14956259112474
			3.16622694345873	-3.14956259112474
			3.18289129579273	-3.14956259112474
			3.19955564812672	-3.14956259112474
			3.21622000046071	-3.14956259112474
			3.23288435279471	-3.14956259112474
			3.2495487051287	-3.14956259112474
			3.26621305746269	-3.14956259112474
			3.28287740979669	-3.14956259112474
			3.29954176213068	-3.14956259112474
			3.31620611446467	-3.14956259112474
			3.33287046679867	-3.14956259112474
			3.34953481913266	-3.14956259112474
			3.36619917146665	-3.14956259112474
			3.38286352380065	-3.14956259112474
			3.39952787613464	-3.14956259112474
			3.41619222846863	-3.14956259112474
			3.43285658080263	-3.14956259112474
			3.44952093313662	-3.14956259112474
			3.46618528547061	-3.14956259112474
			3.48284963780461	-3.14956259112474
			3.4995139901386	-3.14956259112474
			3.51617834247259	-3.14956259112474
			3.53284269480659	-3.14956259112474
			3.54950704714058	-3.14956259112474
			3.56617139947457	-3.14956259112474
			3.58283575180857	-3.16622694345873
			3.59950010414256	-3.16622694345873
			3.61616445647655	-3.16622694345873
			3.63282880881055	-3.16622694345873
			3.64949316114454	-3.16622694345873
			3.66615751347853	-3.16622694345873
			3.68282186581253	-3.16622694345873
			3.69948621814652	-3.16622694345873
			3.71615057048051	-3.16622694345873
			3.73281492281451	-3.16622694345873
			3.7494792751485	-3.16622694345873
			3.7494792751485	-3.18289129579273
			3.76614362748249	-3.19955564812672
			3.78280797981649	-3.21622000046071
			3.79947233215048	-3.23288435279471
			3.81613668448447	-3.2495487051287
			3.83280103681847	-3.26621305746269
			3.83280103681847	-3.28287740979669
			3.84946538915246	-3.29954176213068
			3.86612974148645	-3.31620611446467
			3.86612974148645	-3.33287046679867
			3.88279409382045	-3.34953481913266
			3.88279409382045	-3.36619917146665
			3.89945844615444	-3.38286352380065
			3.89945844615444	-3.39952787613464
			3.91612279848843	-3.41619222846863
			3.93278715082243	-3.43285658080263
			3.93278715082243	-3.44952093313662
			3.94945150315642	-3.46618528547061
			3.94945150315642	-3.48284963780461
			3.96611585549041	-3.4995139901386
			3.96611585549041	-3.51617834247259
			3.96611585549041	-3.53284269480659
			3.98278020782441	-3.53284269480659
			3.98278020782441	-3.54950704714058
			3.9994445601584	-3.56617139947457
			3.9994445601584	-3.58283575180857
			3.9994445601584	-3.59950010414256
			4.01610891249239	-3.59950010414256
			4.01610891249239	-3.61616445647655
			4.03277326482639	-3.63282880881055
			4.03277326482639	-3.64949316114454
			4.03277326482639	-3.66615751347853
			4.04943761716038	-3.68282186581253
			4.06610196949437	-3.69948621814652
			4.06610196949437	-3.71615057048051
			4.08276632182837	-3.73281492281451
			4.08276632182837	-3.7494792751485
			4.08276632182837	-3.73281492281451
			4.08276632182837	-3.71615057048051
			4.08276632182837	-3.69948621814652
			4.08276632182837	-3.68282186581253
			4.08276632182837	-3.66615751347853
			4.08276632182837	-3.64949316114454
			4.08276632182837	-3.63282880881055
			4.08276632182837	-3.61616445647655
			4.08276632182837	-3.59950010414256
			4.08276632182837	-3.58283575180857
			4.08276632182837	-3.56617139947457
			4.08276632182837	-3.54950704714058
			4.08276632182837	-3.53284269480659
			4.08276632182837	-3.51617834247259
			4.08276632182837	-3.4995139901386
			4.08276632182837	-3.48284963780461
			4.08276632182837	-3.46618528547061
			4.08276632182837	-3.44952093313662
			4.08276632182837	-3.43285658080263
			4.08276632182837	-3.41619222846863
		</posterior>
	</curves.scaled>
	<ruler.points type=matrix rownames=TRUE colnames=FALSE nrow=2 ncol=2 as.numeric=TRUE >
		Ruler point 1	130	16
		Ruler point 2	190	17
	</ruler.points>
</shapes>

