<shapes type=list>
	<ruler.pixel type=vector names=FALSE length=1 as.numeric=TRUE >508.015747787409</ruler.pixel>
	<ruler.interval type=vector names=FALSE length=1 as.numeric=TRUE >6.5</ruler.interval>
	<scaling.units type=vector names=FALSE length=1 as.numeric=FALSE >mm</scaling.units>
	<scaling type=vector names=FALSE length=1 as.numeric=TRUE >0.0127948789546581</scaling>
	<landmarks.pixel type=matrix rownames=TRUE colnames=FALSE nrow=16 ncol=2 as.numeric=TRUE >
		LM1	317	62
		LM2	317	86
		LM3	311	233
		LM4	309	284
		LM5	391	199
		LM6	387	263
		LM7	383	298
		LM8	397	134
		LM9	411	264
		LM10	317	62
		LM11	408	281
		LM12	460	329
		LM13	317	62
		LM14	462	211
		LM15	519	284
		LM16	518	407
	</landmarks.pixel>
	<landmarks.scaled type=matrix rownames=TRUE colnames=FALSE nrow=16 ncol=2 as.numeric=TRUE >
		LM1	4.05597662862661	-0.793282495188801
		LM2	4.05597662862661	-1.10035959010059
		LM3	3.97920735489866	-2.98120679643533
		LM4	3.95361759698935	-3.63374562312289
		LM5	5.00279767127131	-2.54618091197696
		LM6	4.95161815545268	-3.36505316507507
		LM7	4.90043863963404	-3.81287392848811
		LM8	5.07956694499926	-1.71451377992418
		LM9	5.25869525036447	-3.37784804402973
		LM10	4.05597662862661	-0.793282495188801
		LM11	5.2203106135005	-3.59536098625892
		LM12	5.88564431914272	-4.20951517608251
		LM13	4.05597662862661	-0.793282495188801
		LM14	5.91123407705203	-2.69971945943285
		LM15	6.64054217746754	-3.63374562312289
		LM16	6.62774729851288	-5.20751573454584
	</landmarks.scaled>
	<curves.control type=list>
		<glabella type=matrix rownames=FALSE colnames=FALSE nrow=7 ncol=2 as.numeric=TRUE >
			317	86
			390	78
			394	189
			399	225
			384	252
			387	285
			383	298
		</glabella>
		<suture type=matrix rownames=FALSE colnames=FALSE nrow=15 ncol=2 as.numeric=TRUE >
			317	62
			374	60
			416	97
			418	119
			400	157
			395	167
			403	167
			427	166
			428	208
			428	249
			402	256
			395	271
			408	281
			443	291
			460	329
		</suture>
		<anterior type=matrix rownames=FALSE colnames=FALSE nrow=7 ncol=2 as.numeric=TRUE >
			317	62
			366	59
			408	91
			436	113
			455	143
			500	204
			519	284
		</anterior>
		<posterior type=matrix rownames=FALSE colnames=FALSE nrow=13 ncol=2 as.numeric=TRUE >
			309	284
			342	287
			370	297
			397	304
			423	310
			452	324
			472	338
			499	368
			502	377
			510	401
			519	408
			534	366
			519	284
		</posterior>
	</curves.control>
	<curves.pixel type=list>
		<glabella type=matrix rownames=FALSE colnames=FALSE nrow=256 ncol=2 as.numeric=TRUE >
			317	86
			318	86
			319	86
			320	86
			321	86
			322	86
			323	86
			324	86
			325	85
			326	85
			327	85
			328	85
			329	85
			330	86
			331	86
			332	86
			333	86
			334	86
			335	86
			336	86
			337	86
			338	86
			339	87
			340	87
			341	87
			342	87
			343	88
			344	88
			345	88
			346	88
			347	89
			348	89
			349	89
			350	90
			351	90
			352	91
			353	91
			354	92
			355	92
			356	93
			357	93
			357	94
			358	94
			359	95
			360	95
			361	96
			362	96
			363	97
			363	98
			364	98
			365	99
			366	100
			366	101
			367	101
			368	102
			369	103
			369	104
			370	104
			371	105
			371	106
			372	107
			373	108
			373	109
			374	110
			375	111
			375	112
			376	113
			377	114
			377	115
			378	116
			378	117
			379	118
			380	119
			380	120
			381	121
			381	122
			382	123
			382	124
			382	125
			383	126
			383	127
			384	128
			384	129
			384	130
			385	131
			385	132
			385	133
			386	134
			386	135
			386	136
			387	137
			387	138
			387	139
			387	140
			388	141
			388	142
			388	143
			388	144
			389	145
			389	146
			389	147
			389	148
			390	149
			390	150
			390	151
			390	152
			390	153
			391	154
			391	155
			391	156
			391	157
			391	158
			391	159
			392	160
			392	161
			392	162
			392	163
			392	164
			392	165
			392	166
			392	167
			392	168
			393	168
			393	169
			393	170
			393	171
			393	172
			393	173
			393	174
			393	175
			393	176
			393	177
			393	178
			393	179
			394	180
			394	181
			394	182
			394	183
			394	184
			394	185
			394	186
			394	187
			394	188
			394	189
			394	190
			394	191
			394	192
			395	193
			395	194
			395	195
			395	196
			395	197
			395	198
			395	199
			395	200
			395	201
			395	202
			395	203
			395	204
			395	205
			395	206
			395	207
			395	208
			395	209
			395	210
			395	211
			395	212
			395	213
			395	214
			395	215
			395	216
			395	217
			395	218
			395	219
			394	220
			394	221
			394	222
			394	223
			394	224
			394	225
			393	226
			393	227
			393	228
			393	229
			392	230
			392	231
			392	232
			392	233
			391	234
			391	235
			391	236
			391	237
			390	238
			390	239
			390	240
			389	240
			389	241
			389	242
			388	243
			388	244
			388	245
			387	245
			387	246
			387	247
			386	248
			386	249
			385	249
			385	250
			385	251
			384	252
			384	253
			384	254
			384	255
			384	256
			384	257
			385	258
			385	259
			385	260
			385	261
			385	262
			385	263
			385	264
			385	265
			385	266
			385	267
			385	268
			385	269
			385	270
			385	271
			385	272
			385	273
			385	274
			385	275
			385	276
			385	277
			385	278
			385	279
			385	280
			385	281
			385	282
			385	283
			385	284
			385	285
			385	286
			385	287
			385	288
			385	289
			385	290
			384	291
			384	292
			384	293
			384	294
			384	295
			384	296
			383	297
			383	298
		</glabella>
		<suture type=matrix rownames=FALSE colnames=FALSE nrow=380 ncol=2 as.numeric=TRUE >
			317	62
			318	62
			319	62
			320	62
			321	62
			322	62
			323	62
			324	62
			325	62
			326	62
			327	62
			328	62
			329	62
			330	62
			331	62
			332	62
			333	62
			334	62
			335	62
			336	62
			337	63
			338	63
			339	63
			340	63
			341	63
			342	63
			343	63
			344	63
			345	64
			346	64
			347	64
			348	64
			349	64
			350	64
			351	64
			352	65
			353	65
			354	65
			355	65
			356	65
			357	66
			358	66
			359	66
			360	67
			361	67
			362	67
			363	67
			364	68
			365	68
			366	68
			367	69
			368	69
			369	69
			370	70
			371	70
			372	70
			373	71
			374	71
			375	71
			376	72
			377	72
			378	73
			379	73
			380	74
			381	74
			382	75
			383	75
			384	75
			385	76
			386	77
			387	77
			388	78
			389	78
			390	79
			391	79
			392	80
			393	80
			393	81
			394	81
			395	82
			396	82
			397	83
			398	83
			399	84
			400	84
			401	85
			401	86
			402	86
			403	87
			404	87
			405	88
			406	89
			407	89
			407	90
			408	91
			409	91
			410	92
			411	93
			412	93
			413	94
			413	95
			414	95
			415	96
			416	97
			416	98
			416	99
			416	100
			416	101
			416	102
			416	103
			416	104
			416	105
			416	106
			416	107
			416	108
			416	109
			416	110
			416	111
			415	112
			415	113
			415	114
			415	115
			415	116
			414	117
			414	118
			414	119
			414	120
			413	121
			413	122
			413	123
			413	124
			412	125
			412	126
			412	127
			412	128
			411	128
			411	129
			411	130
			411	131
			410	132
			410	133
			410	134
			409	135
			409	136
			409	137
			408	138
			408	139
			407	140
			407	141
			407	142
			406	143
			406	144
			405	145
			405	146
			404	147
			404	148
			404	149
			403	150
			403	151
			402	152
			402	153
			402	154
			401	154
			401	155
			401	156
			400	156
			400	157
			400	158
			399	158
			399	159
			399	160
			398	161
			398	162
			398	163
			398	164
			398	165
			399	166
			400	167
			401	167
			402	167
			403	167
			404	167
			405	167
			406	167
			407	167
			408	167
			409	168
			410	168
			411	168
			412	168
			413	169
			414	170
			415	170
			416	171
			417	171
			418	172
			418	173
			419	174
			420	175
			421	176
			421	177
			422	178
			423	179
			423	180
			423	181
			424	182
			424	183
			424	184
			425	184
			425	185
			425	186
			425	187
			426	188
			426	189
			426	190
			426	191
			427	192
			427	193
			427	194
			427	195
			427	196
			427	197
			427	198
			427	199
			428	200
			428	201
			428	202
			428	203
			428	204
			428	205
			428	206
			428	207
			428	208
			428	209
			428	210
			428	211
			428	212
			428	213
			428	214
			428	215
			428	216
			428	217
			428	218
			427	219
			427	220
			427	221
			427	222
			427	223
			427	224
			427	225
			426	226
			426	227
			426	228
			426	229
			425	230
			425	231
			425	232
			425	233
			424	234
			424	235
			424	236
			423	237
			423	238
			422	239
			422	240
			421	241
			421	242
			420	243
			420	244
			419	245
			418	245
			418	246
			417	247
			416	248
			415	249
			414	250
			413	251
			412	251
			411	252
			410	253
			409	253
			408	254
			407	254
			406	255
			405	255
			404	255
			403	256
			402	256
			402	257
			401	258
			401	259
			400	260
			400	261
			400	262
			400	263
			400	264
			400	265
			400	266
			400	267
			400	268
			400	269
			400	270
			400	271
			401	272
			401	273
			402	274
			402	275
			403	276
			404	277
			404	278
			405	279
			406	279
			407	280
			408	281
			409	281
			410	282
			411	282
			412	282
			413	283
			414	283
			415	283
			416	284
			417	284
			418	285
			419	285
			420	285
			421	286
			422	286
			423	287
			424	287
			424	288
			425	288
			426	289
			427	289
			428	290
			429	290
			430	291
			431	292
			432	293
			433	294
			434	294
			435	295
			436	296
			437	297
			438	297
			439	298
			440	299
			441	300
			441	301
			442	302
			443	303
			444	304
			445	305
			446	306
			446	307
			447	308
			448	309
			449	310
			450	311
			450	312
			451	313
			452	314
			453	315
			453	316
			454	317
			454	318
			455	319
			455	320
			456	320
			456	321
			456	322
			457	322
			457	323
			458	324
			458	325
			458	326
			459	326
			459	327
			459	328
			460	329
		</suture>
		<anterior type=matrix rownames=FALSE colnames=FALSE nrow=300 ncol=2 as.numeric=TRUE >
			317	62
			318	62
			319	62
			320	62
			321	62
			322	62
			323	62
			324	62
			325	62
			326	62
			327	62
			328	62
			329	62
			330	62
			331	62
			332	62
			333	62
			334	62
			335	62
			336	62
			337	62
			338	62
			339	62
			340	63
			341	63
			342	63
			343	63
			344	63
			345	63
			346	63
			347	64
			348	64
			349	64
			350	64
			351	64
			352	65
			353	65
			354	65
			355	65
			356	65
			357	66
			358	66
			359	66
			360	67
			361	67
			362	67
			363	67
			364	68
			365	68
			366	68
			367	69
			368	69
			369	69
			370	70
			371	70
			372	71
			373	71
			374	71
			375	72
			376	72
			377	72
			378	73
			379	73
			379	74
			380	74
			381	75
			382	75
			383	75
			384	76
			385	76
			386	77
			387	77
			388	78
			389	79
			390	79
			391	80
			392	80
			393	81
			394	82
			395	82
			396	83
			397	83
			397	84
			398	84
			399	85
			400	85
			400	86
			401	86
			402	87
			403	87
			403	88
			404	88
			405	89
			406	89
			406	90
			407	90
			408	91
			409	92
			410	93
			411	93
			412	94
			413	95
			414	96
			415	97
			416	97
			417	98
			418	99
			419	100
			420	101
			420	102
			421	102
			422	103
			423	104
			424	105
			425	106
			426	107
			427	108
			428	109
			429	109
			429	110
			430	111
			431	112
			432	113
			433	114
			434	115
			435	116
			435	117
			436	118
			437	119
			438	120
			439	121
			439	122
			440	123
			441	124
			442	124
			443	125
			443	126
			444	127
			445	128
			446	129
			446	130
			447	131
			448	132
			449	133
			449	134
			449	135
			450	135
			450	136
			451	137
			452	138
			452	139
			453	140
			454	141
			454	142
			455	143
			456	144
			457	145
			457	146
			458	147
			459	148
			459	149
			460	150
			461	151
			461	152
			462	153
			463	154
			463	155
			464	156
			465	157
			465	158
			466	159
			467	160
			467	161
			468	162
			469	163
			469	164
			470	165
			470	166
			471	167
			472	168
			472	169
			473	170
			474	171
			474	172
			475	173
			475	174
			476	175
			477	176
			477	177
			478	178
			478	179
			479	180
			479	181
			480	182
			481	183
			481	184
			482	185
			482	186
			483	187
			483	188
			484	189
			484	190
			485	191
			486	192
			486	193
			487	194
			487	195
			487	196
			488	196
			488	197
			488	198
			489	198
			489	199
			489	200
			490	201
			490	202
			491	203
			491	204
			492	205
			492	206
			492	207
			493	207
			493	208
			494	209
			494	210
			495	211
			495	212
			495	213
			496	214
			496	215
			497	216
			497	217
			497	218
			498	219
			498	220
			499	221
			499	222
			499	223
			500	224
			500	225
			501	226
			501	227
			501	228
			502	228
			502	229
			503	230
			503	231
			503	232
			504	233
			504	234
			504	235
			505	236
			505	237
			505	238
			506	239
			506	240
			507	241
			507	242
			507	243
			508	244
			508	245
			508	246
			509	247
			509	248
			509	249
			510	250
			510	251
			510	252
			511	253
			511	254
			511	255
			511	256
			512	257
			512	258
			512	259
			513	260
			513	261
			513	262
			513	263
			514	264
			514	265
			514	266
			515	267
			515	268
			515	269
			515	270
			516	271
			516	272
			516	273
			516	274
			517	275
			517	276
			517	277
			518	278
			518	279
			518	280
			518	281
			519	282
			519	283
			519	284
		</anterior>
		<posterior type=matrix rownames=FALSE colnames=FALSE nrow=376 ncol=2 as.numeric=TRUE >
			309	284
			310	284
			311	284
			312	284
			313	284
			314	285
			315	285
			316	285
			317	285
			318	285
			319	285
			320	285
			321	285
			322	286
			323	286
			324	286
			325	286
			326	286
			327	286
			328	286
			329	287
			330	287
			331	287
			332	287
			333	287
			334	287
			335	288
			336	288
			337	288
			338	288
			339	288
			340	289
			341	289
			342	289
			343	289
			344	289
			345	290
			346	290
			347	290
			348	290
			348	291
			349	291
			350	291
			351	291
			352	292
			353	292
			354	292
			355	292
			356	292
			356	293
			357	293
			358	293
			359	293
			360	294
			361	294
			362	294
			363	295
			364	295
			365	295
			366	296
			367	296
			368	296
			369	297
			370	297
			371	297
			372	297
			372	298
			373	298
			374	298
			375	298
			376	299
			377	299
			378	299
			379	299
			380	299
			380	300
			381	300
			382	300
			383	300
			384	301
			385	301
			386	301
			387	301
			388	302
			389	302
			390	302
			391	302
			392	303
			393	303
			394	303
			395	303
			396	304
			397	304
			398	304
			399	304
			400	304
			400	305
			401	305
			402	305
			403	305
			404	306
			405	306
			406	306
			407	306
			408	306
			409	307
			410	307
			411	307
			412	307
			412	308
			413	308
			414	308
			415	308
			416	308
			417	309
			418	309
			419	309
			420	309
			421	309
			422	310
			423	310
			424	311
			425	311
			426	311
			426	312
			427	312
			428	312
			428	313
			429	313
			430	313
			430	314
			431	314
			432	314
			433	315
			434	315
			435	316
			436	317
			437	317
			438	317
			439	318
			440	319
			441	319
			442	320
			443	320
			444	321
			445	321
			446	322
			447	322
			447	323
			448	323
			449	324
			450	324
			451	325
			452	325
			453	326
			454	326
			454	327
			455	327
			456	328
			457	328
			458	329
			459	329
			460	330
			461	331
			462	331
			463	332
			464	333
			465	333
			466	334
			467	334
			468	335
			469	336
			470	337
			471	338
			472	338
			473	339
			474	340
			475	341
			475	342
			476	343
			477	344
			478	344
			478	345
			479	346
			480	347
			481	348
			481	349
			482	349
			483	350
			483	351
			484	352
			485	353
			486	354
			487	355
			488	356
			489	357
			489	358
			490	359
			491	360
			492	361
			492	362
			493	363
			494	364
			494	365
			495	365
			496	366
			496	367
			497	368
			497	369
			498	369
			498	370
			499	371
			499	372
			500	373
			501	374
			501	375
			502	376
			502	377
			502	378
			503	379
			503	380
			503	381
			504	382
			504	383
			504	384
			505	385
			505	386
			506	387
			506	388
			507	389
			507	390
			507	391
			508	392
			508	393
			509	394
			509	395
			510	396
			510	397
			511	398
			511	399
			512	399
			512	400
			513	401
			513	402
			514	402
			514	403
			515	404
			516	405
			517	406
			518	407
			519	408
			519	407
			520	406
			520	405
			520	404
			521	403
			521	402
			521	401
			521	400
			522	400
			522	399
			522	398
			522	397
			522	396
			523	395
			523	394
			523	393
			523	392
			524	391
			524	390
			524	389
			524	388
			524	387
			524	386
			525	385
			525	384
			525	383
			525	382
			525	381
			525	380
			525	379
			525	378
			526	377
			526	376
			526	375
			526	374
			526	373
			526	372
			526	371
			526	370
			526	369
			526	368
			526	367
			526	366
			526	365
			526	364
			526	363
			526	362
			526	361
			526	360
			526	359
			526	358
			526	357
			526	356
			526	355
			526	354
			526	353
			526	352
			526	351
			526	350
			526	349
			526	348
			526	347
			526	346
			526	345
			526	344
			526	343
			526	342
			526	341
			526	340
			526	339
			526	338
			526	337
			526	336
			526	335
			526	334
			526	333
			525	332
			525	331
			525	330
			525	329
			525	328
			525	327
			525	326
			525	325
			525	324
			525	323
			525	322
			524	321
			524	320
			524	319
			524	318
			524	317
			524	316
			524	315
			524	314
			524	313
			523	312
			523	311
			523	310
			523	309
			523	308
			523	307
			523	306
			522	305
			522	304
			522	303
			522	302
			522	301
			522	300
			522	299
			521	298
			521	297
			521	296
			521	295
			521	294
			521	293
			520	292
			520	291
			520	290
			520	289
			520	288
			520	287
			519	286
			519	285
			519	284
		</posterior>
	</curves.pixel>
	<curves.scaled type=list>
		<glabella type=matrix rownames=FALSE colnames=FALSE nrow=256 ncol=2 as.numeric=TRUE >
			4.05597662862661	-1.10035959010059
			4.06877150758127	-1.10035959010059
			4.08156638653593	-1.10035959010059
			4.09436126549058	-1.10035959010059
			4.10715614444524	-1.10035959010059
			4.1199510233999	-1.10035959010059
			4.13274590235456	-1.10035959010059
			4.14554078130922	-1.10035959010059
			4.15833566026387	-1.08756471114594
			4.17113053921853	-1.08756471114594
			4.18392541817319	-1.08756471114594
			4.19672029712785	-1.08756471114594
			4.20951517608251	-1.08756471114594
			4.22231005503717	-1.10035959010059
			4.23510493399182	-1.10035959010059
			4.24789981294648	-1.10035959010059
			4.26069469190114	-1.10035959010059
			4.2734895708558	-1.10035959010059
			4.28628444981046	-1.10035959010059
			4.29907932876511	-1.10035959010059
			4.31187420771977	-1.10035959010059
			4.32466908667443	-1.10035959010059
			4.33746396562909	-1.11315446905525
			4.35025884458375	-1.11315446905525
			4.3630537235384	-1.11315446905525
			4.37584860249306	-1.11315446905525
			4.38864348144772	-1.12594934800991
			4.40143836040238	-1.12594934800991
			4.41423323935704	-1.12594934800991
			4.42702811831169	-1.12594934800991
			4.43982299726635	-1.13874422696457
			4.45261787622101	-1.13874422696457
			4.46541275517567	-1.13874422696457
			4.47820763413033	-1.15153910591923
			4.49100251308498	-1.15153910591923
			4.50379739203964	-1.16433398487388
			4.5165922709943	-1.16433398487388
			4.52938714994896	-1.17712886382854
			4.54218202890362	-1.17712886382854
			4.55497690785827	-1.1899237427832
			4.56777178681293	-1.1899237427832
			4.56777178681293	-1.20271862173786
			4.58056666576759	-1.20271862173786
			4.59336154472225	-1.21551350069252
			4.60615642367691	-1.21551350069252
			4.61895130263157	-1.22830837964718
			4.63174618158622	-1.22830837964718
			4.64454106054088	-1.24110325860183
			4.64454106054088	-1.25389813755649
			4.65733593949554	-1.25389813755649
			4.6701308184502	-1.26669301651115
			4.68292569740486	-1.27948789546581
			4.68292569740486	-1.29228277442047
			4.69572057635951	-1.29228277442047
			4.70851545531417	-1.30507765337512
			4.72131033426883	-1.31787253232978
			4.72131033426883	-1.33066741128444
			4.73410521322349	-1.33066741128444
			4.74690009217815	-1.3434622902391
			4.74690009217815	-1.35625716919376
			4.7596949711328	-1.36905204814841
			4.77248985008746	-1.38184692710307
			4.77248985008746	-1.39464180605773
			4.78528472904212	-1.40743668501239
			4.79807960799678	-1.42023156396705
			4.79807960799678	-1.4330264429217
			4.81087448695144	-1.44582132187636
			4.82366936590609	-1.45861620083102
			4.82366936590609	-1.47141107978568
			4.83646424486075	-1.48420595874034
			4.83646424486075	-1.49700083769499
			4.84925912381541	-1.50979571664965
			4.86205400277007	-1.52259059560431
			4.86205400277007	-1.53538547455897
			4.87484888172473	-1.54818035351363
			4.87484888172473	-1.56097523246829
			4.88764376067938	-1.57377011142294
			4.88764376067938	-1.5865649903776
			4.88764376067938	-1.59935986933226
			4.90043863963404	-1.61215474828692
			4.90043863963404	-1.62494962724158
			4.9132335185887	-1.63774450619623
			4.9132335185887	-1.65053938515089
			4.9132335185887	-1.66333426410555
			4.92602839754336	-1.67612914306021
			4.92602839754336	-1.68892402201487
			4.92602839754336	-1.70171890096952
			4.93882327649802	-1.71451377992418
			4.93882327649802	-1.72730865887884
			4.93882327649802	-1.7401035378335
			4.95161815545268	-1.75289841678816
			4.95161815545268	-1.76569329574281
			4.95161815545268	-1.77848817469747
			4.95161815545268	-1.79128305365213
			4.96441303440733	-1.80407793260679
			4.96441303440733	-1.81687281156145
			4.96441303440733	-1.8296676905161
			4.96441303440733	-1.84246256947076
			4.97720791336199	-1.85525744842542
			4.97720791336199	-1.86805232738008
			4.97720791336199	-1.88084720633474
			4.97720791336199	-1.8936420852894
			4.99000279231665	-1.90643696424405
			4.99000279231665	-1.91923184319871
			4.99000279231665	-1.93202672215337
			4.99000279231665	-1.94482160110803
			4.99000279231665	-1.95761648006269
			5.00279767127131	-1.97041135901734
			5.00279767127131	-1.983206237972
			5.00279767127131	-1.99600111692666
			5.00279767127131	-2.00879599588132
			5.00279767127131	-2.02159087483598
			5.00279767127131	-2.03438575379063
			5.01559255022597	-2.04718063274529
			5.01559255022597	-2.05997551169995
			5.01559255022597	-2.07277039065461
			5.01559255022597	-2.08556526960927
			5.01559255022597	-2.09836014856392
			5.01559255022597	-2.11115502751858
			5.01559255022597	-2.12394990647324
			5.01559255022597	-2.1367447854279
			5.01559255022597	-2.14953966438256
			5.02838742918062	-2.14953966438256
			5.02838742918062	-2.16233454333721
			5.02838742918062	-2.17512942229187
			5.02838742918062	-2.18792430124653
			5.02838742918062	-2.20071918020119
			5.02838742918062	-2.21351405915585
			5.02838742918062	-2.22630893811051
			5.02838742918062	-2.23910381706516
			5.02838742918062	-2.25189869601982
			5.02838742918062	-2.26469357497448
			5.02838742918062	-2.27748845392914
			5.02838742918062	-2.2902833328838
			5.04118230813528	-2.30307821183845
			5.04118230813528	-2.31587309079311
			5.04118230813528	-2.32866796974777
			5.04118230813528	-2.34146284870243
			5.04118230813528	-2.35425772765709
			5.04118230813528	-2.36705260661174
			5.04118230813528	-2.3798474855664
			5.04118230813528	-2.39264236452106
			5.04118230813528	-2.40543724347572
			5.04118230813528	-2.41823212243038
			5.04118230813528	-2.43102700138503
			5.04118230813528	-2.44382188033969
			5.04118230813528	-2.45661675929435
			5.05397718708994	-2.46941163824901
			5.05397718708994	-2.48220651720367
			5.05397718708994	-2.49500139615832
			5.05397718708994	-2.50779627511298
			5.05397718708994	-2.52059115406764
			5.05397718708994	-2.5333860330223
			5.05397718708994	-2.54618091197696
			5.05397718708994	-2.55897579093162
			5.05397718708994	-2.57177066988627
			5.05397718708994	-2.58456554884093
			5.05397718708994	-2.59736042779559
			5.05397718708994	-2.61015530675025
			5.05397718708994	-2.62295018570491
			5.05397718708994	-2.63574506465956
			5.05397718708994	-2.64853994361422
			5.05397718708994	-2.66133482256888
			5.05397718708994	-2.67412970152354
			5.05397718708994	-2.6869245804782
			5.05397718708994	-2.69971945943285
			5.05397718708994	-2.71251433838751
			5.05397718708994	-2.72530921734217
			5.05397718708994	-2.73810409629683
			5.05397718708994	-2.75089897525149
			5.05397718708994	-2.76369385420614
			5.05397718708994	-2.7764887331608
			5.05397718708994	-2.78928361211546
			5.05397718708994	-2.80207849107012
			5.04118230813528	-2.81487337002478
			5.04118230813528	-2.82766824897943
			5.04118230813528	-2.84046312793409
			5.04118230813528	-2.85325800688875
			5.04118230813528	-2.86605288584341
			5.04118230813528	-2.87884776479807
			5.02838742918062	-2.89164264375272
			5.02838742918062	-2.90443752270738
			5.02838742918062	-2.91723240166204
			5.02838742918062	-2.9300272806167
			5.01559255022597	-2.94282215957136
			5.01559255022597	-2.95561703852602
			5.01559255022597	-2.96841191748067
			5.01559255022597	-2.98120679643533
			5.00279767127131	-2.99400167538999
			5.00279767127131	-3.00679655434465
			5.00279767127131	-3.01959143329931
			5.00279767127131	-3.03238631225396
			4.99000279231665	-3.04518119120862
			4.99000279231665	-3.05797607016328
			4.99000279231665	-3.07077094911794
			4.97720791336199	-3.07077094911794
			4.97720791336199	-3.0835658280726
			4.97720791336199	-3.09636070702725
			4.96441303440733	-3.10915558598191
			4.96441303440733	-3.12195046493657
			4.96441303440733	-3.13474534389123
			4.95161815545268	-3.13474534389123
			4.95161815545268	-3.14754022284589
			4.95161815545268	-3.16033510180054
			4.93882327649802	-3.1731299807552
			4.93882327649802	-3.18592485970986
			4.92602839754336	-3.18592485970986
			4.92602839754336	-3.19871973866452
			4.92602839754336	-3.21151461761918
			4.9132335185887	-3.22430949657384
			4.9132335185887	-3.23710437552849
			4.9132335185887	-3.24989925448315
			4.9132335185887	-3.26269413343781
			4.9132335185887	-3.27548901239247
			4.9132335185887	-3.28828389134713
			4.92602839754336	-3.30107877030178
			4.92602839754336	-3.31387364925644
			4.92602839754336	-3.3266685282111
			4.92602839754336	-3.33946340716576
			4.92602839754336	-3.35225828612042
			4.92602839754336	-3.36505316507507
			4.92602839754336	-3.37784804402973
			4.92602839754336	-3.39064292298439
			4.92602839754336	-3.40343780193905
			4.92602839754336	-3.41623268089371
			4.92602839754336	-3.42902755984836
			4.92602839754336	-3.44182243880302
			4.92602839754336	-3.45461731775768
			4.92602839754336	-3.46741219671234
			4.92602839754336	-3.480207075667
			4.92602839754336	-3.49300195462165
			4.92602839754336	-3.50579683357631
			4.92602839754336	-3.51859171253097
			4.92602839754336	-3.53138659148563
			4.92602839754336	-3.54418147044029
			4.92602839754336	-3.55697634939495
			4.92602839754336	-3.5697712283496
			4.92602839754336	-3.58256610730426
			4.92602839754336	-3.59536098625892
			4.92602839754336	-3.60815586521358
			4.92602839754336	-3.62095074416824
			4.92602839754336	-3.63374562312289
			4.92602839754336	-3.64654050207755
			4.92602839754336	-3.65933538103221
			4.92602839754336	-3.67213025998687
			4.92602839754336	-3.68492513894153
			4.92602839754336	-3.69772001789618
			4.92602839754336	-3.71051489685084
			4.9132335185887	-3.7233097758055
			4.9132335185887	-3.73610465476016
			4.9132335185887	-3.74889953371482
			4.9132335185887	-3.76169441266947
			4.9132335185887	-3.77448929162413
			4.9132335185887	-3.78728417057879
			4.90043863963404	-3.80007904953345
			4.90043863963404	-3.81287392848811
		</glabella>
		<suture type=matrix rownames=FALSE colnames=FALSE nrow=380 ncol=2 as.numeric=TRUE >
			4.05597662862661	-0.793282495188801
			4.06877150758127	-0.793282495188801
			4.08156638653593	-0.793282495188801
			4.09436126549058	-0.793282495188801
			4.10715614444524	-0.793282495188801
			4.1199510233999	-0.793282495188801
			4.13274590235456	-0.793282495188801
			4.14554078130922	-0.793282495188801
			4.15833566026387	-0.793282495188801
			4.17113053921853	-0.793282495188801
			4.18392541817319	-0.793282495188801
			4.19672029712785	-0.793282495188801
			4.20951517608251	-0.793282495188801
			4.22231005503717	-0.793282495188801
			4.23510493399182	-0.793282495188801
			4.24789981294648	-0.793282495188801
			4.26069469190114	-0.793282495188801
			4.2734895708558	-0.793282495188801
			4.28628444981046	-0.793282495188801
			4.29907932876511	-0.793282495188801
			4.31187420771977	-0.806077374143459
			4.32466908667443	-0.806077374143459
			4.33746396562909	-0.806077374143459
			4.35025884458375	-0.806077374143459
			4.3630537235384	-0.806077374143459
			4.37584860249306	-0.806077374143459
			4.38864348144772	-0.806077374143459
			4.40143836040238	-0.806077374143459
			4.41423323935704	-0.818872253098117
			4.42702811831169	-0.818872253098117
			4.43982299726635	-0.818872253098117
			4.45261787622101	-0.818872253098117
			4.46541275517567	-0.818872253098117
			4.47820763413033	-0.818872253098117
			4.49100251308498	-0.818872253098117
			4.50379739203964	-0.831667132052775
			4.5165922709943	-0.831667132052775
			4.52938714994896	-0.831667132052775
			4.54218202890362	-0.831667132052775
			4.55497690785827	-0.831667132052775
			4.56777178681293	-0.844462011007433
			4.58056666576759	-0.844462011007433
			4.59336154472225	-0.844462011007433
			4.60615642367691	-0.857256889962091
			4.61895130263157	-0.857256889962091
			4.63174618158622	-0.857256889962091
			4.64454106054088	-0.857256889962091
			4.65733593949554	-0.870051768916749
			4.6701308184502	-0.870051768916749
			4.68292569740486	-0.870051768916749
			4.69572057635951	-0.882846647871407
			4.70851545531417	-0.882846647871407
			4.72131033426883	-0.882846647871407
			4.73410521322349	-0.895641526826065
			4.74690009217815	-0.895641526826065
			4.7596949711328	-0.895641526826065
			4.77248985008746	-0.908436405780723
			4.78528472904212	-0.908436405780723
			4.79807960799678	-0.908436405780723
			4.81087448695144	-0.921231284735381
			4.82366936590609	-0.921231284735381
			4.83646424486075	-0.93402616369004
			4.84925912381541	-0.93402616369004
			4.86205400277007	-0.946821042644698
			4.87484888172473	-0.946821042644698
			4.88764376067938	-0.959615921599356
			4.90043863963404	-0.959615921599356
			4.9132335185887	-0.959615921599356
			4.92602839754336	-0.972410800554014
			4.93882327649802	-0.985205679508672
			4.95161815545268	-0.985205679508672
			4.96441303440733	-0.99800055846333
			4.97720791336199	-0.99800055846333
			4.99000279231665	-1.01079543741799
			5.00279767127131	-1.01079543741799
			5.01559255022597	-1.02359031637265
			5.02838742918062	-1.02359031637265
			5.02838742918062	-1.0363851953273
			5.04118230813528	-1.0363851953273
			5.05397718708994	-1.04918007428196
			5.0667720660446	-1.04918007428196
			5.07956694499926	-1.06197495323662
			5.09236182395391	-1.06197495323662
			5.10515670290857	-1.07476983219128
			5.11795158186323	-1.07476983219128
			5.13074646081789	-1.08756471114594
			5.13074646081789	-1.10035959010059
			5.14354133977255	-1.10035959010059
			5.1563362187272	-1.11315446905525
			5.16913109768186	-1.11315446905525
			5.18192597663652	-1.12594934800991
			5.19472085559118	-1.13874422696457
			5.20751573454584	-1.13874422696457
			5.20751573454584	-1.15153910591923
			5.2203106135005	-1.16433398487388
			5.23310549245515	-1.16433398487388
			5.24590037140981	-1.17712886382854
			5.25869525036447	-1.1899237427832
			5.27149012931913	-1.1899237427832
			5.28428500827378	-1.20271862173786
			5.28428500827378	-1.21551350069252
			5.29707988722844	-1.21551350069252
			5.3098747661831	-1.22830837964718
			5.32266964513776	-1.24110325860183
			5.32266964513776	-1.25389813755649
			5.32266964513776	-1.26669301651115
			5.32266964513776	-1.27948789546581
			5.32266964513776	-1.29228277442047
			5.32266964513776	-1.30507765337512
			5.32266964513776	-1.31787253232978
			5.32266964513776	-1.33066741128444
			5.32266964513776	-1.3434622902391
			5.32266964513776	-1.35625716919376
			5.32266964513776	-1.36905204814841
			5.32266964513776	-1.38184692710307
			5.32266964513776	-1.39464180605773
			5.32266964513776	-1.40743668501239
			5.32266964513776	-1.42023156396705
			5.3098747661831	-1.4330264429217
			5.3098747661831	-1.44582132187636
			5.3098747661831	-1.45861620083102
			5.3098747661831	-1.47141107978568
			5.3098747661831	-1.48420595874034
			5.29707988722844	-1.49700083769499
			5.29707988722844	-1.50979571664965
			5.29707988722844	-1.52259059560431
			5.29707988722844	-1.53538547455897
			5.28428500827378	-1.54818035351363
			5.28428500827378	-1.56097523246829
			5.28428500827378	-1.57377011142294
			5.28428500827378	-1.5865649903776
			5.27149012931913	-1.59935986933226
			5.27149012931913	-1.61215474828692
			5.27149012931913	-1.62494962724158
			5.27149012931913	-1.63774450619623
			5.25869525036447	-1.63774450619623
			5.25869525036447	-1.65053938515089
			5.25869525036447	-1.66333426410555
			5.25869525036447	-1.67612914306021
			5.24590037140981	-1.68892402201487
			5.24590037140981	-1.70171890096952
			5.24590037140981	-1.71451377992418
			5.23310549245515	-1.72730865887884
			5.23310549245515	-1.7401035378335
			5.23310549245515	-1.75289841678816
			5.2203106135005	-1.76569329574281
			5.2203106135005	-1.77848817469747
			5.20751573454584	-1.79128305365213
			5.20751573454584	-1.80407793260679
			5.20751573454584	-1.81687281156145
			5.19472085559118	-1.8296676905161
			5.19472085559118	-1.84246256947076
			5.18192597663652	-1.85525744842542
			5.18192597663652	-1.86805232738008
			5.16913109768186	-1.88084720633474
			5.16913109768186	-1.8936420852894
			5.16913109768186	-1.90643696424405
			5.1563362187272	-1.91923184319871
			5.1563362187272	-1.93202672215337
			5.14354133977255	-1.94482160110803
			5.14354133977255	-1.95761648006269
			5.14354133977255	-1.97041135901734
			5.13074646081789	-1.97041135901734
			5.13074646081789	-1.983206237972
			5.13074646081789	-1.99600111692666
			5.11795158186323	-1.99600111692666
			5.11795158186323	-2.00879599588132
			5.11795158186323	-2.02159087483598
			5.10515670290857	-2.02159087483598
			5.10515670290857	-2.03438575379063
			5.10515670290857	-2.04718063274529
			5.09236182395391	-2.05997551169995
			5.09236182395391	-2.07277039065461
			5.09236182395391	-2.08556526960927
			5.09236182395391	-2.09836014856392
			5.09236182395391	-2.11115502751858
			5.10515670290857	-2.12394990647324
			5.11795158186323	-2.1367447854279
			5.13074646081789	-2.1367447854279
			5.14354133977255	-2.1367447854279
			5.1563362187272	-2.1367447854279
			5.16913109768186	-2.1367447854279
			5.18192597663652	-2.1367447854279
			5.19472085559118	-2.1367447854279
			5.20751573454584	-2.1367447854279
			5.2203106135005	-2.1367447854279
			5.23310549245515	-2.14953966438256
			5.24590037140981	-2.14953966438256
			5.25869525036447	-2.14953966438256
			5.27149012931913	-2.14953966438256
			5.28428500827378	-2.16233454333721
			5.29707988722844	-2.17512942229187
			5.3098747661831	-2.17512942229187
			5.32266964513776	-2.18792430124653
			5.33546452409242	-2.18792430124653
			5.34825940304708	-2.20071918020119
			5.34825940304708	-2.21351405915585
			5.36105428200173	-2.22630893811051
			5.37384916095639	-2.23910381706516
			5.38664403991105	-2.25189869601982
			5.38664403991105	-2.26469357497448
			5.39943891886571	-2.27748845392914
			5.41223379782037	-2.2902833328838
			5.41223379782037	-2.30307821183845
			5.41223379782037	-2.31587309079311
			5.42502867677502	-2.32866796974777
			5.42502867677502	-2.34146284870243
			5.42502867677502	-2.35425772765709
			5.43782355572968	-2.35425772765709
			5.43782355572968	-2.36705260661174
			5.43782355572968	-2.3798474855664
			5.43782355572968	-2.39264236452106
			5.45061843468434	-2.40543724347572
			5.45061843468434	-2.41823212243038
			5.45061843468434	-2.43102700138503
			5.45061843468434	-2.44382188033969
			5.463413313639	-2.45661675929435
			5.463413313639	-2.46941163824901
			5.463413313639	-2.48220651720367
			5.463413313639	-2.49500139615832
			5.463413313639	-2.50779627511298
			5.463413313639	-2.52059115406764
			5.463413313639	-2.5333860330223
			5.463413313639	-2.54618091197696
			5.47620819259366	-2.55897579093162
			5.47620819259366	-2.57177066988627
			5.47620819259366	-2.58456554884093
			5.47620819259366	-2.59736042779559
			5.47620819259366	-2.61015530675025
			5.47620819259366	-2.62295018570491
			5.47620819259366	-2.63574506465956
			5.47620819259366	-2.64853994361422
			5.47620819259366	-2.66133482256888
			5.47620819259366	-2.67412970152354
			5.47620819259366	-2.6869245804782
			5.47620819259366	-2.69971945943285
			5.47620819259366	-2.71251433838751
			5.47620819259366	-2.72530921734217
			5.47620819259366	-2.73810409629683
			5.47620819259366	-2.75089897525149
			5.47620819259366	-2.76369385420614
			5.47620819259366	-2.7764887331608
			5.47620819259366	-2.78928361211546
			5.463413313639	-2.80207849107012
			5.463413313639	-2.81487337002478
			5.463413313639	-2.82766824897943
			5.463413313639	-2.84046312793409
			5.463413313639	-2.85325800688875
			5.463413313639	-2.86605288584341
			5.463413313639	-2.87884776479807
			5.45061843468434	-2.89164264375272
			5.45061843468434	-2.90443752270738
			5.45061843468434	-2.91723240166204
			5.45061843468434	-2.9300272806167
			5.43782355572968	-2.94282215957136
			5.43782355572968	-2.95561703852602
			5.43782355572968	-2.96841191748067
			5.43782355572968	-2.98120679643533
			5.42502867677502	-2.99400167538999
			5.42502867677502	-3.00679655434465
			5.42502867677502	-3.01959143329931
			5.41223379782037	-3.03238631225396
			5.41223379782037	-3.04518119120862
			5.39943891886571	-3.05797607016328
			5.39943891886571	-3.07077094911794
			5.38664403991105	-3.0835658280726
			5.38664403991105	-3.09636070702725
			5.37384916095639	-3.10915558598191
			5.37384916095639	-3.12195046493657
			5.36105428200173	-3.13474534389123
			5.34825940304708	-3.13474534389123
			5.34825940304708	-3.14754022284589
			5.33546452409242	-3.16033510180054
			5.32266964513776	-3.1731299807552
			5.3098747661831	-3.18592485970986
			5.29707988722844	-3.19871973866452
			5.28428500827378	-3.21151461761918
			5.27149012931913	-3.21151461761918
			5.25869525036447	-3.22430949657384
			5.24590037140981	-3.23710437552849
			5.23310549245515	-3.23710437552849
			5.2203106135005	-3.24989925448315
			5.20751573454584	-3.24989925448315
			5.19472085559118	-3.26269413343781
			5.18192597663652	-3.26269413343781
			5.16913109768186	-3.26269413343781
			5.1563362187272	-3.27548901239247
			5.14354133977255	-3.27548901239247
			5.14354133977255	-3.28828389134713
			5.13074646081789	-3.30107877030178
			5.13074646081789	-3.31387364925644
			5.11795158186323	-3.3266685282111
			5.11795158186323	-3.33946340716576
			5.11795158186323	-3.35225828612042
			5.11795158186323	-3.36505316507507
			5.11795158186323	-3.37784804402973
			5.11795158186323	-3.39064292298439
			5.11795158186323	-3.40343780193905
			5.11795158186323	-3.41623268089371
			5.11795158186323	-3.42902755984836
			5.11795158186323	-3.44182243880302
			5.11795158186323	-3.45461731775768
			5.11795158186323	-3.46741219671234
			5.13074646081789	-3.480207075667
			5.13074646081789	-3.49300195462165
			5.14354133977255	-3.50579683357631
			5.14354133977255	-3.51859171253097
			5.1563362187272	-3.53138659148563
			5.16913109768186	-3.54418147044029
			5.16913109768186	-3.55697634939495
			5.18192597663652	-3.5697712283496
			5.19472085559118	-3.5697712283496
			5.20751573454584	-3.58256610730426
			5.2203106135005	-3.59536098625892
			5.23310549245515	-3.59536098625892
			5.24590037140981	-3.60815586521358
			5.25869525036447	-3.60815586521358
			5.27149012931913	-3.60815586521358
			5.28428500827378	-3.62095074416824
			5.29707988722844	-3.62095074416824
			5.3098747661831	-3.62095074416824
			5.32266964513776	-3.63374562312289
			5.33546452409242	-3.63374562312289
			5.34825940304708	-3.64654050207755
			5.36105428200173	-3.64654050207755
			5.37384916095639	-3.64654050207755
			5.38664403991105	-3.65933538103221
			5.39943891886571	-3.65933538103221
			5.41223379782037	-3.67213025998687
			5.42502867677502	-3.67213025998687
			5.42502867677502	-3.68492513894153
			5.43782355572968	-3.68492513894153
			5.45061843468434	-3.69772001789618
			5.463413313639	-3.69772001789618
			5.47620819259366	-3.71051489685084
			5.48900307154831	-3.71051489685084
			5.50179795050297	-3.7233097758055
			5.51459282945763	-3.73610465476016
			5.52738770841229	-3.74889953371482
			5.54018258736695	-3.76169441266947
			5.5529774663216	-3.76169441266947
			5.56577234527626	-3.77448929162413
			5.57856722423092	-3.78728417057879
			5.59136210318558	-3.80007904953345
			5.60415698214024	-3.80007904953345
			5.6169518610949	-3.81287392848811
			5.62974674004955	-3.82566880744276
			5.64254161900421	-3.83846368639742
			5.64254161900421	-3.85125856535208
			5.65533649795887	-3.86405344430674
			5.66813137691353	-3.8768483232614
			5.68092625586819	-3.88964320221605
			5.69372113482284	-3.90243808117071
			5.7065160137775	-3.91523296012537
			5.7065160137775	-3.92802783908003
			5.71931089273216	-3.94082271803469
			5.73210577168682	-3.95361759698935
			5.74490065064148	-3.966412475944
			5.75769552959613	-3.97920735489866
			5.75769552959613	-3.99200223385332
			5.77049040855079	-4.00479711280798
			5.78328528750545	-4.01759199176264
			5.79608016646011	-4.03038687071729
			5.79608016646011	-4.04318174967195
			5.80887504541477	-4.05597662862661
			5.80887504541477	-4.06877150758127
			5.82166992436942	-4.08156638653593
			5.82166992436942	-4.09436126549058
			5.83446480332408	-4.09436126549058
			5.83446480332408	-4.10715614444524
			5.83446480332408	-4.1199510233999
			5.84725968227874	-4.1199510233999
			5.84725968227874	-4.13274590235456
			5.8600545612334	-4.14554078130922
			5.8600545612334	-4.15833566026387
			5.8600545612334	-4.17113053921853
			5.87284944018806	-4.17113053921853
			5.87284944018806	-4.18392541817319
			5.87284944018806	-4.19672029712785
			5.88564431914272	-4.20951517608251
		</suture>
		<anterior type=matrix rownames=FALSE colnames=FALSE nrow=300 ncol=2 as.numeric=TRUE >
			4.05597662862661	-0.793282495188801
			4.06877150758127	-0.793282495188801
			4.08156638653593	-0.793282495188801
			4.09436126549058	-0.793282495188801
			4.10715614444524	-0.793282495188801
			4.1199510233999	-0.793282495188801
			4.13274590235456	-0.793282495188801
			4.14554078130922	-0.793282495188801
			4.15833566026387	-0.793282495188801
			4.17113053921853	-0.793282495188801
			4.18392541817319	-0.793282495188801
			4.19672029712785	-0.793282495188801
			4.20951517608251	-0.793282495188801
			4.22231005503717	-0.793282495188801
			4.23510493399182	-0.793282495188801
			4.24789981294648	-0.793282495188801
			4.26069469190114	-0.793282495188801
			4.2734895708558	-0.793282495188801
			4.28628444981046	-0.793282495188801
			4.29907932876511	-0.793282495188801
			4.31187420771977	-0.793282495188801
			4.32466908667443	-0.793282495188801
			4.33746396562909	-0.793282495188801
			4.35025884458375	-0.806077374143459
			4.3630537235384	-0.806077374143459
			4.37584860249306	-0.806077374143459
			4.38864348144772	-0.806077374143459
			4.40143836040238	-0.806077374143459
			4.41423323935704	-0.806077374143459
			4.42702811831169	-0.806077374143459
			4.43982299726635	-0.818872253098117
			4.45261787622101	-0.818872253098117
			4.46541275517567	-0.818872253098117
			4.47820763413033	-0.818872253098117
			4.49100251308498	-0.818872253098117
			4.50379739203964	-0.831667132052775
			4.5165922709943	-0.831667132052775
			4.52938714994896	-0.831667132052775
			4.54218202890362	-0.831667132052775
			4.55497690785827	-0.831667132052775
			4.56777178681293	-0.844462011007433
			4.58056666576759	-0.844462011007433
			4.59336154472225	-0.844462011007433
			4.60615642367691	-0.857256889962091
			4.61895130263157	-0.857256889962091
			4.63174618158622	-0.857256889962091
			4.64454106054088	-0.857256889962091
			4.65733593949554	-0.870051768916749
			4.6701308184502	-0.870051768916749
			4.68292569740486	-0.870051768916749
			4.69572057635951	-0.882846647871407
			4.70851545531417	-0.882846647871407
			4.72131033426883	-0.882846647871407
			4.73410521322349	-0.895641526826065
			4.74690009217815	-0.895641526826065
			4.7596949711328	-0.908436405780723
			4.77248985008746	-0.908436405780723
			4.78528472904212	-0.908436405780723
			4.79807960799678	-0.921231284735381
			4.81087448695144	-0.921231284735381
			4.82366936590609	-0.921231284735381
			4.83646424486075	-0.93402616369004
			4.84925912381541	-0.93402616369004
			4.84925912381541	-0.946821042644698
			4.86205400277007	-0.946821042644698
			4.87484888172473	-0.959615921599356
			4.88764376067938	-0.959615921599356
			4.90043863963404	-0.959615921599356
			4.9132335185887	-0.972410800554014
			4.92602839754336	-0.972410800554014
			4.93882327649802	-0.985205679508672
			4.95161815545268	-0.985205679508672
			4.96441303440733	-0.99800055846333
			4.97720791336199	-1.01079543741799
			4.99000279231665	-1.01079543741799
			5.00279767127131	-1.02359031637265
			5.01559255022597	-1.02359031637265
			5.02838742918062	-1.0363851953273
			5.04118230813528	-1.04918007428196
			5.05397718708994	-1.04918007428196
			5.0667720660446	-1.06197495323662
			5.07956694499926	-1.06197495323662
			5.07956694499926	-1.07476983219128
			5.09236182395391	-1.07476983219128
			5.10515670290857	-1.08756471114594
			5.11795158186323	-1.08756471114594
			5.11795158186323	-1.10035959010059
			5.13074646081789	-1.10035959010059
			5.14354133977255	-1.11315446905525
			5.1563362187272	-1.11315446905525
			5.1563362187272	-1.12594934800991
			5.16913109768186	-1.12594934800991
			5.18192597663652	-1.13874422696457
			5.19472085559118	-1.13874422696457
			5.19472085559118	-1.15153910591923
			5.20751573454584	-1.15153910591923
			5.2203106135005	-1.16433398487388
			5.23310549245515	-1.17712886382854
			5.24590037140981	-1.1899237427832
			5.25869525036447	-1.1899237427832
			5.27149012931913	-1.20271862173786
			5.28428500827378	-1.21551350069252
			5.29707988722844	-1.22830837964718
			5.3098747661831	-1.24110325860183
			5.32266964513776	-1.24110325860183
			5.33546452409242	-1.25389813755649
			5.34825940304708	-1.26669301651115
			5.36105428200173	-1.27948789546581
			5.37384916095639	-1.29228277442047
			5.37384916095639	-1.30507765337512
			5.38664403991105	-1.30507765337512
			5.39943891886571	-1.31787253232978
			5.41223379782037	-1.33066741128444
			5.42502867677502	-1.3434622902391
			5.43782355572968	-1.35625716919376
			5.45061843468434	-1.36905204814841
			5.463413313639	-1.38184692710307
			5.47620819259366	-1.39464180605773
			5.48900307154831	-1.39464180605773
			5.48900307154831	-1.40743668501239
			5.50179795050297	-1.42023156396705
			5.51459282945763	-1.4330264429217
			5.52738770841229	-1.44582132187636
			5.54018258736695	-1.45861620083102
			5.5529774663216	-1.47141107978568
			5.56577234527626	-1.48420595874034
			5.56577234527626	-1.49700083769499
			5.57856722423092	-1.50979571664965
			5.59136210318558	-1.52259059560431
			5.60415698214024	-1.53538547455897
			5.6169518610949	-1.54818035351363
			5.6169518610949	-1.56097523246829
			5.62974674004955	-1.57377011142294
			5.64254161900421	-1.5865649903776
			5.65533649795887	-1.5865649903776
			5.66813137691353	-1.59935986933226
			5.66813137691353	-1.61215474828692
			5.68092625586819	-1.62494962724158
			5.69372113482284	-1.63774450619623
			5.7065160137775	-1.65053938515089
			5.7065160137775	-1.66333426410555
			5.71931089273216	-1.67612914306021
			5.73210577168682	-1.68892402201487
			5.74490065064148	-1.70171890096952
			5.74490065064148	-1.71451377992418
			5.74490065064148	-1.72730865887884
			5.75769552959613	-1.72730865887884
			5.75769552959613	-1.7401035378335
			5.77049040855079	-1.75289841678816
			5.78328528750545	-1.76569329574281
			5.78328528750545	-1.77848817469747
			5.79608016646011	-1.79128305365213
			5.80887504541477	-1.80407793260679
			5.80887504541477	-1.81687281156145
			5.82166992436942	-1.8296676905161
			5.83446480332408	-1.84246256947076
			5.84725968227874	-1.85525744842542
			5.84725968227874	-1.86805232738008
			5.8600545612334	-1.88084720633474
			5.87284944018806	-1.8936420852894
			5.87284944018806	-1.90643696424405
			5.88564431914272	-1.91923184319871
			5.89843919809737	-1.93202672215337
			5.89843919809737	-1.94482160110803
			5.91123407705203	-1.95761648006269
			5.92402895600669	-1.97041135901734
			5.92402895600669	-1.983206237972
			5.93682383496135	-1.99600111692666
			5.94961871391601	-2.00879599588132
			5.94961871391601	-2.02159087483598
			5.96241359287066	-2.03438575379063
			5.97520847182532	-2.04718063274529
			5.97520847182532	-2.05997551169995
			5.98800335077998	-2.07277039065461
			6.00079822973464	-2.08556526960927
			6.00079822973464	-2.09836014856392
			6.0135931086893	-2.11115502751858
			6.0135931086893	-2.12394990647324
			6.02638798764395	-2.1367447854279
			6.03918286659861	-2.14953966438256
			6.03918286659861	-2.16233454333721
			6.05197774555327	-2.17512942229187
			6.06477262450793	-2.18792430124653
			6.06477262450793	-2.20071918020119
			6.07756750346259	-2.21351405915585
			6.07756750346259	-2.22630893811051
			6.09036238241724	-2.23910381706516
			6.1031572613719	-2.25189869601982
			6.1031572613719	-2.26469357497448
			6.11595214032656	-2.27748845392914
			6.11595214032656	-2.2902833328838
			6.12874701928122	-2.30307821183845
			6.12874701928122	-2.31587309079311
			6.14154189823588	-2.32866796974777
			6.15433677719053	-2.34146284870243
			6.15433677719053	-2.35425772765709
			6.16713165614519	-2.36705260661174
			6.16713165614519	-2.3798474855664
			6.17992653509985	-2.39264236452106
			6.17992653509985	-2.40543724347572
			6.19272141405451	-2.41823212243038
			6.19272141405451	-2.43102700138503
			6.20551629300917	-2.44382188033969
			6.21831117196382	-2.45661675929435
			6.21831117196382	-2.46941163824901
			6.23110605091848	-2.48220651720367
			6.23110605091848	-2.49500139615832
			6.23110605091848	-2.50779627511298
			6.24390092987314	-2.50779627511298
			6.24390092987314	-2.52059115406764
			6.24390092987314	-2.5333860330223
			6.2566958088278	-2.5333860330223
			6.2566958088278	-2.54618091197696
			6.2566958088278	-2.55897579093162
			6.26949068778246	-2.57177066988627
			6.26949068778246	-2.58456554884093
			6.28228556673711	-2.59736042779559
			6.28228556673711	-2.61015530675025
			6.29508044569177	-2.62295018570491
			6.29508044569177	-2.63574506465956
			6.29508044569177	-2.64853994361422
			6.30787532464643	-2.64853994361422
			6.30787532464643	-2.66133482256888
			6.32067020360109	-2.67412970152354
			6.32067020360109	-2.6869245804782
			6.33346508255575	-2.69971945943285
			6.33346508255575	-2.71251433838751
			6.33346508255575	-2.72530921734217
			6.34625996151041	-2.73810409629683
			6.34625996151041	-2.75089897525149
			6.35905484046506	-2.76369385420614
			6.35905484046506	-2.7764887331608
			6.35905484046506	-2.78928361211546
			6.37184971941972	-2.80207849107012
			6.37184971941972	-2.81487337002478
			6.38464459837438	-2.82766824897943
			6.38464459837438	-2.84046312793409
			6.38464459837438	-2.85325800688875
			6.39743947732904	-2.86605288584341
			6.39743947732904	-2.87884776479807
			6.4102343562837	-2.89164264375272
			6.4102343562837	-2.90443752270738
			6.4102343562837	-2.91723240166204
			6.42302923523835	-2.91723240166204
			6.42302923523835	-2.9300272806167
			6.43582411419301	-2.94282215957136
			6.43582411419301	-2.95561703852602
			6.43582411419301	-2.96841191748067
			6.44861899314767	-2.98120679643533
			6.44861899314767	-2.99400167538999
			6.44861899314767	-3.00679655434465
			6.46141387210233	-3.01959143329931
			6.46141387210233	-3.03238631225396
			6.46141387210233	-3.04518119120862
			6.47420875105699	-3.05797607016328
			6.47420875105699	-3.07077094911794
			6.48700363001164	-3.0835658280726
			6.48700363001164	-3.09636070702725
			6.48700363001164	-3.10915558598191
			6.4997985089663	-3.12195046493657
			6.4997985089663	-3.13474534389123
			6.4997985089663	-3.14754022284589
			6.51259338792096	-3.16033510180054
			6.51259338792096	-3.1731299807552
			6.51259338792096	-3.18592485970986
			6.52538826687562	-3.19871973866452
			6.52538826687562	-3.21151461761918
			6.52538826687562	-3.22430949657384
			6.53818314583028	-3.23710437552849
			6.53818314583028	-3.24989925448315
			6.53818314583028	-3.26269413343781
			6.53818314583028	-3.27548901239247
			6.55097802478493	-3.28828389134713
			6.55097802478493	-3.30107877030178
			6.55097802478493	-3.31387364925644
			6.56377290373959	-3.3266685282111
			6.56377290373959	-3.33946340716576
			6.56377290373959	-3.35225828612042
			6.56377290373959	-3.36505316507507
			6.57656778269425	-3.37784804402973
			6.57656778269425	-3.39064292298439
			6.57656778269425	-3.40343780193905
			6.58936266164891	-3.41623268089371
			6.58936266164891	-3.42902755984836
			6.58936266164891	-3.44182243880302
			6.58936266164891	-3.45461731775768
			6.60215754060357	-3.46741219671234
			6.60215754060357	-3.480207075667
			6.60215754060357	-3.49300195462165
			6.60215754060357	-3.50579683357631
			6.61495241955823	-3.51859171253097
			6.61495241955823	-3.53138659148563
			6.61495241955823	-3.54418147044029
			6.62774729851288	-3.55697634939495
			6.62774729851288	-3.5697712283496
			6.62774729851288	-3.58256610730426
			6.62774729851288	-3.59536098625892
			6.64054217746754	-3.60815586521358
			6.64054217746754	-3.62095074416824
			6.64054217746754	-3.63374562312289
		</anterior>
		<posterior type=matrix rownames=FALSE colnames=FALSE nrow=376 ncol=2 as.numeric=TRUE >
			3.95361759698935	-3.63374562312289
			3.966412475944	-3.63374562312289
			3.97920735489866	-3.63374562312289
			3.99200223385332	-3.63374562312289
			4.00479711280798	-3.63374562312289
			4.01759199176264	-3.64654050207755
			4.03038687071729	-3.64654050207755
			4.04318174967195	-3.64654050207755
			4.05597662862661	-3.64654050207755
			4.06877150758127	-3.64654050207755
			4.08156638653593	-3.64654050207755
			4.09436126549058	-3.64654050207755
			4.10715614444524	-3.64654050207755
			4.1199510233999	-3.65933538103221
			4.13274590235456	-3.65933538103221
			4.14554078130922	-3.65933538103221
			4.15833566026387	-3.65933538103221
			4.17113053921853	-3.65933538103221
			4.18392541817319	-3.65933538103221
			4.19672029712785	-3.65933538103221
			4.20951517608251	-3.67213025998687
			4.22231005503717	-3.67213025998687
			4.23510493399182	-3.67213025998687
			4.24789981294648	-3.67213025998687
			4.26069469190114	-3.67213025998687
			4.2734895708558	-3.67213025998687
			4.28628444981046	-3.68492513894153
			4.29907932876511	-3.68492513894153
			4.31187420771977	-3.68492513894153
			4.32466908667443	-3.68492513894153
			4.33746396562909	-3.68492513894153
			4.35025884458375	-3.69772001789618
			4.3630537235384	-3.69772001789618
			4.37584860249306	-3.69772001789618
			4.38864348144772	-3.69772001789618
			4.40143836040238	-3.69772001789618
			4.41423323935704	-3.71051489685084
			4.42702811831169	-3.71051489685084
			4.43982299726635	-3.71051489685084
			4.45261787622101	-3.71051489685084
			4.45261787622101	-3.7233097758055
			4.46541275517567	-3.7233097758055
			4.47820763413033	-3.7233097758055
			4.49100251308498	-3.7233097758055
			4.50379739203964	-3.73610465476016
			4.5165922709943	-3.73610465476016
			4.52938714994896	-3.73610465476016
			4.54218202890362	-3.73610465476016
			4.55497690785827	-3.73610465476016
			4.55497690785827	-3.74889953371482
			4.56777178681293	-3.74889953371482
			4.58056666576759	-3.74889953371482
			4.59336154472225	-3.74889953371482
			4.60615642367691	-3.76169441266947
			4.61895130263157	-3.76169441266947
			4.63174618158622	-3.76169441266947
			4.64454106054088	-3.77448929162413
			4.65733593949554	-3.77448929162413
			4.6701308184502	-3.77448929162413
			4.68292569740486	-3.78728417057879
			4.69572057635951	-3.78728417057879
			4.70851545531417	-3.78728417057879
			4.72131033426883	-3.80007904953345
			4.73410521322349	-3.80007904953345
			4.74690009217815	-3.80007904953345
			4.7596949711328	-3.80007904953345
			4.7596949711328	-3.81287392848811
			4.77248985008746	-3.81287392848811
			4.78528472904212	-3.81287392848811
			4.79807960799678	-3.81287392848811
			4.81087448695144	-3.82566880744276
			4.82366936590609	-3.82566880744276
			4.83646424486075	-3.82566880744276
			4.84925912381541	-3.82566880744276
			4.86205400277007	-3.82566880744276
			4.86205400277007	-3.83846368639742
			4.87484888172473	-3.83846368639742
			4.88764376067938	-3.83846368639742
			4.90043863963404	-3.83846368639742
			4.9132335185887	-3.85125856535208
			4.92602839754336	-3.85125856535208
			4.93882327649802	-3.85125856535208
			4.95161815545268	-3.85125856535208
			4.96441303440733	-3.86405344430674
			4.97720791336199	-3.86405344430674
			4.99000279231665	-3.86405344430674
			5.00279767127131	-3.86405344430674
			5.01559255022597	-3.8768483232614
			5.02838742918062	-3.8768483232614
			5.04118230813528	-3.8768483232614
			5.05397718708994	-3.8768483232614
			5.0667720660446	-3.88964320221605
			5.07956694499926	-3.88964320221605
			5.09236182395391	-3.88964320221605
			5.10515670290857	-3.88964320221605
			5.11795158186323	-3.88964320221605
			5.11795158186323	-3.90243808117071
			5.13074646081789	-3.90243808117071
			5.14354133977255	-3.90243808117071
			5.1563362187272	-3.90243808117071
			5.16913109768186	-3.91523296012537
			5.18192597663652	-3.91523296012537
			5.19472085559118	-3.91523296012537
			5.20751573454584	-3.91523296012537
			5.2203106135005	-3.91523296012537
			5.23310549245515	-3.92802783908003
			5.24590037140981	-3.92802783908003
			5.25869525036447	-3.92802783908003
			5.27149012931913	-3.92802783908003
			5.27149012931913	-3.94082271803469
			5.28428500827378	-3.94082271803469
			5.29707988722844	-3.94082271803469
			5.3098747661831	-3.94082271803469
			5.32266964513776	-3.94082271803469
			5.33546452409242	-3.95361759698935
			5.34825940304708	-3.95361759698935
			5.36105428200173	-3.95361759698935
			5.37384916095639	-3.95361759698935
			5.38664403991105	-3.95361759698935
			5.39943891886571	-3.966412475944
			5.41223379782037	-3.966412475944
			5.42502867677502	-3.97920735489866
			5.43782355572968	-3.97920735489866
			5.45061843468434	-3.97920735489866
			5.45061843468434	-3.99200223385332
			5.463413313639	-3.99200223385332
			5.47620819259366	-3.99200223385332
			5.47620819259366	-4.00479711280798
			5.48900307154831	-4.00479711280798
			5.50179795050297	-4.00479711280798
			5.50179795050297	-4.01759199176264
			5.51459282945763	-4.01759199176264
			5.52738770841229	-4.01759199176264
			5.54018258736695	-4.03038687071729
			5.5529774663216	-4.03038687071729
			5.56577234527626	-4.04318174967195
			5.57856722423092	-4.05597662862661
			5.59136210318558	-4.05597662862661
			5.60415698214024	-4.05597662862661
			5.6169518610949	-4.06877150758127
			5.62974674004955	-4.08156638653593
			5.64254161900421	-4.08156638653593
			5.65533649795887	-4.09436126549058
			5.66813137691353	-4.09436126549058
			5.68092625586819	-4.10715614444524
			5.69372113482284	-4.10715614444524
			5.7065160137775	-4.1199510233999
			5.71931089273216	-4.1199510233999
			5.71931089273216	-4.13274590235456
			5.73210577168682	-4.13274590235456
			5.74490065064148	-4.14554078130922
			5.75769552959613	-4.14554078130922
			5.77049040855079	-4.15833566026387
			5.78328528750545	-4.15833566026387
			5.79608016646011	-4.17113053921853
			5.80887504541477	-4.17113053921853
			5.80887504541477	-4.18392541817319
			5.82166992436942	-4.18392541817319
			5.83446480332408	-4.19672029712785
			5.84725968227874	-4.19672029712785
			5.8600545612334	-4.20951517608251
			5.87284944018806	-4.20951517608251
			5.88564431914272	-4.22231005503717
			5.89843919809737	-4.23510493399182
			5.91123407705203	-4.23510493399182
			5.92402895600669	-4.24789981294648
			5.93682383496135	-4.26069469190114
			5.94961871391601	-4.26069469190114
			5.96241359287066	-4.2734895708558
			5.97520847182532	-4.2734895708558
			5.98800335077998	-4.28628444981046
			6.00079822973464	-4.29907932876511
			6.0135931086893	-4.31187420771977
			6.02638798764395	-4.32466908667443
			6.03918286659861	-4.32466908667443
			6.05197774555327	-4.33746396562909
			6.06477262450793	-4.35025884458375
			6.07756750346259	-4.3630537235384
			6.07756750346259	-4.37584860249306
			6.09036238241724	-4.38864348144772
			6.1031572613719	-4.40143836040238
			6.11595214032656	-4.40143836040238
			6.11595214032656	-4.41423323935704
			6.12874701928122	-4.42702811831169
			6.14154189823588	-4.43982299726635
			6.15433677719053	-4.45261787622101
			6.15433677719053	-4.46541275517567
			6.16713165614519	-4.46541275517567
			6.17992653509985	-4.47820763413033
			6.17992653509985	-4.49100251308498
			6.19272141405451	-4.50379739203964
			6.20551629300917	-4.5165922709943
			6.21831117196382	-4.52938714994896
			6.23110605091848	-4.54218202890362
			6.24390092987314	-4.55497690785827
			6.2566958088278	-4.56777178681293
			6.2566958088278	-4.58056666576759
			6.26949068778246	-4.59336154472225
			6.28228556673711	-4.60615642367691
			6.29508044569177	-4.61895130263157
			6.29508044569177	-4.63174618158622
			6.30787532464643	-4.64454106054088
			6.32067020360109	-4.65733593949554
			6.32067020360109	-4.6701308184502
			6.33346508255575	-4.6701308184502
			6.34625996151041	-4.68292569740486
			6.34625996151041	-4.69572057635951
			6.35905484046506	-4.70851545531417
			6.35905484046506	-4.72131033426883
			6.37184971941972	-4.72131033426883
			6.37184971941972	-4.73410521322349
			6.38464459837438	-4.74690009217815
			6.38464459837438	-4.7596949711328
			6.39743947732904	-4.77248985008746
			6.4102343562837	-4.78528472904212
			6.4102343562837	-4.79807960799678
			6.42302923523835	-4.81087448695144
			6.42302923523835	-4.82366936590609
			6.42302923523835	-4.83646424486075
			6.43582411419301	-4.84925912381541
			6.43582411419301	-4.86205400277007
			6.43582411419301	-4.87484888172473
			6.44861899314767	-4.88764376067938
			6.44861899314767	-4.90043863963404
			6.44861899314767	-4.9132335185887
			6.46141387210233	-4.92602839754336
			6.46141387210233	-4.93882327649802
			6.47420875105699	-4.95161815545268
			6.47420875105699	-4.96441303440733
			6.48700363001164	-4.97720791336199
			6.48700363001164	-4.99000279231665
			6.48700363001164	-5.00279767127131
			6.4997985089663	-5.01559255022597
			6.4997985089663	-5.02838742918062
			6.51259338792096	-5.04118230813528
			6.51259338792096	-5.05397718708994
			6.52538826687562	-5.0667720660446
			6.52538826687562	-5.07956694499926
			6.53818314583028	-5.09236182395391
			6.53818314583028	-5.10515670290857
			6.55097802478493	-5.10515670290857
			6.55097802478493	-5.11795158186323
			6.56377290373959	-5.13074646081789
			6.56377290373959	-5.14354133977255
			6.57656778269425	-5.14354133977255
			6.57656778269425	-5.1563362187272
			6.58936266164891	-5.16913109768186
			6.60215754060357	-5.18192597663652
			6.61495241955823	-5.19472085559118
			6.62774729851288	-5.20751573454584
			6.64054217746754	-5.2203106135005
			6.64054217746754	-5.20751573454584
			6.6533370564222	-5.19472085559118
			6.6533370564222	-5.18192597663652
			6.6533370564222	-5.16913109768186
			6.66613193537686	-5.1563362187272
			6.66613193537686	-5.14354133977255
			6.66613193537686	-5.13074646081789
			6.66613193537686	-5.11795158186323
			6.67892681433152	-5.11795158186323
			6.67892681433152	-5.10515670290857
			6.67892681433152	-5.09236182395391
			6.67892681433152	-5.07956694499926
			6.67892681433152	-5.0667720660446
			6.69172169328617	-5.05397718708994
			6.69172169328617	-5.04118230813528
			6.69172169328617	-5.02838742918062
			6.69172169328617	-5.01559255022597
			6.70451657224083	-5.00279767127131
			6.70451657224083	-4.99000279231665
			6.70451657224083	-4.97720791336199
			6.70451657224083	-4.96441303440733
			6.70451657224083	-4.95161815545268
			6.70451657224083	-4.93882327649802
			6.71731145119549	-4.92602839754336
			6.71731145119549	-4.9132335185887
			6.71731145119549	-4.90043863963404
			6.71731145119549	-4.88764376067938
			6.71731145119549	-4.87484888172473
			6.71731145119549	-4.86205400277007
			6.71731145119549	-4.84925912381541
			6.71731145119549	-4.83646424486075
			6.73010633015015	-4.82366936590609
			6.73010633015015	-4.81087448695144
			6.73010633015015	-4.79807960799678
			6.73010633015015	-4.78528472904212
			6.73010633015015	-4.77248985008746
			6.73010633015015	-4.7596949711328
			6.73010633015015	-4.74690009217815
			6.73010633015015	-4.73410521322349
			6.73010633015015	-4.72131033426883
			6.73010633015015	-4.70851545531417
			6.73010633015015	-4.69572057635951
			6.73010633015015	-4.68292569740486
			6.73010633015015	-4.6701308184502
			6.73010633015015	-4.65733593949554
			6.73010633015015	-4.64454106054088
			6.73010633015015	-4.63174618158622
			6.73010633015015	-4.61895130263157
			6.73010633015015	-4.60615642367691
			6.73010633015015	-4.59336154472225
			6.73010633015015	-4.58056666576759
			6.73010633015015	-4.56777178681293
			6.73010633015015	-4.55497690785827
			6.73010633015015	-4.54218202890362
			6.73010633015015	-4.52938714994896
			6.73010633015015	-4.5165922709943
			6.73010633015015	-4.50379739203964
			6.73010633015015	-4.49100251308498
			6.73010633015015	-4.47820763413033
			6.73010633015015	-4.46541275517567
			6.73010633015015	-4.45261787622101
			6.73010633015015	-4.43982299726635
			6.73010633015015	-4.42702811831169
			6.73010633015015	-4.41423323935704
			6.73010633015015	-4.40143836040238
			6.73010633015015	-4.38864348144772
			6.73010633015015	-4.37584860249306
			6.73010633015015	-4.3630537235384
			6.73010633015015	-4.35025884458375
			6.73010633015015	-4.33746396562909
			6.73010633015015	-4.32466908667443
			6.73010633015015	-4.31187420771977
			6.73010633015015	-4.29907932876511
			6.73010633015015	-4.28628444981046
			6.73010633015015	-4.2734895708558
			6.73010633015015	-4.26069469190114
			6.71731145119549	-4.24789981294648
			6.71731145119549	-4.23510493399182
			6.71731145119549	-4.22231005503717
			6.71731145119549	-4.20951517608251
			6.71731145119549	-4.19672029712785
			6.71731145119549	-4.18392541817319
			6.71731145119549	-4.17113053921853
			6.71731145119549	-4.15833566026387
			6.71731145119549	-4.14554078130922
			6.71731145119549	-4.13274590235456
			6.71731145119549	-4.1199510233999
			6.70451657224083	-4.10715614444524
			6.70451657224083	-4.09436126549058
			6.70451657224083	-4.08156638653593
			6.70451657224083	-4.06877150758127
			6.70451657224083	-4.05597662862661
			6.70451657224083	-4.04318174967195
			6.70451657224083	-4.03038687071729
			6.70451657224083	-4.01759199176264
			6.70451657224083	-4.00479711280798
			6.69172169328617	-3.99200223385332
			6.69172169328617	-3.97920735489866
			6.69172169328617	-3.966412475944
			6.69172169328617	-3.95361759698935
			6.69172169328617	-3.94082271803469
			6.69172169328617	-3.92802783908003
			6.69172169328617	-3.91523296012537
			6.67892681433152	-3.90243808117071
			6.67892681433152	-3.88964320221605
			6.67892681433152	-3.8768483232614
			6.67892681433152	-3.86405344430674
			6.67892681433152	-3.85125856535208
			6.67892681433152	-3.83846368639742
			6.67892681433152	-3.82566880744276
			6.66613193537686	-3.81287392848811
			6.66613193537686	-3.80007904953345
			6.66613193537686	-3.78728417057879
			6.66613193537686	-3.77448929162413
			6.66613193537686	-3.76169441266947
			6.66613193537686	-3.74889953371482
			6.6533370564222	-3.73610465476016
			6.6533370564222	-3.7233097758055
			6.6533370564222	-3.71051489685084
			6.6533370564222	-3.69772001789618
			6.6533370564222	-3.68492513894153
			6.6533370564222	-3.67213025998687
			6.64054217746754	-3.65933538103221
			6.64054217746754	-3.64654050207755
			6.64054217746754	-3.63374562312289
		</posterior>
	</curves.scaled>
	<ruler.points type=matrix rownames=TRUE colnames=FALSE nrow=2 ncol=2 as.numeric=TRUE >
		Ruler point 1	102	775
		Ruler point 2	610	779
	</ruler.points>
</shapes>

