<shapes type=list>
	<ruler.pixel type=vector names=FALSE length=1 as.numeric=TRUE >658</ruler.pixel>
	<ruler.interval type=vector names=FALSE length=1 as.numeric=TRUE >3.96</ruler.interval>
	<scaling.units type=vector names=FALSE length=1 as.numeric=FALSE >cm</scaling.units>
	<scaling type=vector names=FALSE length=1 as.numeric=TRUE >0.00601823708206687</scaling>
	<landmarks.pixel type=matrix rownames=TRUE colnames=FALSE nrow=16 ncol=2 as.numeric=TRUE >
		LM1	288	30
		LM2	288	35
		LM3	288	108
		LM4	288	156
		LM5	364	92
		LM6	332	125
		LM7	320	142
		LM8	395	70
		LM9	403	99
		LM10	288	35
		LM11	432	139
		LM12	435	147
		LM13	288	30
		LM14	416	80
		LM15	482	156
		LM16	445	331
	</landmarks.pixel>
	<landmarks.scaled type=matrix rownames=TRUE colnames=FALSE nrow=16 ncol=2 as.numeric=TRUE >
		LM1	1.73325227963526	-0.180547112462006
		LM2	1.73325227963526	-0.21063829787234
		LM3	1.73325227963526	-0.649969604863222
		LM4	1.73325227963526	-0.938844984802432
		LM5	2.19063829787234	-0.553677811550152
		LM6	1.9980547112462	-0.752279635258359
		LM7	1.9258358662614	-0.854589665653495
		LM8	2.37720364741641	-0.421276595744681
		LM9	2.42534954407295	-0.59580547112462
		LM10	1.73325227963526	-0.21063829787234
		LM11	2.59987841945289	-0.836534954407295
		LM12	2.61793313069909	-0.88468085106383
		LM13	1.73325227963526	-0.180547112462006
		LM14	2.50358662613982	-0.48145896656535
		LM15	2.90079027355623	-0.938844984802432
		LM16	2.67811550151976	-1.99203647416413
	</landmarks.scaled>
	<curves.control type=list>
		<glabella type=matrix rownames=FALSE colnames=FALSE nrow=21 ncol=2 as.numeric=TRUE >
			288	35
			298	34
			310	38
			316	41
			316	48
			320	47
			328	47
			339	47
			342	51
			348	60
			324	70
			322	73
			329	72
			342	66
			351	67
			368	75
			364	92
			365	123
			334	121
			332	133
			320	142
		</glabella>
		<suture type=matrix rownames=FALSE colnames=FALSE nrow=11 ncol=2 as.numeric=TRUE >
			288	35
			304	34
			327	42
			369	46
			398	67
			423	79
			403	99
			398	109
			414	114
			424	116
			435	147
		</suture>
		<anterior type=matrix rownames=FALSE colnames=FALSE nrow=11 ncol=2 as.numeric=TRUE >
			288	30
			304	33
			332	37
			348	42
			371	48
			396	50
			411	61
			430	81
			445	115
			458	126
			482	156
		</anterior>
		<posterior type=matrix rownames=FALSE colnames=FALSE nrow=19 ncol=2 as.numeric=TRUE >
			288	156
			314	158
			336	154
			358	153
			363	150
			402	149
			423	149
			434	149
			442	145
			448	142
			467	167
			489	212
			481	248
			478	279
			446	326
			441	334
			450	329
			525	246
			482	156
		</posterior>
	</curves.control>
	<curves.pixel type=list>
		<glabella type=matrix rownames=FALSE colnames=FALSE nrow=225 ncol=2 as.numeric=TRUE >
			288	35
			289	35
			290	35
			291	35
			292	35
			293	35
			294	35
			295	35
			296	35
			297	35
			298	35
			299	35
			300	35
			301	36
			302	36
			303	36
			304	36
			305	37
			306	37
			307	37
			308	37
			309	38
			310	38
			311	38
			311	39
			312	39
			312	40
			313	40
			313	41
			314	41
			314	42
			315	42
			315	43
			315	44
			316	45
			316	46
			316	47
			316	48
			317	48
			318	48
			319	47
			320	47
			321	47
			322	47
			323	47
			324	47
			325	47
			326	47
			327	47
			328	47
			329	47
			330	47
			331	47
			332	47
			333	47
			334	47
			335	48
			336	48
			337	48
			338	48
			339	49
			340	49
			341	50
			342	51
			343	52
			343	53
			343	54
			343	55
			343	56
			343	57
			342	58
			342	59
			341	60
			340	61
			339	62
			338	63
			337	63
			336	64
			335	65
			334	65
			333	66
			332	66
			331	67
			330	67
			329	68
			328	68
			327	69
			326	69
			325	69
			325	70
			324	70
			324	71
			324	72
			325	72
			326	72
			327	72
			328	72
			329	72
			330	71
			331	71
			332	71
			333	70
			334	70
			335	70
			336	69
			337	69
			338	68
			339	68
			340	68
			341	68
			342	67
			343	67
			344	67
			345	67
			346	67
			347	67
			348	67
			349	67
			350	67
			351	67
			352	68
			353	68
			354	69
			355	69
			356	70
			357	71
			358	71
			359	72
			360	73
			360	74
			361	75
			362	76
			363	77
			363	78
			363	79
			364	80
			364	81
			364	82
			365	83
			365	84
			365	85
			365	86
			365	87
			365	88
			365	89
			364	90
			364	91
			364	92
			364	93
			364	94
			364	95
			364	96
			364	97
			364	98
			364	99
			364	100
			364	101
			363	101
			363	102
			363	103
			363	104
			363	105
			362	106
			362	107
			362	108
			361	108
			361	109
			361	110
			360	110
			360	111
			360	112
			359	112
			359	113
			358	113
			358	114
			357	114
			357	115
			356	115
			356	116
			355	116
			355	117
			354	117
			353	117
			353	118
			352	118
			351	119
			350	119
			349	119
			348	120
			347	120
			346	120
			345	120
			344	121
			343	121
			342	121
			341	121
			340	121
			339	121
			338	121
			337	121
			336	121
			335	121
			334	121
			334	122
			334	123
			333	124
			333	125
			333	126
			332	127
			332	128
			331	129
			331	130
			330	131
			330	132
			329	133
			328	134
			327	135
			326	136
			326	137
			325	138
			324	139
			323	140
			322	140
			321	141
			320	142
		</glabella>
		<suture type=matrix rownames=FALSE colnames=FALSE nrow=212 ncol=2 as.numeric=TRUE >
			288	35
			289	35
			290	35
			291	35
			292	35
			293	35
			294	35
			295	35
			296	35
			297	35
			298	35
			299	35
			300	35
			301	35
			302	36
			303	36
			304	36
			305	36
			306	36
			307	36
			308	37
			309	37
			310	37
			311	37
			312	38
			313	38
			314	38
			315	38
			316	39
			317	39
			318	39
			319	39
			320	40
			321	40
			322	40
			323	41
			324	41
			325	41
			326	42
			327	42
			328	42
			329	42
			330	42
			331	42
			332	43
			333	43
			334	43
			335	43
			336	43
			337	43
			338	43
			339	44
			340	44
			341	44
			342	44
			343	44
			344	44
			345	45
			346	45
			347	45
			348	45
			349	45
			350	46
			351	46
			352	46
			353	46
			354	47
			355	47
			356	47
			357	48
			358	48
			359	48
			360	48
			361	49
			362	49
			363	49
			364	50
			365	50
			366	50
			367	51
			368	51
			369	51
			370	52
			371	52
			372	53
			373	53
			374	54
			375	54
			376	54
			377	55
			378	55
			379	56
			380	56
			381	57
			382	57
			383	58
			384	58
			385	59
			386	59
			387	60
			388	60
			388	61
			389	61
			390	62
			391	62
			392	63
			393	63
			393	64
			394	64
			395	65
			396	65
			396	66
			397	66
			398	67
			399	67
			399	68
			400	68
			401	68
			401	69
			402	69
			403	70
			404	70
			405	71
			406	72
			407	72
			407	73
			408	74
			409	75
			410	76
			410	77
			411	78
			411	79
			412	80
			412	81
			412	82
			412	83
			412	84
			412	85
			411	86
			411	87
			411	88
			410	89
			410	90
			410	91
			409	91
			409	92
			408	93
			407	94
			407	95
			406	96
			405	97
			404	98
			403	99
			403	100
			402	101
			402	102
			402	103
			402	104
			402	105
			402	106
			403	107
			403	108
			404	109
			405	109
			406	110
			407	111
			408	111
			409	112
			410	113
			411	113
			412	113
			413	114
			414	114
			415	114
			416	115
			417	115
			418	116
			419	117
			420	117
			420	118
			421	119
			422	120
			423	121
			424	122
			424	123
			425	124
			425	125
			426	126
			427	127
			427	128
			427	129
			428	129
			428	130
			428	131
			429	132
			430	133
			430	134
			430	135
			431	136
			431	137
			432	138
			432	139
			432	140
			433	140
			433	141
			433	142
			433	143
			434	143
			434	144
			434	145
			435	146
			435	147
		</suture>
		<anterior type=matrix rownames=FALSE colnames=FALSE nrow=226 ncol=2 as.numeric=TRUE >
			288	30
			289	30
			290	30
			291	31
			292	31
			293	31
			294	31
			295	31
			296	31
			297	32
			298	32
			299	32
			300	32
			301	32
			302	32
			303	33
			304	33
			305	33
			306	33
			307	33
			308	33
			309	34
			310	34
			311	34
			312	34
			313	34
			314	34
			315	34
			315	35
			316	35
			317	35
			318	35
			319	35
			320	35
			321	35
			322	36
			323	36
			324	36
			325	36
			326	36
			327	36
			328	36
			329	37
			330	37
			331	37
			332	37
			333	37
			334	38
			335	38
			336	38
			337	38
			337	39
			338	39
			339	39
			340	39
			341	40
			342	40
			343	40
			344	41
			345	41
			346	41
			347	41
			348	42
			349	42
			350	42
			351	43
			352	43
			353	43
			354	43
			355	44
			356	44
			357	44
			358	45
			359	45
			360	45
			361	45
			362	46
			363	46
			364	46
			365	46
			366	47
			367	47
			368	47
			369	48
			370	48
			371	48
			372	48
			373	48
			374	48
			375	48
			376	49
			377	49
			378	49
			379	49
			380	49
			381	49
			382	49
			383	50
			384	50
			385	50
			386	50
			387	51
			388	51
			389	51
			390	51
			391	52
			392	52
			393	52
			394	52
			395	53
			396	53
			397	53
			398	54
			399	54
			400	55
			401	55
			402	56
			403	56
			404	57
			405	57
			406	58
			407	58
			408	59
			409	60
			410	60
			411	61
			412	62
			413	63
			414	64
			415	65
			416	66
			416	67
			417	68
			418	69
			419	70
			420	71
			420	72
			421	73
			422	74
			423	75
			423	76
			424	77
			425	78
			425	79
			426	80
			427	81
			427	82
			428	83
			429	84
			430	85
			430	86
			431	87
			431	88
			432	89
			432	90
			433	91
			433	92
			434	92
			434	93
			435	94
			435	95
			436	96
			436	97
			437	98
			437	99
			438	99
			438	100
			438	101
			439	102
			439	103
			440	104
			440	105
			441	106
			441	107
			442	108
			442	109
			443	110
			443	111
			444	112
			444	113
			444	114
			445	115
			446	116
			447	117
			448	118
			449	119
			450	120
			451	121
			452	121
			453	122
			453	123
			454	124
			455	125
			456	125
			457	126
			458	127
			458	128
			459	129
			460	130
			461	131
			462	132
			463	133
			464	134
			464	135
			465	135
			465	136
			466	137
			467	138
			468	139
			469	140
			470	141
			471	142
			471	143
			472	144
			473	145
			474	146
			475	147
			475	148
			476	149
			477	150
			478	151
			479	152
			480	153
			480	154
			481	155
			482	156
		</anterior>
		<posterior type=matrix rownames=FALSE colnames=FALSE nrow=541 ncol=2 as.numeric=TRUE >
			288	156
			289	156
			290	156
			291	156
			292	156
			293	156
			294	156
			295	156
			296	156
			297	157
			298	157
			299	157
			300	157
			301	157
			302	157
			303	157
			304	157
			305	157
			306	157
			307	157
			308	157
			309	157
			310	157
			311	157
			312	157
			313	157
			313	156
			314	156
			315	156
			316	156
			317	156
			318	156
			319	156
			320	156
			321	156
			322	156
			323	156
			324	156
			325	156
			326	156
			327	155
			328	155
			329	155
			330	155
			331	155
			332	155
			333	154
			334	154
			335	154
			336	154
			337	154
			338	154
			339	154
			340	154
			341	154
			342	154
			343	154
			344	154
			345	153
			346	153
			347	153
			348	153
			349	153
			350	153
			351	153
			352	153
			353	153
			354	152
			355	152
			356	152
			357	152
			358	152
			359	152
			360	151
			361	151
			362	151
			363	150
			364	150
			365	150
			366	150
			367	150
			368	150
			369	150
			370	150
			371	150
			372	150
			373	150
			374	150
			375	150
			376	150
			377	150
			378	150
			379	150
			380	150
			381	150
			382	150
			383	150
			384	150
			384	149
			385	149
			386	149
			387	149
			388	149
			389	149
			390	149
			391	149
			392	149
			393	149
			394	149
			395	149
			396	149
			397	149
			398	149
			399	149
			400	149
			401	149
			402	149
			403	149
			404	149
			405	149
			406	149
			407	149
			408	149
			409	149
			410	149
			411	149
			412	149
			413	149
			414	149
			415	149
			416	149
			417	149
			418	149
			419	149
			420	149
			421	149
			422	149
			423	149
			424	149
			425	149
			426	149
			427	149
			428	149
			429	149
			430	149
			431	148
			432	148
			433	148
			434	148
			435	148
			435	147
			436	147
			437	147
			438	147
			439	146
			440	146
			441	145
			442	145
			443	145
			444	145
			445	145
			446	145
			447	146
			448	146
			449	147
			449	148
			450	148
			451	149
			452	150
			453	151
			454	152
			455	152
			456	153
			456	154
			457	155
			458	156
			459	157
			460	158
			461	159
			461	160
			462	160
			462	161
			463	162
			464	163
			464	164
			465	164
			466	165
			466	166
			467	167
			468	168
			468	169
			468	170
			469	171
			469	172
			470	173
			470	174
			471	175
			471	176
			471	177
			472	177
			472	178
			472	179
			473	180
			473	181
			474	182
			474	183
			474	184
			475	185
			475	186
			476	187
			476	188
			476	189
			477	190
			477	191
			477	192
			478	193
			478	194
			478	195
			478	196
			479	197
			479	198
			479	199
			479	200
			480	201
			480	202
			480	203
			480	204
			481	205
			481	206
			481	207
			481	208
			481	209
			482	210
			482	211
			482	212
			482	213
			482	214
			482	215
			482	216
			483	217
			483	218
			483	219
			483	220
			483	221
			483	222
			483	223
			483	224
			483	225
			483	226
			483	227
			483	228
			483	229
			483	230
			483	231
			483	232
			483	233
			483	234
			483	235
			483	236
			483	237
			483	238
			482	239
			482	240
			482	241
			482	242
			482	243
			482	244
			482	245
			481	246
			481	247
			481	248
			481	249
			481	250
			481	251
			481	252
			480	253
			480	254
			480	255
			480	256
			479	257
			479	258
			479	259
			479	260
			479	261
			478	262
			478	263
			478	264
			478	265
			477	266
			477	267
			477	268
			476	269
			476	270
			475	271
			475	272
			475	273
			475	274
			474	274
			474	275
			474	276
			473	277
			473	278
			472	279
			472	280
			472	281
			471	281
			471	282
			471	283
			470	284
			470	285
			469	286
			469	287
			468	288
			468	289
			467	290
			467	291
			466	292
			466	293
			465	294
			465	295
			464	296
			464	297
			463	298
			463	299
			462	300
			462	301
			461	302
			460	303
			460	304
			460	305
			459	305
			459	306
			458	307
			458	308
			457	308
			457	309
			456	310
			456	311
			455	312
			454	313
			454	314
			453	315
			453	316
			452	317
			451	318
			451	319
			450	320
			449	321
			449	322
			448	323
			447	324
			447	325
			446	326
			446	327
			445	327
			445	328
			444	329
			444	330
			444	331
			445	331
			446	331
			447	330
			448	330
			449	330
			450	329
			451	328
			452	327
			453	326
			453	325
			454	325
			455	324
			455	323
			456	322
			457	321
			458	320
			459	319
			460	318
			460	317
			461	316
			462	315
			463	314
			463	313
			464	312
			465	311
			465	310
			466	309
			467	308
			468	307
			468	306
			469	305
			470	304
			470	303
			471	302
			472	301
			472	300
			473	299
			473	298
			474	298
			475	297
			475	296
			476	295
			476	294
			477	293
			478	292
			478	291
			479	290
			479	289
			480	288
			480	287
			481	286
			481	285
			482	284
			482	283
			483	282
			483	281
			484	280
			484	279
			485	278
			485	277
			486	276
			486	275
			486	274
			487	273
			487	272
			488	271
			488	270
			488	269
			489	268
			489	267
			490	266
			490	265
			490	264
			491	263
			491	262
			491	261
			492	260
			492	259
			492	258
			492	257
			493	256
			493	255
			493	254
			494	253
			494	252
			494	251
			494	250
			494	249
			495	248
			495	247
			495	246
			495	245
			495	244
			496	243
			496	242
			496	241
			496	240
			496	239
			496	238
			497	237
			497	236
			497	235
			497	234
			497	233
			497	232
			497	231
			497	230
			497	229
			497	228
			497	227
			498	226
			498	225
			498	224
			498	223
			498	222
			498	221
			498	220
			498	219
			498	218
			498	217
			498	216
			498	215
			498	214
			497	213
			497	212
			497	211
			497	210
			497	209
			497	208
			497	207
			497	206
			497	205
			497	204
			496	203
			496	202
			496	201
			496	200
			496	199
			496	198
			496	197
			495	196
			495	195
			495	194
			495	193
			495	192
			494	191
			494	190
			494	189
			494	188
			493	187
			493	186
			493	185
			492	184
			492	183
			492	182
			492	181
			491	180
			491	179
			491	178
			491	177
			490	177
			490	176
			490	175
			490	174
			489	173
			489	172
			488	171
			488	170
			488	169
			487	168
			487	167
			486	166
			486	165
			486	164
			485	163
			485	162
			484	161
			484	160
			484	159
			483	158
			482	157
			482	156
		</posterior>
	</curves.pixel>
	<curves.scaled type=list>
		<glabella type=matrix rownames=FALSE colnames=FALSE nrow=225 ncol=2 as.numeric=TRUE >
			1.73325227963526	-0.21063829787234
			1.73927051671733	-0.21063829787234
			1.74528875379939	-0.21063829787234
			1.75130699088146	-0.21063829787234
			1.75732522796353	-0.21063829787234
			1.76334346504559	-0.21063829787234
			1.76936170212766	-0.21063829787234
			1.77537993920973	-0.21063829787234
			1.78139817629179	-0.21063829787234
			1.78741641337386	-0.21063829787234
			1.79343465045593	-0.21063829787234
			1.79945288753799	-0.21063829787234
			1.80547112462006	-0.21063829787234
			1.81148936170213	-0.216656534954407
			1.81750759878419	-0.216656534954407
			1.82352583586626	-0.216656534954407
			1.82954407294833	-0.216656534954407
			1.8355623100304	-0.222674772036474
			1.84158054711246	-0.222674772036474
			1.84759878419453	-0.222674772036474
			1.8536170212766	-0.222674772036474
			1.85963525835866	-0.228693009118541
			1.86565349544073	-0.228693009118541
			1.8716717325228	-0.228693009118541
			1.8716717325228	-0.234711246200608
			1.87768996960486	-0.234711246200608
			1.87768996960486	-0.240729483282675
			1.88370820668693	-0.240729483282675
			1.88370820668693	-0.246747720364742
			1.889726443769	-0.246747720364742
			1.889726443769	-0.252765957446809
			1.89574468085106	-0.252765957446809
			1.89574468085106	-0.258784194528875
			1.89574468085106	-0.264802431610942
			1.90176291793313	-0.270820668693009
			1.90176291793313	-0.276838905775076
			1.90176291793313	-0.282857142857143
			1.90176291793313	-0.28887537993921
			1.9077811550152	-0.28887537993921
			1.91379939209726	-0.28887537993921
			1.91981762917933	-0.282857142857143
			1.9258358662614	-0.282857142857143
			1.93185410334346	-0.282857142857143
			1.93787234042553	-0.282857142857143
			1.9438905775076	-0.282857142857143
			1.94990881458967	-0.282857142857143
			1.95592705167173	-0.282857142857143
			1.9619452887538	-0.282857142857143
			1.96796352583587	-0.282857142857143
			1.97398176291793	-0.282857142857143
			1.98	-0.282857142857143
			1.98601823708207	-0.282857142857143
			1.99203647416413	-0.282857142857143
			1.9980547112462	-0.282857142857143
			2.00407294832827	-0.282857142857143
			2.01009118541033	-0.282857142857143
			2.0161094224924	-0.28887537993921
			2.02212765957447	-0.28887537993921
			2.02814589665653	-0.28887537993921
			2.0341641337386	-0.28887537993921
			2.04018237082067	-0.294893617021277
			2.04620060790274	-0.294893617021277
			2.0522188449848	-0.300911854103343
			2.05823708206687	-0.30693009118541
			2.06425531914894	-0.312948328267477
			2.06425531914894	-0.318966565349544
			2.06425531914894	-0.324984802431611
			2.06425531914894	-0.331003039513678
			2.06425531914894	-0.337021276595745
			2.06425531914894	-0.343039513677812
			2.05823708206687	-0.349057750759878
			2.05823708206687	-0.355075987841945
			2.0522188449848	-0.361094224924012
			2.04620060790274	-0.367112462006079
			2.04018237082067	-0.373130699088146
			2.0341641337386	-0.379148936170213
			2.02814589665653	-0.379148936170213
			2.02212765957447	-0.38516717325228
			2.0161094224924	-0.391185410334347
			2.01009118541033	-0.391185410334347
			2.00407294832827	-0.397203647416413
			1.9980547112462	-0.397203647416413
			1.99203647416413	-0.40322188449848
			1.98601823708207	-0.40322188449848
			1.98	-0.409240121580547
			1.97398176291793	-0.409240121580547
			1.96796352583587	-0.415258358662614
			1.9619452887538	-0.415258358662614
			1.95592705167173	-0.415258358662614
			1.95592705167173	-0.421276595744681
			1.94990881458967	-0.421276595744681
			1.94990881458967	-0.427294832826748
			1.94990881458967	-0.433313069908815
			1.95592705167173	-0.433313069908815
			1.9619452887538	-0.433313069908815
			1.96796352583587	-0.433313069908815
			1.97398176291793	-0.433313069908815
			1.98	-0.433313069908815
			1.98601823708207	-0.427294832826748
			1.99203647416413	-0.427294832826748
			1.9980547112462	-0.427294832826748
			2.00407294832827	-0.421276595744681
			2.01009118541033	-0.421276595744681
			2.0161094224924	-0.421276595744681
			2.02212765957447	-0.415258358662614
			2.02814589665653	-0.415258358662614
			2.0341641337386	-0.409240121580547
			2.04018237082067	-0.409240121580547
			2.04620060790274	-0.409240121580547
			2.0522188449848	-0.409240121580547
			2.05823708206687	-0.40322188449848
			2.06425531914894	-0.40322188449848
			2.070273556231	-0.40322188449848
			2.07629179331307	-0.40322188449848
			2.08231003039514	-0.40322188449848
			2.0883282674772	-0.40322188449848
			2.09434650455927	-0.40322188449848
			2.10036474164134	-0.40322188449848
			2.1063829787234	-0.40322188449848
			2.11240121580547	-0.40322188449848
			2.11841945288754	-0.409240121580547
			2.1244376899696	-0.409240121580547
			2.13045592705167	-0.415258358662614
			2.13647416413374	-0.415258358662614
			2.14249240121581	-0.421276595744681
			2.14851063829787	-0.427294832826748
			2.15452887537994	-0.427294832826748
			2.16054711246201	-0.433313069908815
			2.16656534954407	-0.439331306990881
			2.16656534954407	-0.445349544072948
			2.17258358662614	-0.451367781155015
			2.17860182370821	-0.457386018237082
			2.18462006079027	-0.463404255319149
			2.18462006079027	-0.469422492401216
			2.18462006079027	-0.475440729483283
			2.19063829787234	-0.48145896656535
			2.19063829787234	-0.487477203647416
			2.19063829787234	-0.493495440729483
			2.19665653495441	-0.49951367781155
			2.19665653495441	-0.505531914893617
			2.19665653495441	-0.511550151975684
			2.19665653495441	-0.517568389057751
			2.19665653495441	-0.523586626139818
			2.19665653495441	-0.529604863221884
			2.19665653495441	-0.535623100303951
			2.19063829787234	-0.541641337386018
			2.19063829787234	-0.547659574468085
			2.19063829787234	-0.553677811550152
			2.19063829787234	-0.559696048632219
			2.19063829787234	-0.565714285714286
			2.19063829787234	-0.571732522796353
			2.19063829787234	-0.577750759878419
			2.19063829787234	-0.583768996960486
			2.19063829787234	-0.589787234042553
			2.19063829787234	-0.59580547112462
			2.19063829787234	-0.601823708206687
			2.19063829787234	-0.607841945288754
			2.18462006079027	-0.607841945288754
			2.18462006079027	-0.613860182370821
			2.18462006079027	-0.619878419452887
			2.18462006079027	-0.625896656534954
			2.18462006079027	-0.631914893617021
			2.17860182370821	-0.637933130699088
			2.17860182370821	-0.643951367781155
			2.17860182370821	-0.649969604863222
			2.17258358662614	-0.649969604863222
			2.17258358662614	-0.655987841945289
			2.17258358662614	-0.662006079027356
			2.16656534954407	-0.662006079027356
			2.16656534954407	-0.668024316109422
			2.16656534954407	-0.674042553191489
			2.16054711246201	-0.674042553191489
			2.16054711246201	-0.680060790273556
			2.15452887537994	-0.680060790273556
			2.15452887537994	-0.686079027355623
			2.14851063829787	-0.686079027355623
			2.14851063829787	-0.69209726443769
			2.14249240121581	-0.69209726443769
			2.14249240121581	-0.698115501519757
			2.13647416413374	-0.698115501519757
			2.13647416413374	-0.704133738601824
			2.13045592705167	-0.704133738601824
			2.1244376899696	-0.704133738601824
			2.1244376899696	-0.710151975683891
			2.11841945288754	-0.710151975683891
			2.11240121580547	-0.716170212765957
			2.1063829787234	-0.716170212765957
			2.10036474164134	-0.716170212765957
			2.09434650455927	-0.722188449848024
			2.0883282674772	-0.722188449848024
			2.08231003039514	-0.722188449848024
			2.07629179331307	-0.722188449848024
			2.070273556231	-0.728206686930091
			2.06425531914894	-0.728206686930091
			2.05823708206687	-0.728206686930091
			2.0522188449848	-0.728206686930091
			2.04620060790274	-0.728206686930091
			2.04018237082067	-0.728206686930091
			2.0341641337386	-0.728206686930091
			2.02814589665653	-0.728206686930091
			2.02212765957447	-0.728206686930091
			2.0161094224924	-0.728206686930091
			2.01009118541033	-0.728206686930091
			2.01009118541033	-0.734224924012158
			2.01009118541033	-0.740243161094225
			2.00407294832827	-0.746261398176292
			2.00407294832827	-0.752279635258359
			2.00407294832827	-0.758297872340425
			1.9980547112462	-0.764316109422492
			1.9980547112462	-0.770334346504559
			1.99203647416413	-0.776352583586626
			1.99203647416413	-0.782370820668693
			1.98601823708207	-0.78838905775076
			1.98601823708207	-0.794407294832827
			1.98	-0.800425531914894
			1.97398176291793	-0.80644376899696
			1.96796352583587	-0.812462006079027
			1.9619452887538	-0.818480243161094
			1.9619452887538	-0.824498480243161
			1.95592705167173	-0.830516717325228
			1.94990881458967	-0.836534954407295
			1.9438905775076	-0.842553191489362
			1.93787234042553	-0.842553191489362
			1.93185410334346	-0.848571428571429
			1.9258358662614	-0.854589665653495
		</glabella>
		<suture type=matrix rownames=FALSE colnames=FALSE nrow=212 ncol=2 as.numeric=TRUE >
			1.73325227963526	-0.21063829787234
			1.73927051671733	-0.21063829787234
			1.74528875379939	-0.21063829787234
			1.75130699088146	-0.21063829787234
			1.75732522796353	-0.21063829787234
			1.76334346504559	-0.21063829787234
			1.76936170212766	-0.21063829787234
			1.77537993920973	-0.21063829787234
			1.78139817629179	-0.21063829787234
			1.78741641337386	-0.21063829787234
			1.79343465045593	-0.21063829787234
			1.79945288753799	-0.21063829787234
			1.80547112462006	-0.21063829787234
			1.81148936170213	-0.21063829787234
			1.81750759878419	-0.216656534954407
			1.82352583586626	-0.216656534954407
			1.82954407294833	-0.216656534954407
			1.8355623100304	-0.216656534954407
			1.84158054711246	-0.216656534954407
			1.84759878419453	-0.216656534954407
			1.8536170212766	-0.222674772036474
			1.85963525835866	-0.222674772036474
			1.86565349544073	-0.222674772036474
			1.8716717325228	-0.222674772036474
			1.87768996960486	-0.228693009118541
			1.88370820668693	-0.228693009118541
			1.889726443769	-0.228693009118541
			1.89574468085106	-0.228693009118541
			1.90176291793313	-0.234711246200608
			1.9077811550152	-0.234711246200608
			1.91379939209726	-0.234711246200608
			1.91981762917933	-0.234711246200608
			1.9258358662614	-0.240729483282675
			1.93185410334346	-0.240729483282675
			1.93787234042553	-0.240729483282675
			1.9438905775076	-0.246747720364742
			1.94990881458967	-0.246747720364742
			1.95592705167173	-0.246747720364742
			1.9619452887538	-0.252765957446809
			1.96796352583587	-0.252765957446809
			1.97398176291793	-0.252765957446809
			1.98	-0.252765957446809
			1.98601823708207	-0.252765957446809
			1.99203647416413	-0.252765957446809
			1.9980547112462	-0.258784194528875
			2.00407294832827	-0.258784194528875
			2.01009118541033	-0.258784194528875
			2.0161094224924	-0.258784194528875
			2.02212765957447	-0.258784194528875
			2.02814589665653	-0.258784194528875
			2.0341641337386	-0.258784194528875
			2.04018237082067	-0.264802431610942
			2.04620060790274	-0.264802431610942
			2.0522188449848	-0.264802431610942
			2.05823708206687	-0.264802431610942
			2.06425531914894	-0.264802431610942
			2.070273556231	-0.264802431610942
			2.07629179331307	-0.270820668693009
			2.08231003039514	-0.270820668693009
			2.0883282674772	-0.270820668693009
			2.09434650455927	-0.270820668693009
			2.10036474164134	-0.270820668693009
			2.1063829787234	-0.276838905775076
			2.11240121580547	-0.276838905775076
			2.11841945288754	-0.276838905775076
			2.1244376899696	-0.276838905775076
			2.13045592705167	-0.282857142857143
			2.13647416413374	-0.282857142857143
			2.14249240121581	-0.282857142857143
			2.14851063829787	-0.28887537993921
			2.15452887537994	-0.28887537993921
			2.16054711246201	-0.28887537993921
			2.16656534954407	-0.28887537993921
			2.17258358662614	-0.294893617021277
			2.17860182370821	-0.294893617021277
			2.18462006079027	-0.294893617021277
			2.19063829787234	-0.300911854103343
			2.19665653495441	-0.300911854103343
			2.20267477203647	-0.300911854103343
			2.20869300911854	-0.30693009118541
			2.21471124620061	-0.30693009118541
			2.22072948328267	-0.30693009118541
			2.22674772036474	-0.312948328267477
			2.23276595744681	-0.312948328267477
			2.23878419452888	-0.318966565349544
			2.24480243161094	-0.318966565349544
			2.25082066869301	-0.324984802431611
			2.25683890577508	-0.324984802431611
			2.26285714285714	-0.324984802431611
			2.26887537993921	-0.331003039513678
			2.27489361702128	-0.331003039513678
			2.28091185410334	-0.337021276595745
			2.28693009118541	-0.337021276595745
			2.29294832826748	-0.343039513677812
			2.29896656534954	-0.343039513677812
			2.30498480243161	-0.349057750759878
			2.31100303951368	-0.349057750759878
			2.31702127659574	-0.355075987841945
			2.32303951367781	-0.355075987841945
			2.32905775075988	-0.361094224924012
			2.33507598784195	-0.361094224924012
			2.33507598784195	-0.367112462006079
			2.34109422492401	-0.367112462006079
			2.34711246200608	-0.373130699088146
			2.35313069908815	-0.373130699088146
			2.35914893617021	-0.379148936170213
			2.36516717325228	-0.379148936170213
			2.36516717325228	-0.38516717325228
			2.37118541033435	-0.38516717325228
			2.37720364741641	-0.391185410334347
			2.38322188449848	-0.391185410334347
			2.38322188449848	-0.397203647416413
			2.38924012158055	-0.397203647416413
			2.39525835866261	-0.40322188449848
			2.40127659574468	-0.40322188449848
			2.40127659574468	-0.409240121580547
			2.40729483282675	-0.409240121580547
			2.41331306990881	-0.409240121580547
			2.41331306990881	-0.415258358662614
			2.41933130699088	-0.415258358662614
			2.42534954407295	-0.421276595744681
			2.43136778115502	-0.421276595744681
			2.43738601823708	-0.427294832826748
			2.44340425531915	-0.433313069908815
			2.44942249240122	-0.433313069908815
			2.44942249240122	-0.439331306990881
			2.45544072948328	-0.445349544072948
			2.46145896656535	-0.451367781155015
			2.46747720364742	-0.457386018237082
			2.46747720364742	-0.463404255319149
			2.47349544072948	-0.469422492401216
			2.47349544072948	-0.475440729483283
			2.47951367781155	-0.48145896656535
			2.47951367781155	-0.487477203647416
			2.47951367781155	-0.493495440729483
			2.47951367781155	-0.49951367781155
			2.47951367781155	-0.505531914893617
			2.47951367781155	-0.511550151975684
			2.47349544072948	-0.517568389057751
			2.47349544072948	-0.523586626139818
			2.47349544072948	-0.529604863221884
			2.46747720364742	-0.535623100303951
			2.46747720364742	-0.541641337386018
			2.46747720364742	-0.547659574468085
			2.46145896656535	-0.547659574468085
			2.46145896656535	-0.553677811550152
			2.45544072948328	-0.559696048632219
			2.44942249240122	-0.565714285714286
			2.44942249240122	-0.571732522796353
			2.44340425531915	-0.577750759878419
			2.43738601823708	-0.583768996960486
			2.43136778115502	-0.589787234042553
			2.42534954407295	-0.59580547112462
			2.42534954407295	-0.601823708206687
			2.41933130699088	-0.607841945288754
			2.41933130699088	-0.613860182370821
			2.41933130699088	-0.619878419452887
			2.41933130699088	-0.625896656534954
			2.41933130699088	-0.631914893617021
			2.41933130699088	-0.637933130699088
			2.42534954407295	-0.643951367781155
			2.42534954407295	-0.649969604863222
			2.43136778115502	-0.655987841945289
			2.43738601823708	-0.655987841945289
			2.44340425531915	-0.662006079027356
			2.44942249240122	-0.668024316109422
			2.45544072948328	-0.668024316109422
			2.46145896656535	-0.674042553191489
			2.46747720364742	-0.680060790273556
			2.47349544072948	-0.680060790273556
			2.47951367781155	-0.680060790273556
			2.48553191489362	-0.686079027355623
			2.49155015197568	-0.686079027355623
			2.49756838905775	-0.686079027355623
			2.50358662613982	-0.69209726443769
			2.50960486322188	-0.69209726443769
			2.51562310030395	-0.698115501519757
			2.52164133738602	-0.704133738601824
			2.52765957446808	-0.704133738601824
			2.52765957446808	-0.710151975683891
			2.53367781155015	-0.716170212765957
			2.53969604863222	-0.722188449848024
			2.54571428571429	-0.728206686930091
			2.55173252279635	-0.734224924012158
			2.55173252279635	-0.740243161094225
			2.55775075987842	-0.746261398176292
			2.55775075987842	-0.752279635258359
			2.56376899696049	-0.758297872340425
			2.56978723404255	-0.764316109422492
			2.56978723404255	-0.770334346504559
			2.56978723404255	-0.776352583586626
			2.57580547112462	-0.776352583586626
			2.57580547112462	-0.782370820668693
			2.57580547112462	-0.78838905775076
			2.58182370820669	-0.794407294832827
			2.58784194528875	-0.800425531914894
			2.58784194528875	-0.80644376899696
			2.58784194528875	-0.812462006079027
			2.59386018237082	-0.818480243161094
			2.59386018237082	-0.824498480243161
			2.59987841945289	-0.830516717325228
			2.59987841945289	-0.836534954407295
			2.59987841945289	-0.842553191489362
			2.60589665653495	-0.842553191489362
			2.60589665653495	-0.848571428571429
			2.60589665653495	-0.854589665653495
			2.60589665653495	-0.860607902735562
			2.61191489361702	-0.860607902735562
			2.61191489361702	-0.866626139817629
			2.61191489361702	-0.872644376899696
			2.61793313069909	-0.878662613981763
			2.61793313069909	-0.88468085106383
		</suture>
		<anterior type=matrix rownames=FALSE colnames=FALSE nrow=226 ncol=2 as.numeric=TRUE >
			1.73325227963526	-0.180547112462006
			1.73927051671733	-0.180547112462006
			1.74528875379939	-0.180547112462006
			1.75130699088146	-0.186565349544073
			1.75732522796353	-0.186565349544073
			1.76334346504559	-0.186565349544073
			1.76936170212766	-0.186565349544073
			1.77537993920973	-0.186565349544073
			1.78139817629179	-0.186565349544073
			1.78741641337386	-0.19258358662614
			1.79343465045593	-0.19258358662614
			1.79945288753799	-0.19258358662614
			1.80547112462006	-0.19258358662614
			1.81148936170213	-0.19258358662614
			1.81750759878419	-0.19258358662614
			1.82352583586626	-0.198601823708207
			1.82954407294833	-0.198601823708207
			1.8355623100304	-0.198601823708207
			1.84158054711246	-0.198601823708207
			1.84759878419453	-0.198601823708207
			1.8536170212766	-0.198601823708207
			1.85963525835866	-0.204620060790274
			1.86565349544073	-0.204620060790274
			1.8716717325228	-0.204620060790274
			1.87768996960486	-0.204620060790274
			1.88370820668693	-0.204620060790274
			1.889726443769	-0.204620060790274
			1.89574468085106	-0.204620060790274
			1.89574468085106	-0.21063829787234
			1.90176291793313	-0.21063829787234
			1.9077811550152	-0.21063829787234
			1.91379939209726	-0.21063829787234
			1.91981762917933	-0.21063829787234
			1.9258358662614	-0.21063829787234
			1.93185410334346	-0.21063829787234
			1.93787234042553	-0.216656534954407
			1.9438905775076	-0.216656534954407
			1.94990881458967	-0.216656534954407
			1.95592705167173	-0.216656534954407
			1.9619452887538	-0.216656534954407
			1.96796352583587	-0.216656534954407
			1.97398176291793	-0.216656534954407
			1.98	-0.222674772036474
			1.98601823708207	-0.222674772036474
			1.99203647416413	-0.222674772036474
			1.9980547112462	-0.222674772036474
			2.00407294832827	-0.222674772036474
			2.01009118541033	-0.228693009118541
			2.0161094224924	-0.228693009118541
			2.02212765957447	-0.228693009118541
			2.02814589665653	-0.228693009118541
			2.02814589665653	-0.234711246200608
			2.0341641337386	-0.234711246200608
			2.04018237082067	-0.234711246200608
			2.04620060790274	-0.234711246200608
			2.0522188449848	-0.240729483282675
			2.05823708206687	-0.240729483282675
			2.06425531914894	-0.240729483282675
			2.070273556231	-0.246747720364742
			2.07629179331307	-0.246747720364742
			2.08231003039514	-0.246747720364742
			2.0883282674772	-0.246747720364742
			2.09434650455927	-0.252765957446809
			2.10036474164134	-0.252765957446809
			2.1063829787234	-0.252765957446809
			2.11240121580547	-0.258784194528875
			2.11841945288754	-0.258784194528875
			2.1244376899696	-0.258784194528875
			2.13045592705167	-0.258784194528875
			2.13647416413374	-0.264802431610942
			2.14249240121581	-0.264802431610942
			2.14851063829787	-0.264802431610942
			2.15452887537994	-0.270820668693009
			2.16054711246201	-0.270820668693009
			2.16656534954407	-0.270820668693009
			2.17258358662614	-0.270820668693009
			2.17860182370821	-0.276838905775076
			2.18462006079027	-0.276838905775076
			2.19063829787234	-0.276838905775076
			2.19665653495441	-0.276838905775076
			2.20267477203647	-0.282857142857143
			2.20869300911854	-0.282857142857143
			2.21471124620061	-0.282857142857143
			2.22072948328267	-0.28887537993921
			2.22674772036474	-0.28887537993921
			2.23276595744681	-0.28887537993921
			2.23878419452888	-0.28887537993921
			2.24480243161094	-0.28887537993921
			2.25082066869301	-0.28887537993921
			2.25683890577508	-0.28887537993921
			2.26285714285714	-0.294893617021277
			2.26887537993921	-0.294893617021277
			2.27489361702128	-0.294893617021277
			2.28091185410334	-0.294893617021277
			2.28693009118541	-0.294893617021277
			2.29294832826748	-0.294893617021277
			2.29896656534954	-0.294893617021277
			2.30498480243161	-0.300911854103343
			2.31100303951368	-0.300911854103343
			2.31702127659574	-0.300911854103343
			2.32303951367781	-0.300911854103343
			2.32905775075988	-0.30693009118541
			2.33507598784195	-0.30693009118541
			2.34109422492401	-0.30693009118541
			2.34711246200608	-0.30693009118541
			2.35313069908815	-0.312948328267477
			2.35914893617021	-0.312948328267477
			2.36516717325228	-0.312948328267477
			2.37118541033435	-0.312948328267477
			2.37720364741641	-0.318966565349544
			2.38322188449848	-0.318966565349544
			2.38924012158055	-0.318966565349544
			2.39525835866261	-0.324984802431611
			2.40127659574468	-0.324984802431611
			2.40729483282675	-0.331003039513678
			2.41331306990881	-0.331003039513678
			2.41933130699088	-0.337021276595745
			2.42534954407295	-0.337021276595745
			2.43136778115502	-0.343039513677812
			2.43738601823708	-0.343039513677812
			2.44340425531915	-0.349057750759878
			2.44942249240122	-0.349057750759878
			2.45544072948328	-0.355075987841945
			2.46145896656535	-0.361094224924012
			2.46747720364742	-0.361094224924012
			2.47349544072948	-0.367112462006079
			2.47951367781155	-0.373130699088146
			2.48553191489362	-0.379148936170213
			2.49155015197568	-0.38516717325228
			2.49756838905775	-0.391185410334347
			2.50358662613982	-0.397203647416413
			2.50358662613982	-0.40322188449848
			2.50960486322188	-0.409240121580547
			2.51562310030395	-0.415258358662614
			2.52164133738602	-0.421276595744681
			2.52765957446808	-0.427294832826748
			2.52765957446808	-0.433313069908815
			2.53367781155015	-0.439331306990881
			2.53969604863222	-0.445349544072948
			2.54571428571429	-0.451367781155015
			2.54571428571429	-0.457386018237082
			2.55173252279635	-0.463404255319149
			2.55775075987842	-0.469422492401216
			2.55775075987842	-0.475440729483283
			2.56376899696049	-0.48145896656535
			2.56978723404255	-0.487477203647416
			2.56978723404255	-0.493495440729483
			2.57580547112462	-0.49951367781155
			2.58182370820669	-0.505531914893617
			2.58784194528875	-0.511550151975684
			2.58784194528875	-0.517568389057751
			2.59386018237082	-0.523586626139818
			2.59386018237082	-0.529604863221884
			2.59987841945289	-0.535623100303951
			2.59987841945289	-0.541641337386018
			2.60589665653495	-0.547659574468085
			2.60589665653495	-0.553677811550152
			2.61191489361702	-0.553677811550152
			2.61191489361702	-0.559696048632219
			2.61793313069909	-0.565714285714286
			2.61793313069909	-0.571732522796353
			2.62395136778115	-0.577750759878419
			2.62395136778115	-0.583768996960486
			2.62996960486322	-0.589787234042553
			2.62996960486322	-0.59580547112462
			2.63598784194529	-0.59580547112462
			2.63598784194529	-0.601823708206687
			2.63598784194529	-0.607841945288754
			2.64200607902736	-0.613860182370821
			2.64200607902736	-0.619878419452887
			2.64802431610942	-0.625896656534954
			2.64802431610942	-0.631914893617021
			2.65404255319149	-0.637933130699088
			2.65404255319149	-0.643951367781155
			2.66006079027356	-0.649969604863222
			2.66006079027356	-0.655987841945289
			2.66607902735562	-0.662006079027356
			2.66607902735562	-0.668024316109422
			2.67209726443769	-0.674042553191489
			2.67209726443769	-0.680060790273556
			2.67209726443769	-0.686079027355623
			2.67811550151976	-0.69209726443769
			2.68413373860182	-0.698115501519757
			2.69015197568389	-0.704133738601824
			2.69617021276596	-0.710151975683891
			2.70218844984802	-0.716170212765957
			2.70820668693009	-0.722188449848024
			2.71422492401216	-0.728206686930091
			2.72024316109422	-0.728206686930091
			2.72626139817629	-0.734224924012158
			2.72626139817629	-0.740243161094225
			2.73227963525836	-0.746261398176292
			2.73829787234043	-0.752279635258359
			2.74431610942249	-0.752279635258359
			2.75033434650456	-0.758297872340425
			2.75635258358663	-0.764316109422492
			2.75635258358663	-0.770334346504559
			2.76237082066869	-0.776352583586626
			2.76838905775076	-0.782370820668693
			2.77440729483283	-0.78838905775076
			2.78042553191489	-0.794407294832827
			2.78644376899696	-0.800425531914894
			2.79246200607903	-0.80644376899696
			2.79246200607903	-0.812462006079027
			2.79848024316109	-0.812462006079027
			2.79848024316109	-0.818480243161094
			2.80449848024316	-0.824498480243161
			2.81051671732523	-0.830516717325228
			2.81653495440729	-0.836534954407295
			2.82255319148936	-0.842553191489362
			2.82857142857143	-0.848571428571429
			2.8345896656535	-0.854589665653495
			2.8345896656535	-0.860607902735562
			2.84060790273556	-0.866626139817629
			2.84662613981763	-0.872644376899696
			2.8526443768997	-0.878662613981763
			2.85866261398176	-0.88468085106383
			2.85866261398176	-0.890699088145897
			2.86468085106383	-0.896717325227963
			2.8706990881459	-0.90273556231003
			2.87671732522796	-0.908753799392097
			2.88273556231003	-0.914772036474164
			2.8887537993921	-0.920790273556231
			2.8887537993921	-0.926808510638298
			2.89477203647416	-0.932826747720365
			2.90079027355623	-0.938844984802432
		</anterior>
		<posterior type=matrix rownames=FALSE colnames=FALSE nrow=541 ncol=2 as.numeric=TRUE >
			1.73325227963526	-0.938844984802432
			1.73927051671733	-0.938844984802432
			1.74528875379939	-0.938844984802432
			1.75130699088146	-0.938844984802432
			1.75732522796353	-0.938844984802432
			1.76334346504559	-0.938844984802432
			1.76936170212766	-0.938844984802432
			1.77537993920973	-0.938844984802432
			1.78139817629179	-0.938844984802432
			1.78741641337386	-0.944863221884498
			1.79343465045593	-0.944863221884498
			1.79945288753799	-0.944863221884498
			1.80547112462006	-0.944863221884498
			1.81148936170213	-0.944863221884498
			1.81750759878419	-0.944863221884498
			1.82352583586626	-0.944863221884498
			1.82954407294833	-0.944863221884498
			1.8355623100304	-0.944863221884498
			1.84158054711246	-0.944863221884498
			1.84759878419453	-0.944863221884498
			1.8536170212766	-0.944863221884498
			1.85963525835866	-0.944863221884498
			1.86565349544073	-0.944863221884498
			1.8716717325228	-0.944863221884498
			1.87768996960486	-0.944863221884498
			1.88370820668693	-0.944863221884498
			1.88370820668693	-0.938844984802432
			1.889726443769	-0.938844984802432
			1.89574468085106	-0.938844984802432
			1.90176291793313	-0.938844984802432
			1.9077811550152	-0.938844984802432
			1.91379939209726	-0.938844984802432
			1.91981762917933	-0.938844984802432
			1.9258358662614	-0.938844984802432
			1.93185410334346	-0.938844984802432
			1.93787234042553	-0.938844984802432
			1.9438905775076	-0.938844984802432
			1.94990881458967	-0.938844984802432
			1.95592705167173	-0.938844984802432
			1.9619452887538	-0.938844984802432
			1.96796352583587	-0.932826747720365
			1.97398176291793	-0.932826747720365
			1.98	-0.932826747720365
			1.98601823708207	-0.932826747720365
			1.99203647416413	-0.932826747720365
			1.9980547112462	-0.932826747720365
			2.00407294832827	-0.926808510638298
			2.01009118541033	-0.926808510638298
			2.0161094224924	-0.926808510638298
			2.02212765957447	-0.926808510638298
			2.02814589665653	-0.926808510638298
			2.0341641337386	-0.926808510638298
			2.04018237082067	-0.926808510638298
			2.04620060790274	-0.926808510638298
			2.0522188449848	-0.926808510638298
			2.05823708206687	-0.926808510638298
			2.06425531914894	-0.926808510638298
			2.070273556231	-0.926808510638298
			2.07629179331307	-0.920790273556231
			2.08231003039514	-0.920790273556231
			2.0883282674772	-0.920790273556231
			2.09434650455927	-0.920790273556231
			2.10036474164134	-0.920790273556231
			2.1063829787234	-0.920790273556231
			2.11240121580547	-0.920790273556231
			2.11841945288754	-0.920790273556231
			2.1244376899696	-0.920790273556231
			2.13045592705167	-0.914772036474164
			2.13647416413374	-0.914772036474164
			2.14249240121581	-0.914772036474164
			2.14851063829787	-0.914772036474164
			2.15452887537994	-0.914772036474164
			2.16054711246201	-0.914772036474164
			2.16656534954407	-0.908753799392097
			2.17258358662614	-0.908753799392097
			2.17860182370821	-0.908753799392097
			2.18462006079027	-0.90273556231003
			2.19063829787234	-0.90273556231003
			2.19665653495441	-0.90273556231003
			2.20267477203647	-0.90273556231003
			2.20869300911854	-0.90273556231003
			2.21471124620061	-0.90273556231003
			2.22072948328267	-0.90273556231003
			2.22674772036474	-0.90273556231003
			2.23276595744681	-0.90273556231003
			2.23878419452888	-0.90273556231003
			2.24480243161094	-0.90273556231003
			2.25082066869301	-0.90273556231003
			2.25683890577508	-0.90273556231003
			2.26285714285714	-0.90273556231003
			2.26887537993921	-0.90273556231003
			2.27489361702128	-0.90273556231003
			2.28091185410334	-0.90273556231003
			2.28693009118541	-0.90273556231003
			2.29294832826748	-0.90273556231003
			2.29896656534954	-0.90273556231003
			2.30498480243161	-0.90273556231003
			2.31100303951368	-0.90273556231003
			2.31100303951368	-0.896717325227963
			2.31702127659574	-0.896717325227963
			2.32303951367781	-0.896717325227963
			2.32905775075988	-0.896717325227963
			2.33507598784195	-0.896717325227963
			2.34109422492401	-0.896717325227963
			2.34711246200608	-0.896717325227963
			2.35313069908815	-0.896717325227963
			2.35914893617021	-0.896717325227963
			2.36516717325228	-0.896717325227963
			2.37118541033435	-0.896717325227963
			2.37720364741641	-0.896717325227963
			2.38322188449848	-0.896717325227963
			2.38924012158055	-0.896717325227963
			2.39525835866261	-0.896717325227963
			2.40127659574468	-0.896717325227963
			2.40729483282675	-0.896717325227963
			2.41331306990881	-0.896717325227963
			2.41933130699088	-0.896717325227963
			2.42534954407295	-0.896717325227963
			2.43136778115502	-0.896717325227963
			2.43738601823708	-0.896717325227963
			2.44340425531915	-0.896717325227963
			2.44942249240122	-0.896717325227963
			2.45544072948328	-0.896717325227963
			2.46145896656535	-0.896717325227963
			2.46747720364742	-0.896717325227963
			2.47349544072948	-0.896717325227963
			2.47951367781155	-0.896717325227963
			2.48553191489362	-0.896717325227963
			2.49155015197568	-0.896717325227963
			2.49756838905775	-0.896717325227963
			2.50358662613982	-0.896717325227963
			2.50960486322188	-0.896717325227963
			2.51562310030395	-0.896717325227963
			2.52164133738602	-0.896717325227963
			2.52765957446808	-0.896717325227963
			2.53367781155015	-0.896717325227963
			2.53969604863222	-0.896717325227963
			2.54571428571429	-0.896717325227963
			2.55173252279635	-0.896717325227963
			2.55775075987842	-0.896717325227963
			2.56376899696049	-0.896717325227963
			2.56978723404255	-0.896717325227963
			2.57580547112462	-0.896717325227963
			2.58182370820669	-0.896717325227963
			2.58784194528875	-0.896717325227963
			2.59386018237082	-0.890699088145897
			2.59987841945289	-0.890699088145897
			2.60589665653495	-0.890699088145897
			2.61191489361702	-0.890699088145897
			2.61793313069909	-0.890699088145897
			2.61793313069909	-0.88468085106383
			2.62395136778115	-0.88468085106383
			2.62996960486322	-0.88468085106383
			2.63598784194529	-0.88468085106383
			2.64200607902736	-0.878662613981763
			2.64802431610942	-0.878662613981763
			2.65404255319149	-0.872644376899696
			2.66006079027356	-0.872644376899696
			2.66607902735562	-0.872644376899696
			2.67209726443769	-0.872644376899696
			2.67811550151976	-0.872644376899696
			2.68413373860182	-0.872644376899696
			2.69015197568389	-0.878662613981763
			2.69617021276596	-0.878662613981763
			2.70218844984802	-0.88468085106383
			2.70218844984802	-0.890699088145897
			2.70820668693009	-0.890699088145897
			2.71422492401216	-0.896717325227963
			2.72024316109422	-0.90273556231003
			2.72626139817629	-0.908753799392097
			2.73227963525836	-0.914772036474164
			2.73829787234043	-0.914772036474164
			2.74431610942249	-0.920790273556231
			2.74431610942249	-0.926808510638298
			2.75033434650456	-0.932826747720365
			2.75635258358663	-0.938844984802432
			2.76237082066869	-0.944863221884498
			2.76838905775076	-0.950881458966565
			2.77440729483283	-0.956899696048632
			2.77440729483283	-0.962917933130699
			2.78042553191489	-0.962917933130699
			2.78042553191489	-0.968936170212766
			2.78644376899696	-0.974954407294833
			2.79246200607903	-0.9809726443769
			2.79246200607903	-0.986990881458967
			2.79848024316109	-0.986990881458967
			2.80449848024316	-0.993009118541033
			2.80449848024316	-0.9990273556231
			2.81051671732523	-1.00504559270517
			2.81653495440729	-1.01106382978723
			2.81653495440729	-1.0170820668693
			2.81653495440729	-1.02310030395137
			2.82255319148936	-1.02911854103343
			2.82255319148936	-1.0351367781155
			2.82857142857143	-1.04115501519757
			2.82857142857143	-1.04717325227964
			2.8345896656535	-1.0531914893617
			2.8345896656535	-1.05920972644377
			2.8345896656535	-1.06522796352584
			2.84060790273556	-1.06522796352584
			2.84060790273556	-1.0712462006079
			2.84060790273556	-1.07726443768997
			2.84662613981763	-1.08328267477204
			2.84662613981763	-1.0893009118541
			2.8526443768997	-1.09531914893617
			2.8526443768997	-1.10133738601824
			2.8526443768997	-1.1073556231003
			2.85866261398176	-1.11337386018237
			2.85866261398176	-1.11939209726444
			2.86468085106383	-1.1254103343465
			2.86468085106383	-1.13142857142857
			2.86468085106383	-1.13744680851064
			2.8706990881459	-1.14346504559271
			2.8706990881459	-1.14948328267477
			2.8706990881459	-1.15550151975684
			2.87671732522796	-1.16151975683891
			2.87671732522796	-1.16753799392097
			2.87671732522796	-1.17355623100304
			2.87671732522796	-1.17957446808511
			2.88273556231003	-1.18559270516717
			2.88273556231003	-1.19161094224924
			2.88273556231003	-1.19762917933131
			2.88273556231003	-1.20364741641337
			2.8887537993921	-1.20966565349544
			2.8887537993921	-1.21568389057751
			2.8887537993921	-1.22170212765957
			2.8887537993921	-1.22772036474164
			2.89477203647416	-1.23373860182371
			2.89477203647416	-1.23975683890577
			2.89477203647416	-1.24577507598784
			2.89477203647416	-1.25179331306991
			2.89477203647416	-1.25781155015198
			2.90079027355623	-1.26382978723404
			2.90079027355623	-1.26984802431611
			2.90079027355623	-1.27586626139818
			2.90079027355623	-1.28188449848024
			2.90079027355623	-1.28790273556231
			2.90079027355623	-1.29392097264438
			2.90079027355623	-1.29993920972644
			2.9068085106383	-1.30595744680851
			2.9068085106383	-1.31197568389058
			2.9068085106383	-1.31799392097264
			2.9068085106383	-1.32401215805471
			2.9068085106383	-1.33003039513678
			2.9068085106383	-1.33604863221884
			2.9068085106383	-1.34206686930091
			2.9068085106383	-1.34808510638298
			2.9068085106383	-1.35410334346505
			2.9068085106383	-1.36012158054711
			2.9068085106383	-1.36613981762918
			2.9068085106383	-1.37215805471125
			2.9068085106383	-1.37817629179331
			2.9068085106383	-1.38419452887538
			2.9068085106383	-1.39021276595745
			2.9068085106383	-1.39623100303951
			2.9068085106383	-1.40224924012158
			2.9068085106383	-1.40826747720365
			2.9068085106383	-1.41428571428571
			2.9068085106383	-1.42030395136778
			2.9068085106383	-1.42632218844985
			2.9068085106383	-1.43234042553191
			2.90079027355623	-1.43835866261398
			2.90079027355623	-1.44437689969605
			2.90079027355623	-1.45039513677812
			2.90079027355623	-1.45641337386018
			2.90079027355623	-1.46243161094225
			2.90079027355623	-1.46844984802432
			2.90079027355623	-1.47446808510638
			2.89477203647416	-1.48048632218845
			2.89477203647416	-1.48650455927052
			2.89477203647416	-1.49252279635258
			2.89477203647416	-1.49854103343465
			2.89477203647416	-1.50455927051672
			2.89477203647416	-1.51057750759878
			2.89477203647416	-1.51659574468085
			2.8887537993921	-1.52261398176292
			2.8887537993921	-1.52863221884498
			2.8887537993921	-1.53465045592705
			2.8887537993921	-1.54066869300912
			2.88273556231003	-1.54668693009119
			2.88273556231003	-1.55270516717325
			2.88273556231003	-1.55872340425532
			2.88273556231003	-1.56474164133739
			2.88273556231003	-1.57075987841945
			2.87671732522796	-1.57677811550152
			2.87671732522796	-1.58279635258359
			2.87671732522796	-1.58881458966565
			2.87671732522796	-1.59483282674772
			2.8706990881459	-1.60085106382979
			2.8706990881459	-1.60686930091185
			2.8706990881459	-1.61288753799392
			2.86468085106383	-1.61890577507599
			2.86468085106383	-1.62492401215805
			2.85866261398176	-1.63094224924012
			2.85866261398176	-1.63696048632219
			2.85866261398176	-1.64297872340426
			2.85866261398176	-1.64899696048632
			2.8526443768997	-1.64899696048632
			2.8526443768997	-1.65501519756839
			2.8526443768997	-1.66103343465046
			2.84662613981763	-1.66705167173252
			2.84662613981763	-1.67306990881459
			2.84060790273556	-1.67908814589666
			2.84060790273556	-1.68510638297872
			2.84060790273556	-1.69112462006079
			2.8345896656535	-1.69112462006079
			2.8345896656535	-1.69714285714286
			2.8345896656535	-1.70316109422492
			2.82857142857143	-1.70917933130699
			2.82857142857143	-1.71519756838906
			2.82255319148936	-1.72121580547112
			2.82255319148936	-1.72723404255319
			2.81653495440729	-1.73325227963526
			2.81653495440729	-1.73927051671733
			2.81051671732523	-1.74528875379939
			2.81051671732523	-1.75130699088146
			2.80449848024316	-1.75732522796353
			2.80449848024316	-1.76334346504559
			2.79848024316109	-1.76936170212766
			2.79848024316109	-1.77537993920973
			2.79246200607903	-1.78139817629179
			2.79246200607903	-1.78741641337386
			2.78644376899696	-1.79343465045593
			2.78644376899696	-1.79945288753799
			2.78042553191489	-1.80547112462006
			2.78042553191489	-1.81148936170213
			2.77440729483283	-1.81750759878419
			2.76838905775076	-1.82352583586626
			2.76838905775076	-1.82954407294833
			2.76838905775076	-1.8355623100304
			2.76237082066869	-1.8355623100304
			2.76237082066869	-1.84158054711246
			2.75635258358663	-1.84759878419453
			2.75635258358663	-1.8536170212766
			2.75033434650456	-1.8536170212766
			2.75033434650456	-1.85963525835866
			2.74431610942249	-1.86565349544073
			2.74431610942249	-1.8716717325228
			2.73829787234043	-1.87768996960486
			2.73227963525836	-1.88370820668693
			2.73227963525836	-1.889726443769
			2.72626139817629	-1.89574468085106
			2.72626139817629	-1.90176291793313
			2.72024316109422	-1.9077811550152
			2.71422492401216	-1.91379939209726
			2.71422492401216	-1.91981762917933
			2.70820668693009	-1.9258358662614
			2.70218844984802	-1.93185410334346
			2.70218844984802	-1.93787234042553
			2.69617021276596	-1.9438905775076
			2.69015197568389	-1.94990881458967
			2.69015197568389	-1.95592705167173
			2.68413373860182	-1.9619452887538
			2.68413373860182	-1.96796352583587
			2.67811550151976	-1.96796352583587
			2.67811550151976	-1.97398176291793
			2.67209726443769	-1.98
			2.67209726443769	-1.98601823708207
			2.67209726443769	-1.99203647416413
			2.67811550151976	-1.99203647416413
			2.68413373860182	-1.99203647416413
			2.69015197568389	-1.98601823708207
			2.69617021276596	-1.98601823708207
			2.70218844984802	-1.98601823708207
			2.70820668693009	-1.98
			2.71422492401216	-1.97398176291793
			2.72024316109422	-1.96796352583587
			2.72626139817629	-1.9619452887538
			2.72626139817629	-1.95592705167173
			2.73227963525836	-1.95592705167173
			2.73829787234043	-1.94990881458967
			2.73829787234043	-1.9438905775076
			2.74431610942249	-1.93787234042553
			2.75033434650456	-1.93185410334346
			2.75635258358663	-1.9258358662614
			2.76237082066869	-1.91981762917933
			2.76838905775076	-1.91379939209726
			2.76838905775076	-1.9077811550152
			2.77440729483283	-1.90176291793313
			2.78042553191489	-1.89574468085106
			2.78644376899696	-1.889726443769
			2.78644376899696	-1.88370820668693
			2.79246200607903	-1.87768996960486
			2.79848024316109	-1.8716717325228
			2.79848024316109	-1.86565349544073
			2.80449848024316	-1.85963525835866
			2.81051671732523	-1.8536170212766
			2.81653495440729	-1.84759878419453
			2.81653495440729	-1.84158054711246
			2.82255319148936	-1.8355623100304
			2.82857142857143	-1.82954407294833
			2.82857142857143	-1.82352583586626
			2.8345896656535	-1.81750759878419
			2.84060790273556	-1.81148936170213
			2.84060790273556	-1.80547112462006
			2.84662613981763	-1.79945288753799
			2.84662613981763	-1.79343465045593
			2.8526443768997	-1.79343465045593
			2.85866261398176	-1.78741641337386
			2.85866261398176	-1.78139817629179
			2.86468085106383	-1.77537993920973
			2.86468085106383	-1.76936170212766
			2.8706990881459	-1.76334346504559
			2.87671732522796	-1.75732522796353
			2.87671732522796	-1.75130699088146
			2.88273556231003	-1.74528875379939
			2.88273556231003	-1.73927051671733
			2.8887537993921	-1.73325227963526
			2.8887537993921	-1.72723404255319
			2.89477203647416	-1.72121580547112
			2.89477203647416	-1.71519756838906
			2.90079027355623	-1.70917933130699
			2.90079027355623	-1.70316109422492
			2.9068085106383	-1.69714285714286
			2.9068085106383	-1.69112462006079
			2.91282674772036	-1.68510638297872
			2.91282674772036	-1.67908814589666
			2.91884498480243	-1.67306990881459
			2.91884498480243	-1.66705167173252
			2.9248632218845	-1.66103343465046
			2.9248632218845	-1.65501519756839
			2.9248632218845	-1.64899696048632
			2.93088145896657	-1.64297872340426
			2.93088145896657	-1.63696048632219
			2.93689969604863	-1.63094224924012
			2.93689969604863	-1.62492401215805
			2.93689969604863	-1.61890577507599
			2.9429179331307	-1.61288753799392
			2.9429179331307	-1.60686930091185
			2.94893617021277	-1.60085106382979
			2.94893617021277	-1.59483282674772
			2.94893617021277	-1.58881458966565
			2.95495440729483	-1.58279635258359
			2.95495440729483	-1.57677811550152
			2.95495440729483	-1.57075987841945
			2.9609726443769	-1.56474164133739
			2.9609726443769	-1.55872340425532
			2.9609726443769	-1.55270516717325
			2.9609726443769	-1.54668693009119
			2.96699088145897	-1.54066869300912
			2.96699088145897	-1.53465045592705
			2.96699088145897	-1.52863221884498
			2.97300911854103	-1.52261398176292
			2.97300911854103	-1.51659574468085
			2.97300911854103	-1.51057750759878
			2.97300911854103	-1.50455927051672
			2.97300911854103	-1.49854103343465
			2.9790273556231	-1.49252279635258
			2.9790273556231	-1.48650455927052
			2.9790273556231	-1.48048632218845
			2.9790273556231	-1.47446808510638
			2.9790273556231	-1.46844984802432
			2.98504559270517	-1.46243161094225
			2.98504559270517	-1.45641337386018
			2.98504559270517	-1.45039513677812
			2.98504559270517	-1.44437689969605
			2.98504559270517	-1.43835866261398
			2.98504559270517	-1.43234042553191
			2.99106382978723	-1.42632218844985
			2.99106382978723	-1.42030395136778
			2.99106382978723	-1.41428571428571
			2.99106382978723	-1.40826747720365
			2.99106382978723	-1.40224924012158
			2.99106382978723	-1.39623100303951
			2.99106382978723	-1.39021276595745
			2.99106382978723	-1.38419452887538
			2.99106382978723	-1.37817629179331
			2.99106382978723	-1.37215805471125
			2.99106382978723	-1.36613981762918
			2.9970820668693	-1.36012158054711
			2.9970820668693	-1.35410334346505
			2.9970820668693	-1.34808510638298
			2.9970820668693	-1.34206686930091
			2.9970820668693	-1.33604863221884
			2.9970820668693	-1.33003039513678
			2.9970820668693	-1.32401215805471
			2.9970820668693	-1.31799392097264
			2.9970820668693	-1.31197568389058
			2.9970820668693	-1.30595744680851
			2.9970820668693	-1.29993920972644
			2.9970820668693	-1.29392097264438
			2.9970820668693	-1.28790273556231
			2.99106382978723	-1.28188449848024
			2.99106382978723	-1.27586626139818
			2.99106382978723	-1.26984802431611
			2.99106382978723	-1.26382978723404
			2.99106382978723	-1.25781155015198
			2.99106382978723	-1.25179331306991
			2.99106382978723	-1.24577507598784
			2.99106382978723	-1.23975683890577
			2.99106382978723	-1.23373860182371
			2.99106382978723	-1.22772036474164
			2.98504559270517	-1.22170212765957
			2.98504559270517	-1.21568389057751
			2.98504559270517	-1.20966565349544
			2.98504559270517	-1.20364741641337
			2.98504559270517	-1.19762917933131
			2.98504559270517	-1.19161094224924
			2.98504559270517	-1.18559270516717
			2.9790273556231	-1.17957446808511
			2.9790273556231	-1.17355623100304
			2.9790273556231	-1.16753799392097
			2.9790273556231	-1.16151975683891
			2.9790273556231	-1.15550151975684
			2.97300911854103	-1.14948328267477
			2.97300911854103	-1.14346504559271
			2.97300911854103	-1.13744680851064
			2.97300911854103	-1.13142857142857
			2.96699088145897	-1.1254103343465
			2.96699088145897	-1.11939209726444
			2.96699088145897	-1.11337386018237
			2.9609726443769	-1.1073556231003
			2.9609726443769	-1.10133738601824
			2.9609726443769	-1.09531914893617
			2.9609726443769	-1.0893009118541
			2.95495440729483	-1.08328267477204
			2.95495440729483	-1.07726443768997
			2.95495440729483	-1.0712462006079
			2.95495440729483	-1.06522796352584
			2.94893617021277	-1.06522796352584
			2.94893617021277	-1.05920972644377
			2.94893617021277	-1.0531914893617
			2.94893617021277	-1.04717325227964
			2.9429179331307	-1.04115501519757
			2.9429179331307	-1.0351367781155
			2.93689969604863	-1.02911854103343
			2.93689969604863	-1.02310030395137
			2.93689969604863	-1.0170820668693
			2.93088145896657	-1.01106382978723
			2.93088145896657	-1.00504559270517
			2.9248632218845	-0.9990273556231
			2.9248632218845	-0.993009118541033
			2.9248632218845	-0.986990881458967
			2.91884498480243	-0.9809726443769
			2.91884498480243	-0.974954407294833
			2.91282674772036	-0.968936170212766
			2.91282674772036	-0.962917933130699
			2.91282674772036	-0.956899696048632
			2.9068085106383	-0.950881458966565
			2.90079027355623	-0.944863221884498
			2.90079027355623	-0.938844984802432
		</posterior>
	</curves.scaled>
	<ruler.points type=matrix rownames=TRUE colnames=FALSE nrow=2 ncol=2 as.numeric=TRUE >
		Ruler point 1	522	43
		Ruler point 2	522	701
	</ruler.points>
</shapes>

