<shapes type=list>
	<ruler.pixel type=vector names=FALSE length=1 as.numeric=TRUE >105.004761796787</ruler.pixel>
	<ruler.interval type=vector names=FALSE length=1 as.numeric=TRUE >5</ruler.interval>
	<scaling.units type=vector names=FALSE length=1 as.numeric=FALSE >mm</scaling.units>
	<scaling type=vector names=FALSE length=1 as.numeric=TRUE >0.0476168881719513</scaling>
	<landmarks.pixel type=matrix rownames=TRUE colnames=FALSE nrow=16 ncol=2 as.numeric=TRUE >
		LM1	198	114
		LM2	198	116
		LM3	198	201
		LM4	198	213
		LM5	281	193
		LM6	239	211
		LM7	238	216
		LM8	282	154
		LM9	294	182
		LM10	198	116
		LM11	293	186
		LM12	301	190
		LM13	198	114
		LM14	303	157
		LM15	376	213
		LM16	385	228
	</landmarks.pixel>
	<landmarks.scaled type=matrix rownames=TRUE colnames=FALSE nrow=16 ncol=2 as.numeric=TRUE >
		LM1	9.42814385804637	-5.42832525160245
		LM2	9.42814385804637	-5.52355902794636
		LM3	9.42814385804637	-9.57099452256222
		LM4	9.42814385804637	-10.1423971806256
		LM5	13.3803455763183	-9.19005941718661
		LM6	11.3804362730964	-10.0471634042817
		LM7	11.3328193849244	-10.2852478451415
		LM8	13.4279624644903	-7.33300077848051
		LM9	13.9993651225537	-8.66627364729514
		LM10	9.42814385804637	-5.52355902794636
		LM11	13.9517482343817	-8.85674119998295
		LM12	14.3326833397574	-9.04720875267075
		LM13	9.42814385804637	-5.42832525160245
		LM14	14.4279171161013	-7.47585144299636
		LM15	17.9039499526537	-10.1423971806256
		LM16	18.3325019462013	-10.8566505032049
	</landmarks.scaled>
	<curves.control type=list>
		<glabella type=matrix rownames=FALSE colnames=FALSE nrow=13 ncol=2 as.numeric=TRUE >
			198	116
			214	117
			223	122
			230	121
			235	130
			263	136
			256	164
			273	165
			279	180
			292	211
			239	211
			240	214
			238	216
		</glabella>
		<suture type=matrix rownames=FALSE colnames=FALSE nrow=13 ncol=2 as.numeric=TRUE >
			198	116
			214	117
			223	122
			230	121
			235	130
			251	133
			262	149
			268	156
			281	155
			303	161
			294	182
			290	191
			301	190
		</suture>
		<anterior type=matrix rownames=FALSE colnames=FALSE nrow=27 ncol=2 as.numeric=TRUE >
			198	114
			231	120
			240	125
			251	122
			252	136
			257	141
			271	152
			294	157
			311	169
			314	166
			326	162
			325	168
			319	173
			321	176
			328	179
			340	174
			350	176
			345	180
			340	185
			343	188
			353	195
			361	195
			372	193
			372	199
			362	201
			369	208
			376	213
		</anterior>
		<posterior type=matrix rownames=FALSE colnames=FALSE nrow=25 ncol=2 as.numeric=TRUE >
			198	213
			208	216
			239	217
			249	225
			285	215
			289	211
			296	209
			302	207
			322	214
			326	214
			329	213
			323	208
			316	205
			311	202
			304	196
			301	193
			300	190
			301	184
			316	196
			330	205
			353	216
			366	222
			375	228
			397	234
			376	213
		</posterior>
	</curves.control>
	<curves.pixel type=list>
		<glabella type=matrix rownames=FALSE colnames=FALSE nrow=177 ncol=2 as.numeric=TRUE >
			198	116
			199	116
			200	116
			201	116
			202	116
			203	116
			204	117
			205	117
			206	117
			207	117
			208	117
			209	117
			210	118
			211	118
			212	118
			213	118
			214	119
			215	119
			216	119
			217	119
			218	120
			219	120
			220	121
			221	121
			222	121
			223	122
			224	122
			225	122
			226	122
			227	122
			228	123
			229	123
			230	124
			231	125
			232	126
			233	127
			234	128
			234	129
			235	130
			236	130
			237	130
			238	131
			239	131
			240	131
			241	132
			242	132
			243	132
			244	133
			245	133
			245	134
			246	134
			247	134
			247	135
			248	135
			249	136
			250	136
			251	137
			252	138
			253	139
			253	140
			254	141
			255	142
			255	143
			256	144
			256	145
			256	146
			257	147
			257	148
			257	149
			257	150
			257	151
			257	152
			257	153
			257	154
			257	155
			257	156
			257	157
			257	158
			257	159
			257	160
			257	161
			257	162
			256	163
			256	164
			257	164
			258	164
			259	164
			260	165
			261	165
			262	165
			263	165
			264	166
			265	166
			266	166
			267	167
			268	167
			269	168
			270	168
			271	169
			272	170
			273	171
			274	172
			275	173
			276	174
			276	175
			277	176
			278	177
			278	178
			279	179
			279	180
			280	181
			280	182
			280	183
			280	184
			281	185
			281	186
			281	187
			281	188
			281	189
			282	190
			282	191
			282	192
			281	193
			281	194
			281	195
			281	196
			281	197
			280	197
			280	198
			279	199
			279	200
			278	200
			278	201
			277	202
			276	203
			275	204
			274	204
			273	205
			272	206
			271	206
			270	206
			269	207
			268	207
			267	208
			266	208
			265	208
			264	209
			263	209
			262	209
			261	209
			260	209
			259	210
			258	210
			257	210
			256	210
			255	210
			254	210
			253	210
			252	210
			251	211
			250	211
			249	211
			248	211
			247	211
			246	211
			245	211
			244	211
			243	211
			242	211
			241	211
			240	211
			239	211
			239	212
			239	213
			239	214
			239	215
			238	216
		</glabella>
		<suture type=matrix rownames=FALSE colnames=FALSE nrow=136 ncol=2 as.numeric=TRUE >
			198	116
			199	116
			200	116
			201	116
			202	116
			203	116
			204	117
			205	117
			206	117
			207	117
			208	117
			209	117
			210	118
			211	118
			212	118
			213	118
			214	118
			215	119
			216	119
			217	119
			218	120
			219	120
			220	120
			221	121
			222	121
			222	122
			223	122
			224	122
			225	122
			226	122
			227	122
			228	123
			229	123
			230	124
			231	125
			232	126
			233	127
			234	128
			235	129
			235	130
			236	130
			237	130
			238	131
			239	131
			240	131
			241	132
			242	132
			243	132
			244	133
			245	134
			246	134
			247	135
			248	135
			249	136
			250	137
			251	137
			252	138
			253	139
			254	140
			255	141
			256	142
			257	143
			258	144
			259	145
			260	146
			260	147
			261	148
			262	149
			263	150
			264	151
			265	152
			266	153
			267	153
			268	153
			269	154
			270	154
			271	154
			272	155
			273	155
			274	155
			275	155
			276	155
			277	155
			278	155
			279	155
			280	155
			281	155
			282	155
			283	156
			284	156
			285	156
			286	157
			287	157
			288	158
			289	158
			290	159
			291	159
			291	160
			292	160
			293	161
			293	162
			294	162
			294	163
			295	164
			295	165
			296	166
			296	167
			296	168
			296	169
			297	170
			297	171
			297	172
			296	173
			296	174
			296	175
			296	176
			296	177
			295	178
			295	179
			295	180
			294	181
			294	182
			294	183
			293	184
			293	185
			293	186
			293	187
			294	188
			294	189
			295	190
			296	190
			297	190
			298	190
			299	190
			300	190
			301	190
		</suture>
		<anterior type=matrix rownames=FALSE colnames=FALSE nrow=255 ncol=2 as.numeric=TRUE >
			198	114
			199	114
			200	114
			201	115
			202	115
			203	115
			204	115
			205	115
			206	116
			207	116
			208	116
			209	116
			210	116
			211	117
			212	117
			213	117
			214	117
			215	117
			216	118
			217	118
			218	118
			219	118
			220	119
			221	119
			222	119
			223	119
			224	119
			225	120
			226	120
			227	120
			228	121
			229	121
			230	121
			231	121
			232	122
			233	122
			234	122
			235	123
			236	123
			237	123
			237	124
			238	124
			239	124
			239	125
			240	125
			241	125
			242	125
			243	124
			244	125
			245	125
			246	125
			247	125
			248	126
			249	126
			249	127
			250	128
			250	129
			251	130
			251	131
			251	132
			252	133
			252	134
			252	135
			252	136
			253	137
			254	138
			255	139
			256	140
			257	141
			258	141
			259	142
			260	143
			261	144
			262	145
			263	146
			264	147
			265	148
			266	148
			267	149
			268	149
			268	150
			269	151
			270	151
			271	152
			272	152
			273	152
			274	153
			275	153
			276	153
			277	154
			278	154
			279	154
			280	154
			281	155
			282	155
			283	155
			284	156
			285	156
			286	156
			287	156
			288	157
			289	157
			290	158
			291	158
			292	159
			293	159
			294	159
			295	160
			296	161
			297	161
			298	161
			299	162
			300	162
			301	163
			302	164
			303	164
			304	164
			305	165
			306	165
			306	166
			307	166
			308	167
			309	167
			310	168
			310	169
			311	169
			312	168
			313	167
			314	167
			315	166
			316	166
			317	165
			318	165
			319	165
			320	164
			321	164
			322	163
			323	163
			324	163
			325	162
			326	162
			326	163
			326	164
			325	165
			325	166
			324	166
			324	167
			323	168
			323	169
			322	170
			321	171
			321	172
			320	172
			319	173
			319	174
			320	174
			321	175
			322	176
			323	176
			324	177
			325	178
			326	178
			327	179
			328	179
			329	178
			330	178
			331	178
			332	178
			333	177
			334	177
			335	177
			336	176
			337	176
			338	176
			339	176
			340	176
			341	176
			342	175
			343	175
			344	175
			345	175
			346	176
			347	176
			348	176
			349	176
			350	176
			349	177
			348	177
			347	178
			346	179
			345	180
			344	181
			344	182
			343	183
			342	183
			341	184
			340	185
			341	186
			342	187
			343	187
			344	188
			345	189
			346	190
			347	191
			348	192
			349	192
			350	193
			351	194
			352	195
			353	195
			354	195
			355	195
			356	195
			357	195
			358	195
			359	195
			360	195
			361	195
			362	194
			363	194
			364	194
			365	194
			366	194
			367	194
			368	194
			369	193
			370	193
			371	193
			372	193
			372	194
			372	195
			371	196
			370	197
			369	198
			368	199
			367	200
			366	200
			365	200
			364	200
			363	201
			362	201
			363	202
			364	203
			365	204
			366	205
			367	206
			368	207
			369	207
			370	208
			371	209
			372	210
			373	211
			374	212
			375	213
			376	213
		</anterior>
		<posterior type=matrix rownames=FALSE colnames=FALSE nrow=276 ncol=2 as.numeric=TRUE >
			198	213
			199	213
			200	213
			201	214
			202	214
			203	214
			204	214
			205	214
			206	215
			207	215
			208	215
			209	215
			210	215
			211	215
			212	215
			213	215
			214	216
			215	216
			216	216
			217	216
			218	216
			219	216
			220	216
			221	216
			222	216
			223	216
			224	216
			225	216
			226	216
			227	217
			228	217
			229	217
			230	217
			231	217
			232	217
			233	217
			234	217
			235	217
			236	217
			237	217
			238	217
			239	217
			240	217
			240	218
			241	218
			242	219
			243	219
			244	219
			245	220
			246	220
			247	220
			248	220
			249	220
			250	220
			251	221
			252	221
			253	221
			254	221
			255	221
			256	220
			257	220
			258	220
			259	220
			260	220
			261	220
			262	220
			263	220
			264	220
			265	220
			266	219
			267	219
			268	219
			269	219
			270	219
			271	218
			272	218
			273	218
			274	218
			275	218
			276	217
			277	217
			278	217
			279	217
			280	216
			281	216
			282	216
			283	215
			284	215
			285	215
			286	214
			287	214
			288	213
			289	212
			290	212
			291	211
			292	211
			293	210
			294	210
			295	209
			296	209
			297	209
			298	209
			299	209
			300	209
			301	209
			302	209
			303	209
			304	209
			305	209
			306	209
			307	210
			308	210
			309	210
			310	210
			311	211
			312	211
			313	211
			314	212
			315	212
			316	212
			317	212
			318	213
			319	213
			320	213
			321	214
			322	214
			323	214
			324	214
			325	214
			326	214
			327	213
			328	213
			329	213
			328	212
			327	211
			326	211
			325	210
			324	209
			323	209
			322	208
			321	208
			320	207
			319	207
			318	206
			317	206
			316	205
			315	205
			315	204
			314	204
			313	203
			312	203
			312	202
			311	201
			310	201
			309	200
			308	199
			307	199
			306	198
			305	197
			304	196
			303	195
			303	194
			302	194
			301	193
			301	192
			300	191
			300	190
			300	189
			301	188
			302	188
			303	188
			304	188
			305	189
			306	189
			307	190
			308	191
			309	191
			310	191
			311	192
			312	193
			313	194
			314	195
			315	195
			316	196
			317	197
			318	198
			319	198
			320	198
			320	199
			321	199
			322	200
			323	200
			324	201
			325	202
			326	202
			327	203
			328	203
			329	204
			330	204
			331	205
			332	205
			333	206
			334	206
			335	207
			336	208
			337	208
			338	209
			339	209
			340	210
			341	210
			342	211
			343	211
			344	212
			345	212
			346	213
			347	213
			348	214
			349	214
			350	214
			351	215
			352	215
			352	216
			353	216
			354	216
			354	217
			355	217
			356	217
			357	218
			358	218
			358	219
			359	219
			360	220
			361	220
			362	220
			363	221
			364	221
			365	222
			366	222
			366	223
			367	223
			368	224
			369	224
			370	225
			371	226
			372	226
			373	227
			374	227
			375	228
			376	228
			377	229
			378	229
			379	229
			380	229
			381	229
			382	229
			383	229
			384	229
			385	229
			386	229
			386	228
			386	227
			386	226
			386	225
			385	224
			384	223
			384	222
			383	221
			382	220
			381	219
			380	218
			380	217
			379	216
			378	215
			377	215
			377	214
			376	213
		</posterior>
	</curves.pixel>
	<curves.scaled type=list>
		<glabella type=matrix rownames=FALSE colnames=FALSE nrow=177 ncol=2 as.numeric=TRUE >
			9.42814385804637	-5.52355902794636
			9.47576074621832	-5.52355902794636
			9.52337763439027	-5.52355902794636
			9.57099452256222	-5.52355902794636
			9.61861141073417	-5.52355902794636
			9.66622829890612	-5.52355902794636
			9.71384518707807	-5.57117591611831
			9.76146207525002	-5.57117591611831
			9.80907896342198	-5.57117591611831
			9.85669585159393	-5.57117591611831
			9.90431273976588	-5.57117591611831
			9.95192962793783	-5.57117591611831
			9.99954651610978	-5.61879280429026
			10.0471634042817	-5.61879280429026
			10.0947802924537	-5.61879280429026
			10.1423971806256	-5.61879280429026
			10.1900140687976	-5.66640969246221
			10.2376309569695	-5.66640969246221
			10.2852478451415	-5.66640969246221
			10.3328647333134	-5.66640969246221
			10.3804816214854	-5.71402658063416
			10.4280985096573	-5.71402658063416
			10.4757153978293	-5.76164346880611
			10.5233322860012	-5.76164346880611
			10.5709491741732	-5.76164346880611
			10.6185660623451	-5.80926035697806
			10.6661829505171	-5.80926035697806
			10.7137998386891	-5.80926035697806
			10.761416726861	-5.80926035697806
			10.809033615033	-5.80926035697806
			10.8566505032049	-5.85687724515001
			10.9042673913769	-5.85687724515001
			10.9518842795488	-5.90449413332197
			10.9995011677208	-5.95211102149392
			11.0471180558927	-5.99972790966587
			11.0947349440647	-6.04734479783782
			11.1423518322366	-6.09496168600977
			11.1423518322366	-6.14257857418172
			11.1899687204086	-6.19019546235367
			11.2375856085805	-6.19019546235367
			11.2852024967525	-6.19019546235367
			11.3328193849244	-6.23781235052563
			11.3804362730964	-6.23781235052563
			11.4280531612683	-6.23781235052563
			11.4756700494403	-6.28542923869758
			11.5232869376122	-6.28542923869758
			11.5709038257842	-6.28542923869758
			11.6185207139561	-6.33304612686953
			11.6661376021281	-6.33304612686953
			11.6661376021281	-6.38066301504148
			11.7137544903	-6.38066301504148
			11.761371378472	-6.38066301504148
			11.761371378472	-6.42827990321343
			11.8089882666439	-6.42827990321343
			11.8566051548159	-6.47589679138538
			11.9042220429878	-6.47589679138538
			11.9518389311598	-6.52351367955733
			11.9994558193317	-6.57113056772929
			12.0470727075037	-6.61874745590124
			12.0470727075037	-6.66636434407319
			12.0946895956756	-6.71398123224514
			12.1423064838476	-6.76159812041709
			12.1423064838476	-6.80921500858904
			12.1899233720195	-6.85683189676099
			12.1899233720195	-6.90444878493294
			12.1899233720195	-6.9520656731049
			12.2375402601915	-6.99968256127685
			12.2375402601915	-7.0472994494488
			12.2375402601915	-7.09491633762075
			12.2375402601915	-7.1425332257927
			12.2375402601915	-7.19015011396465
			12.2375402601915	-7.2377670021366
			12.2375402601915	-7.28538389030855
			12.2375402601915	-7.33300077848051
			12.2375402601915	-7.38061766665246
			12.2375402601915	-7.42823455482441
			12.2375402601915	-7.47585144299636
			12.2375402601915	-7.52346833116831
			12.2375402601915	-7.57108521934026
			12.2375402601915	-7.61870210751221
			12.2375402601915	-7.66631899568417
			12.2375402601915	-7.71393588385612
			12.1899233720195	-7.76155277202807
			12.1899233720195	-7.80916966020002
			12.2375402601915	-7.80916966020002
			12.2851571483634	-7.80916966020002
			12.3327740365354	-7.80916966020002
			12.3803909247073	-7.85678654837197
			12.4280078128793	-7.85678654837197
			12.4756247010513	-7.85678654837197
			12.5232415892232	-7.85678654837197
			12.5708584773952	-7.90440343654392
			12.6184753655671	-7.90440343654392
			12.6660922537391	-7.90440343654392
			12.713709141911	-7.95202032471587
			12.761326030083	-7.95202032471587
			12.8089429182549	-7.99963721288782
			12.8565598064269	-7.99963721288782
			12.9041766945988	-8.04725410105978
			12.9517935827708	-8.09487098923173
			12.9994104709427	-8.14248787740368
			13.0470273591147	-8.19010476557563
			13.0946442472866	-8.23772165374758
			13.1422611354586	-8.28533854191953
			13.1422611354586	-8.33295543009148
			13.1898780236305	-8.38057231826344
			13.2374949118025	-8.42818920643539
			13.2374949118025	-8.47580609460734
			13.2851117999744	-8.52342298277929
			13.2851117999744	-8.57103987095124
			13.3327286881464	-8.61865675912319
			13.3327286881464	-8.66627364729514
			13.3327286881464	-8.7138905354671
			13.3327286881464	-8.76150742363905
			13.3803455763183	-8.809124311811
			13.3803455763183	-8.85674119998295
			13.3803455763183	-8.9043580881549
			13.3803455763183	-8.95197497632685
			13.3803455763183	-8.9995918644988
			13.4279624644903	-9.04720875267075
			13.4279624644903	-9.09482564084271
			13.4279624644903	-9.14244252901466
			13.3803455763183	-9.19005941718661
			13.3803455763183	-9.23767630535856
			13.3803455763183	-9.28529319353051
			13.3803455763183	-9.33291008170246
			13.3803455763183	-9.38052696987441
			13.3327286881464	-9.38052696987441
			13.3327286881464	-9.42814385804637
			13.2851117999744	-9.47576074621832
			13.2851117999744	-9.52337763439027
			13.2374949118025	-9.52337763439027
			13.2374949118025	-9.57099452256222
			13.1898780236305	-9.61861141073417
			13.1422611354586	-9.66622829890612
			13.0946442472866	-9.71384518707807
			13.0470273591147	-9.71384518707807
			12.9994104709427	-9.76146207525002
			12.9517935827708	-9.80907896342198
			12.9041766945988	-9.80907896342198
			12.8565598064269	-9.80907896342198
			12.8089429182549	-9.85669585159393
			12.761326030083	-9.85669585159393
			12.713709141911	-9.90431273976588
			12.6660922537391	-9.90431273976588
			12.6184753655671	-9.90431273976588
			12.5708584773952	-9.95192962793783
			12.5232415892232	-9.95192962793783
			12.4756247010513	-9.95192962793783
			12.4280078128793	-9.95192962793783
			12.3803909247073	-9.95192962793783
			12.3327740365354	-9.99954651610978
			12.2851571483634	-9.99954651610978
			12.2375402601915	-9.99954651610978
			12.1899233720195	-9.99954651610978
			12.1423064838476	-9.99954651610978
			12.0946895956756	-9.99954651610978
			12.0470727075037	-9.99954651610978
			11.9994558193317	-9.99954651610978
			11.9518389311598	-10.0471634042817
			11.9042220429878	-10.0471634042817
			11.8566051548159	-10.0471634042817
			11.8089882666439	-10.0471634042817
			11.761371378472	-10.0471634042817
			11.7137544903	-10.0471634042817
			11.6661376021281	-10.0471634042817
			11.6185207139561	-10.0471634042817
			11.5709038257842	-10.0471634042817
			11.5232869376122	-10.0471634042817
			11.4756700494403	-10.0471634042817
			11.4280531612683	-10.0471634042817
			11.3804362730964	-10.0471634042817
			11.3804362730964	-10.0947802924537
			11.3804362730964	-10.1423971806256
			11.3804362730964	-10.1900140687976
			11.3804362730964	-10.2376309569695
			11.3328193849244	-10.2852478451415
		</glabella>
		<suture type=matrix rownames=FALSE colnames=FALSE nrow=136 ncol=2 as.numeric=TRUE >
			9.42814385804637	-5.52355902794636
			9.47576074621832	-5.52355902794636
			9.52337763439027	-5.52355902794636
			9.57099452256222	-5.52355902794636
			9.61861141073417	-5.52355902794636
			9.66622829890612	-5.52355902794636
			9.71384518707807	-5.57117591611831
			9.76146207525002	-5.57117591611831
			9.80907896342198	-5.57117591611831
			9.85669585159393	-5.57117591611831
			9.90431273976588	-5.57117591611831
			9.95192962793783	-5.57117591611831
			9.99954651610978	-5.61879280429026
			10.0471634042817	-5.61879280429026
			10.0947802924537	-5.61879280429026
			10.1423971806256	-5.61879280429026
			10.1900140687976	-5.61879280429026
			10.2376309569695	-5.66640969246221
			10.2852478451415	-5.66640969246221
			10.3328647333134	-5.66640969246221
			10.3804816214854	-5.71402658063416
			10.4280985096573	-5.71402658063416
			10.4757153978293	-5.71402658063416
			10.5233322860012	-5.76164346880611
			10.5709491741732	-5.76164346880611
			10.5709491741732	-5.80926035697806
			10.6185660623451	-5.80926035697806
			10.6661829505171	-5.80926035697806
			10.7137998386891	-5.80926035697806
			10.761416726861	-5.80926035697806
			10.809033615033	-5.80926035697806
			10.8566505032049	-5.85687724515001
			10.9042673913769	-5.85687724515001
			10.9518842795488	-5.90449413332197
			10.9995011677208	-5.95211102149392
			11.0471180558927	-5.99972790966587
			11.0947349440647	-6.04734479783782
			11.1423518322366	-6.09496168600977
			11.1899687204086	-6.14257857418172
			11.1899687204086	-6.19019546235367
			11.2375856085805	-6.19019546235367
			11.2852024967525	-6.19019546235367
			11.3328193849244	-6.23781235052563
			11.3804362730964	-6.23781235052563
			11.4280531612683	-6.23781235052563
			11.4756700494403	-6.28542923869758
			11.5232869376122	-6.28542923869758
			11.5709038257842	-6.28542923869758
			11.6185207139561	-6.33304612686953
			11.6661376021281	-6.38066301504148
			11.7137544903	-6.38066301504148
			11.761371378472	-6.42827990321343
			11.8089882666439	-6.42827990321343
			11.8566051548159	-6.47589679138538
			11.9042220429878	-6.52351367955733
			11.9518389311598	-6.52351367955733
			11.9994558193317	-6.57113056772929
			12.0470727075037	-6.61874745590124
			12.0946895956756	-6.66636434407319
			12.1423064838476	-6.71398123224514
			12.1899233720195	-6.76159812041709
			12.2375402601915	-6.80921500858904
			12.2851571483634	-6.85683189676099
			12.3327740365354	-6.90444878493294
			12.3803909247073	-6.9520656731049
			12.3803909247073	-6.99968256127685
			12.4280078128793	-7.0472994494488
			12.4756247010513	-7.09491633762075
			12.5232415892232	-7.1425332257927
			12.5708584773952	-7.19015011396465
			12.6184753655671	-7.2377670021366
			12.6660922537391	-7.28538389030855
			12.713709141911	-7.28538389030855
			12.761326030083	-7.28538389030855
			12.8089429182549	-7.33300077848051
			12.8565598064269	-7.33300077848051
			12.9041766945988	-7.33300077848051
			12.9517935827708	-7.38061766665246
			12.9994104709427	-7.38061766665246
			13.0470273591147	-7.38061766665246
			13.0946442472866	-7.38061766665246
			13.1422611354586	-7.38061766665246
			13.1898780236305	-7.38061766665246
			13.2374949118025	-7.38061766665246
			13.2851117999744	-7.38061766665246
			13.3327286881464	-7.38061766665246
			13.3803455763183	-7.38061766665246
			13.4279624644903	-7.38061766665246
			13.4755793526622	-7.42823455482441
			13.5231962408342	-7.42823455482441
			13.5708131290061	-7.42823455482441
			13.6184300171781	-7.47585144299636
			13.66604690535	-7.47585144299636
			13.713663793522	-7.52346833116831
			13.7612806816939	-7.52346833116831
			13.8088975698659	-7.57108521934026
			13.8565144580378	-7.57108521934026
			13.8565144580378	-7.61870210751221
			13.9041313462098	-7.61870210751221
			13.9517482343817	-7.66631899568417
			13.9517482343817	-7.71393588385612
			13.9993651225537	-7.71393588385612
			13.9993651225537	-7.76155277202807
			14.0469820107256	-7.80916966020002
			14.0469820107256	-7.85678654837197
			14.0945988988976	-7.90440343654392
			14.0945988988976	-7.95202032471587
			14.0945988988976	-7.99963721288782
			14.0945988988976	-8.04725410105978
			14.1422157870695	-8.09487098923173
			14.1422157870695	-8.14248787740368
			14.1422157870695	-8.19010476557563
			14.0945988988976	-8.23772165374758
			14.0945988988976	-8.28533854191953
			14.0945988988976	-8.33295543009148
			14.0945988988976	-8.38057231826344
			14.0945988988976	-8.42818920643539
			14.0469820107256	-8.47580609460734
			14.0469820107256	-8.52342298277929
			14.0469820107256	-8.57103987095124
			13.9993651225537	-8.61865675912319
			13.9993651225537	-8.66627364729514
			13.9993651225537	-8.7138905354671
			13.9517482343817	-8.76150742363905
			13.9517482343817	-8.809124311811
			13.9517482343817	-8.85674119998295
			13.9517482343817	-8.9043580881549
			13.9993651225537	-8.95197497632685
			13.9993651225537	-8.9995918644988
			14.0469820107256	-9.04720875267075
			14.0945988988976	-9.04720875267075
			14.1422157870695	-9.04720875267075
			14.1898326752415	-9.04720875267075
			14.2374495634135	-9.04720875267075
			14.2850664515854	-9.04720875267075
			14.3326833397574	-9.04720875267075
		</suture>
		<anterior type=matrix rownames=FALSE colnames=FALSE nrow=255 ncol=2 as.numeric=TRUE >
			9.42814385804637	-5.42832525160245
			9.47576074621832	-5.42832525160245
			9.52337763439027	-5.42832525160245
			9.57099452256222	-5.4759421397744
			9.61861141073417	-5.4759421397744
			9.66622829890612	-5.4759421397744
			9.71384518707807	-5.4759421397744
			9.76146207525002	-5.4759421397744
			9.80907896342198	-5.52355902794636
			9.85669585159393	-5.52355902794636
			9.90431273976588	-5.52355902794636
			9.95192962793783	-5.52355902794636
			9.99954651610978	-5.52355902794636
			10.0471634042817	-5.57117591611831
			10.0947802924537	-5.57117591611831
			10.1423971806256	-5.57117591611831
			10.1900140687976	-5.57117591611831
			10.2376309569695	-5.57117591611831
			10.2852478451415	-5.61879280429026
			10.3328647333134	-5.61879280429026
			10.3804816214854	-5.61879280429026
			10.4280985096573	-5.61879280429026
			10.4757153978293	-5.66640969246221
			10.5233322860012	-5.66640969246221
			10.5709491741732	-5.66640969246221
			10.6185660623451	-5.66640969246221
			10.6661829505171	-5.66640969246221
			10.7137998386891	-5.71402658063416
			10.761416726861	-5.71402658063416
			10.809033615033	-5.71402658063416
			10.8566505032049	-5.76164346880611
			10.9042673913769	-5.76164346880611
			10.9518842795488	-5.76164346880611
			10.9995011677208	-5.76164346880611
			11.0471180558927	-5.80926035697806
			11.0947349440647	-5.80926035697806
			11.1423518322366	-5.80926035697806
			11.1899687204086	-5.85687724515001
			11.2375856085805	-5.85687724515001
			11.2852024967525	-5.85687724515001
			11.2852024967525	-5.90449413332197
			11.3328193849244	-5.90449413332197
			11.3804362730964	-5.90449413332197
			11.3804362730964	-5.95211102149392
			11.4280531612683	-5.95211102149392
			11.4756700494403	-5.95211102149392
			11.5232869376122	-5.95211102149392
			11.5709038257842	-5.90449413332197
			11.6185207139561	-5.95211102149392
			11.6661376021281	-5.95211102149392
			11.7137544903	-5.95211102149392
			11.761371378472	-5.95211102149392
			11.8089882666439	-5.99972790966587
			11.8566051548159	-5.99972790966587
			11.8566051548159	-6.04734479783782
			11.9042220429878	-6.09496168600977
			11.9042220429878	-6.14257857418172
			11.9518389311598	-6.19019546235367
			11.9518389311598	-6.23781235052563
			11.9518389311598	-6.28542923869758
			11.9994558193317	-6.33304612686953
			11.9994558193317	-6.38066301504148
			11.9994558193317	-6.42827990321343
			11.9994558193317	-6.47589679138538
			12.0470727075037	-6.52351367955733
			12.0946895956756	-6.57113056772929
			12.1423064838476	-6.61874745590124
			12.1899233720195	-6.66636434407319
			12.2375402601915	-6.71398123224514
			12.2851571483634	-6.71398123224514
			12.3327740365354	-6.76159812041709
			12.3803909247073	-6.80921500858904
			12.4280078128793	-6.85683189676099
			12.4756247010513	-6.90444878493294
			12.5232415892232	-6.9520656731049
			12.5708584773952	-6.99968256127685
			12.6184753655671	-7.0472994494488
			12.6660922537391	-7.0472994494488
			12.713709141911	-7.09491633762075
			12.761326030083	-7.09491633762075
			12.761326030083	-7.1425332257927
			12.8089429182549	-7.19015011396465
			12.8565598064269	-7.19015011396465
			12.9041766945988	-7.2377670021366
			12.9517935827708	-7.2377670021366
			12.9994104709427	-7.2377670021366
			13.0470273591147	-7.28538389030855
			13.0946442472866	-7.28538389030855
			13.1422611354586	-7.28538389030855
			13.1898780236305	-7.33300077848051
			13.2374949118025	-7.33300077848051
			13.2851117999744	-7.33300077848051
			13.3327286881464	-7.33300077848051
			13.3803455763183	-7.38061766665246
			13.4279624644903	-7.38061766665246
			13.4755793526622	-7.38061766665246
			13.5231962408342	-7.42823455482441
			13.5708131290061	-7.42823455482441
			13.6184300171781	-7.42823455482441
			13.66604690535	-7.42823455482441
			13.713663793522	-7.47585144299636
			13.7612806816939	-7.47585144299636
			13.8088975698659	-7.52346833116831
			13.8565144580378	-7.52346833116831
			13.9041313462098	-7.57108521934026
			13.9517482343817	-7.57108521934026
			13.9993651225537	-7.57108521934026
			14.0469820107256	-7.61870210751221
			14.0945988988976	-7.66631899568417
			14.1422157870695	-7.66631899568417
			14.1898326752415	-7.66631899568417
			14.2374495634135	-7.71393588385612
			14.2850664515854	-7.71393588385612
			14.3326833397574	-7.76155277202807
			14.3803002279293	-7.80916966020002
			14.4279171161013	-7.80916966020002
			14.4755340042732	-7.80916966020002
			14.5231508924452	-7.85678654837197
			14.5707677806171	-7.85678654837197
			14.5707677806171	-7.90440343654392
			14.6183846687891	-7.90440343654392
			14.666001556961	-7.95202032471587
			14.713618445133	-7.95202032471587
			14.7612353333049	-7.99963721288782
			14.7612353333049	-8.04725410105978
			14.8088522214769	-8.04725410105978
			14.8564691096488	-7.99963721288782
			14.9040859978208	-7.95202032471587
			14.9517028859927	-7.95202032471587
			14.9993197741647	-7.90440343654392
			15.0469366623366	-7.90440343654392
			15.0945535505086	-7.85678654837197
			15.1421704386805	-7.85678654837197
			15.1897873268525	-7.85678654837197
			15.2374042150244	-7.80916966020002
			15.2850211031964	-7.80916966020002
			15.3326379913683	-7.76155277202807
			15.3802548795403	-7.76155277202807
			15.4278717677122	-7.76155277202807
			15.4754886558842	-7.71393588385612
			15.5231055440561	-7.71393588385612
			15.5231055440561	-7.76155277202807
			15.5231055440561	-7.80916966020002
			15.4754886558842	-7.85678654837197
			15.4754886558842	-7.90440343654392
			15.4278717677122	-7.90440343654392
			15.4278717677122	-7.95202032471587
			15.3802548795403	-7.99963721288782
			15.3802548795403	-8.04725410105978
			15.3326379913683	-8.09487098923173
			15.2850211031964	-8.14248787740368
			15.2850211031964	-8.19010476557563
			15.2374042150244	-8.19010476557563
			15.1897873268525	-8.23772165374758
			15.1897873268525	-8.28533854191953
			15.2374042150244	-8.28533854191953
			15.2850211031964	-8.33295543009148
			15.3326379913683	-8.38057231826344
			15.3802548795403	-8.38057231826344
			15.4278717677122	-8.42818920643539
			15.4754886558842	-8.47580609460734
			15.5231055440561	-8.47580609460734
			15.5707224322281	-8.52342298277929
			15.6183393204	-8.52342298277929
			15.665956208572	-8.47580609460734
			15.7135730967439	-8.47580609460734
			15.7611899849159	-8.47580609460734
			15.8088068730878	-8.47580609460734
			15.8564237612598	-8.42818920643539
			15.9040406494317	-8.42818920643539
			15.9516575376037	-8.42818920643539
			15.9992744257756	-8.38057231826344
			16.0468913139476	-8.38057231826344
			16.0945082021196	-8.38057231826344
			16.1421250902915	-8.38057231826344
			16.1897419784635	-8.38057231826344
			16.2373588666354	-8.38057231826344
			16.2849757548074	-8.33295543009148
			16.3325926429793	-8.33295543009148
			16.3802095311513	-8.33295543009148
			16.4278264193232	-8.33295543009148
			16.4754433074952	-8.38057231826344
			16.5230601956671	-8.38057231826344
			16.5706770838391	-8.38057231826344
			16.618293972011	-8.38057231826344
			16.665910860183	-8.38057231826344
			16.618293972011	-8.42818920643539
			16.5706770838391	-8.42818920643539
			16.5230601956671	-8.47580609460734
			16.4754433074952	-8.52342298277929
			16.4278264193232	-8.57103987095124
			16.3802095311513	-8.61865675912319
			16.3802095311513	-8.66627364729514
			16.3325926429793	-8.7138905354671
			16.2849757548074	-8.7138905354671
			16.2373588666354	-8.76150742363905
			16.1897419784635	-8.809124311811
			16.2373588666354	-8.85674119998295
			16.2849757548074	-8.9043580881549
			16.3325926429793	-8.9043580881549
			16.3802095311513	-8.95197497632685
			16.4278264193232	-8.9995918644988
			16.4754433074952	-9.04720875267075
			16.5230601956671	-9.09482564084271
			16.5706770838391	-9.14244252901466
			16.618293972011	-9.14244252901466
			16.665910860183	-9.19005941718661
			16.7135277483549	-9.23767630535856
			16.7611446365269	-9.28529319353051
			16.8087615246988	-9.28529319353051
			16.8563784128708	-9.28529319353051
			16.9039953010427	-9.28529319353051
			16.9516121892147	-9.28529319353051
			16.9992290773866	-9.28529319353051
			17.0468459655586	-9.28529319353051
			17.0944628537305	-9.28529319353051
			17.1420797419025	-9.28529319353051
			17.1896966300744	-9.28529319353051
			17.2373135182464	-9.23767630535856
			17.2849304064183	-9.23767630535856
			17.3325472945903	-9.23767630535856
			17.3801641827622	-9.23767630535856
			17.4277810709342	-9.23767630535856
			17.4753979591061	-9.23767630535856
			17.5230148472781	-9.23767630535856
			17.57063173545	-9.19005941718661
			17.618248623622	-9.19005941718661
			17.6658655117939	-9.19005941718661
			17.7134823999659	-9.19005941718661
			17.7134823999659	-9.23767630535856
			17.7134823999659	-9.28529319353051
			17.6658655117939	-9.33291008170246
			17.618248623622	-9.38052696987441
			17.57063173545	-9.42814385804637
			17.5230148472781	-9.47576074621832
			17.4753979591061	-9.52337763439027
			17.4277810709342	-9.52337763439027
			17.3801641827622	-9.52337763439027
			17.3325472945903	-9.52337763439027
			17.2849304064183	-9.57099452256222
			17.2373135182464	-9.57099452256222
			17.2849304064183	-9.61861141073417
			17.3325472945903	-9.66622829890612
			17.3801641827622	-9.71384518707807
			17.4277810709342	-9.76146207525002
			17.4753979591061	-9.80907896342198
			17.5230148472781	-9.85669585159393
			17.57063173545	-9.85669585159393
			17.618248623622	-9.90431273976588
			17.6658655117939	-9.95192962793783
			17.7134823999659	-9.99954651610978
			17.7610992881378	-10.0471634042817
			17.8087161763098	-10.0947802924537
			17.8563330644818	-10.1423971806256
			17.9039499526537	-10.1423971806256
		</anterior>
		<posterior type=matrix rownames=FALSE colnames=FALSE nrow=276 ncol=2 as.numeric=TRUE >
			9.42814385804637	-10.1423971806256
			9.47576074621832	-10.1423971806256
			9.52337763439027	-10.1423971806256
			9.57099452256222	-10.1900140687976
			9.61861141073417	-10.1900140687976
			9.66622829890612	-10.1900140687976
			9.71384518707807	-10.1900140687976
			9.76146207525002	-10.1900140687976
			9.80907896342198	-10.2376309569695
			9.85669585159393	-10.2376309569695
			9.90431273976588	-10.2376309569695
			9.95192962793783	-10.2376309569695
			9.99954651610978	-10.2376309569695
			10.0471634042817	-10.2376309569695
			10.0947802924537	-10.2376309569695
			10.1423971806256	-10.2376309569695
			10.1900140687976	-10.2852478451415
			10.2376309569695	-10.2852478451415
			10.2852478451415	-10.2852478451415
			10.3328647333134	-10.2852478451415
			10.3804816214854	-10.2852478451415
			10.4280985096573	-10.2852478451415
			10.4757153978293	-10.2852478451415
			10.5233322860012	-10.2852478451415
			10.5709491741732	-10.2852478451415
			10.6185660623451	-10.2852478451415
			10.6661829505171	-10.2852478451415
			10.7137998386891	-10.2852478451415
			10.761416726861	-10.2852478451415
			10.809033615033	-10.3328647333134
			10.8566505032049	-10.3328647333134
			10.9042673913769	-10.3328647333134
			10.9518842795488	-10.3328647333134
			10.9995011677208	-10.3328647333134
			11.0471180558927	-10.3328647333134
			11.0947349440647	-10.3328647333134
			11.1423518322366	-10.3328647333134
			11.1899687204086	-10.3328647333134
			11.2375856085805	-10.3328647333134
			11.2852024967525	-10.3328647333134
			11.3328193849244	-10.3328647333134
			11.3804362730964	-10.3328647333134
			11.4280531612683	-10.3328647333134
			11.4280531612683	-10.3804816214854
			11.4756700494403	-10.3804816214854
			11.5232869376122	-10.4280985096573
			11.5709038257842	-10.4280985096573
			11.6185207139561	-10.4280985096573
			11.6661376021281	-10.4757153978293
			11.7137544903	-10.4757153978293
			11.761371378472	-10.4757153978293
			11.8089882666439	-10.4757153978293
			11.8566051548159	-10.4757153978293
			11.9042220429878	-10.4757153978293
			11.9518389311598	-10.5233322860012
			11.9994558193317	-10.5233322860012
			12.0470727075037	-10.5233322860012
			12.0946895956756	-10.5233322860012
			12.1423064838476	-10.5233322860012
			12.1899233720195	-10.4757153978293
			12.2375402601915	-10.4757153978293
			12.2851571483634	-10.4757153978293
			12.3327740365354	-10.4757153978293
			12.3803909247073	-10.4757153978293
			12.4280078128793	-10.4757153978293
			12.4756247010513	-10.4757153978293
			12.5232415892232	-10.4757153978293
			12.5708584773952	-10.4757153978293
			12.6184753655671	-10.4757153978293
			12.6660922537391	-10.4280985096573
			12.713709141911	-10.4280985096573
			12.761326030083	-10.4280985096573
			12.8089429182549	-10.4280985096573
			12.8565598064269	-10.4280985096573
			12.9041766945988	-10.3804816214854
			12.9517935827708	-10.3804816214854
			12.9994104709427	-10.3804816214854
			13.0470273591147	-10.3804816214854
			13.0946442472866	-10.3804816214854
			13.1422611354586	-10.3328647333134
			13.1898780236305	-10.3328647333134
			13.2374949118025	-10.3328647333134
			13.2851117999744	-10.3328647333134
			13.3327286881464	-10.2852478451415
			13.3803455763183	-10.2852478451415
			13.4279624644903	-10.2852478451415
			13.4755793526622	-10.2376309569695
			13.5231962408342	-10.2376309569695
			13.5708131290061	-10.2376309569695
			13.6184300171781	-10.1900140687976
			13.66604690535	-10.1900140687976
			13.713663793522	-10.1423971806256
			13.7612806816939	-10.0947802924537
			13.8088975698659	-10.0947802924537
			13.8565144580378	-10.0471634042817
			13.9041313462098	-10.0471634042817
			13.9517482343817	-9.99954651610978
			13.9993651225537	-9.99954651610978
			14.0469820107256	-9.95192962793783
			14.0945988988976	-9.95192962793783
			14.1422157870695	-9.95192962793783
			14.1898326752415	-9.95192962793783
			14.2374495634135	-9.95192962793783
			14.2850664515854	-9.95192962793783
			14.3326833397574	-9.95192962793783
			14.3803002279293	-9.95192962793783
			14.4279171161013	-9.95192962793783
			14.4755340042732	-9.95192962793783
			14.5231508924452	-9.95192962793783
			14.5707677806171	-9.95192962793783
			14.6183846687891	-9.99954651610978
			14.666001556961	-9.99954651610978
			14.713618445133	-9.99954651610978
			14.7612353333049	-9.99954651610978
			14.8088522214769	-10.0471634042817
			14.8564691096488	-10.0471634042817
			14.9040859978208	-10.0471634042817
			14.9517028859927	-10.0947802924537
			14.9993197741647	-10.0947802924537
			15.0469366623366	-10.0947802924537
			15.0945535505086	-10.0947802924537
			15.1421704386805	-10.1423971806256
			15.1897873268525	-10.1423971806256
			15.2374042150244	-10.1423971806256
			15.2850211031964	-10.1900140687976
			15.3326379913683	-10.1900140687976
			15.3802548795403	-10.1900140687976
			15.4278717677122	-10.1900140687976
			15.4754886558842	-10.1900140687976
			15.5231055440561	-10.1900140687976
			15.5707224322281	-10.1423971806256
			15.6183393204	-10.1423971806256
			15.665956208572	-10.1423971806256
			15.6183393204	-10.0947802924537
			15.5707224322281	-10.0471634042817
			15.5231055440561	-10.0471634042817
			15.4754886558842	-9.99954651610978
			15.4278717677122	-9.95192962793783
			15.3802548795403	-9.95192962793783
			15.3326379913683	-9.90431273976588
			15.2850211031964	-9.90431273976588
			15.2374042150244	-9.85669585159393
			15.1897873268525	-9.85669585159393
			15.1421704386805	-9.80907896342198
			15.0945535505086	-9.80907896342198
			15.0469366623366	-9.76146207525002
			14.9993197741647	-9.76146207525002
			14.9993197741647	-9.71384518707807
			14.9517028859927	-9.71384518707807
			14.9040859978208	-9.66622829890612
			14.8564691096488	-9.66622829890612
			14.8564691096488	-9.61861141073417
			14.8088522214769	-9.57099452256222
			14.7612353333049	-9.57099452256222
			14.713618445133	-9.52337763439027
			14.666001556961	-9.47576074621832
			14.6183846687891	-9.47576074621832
			14.5707677806171	-9.42814385804637
			14.5231508924452	-9.38052696987441
			14.4755340042732	-9.33291008170246
			14.4279171161013	-9.28529319353051
			14.4279171161013	-9.23767630535856
			14.3803002279293	-9.23767630535856
			14.3326833397574	-9.19005941718661
			14.3326833397574	-9.14244252901466
			14.2850664515854	-9.09482564084271
			14.2850664515854	-9.04720875267075
			14.2850664515854	-8.9995918644988
			14.3326833397574	-8.95197497632685
			14.3803002279293	-8.95197497632685
			14.4279171161013	-8.95197497632685
			14.4755340042732	-8.95197497632685
			14.5231508924452	-8.9995918644988
			14.5707677806171	-8.9995918644988
			14.6183846687891	-9.04720875267075
			14.666001556961	-9.09482564084271
			14.713618445133	-9.09482564084271
			14.7612353333049	-9.09482564084271
			14.8088522214769	-9.14244252901466
			14.8564691096488	-9.19005941718661
			14.9040859978208	-9.23767630535856
			14.9517028859927	-9.28529319353051
			14.9993197741647	-9.28529319353051
			15.0469366623366	-9.33291008170246
			15.0945535505086	-9.38052696987441
			15.1421704386805	-9.42814385804637
			15.1897873268525	-9.42814385804637
			15.2374042150244	-9.42814385804637
			15.2374042150244	-9.47576074621832
			15.2850211031964	-9.47576074621832
			15.3326379913683	-9.52337763439027
			15.3802548795403	-9.52337763439027
			15.4278717677122	-9.57099452256222
			15.4754886558842	-9.61861141073417
			15.5231055440561	-9.61861141073417
			15.5707224322281	-9.66622829890612
			15.6183393204	-9.66622829890612
			15.665956208572	-9.71384518707807
			15.7135730967439	-9.71384518707807
			15.7611899849159	-9.76146207525002
			15.8088068730878	-9.76146207525002
			15.8564237612598	-9.80907896342198
			15.9040406494317	-9.80907896342198
			15.9516575376037	-9.85669585159393
			15.9992744257756	-9.90431273976588
			16.0468913139476	-9.90431273976588
			16.0945082021196	-9.95192962793783
			16.1421250902915	-9.95192962793783
			16.1897419784635	-9.99954651610978
			16.2373588666354	-9.99954651610978
			16.2849757548074	-10.0471634042817
			16.3325926429793	-10.0471634042817
			16.3802095311513	-10.0947802924537
			16.4278264193232	-10.0947802924537
			16.4754433074952	-10.1423971806256
			16.5230601956671	-10.1423971806256
			16.5706770838391	-10.1900140687976
			16.618293972011	-10.1900140687976
			16.665910860183	-10.1900140687976
			16.7135277483549	-10.2376309569695
			16.7611446365269	-10.2376309569695
			16.7611446365269	-10.2852478451415
			16.8087615246988	-10.2852478451415
			16.8563784128708	-10.2852478451415
			16.8563784128708	-10.3328647333134
			16.9039953010427	-10.3328647333134
			16.9516121892147	-10.3328647333134
			16.9992290773866	-10.3804816214854
			17.0468459655586	-10.3804816214854
			17.0468459655586	-10.4280985096573
			17.0944628537305	-10.4280985096573
			17.1420797419025	-10.4757153978293
			17.1896966300744	-10.4757153978293
			17.2373135182464	-10.4757153978293
			17.2849304064183	-10.5233322860012
			17.3325472945903	-10.5233322860012
			17.3801641827622	-10.5709491741732
			17.4277810709342	-10.5709491741732
			17.4277810709342	-10.6185660623451
			17.4753979591061	-10.6185660623451
			17.5230148472781	-10.6661829505171
			17.57063173545	-10.6661829505171
			17.618248623622	-10.7137998386891
			17.6658655117939	-10.761416726861
			17.7134823999659	-10.761416726861
			17.7610992881378	-10.809033615033
			17.8087161763098	-10.809033615033
			17.8563330644818	-10.8566505032049
			17.9039499526537	-10.8566505032049
			17.9515668408257	-10.9042673913769
			17.9991837289976	-10.9042673913769
			18.0468006171696	-10.9042673913769
			18.0944175053415	-10.9042673913769
			18.1420343935135	-10.9042673913769
			18.1896512816854	-10.9042673913769
			18.2372681698574	-10.9042673913769
			18.2848850580293	-10.9042673913769
			18.3325019462013	-10.9042673913769
			18.3801188343732	-10.9042673913769
			18.3801188343732	-10.8566505032049
			18.3801188343732	-10.809033615033
			18.3801188343732	-10.761416726861
			18.3801188343732	-10.7137998386891
			18.3325019462013	-10.6661829505171
			18.2848850580293	-10.6185660623451
			18.2848850580293	-10.5709491741732
			18.2372681698574	-10.5233322860012
			18.1896512816854	-10.4757153978293
			18.1420343935135	-10.4280985096573
			18.0944175053415	-10.3804816214854
			18.0944175053415	-10.3328647333134
			18.0468006171696	-10.2852478451415
			17.9991837289976	-10.2376309569695
			17.9515668408257	-10.2376309569695
			17.9515668408257	-10.1900140687976
			17.9039499526537	-10.1423971806256
		</posterior>
	</curves.scaled>
	<ruler.points type=matrix rownames=TRUE colnames=FALSE nrow=2 ncol=2 as.numeric=TRUE >
		Ruler point 1	766	71
		Ruler point 2	871	70
	</ruler.points>
</shapes>

