<shapes type=list>
	<ruler.pixel type=vector names=FALSE length=1 as.numeric=TRUE >75.0066663703967</ruler.pixel>
	<ruler.interval type=vector names=FALSE length=1 as.numeric=TRUE >1</ruler.interval>
	<scaling.units type=vector names=FALSE length=1 as.numeric=FALSE >mm</scaling.units>
	<scaling type=vector names=FALSE length=1 as.numeric=TRUE >0.0133321483061494</scaling>
	<landmarks.pixel type=matrix rownames=TRUE colnames=FALSE nrow=16 ncol=2 as.numeric=TRUE >
		LM1	227	7
		LM2	228	59
		LM3	231	219
		LM4	231	258
		LM5	301	192
		LM6	301	218
		LM7	301	238
		LM8	323	113
		LM9	317	195
		LM10	227	7
		LM11	320	217
		LM12	394	253
		LM13	227	7
		LM14	344	145
		LM15	435	255
		LM16	435	255
	</landmarks.pixel>
	<landmarks.scaled type=matrix rownames=TRUE colnames=FALSE nrow=16 ncol=2 as.numeric=TRUE >
		LM1	3.02639766549592	-0.093325038143046
		LM2	3.03972981380207	-0.786596750062816
		LM3	3.07972625872052	-2.91974047904673
		LM4	3.07972625872052	-3.43969426298655
		LM5	4.01297664015098	-2.55977247478069
		LM6	4.01297664015098	-2.90640833074058
		LM7	4.01297664015098	-3.17305129686356
		LM8	4.30628390288627	-1.50653275859489
		LM9	4.22629101304937	-2.59976891969914
		LM10	3.02639766549592	-0.093325038143046
		LM11	4.26628745796782	-2.89307618243443
		LM12	5.25286643262288	-3.37303352145581
		LM13	3.02639766549592	-0.093325038143046
		LM14	4.58625901731541	-1.93316150439167
		LM15	5.799484513175	-3.39969781806811
		LM16	5.799484513175	-3.39969781806811
	</landmarks.scaled>
	<curves.control type=list>
		<glabella type=matrix rownames=FALSE colnames=FALSE nrow=11 ncol=2 as.numeric=TRUE >
			228	59
			281	65
			287	113
			287	125
			287	140
			300	179
			302	200
			306	213
			301	223
			303	234
			301	238
		</glabella>
		<suture type=matrix rownames=FALSE colnames=FALSE nrow=17 ncol=2 as.numeric=TRUE >
			227	7
			338	12
			337	73
			335	88
			329	97
			325	110
			316	122
			319	139
			322	157
			321	173
			317	185
			317	207
			318	215
			319	232
			353	229
			377	232
			394	253
		</suture>
		<anterior type=matrix rownames=FALSE colnames=FALSE nrow=5 ncol=2 as.numeric=TRUE >
			227	7
			326	10
			380	70
			445	144
			435	255
		</anterior>
		<posterior type=matrix rownames=FALSE colnames=FALSE nrow=11 ncol=2 as.numeric=TRUE >
			231	258
			284	260
			300	238
			313	253
			340	247
			360	247
			373	254
			399	255
			414	248
			428	245
			435	255
		</posterior>
	</curves.control>
	<curves.pixel type=list>
		<glabella type=matrix rownames=FALSE colnames=FALSE nrow=212 ncol=2 as.numeric=TRUE >
			228	59
			229	59
			230	59
			231	59
			232	60
			233	60
			234	60
			235	60
			236	60
			237	60
			238	61
			239	61
			240	61
			241	61
			242	62
			243	62
			244	62
			245	62
			246	63
			247	63
			248	63
			249	64
			250	64
			251	65
			252	65
			253	65
			254	66
			255	66
			256	67
			257	67
			258	68
			259	68
			260	69
			261	69
			261	70
			262	70
			263	71
			264	71
			265	72
			266	72
			266	73
			267	74
			268	74
			269	75
			269	76
			270	76
			271	77
			271	78
			272	78
			273	79
			273	80
			274	80
			275	81
			275	82
			276	83
			277	84
			277	85
			278	86
			279	87
			279	88
			280	89
			280	90
			281	91
			281	92
			282	93
			282	94
			282	95
			283	96
			283	97
			284	98
			284	99
			284	100
			285	101
			285	102
			285	103
			285	104
			286	105
			286	106
			286	107
			286	108
			286	109
			287	110
			287	111
			287	112
			287	113
			287	114
			287	115
			287	116
			287	117
			287	118
			287	119
			287	120
			287	121
			287	122
			287	123
			287	124
			287	125
			287	126
			287	127
			287	128
			287	129
			287	130
			287	131
			287	132
			287	133
			287	134
			287	135
			287	136
			287	137
			287	138
			287	139
			287	140
			287	141
			288	142
			288	143
			288	144
			289	145
			289	146
			289	147
			290	148
			290	149
			290	150
			291	151
			291	152
			291	153
			291	154
			292	154
			292	155
			292	156
			292	157
			293	158
			293	159
			293	160
			294	161
			294	162
			294	163
			294	164
			295	165
			295	166
			295	167
			296	168
			296	169
			296	170
			296	171
			297	172
			297	173
			297	174
			297	175
			298	176
			298	177
			298	178
			298	179
			299	180
			299	181
			299	182
			299	183
			299	184
			300	185
			300	186
			300	187
			300	188
			300	189
			301	190
			301	191
			301	192
			301	193
			301	194
			301	195
			302	196
			302	197
			302	198
			302	199
			302	200
			302	201
			303	202
			303	203
			303	204
			303	205
			303	206
			304	207
			304	208
			304	209
			304	210
			304	211
			304	212
			304	213
			304	214
			304	215
			303	216
			303	217
			303	218
			303	219
			302	219
			302	220
			302	221
			301	222
			301	223
			301	224
			301	225
			302	226
			302	227
			302	228
			302	229
			302	230
			302	231
			302	232
			302	233
			302	234
			302	235
			302	236
			301	237
			301	238
		</glabella>
		<suture type=matrix rownames=FALSE colnames=FALSE nrow=371 ncol=2 as.numeric=TRUE >
			227	7
			228	7
			229	7
			230	7
			231	7
			232	7
			233	7
			234	7
			235	7
			236	8
			237	8
			238	8
			239	8
			240	8
			241	8
			242	8
			243	8
			244	8
			245	8
			246	8
			247	8
			248	9
			249	9
			250	9
			251	9
			252	9
			253	9
			254	9
			255	9
			256	9
			257	10
			258	10
			259	10
			260	10
			261	10
			262	10
			263	11
			264	11
			265	11
			266	11
			267	11
			268	11
			269	12
			270	12
			271	12
			272	12
			273	12
			274	13
			275	13
			276	13
			277	13
			278	13
			278	14
			279	14
			280	14
			281	14
			282	15
			283	15
			284	15
			285	15
			286	16
			287	16
			288	16
			288	17
			289	17
			290	17
			291	17
			292	18
			293	18
			294	19
			295	19
			296	19
			297	20
			298	20
			299	20
			300	21
			301	21
			302	22
			303	22
			304	23
			305	23
			306	24
			307	24
			308	25
			309	26
			310	26
			311	27
			312	27
			313	28
			314	28
			315	29
			315	30
			316	30
			317	31
			318	31
			319	32
			319	33
			320	33
			321	34
			321	35
			322	35
			323	36
			324	37
			325	38
			326	39
			327	40
			327	41
			328	42
			329	43
			329	44
			330	45
			330	46
			331	47
			331	48
			332	49
			332	50
			333	51
			333	52
			334	53
			334	54
			334	55
			335	56
			335	57
			335	58
			336	59
			336	60
			336	61
			336	62
			336	63
			336	64
			337	64
			337	65
			337	66
			337	67
			337	68
			337	69
			337	70
			337	71
			337	72
			337	73
			337	74
			337	75
			337	76
			336	76
			336	77
			336	78
			336	79
			336	80
			336	81
			335	82
			335	83
			335	84
			335	85
			334	86
			334	87
			333	88
			333	89
			333	90
			332	91
			332	92
			331	93
			331	94
			331	95
			330	95
			330	96
			329	97
			329	98
			328	99
			328	100
			328	101
			327	102
			327	103
			326	104
			326	105
			326	106
			325	107
			325	108
			324	109
			323	110
			323	111
			323	112
			322	113
			321	114
			321	115
			320	116
			320	117
			319	118
			318	119
			318	120
			317	120
			317	121
			316	122
			316	123
			316	124
			317	125
			317	126
			317	127
			317	128
			317	129
			317	130
			318	131
			318	132
			318	133
			318	134
			318	135
			319	136
			319	137
			319	138
			319	139
			319	140
			319	141
			319	142
			320	143
			320	144
			320	145
			320	146
			320	147
			320	148
			321	149
			321	150
			321	151
			321	152
			321	153
			321	154
			322	155
			322	156
			322	157
			322	158
			322	159
			322	160
			322	161
			322	162
			321	163
			321	164
			321	165
			321	166
			321	167
			321	168
			321	169
			321	170
			320	171
			320	172
			320	173
			320	174
			320	175
			319	176
			319	177
			319	178
			319	179
			318	180
			318	181
			318	182
			318	183
			317	184
			317	185
			317	186
			317	187
			317	188
			317	189
			317	190
			317	191
			317	192
			317	193
			317	194
			317	195
			317	196
			317	197
			317	198
			317	199
			317	200
			317	201
			317	202
			317	203
			317	204
			317	205
			317	206
			317	207
			317	208
			317	209
			318	210
			318	211
			318	212
			318	213
			318	214
			318	215
			318	216
			318	217
			318	218
			319	219
			319	220
			320	221
			320	222
			321	223
			322	224
			323	224
			324	225
			325	226
			326	226
			327	227
			328	227
			329	228
			330	228
			331	228
			332	228
			333	229
			334	229
			335	229
			336	229
			337	229
			338	229
			339	229
			340	229
			341	229
			342	229
			343	229
			344	229
			345	229
			346	229
			347	229
			348	229
			349	229
			350	229
			351	229
			352	229
			353	229
			354	229
			355	229
			356	229
			357	230
			358	230
			359	230
			360	230
			361	231
			362	231
			363	231
			364	231
			365	232
			366	232
			367	233
			368	233
			369	233
			370	234
			371	234
			372	235
			373	235
			374	236
			375	237
			376	237
			377	238
			378	238
			379	239
			380	240
			381	241
			382	241
			383	242
			384	242
			384	243
			385	244
			386	244
			386	245
			387	245
			388	246
			388	247
			389	248
			390	248
			390	249
			391	250
			392	250
			392	251
			393	252
			394	253
		</suture>
		<anterior type=matrix rownames=FALSE colnames=FALSE nrow=351 ncol=2 as.numeric=TRUE >
			227	7
			228	7
			229	7
			230	7
			231	7
			232	7
			233	7
			234	7
			235	7
			236	7
			237	7
			238	8
			239	8
			240	8
			241	8
			242	8
			243	8
			244	8
			245	8
			246	8
			247	8
			248	8
			249	8
			250	9
			251	9
			252	9
			253	9
			254	9
			255	9
			256	9
			257	9
			258	10
			259	10
			260	10
			261	10
			262	10
			263	10
			264	10
			265	10
			266	11
			267	11
			268	11
			269	11
			270	11
			271	12
			272	12
			273	12
			274	12
			275	12
			276	13
			277	13
			278	13
			279	13
			280	13
			281	14
			282	14
			283	14
			284	14
			285	15
			286	15
			287	15
			288	15
			289	15
			289	16
			290	16
			291	16
			292	16
			293	17
			294	17
			295	17
			296	18
			297	18
			298	18
			299	19
			300	19
			301	19
			302	20
			303	20
			304	20
			305	21
			306	21
			307	21
			308	22
			309	22
			310	22
			311	23
			312	23
			313	23
			313	24
			314	24
			315	24
			316	25
			317	25
			318	26
			319	26
			320	26
			321	27
			322	27
			323	28
			324	29
			325	29
			326	30
			327	30
			328	30
			329	31
			330	31
			331	32
			332	32
			332	33
			333	33
			334	33
			335	34
			336	35
			337	35
			338	36
			339	36
			340	37
			341	37
			341	38
			342	38
			343	39
			344	39
			345	40
			346	40
			346	41
			347	42
			348	42
			349	43
			350	43
			351	44
			352	45
			353	46
			354	46
			355	47
			356	48
			357	49
			358	49
			359	50
			360	51
			361	52
			362	52
			363	53
			363	54
			364	55
			365	55
			366	56
			367	57
			368	58
			369	59
			370	59
			371	60
			371	61
			372	62
			373	63
			374	64
			375	65
			376	65
			377	66
			377	67
			378	68
			379	69
			380	70
			381	71
			382	72
			383	73
			384	74
			385	75
			386	76
			386	77
			387	78
			387	79
			388	79
			388	80
			389	81
			390	82
			391	83
			392	84
			392	85
			393	86
			393	87
			394	88
			395	88
			395	89
			396	90
			396	91
			397	92
			398	93
			398	94
			399	94
			399	95
			400	96
			400	97
			401	98
			402	99
			402	100
			403	101
			404	102
			404	103
			405	104
			405	105
			406	106
			407	107
			407	108
			408	109
			408	110
			409	111
			409	112
			410	113
			410	114
			411	115
			411	116
			412	117
			412	118
			413	119
			413	120
			414	121
			414	122
			415	123
			415	124
			416	125
			416	126
			416	127
			417	128
			417	129
			418	130
			418	131
			419	132
			419	133
			420	134
			420	135
			420	136
			421	137
			421	138
			421	139
			422	140
			422	141
			423	142
			423	143
			423	144
			424	145
			424	146
			424	147
			425	148
			425	149
			425	150
			426	151
			426	152
			426	153
			426	154
			427	155
			427	156
			427	157
			428	158
			428	159
			428	160
			428	161
			429	162
			429	163
			429	164
			429	165
			430	166
			430	167
			430	168
			430	169
			430	170
			431	170
			431	171
			431	172
			431	173
			431	174
			432	175
			432	176
			432	177
			432	178
			432	179
			433	180
			433	181
			433	182
			433	183
			433	184
			433	185
			434	186
			434	187
			434	188
			434	189
			434	190
			434	191
			434	192
			434	193
			435	194
			435	195
			435	196
			435	197
			435	198
			435	199
			435	200
			435	201
			435	202
			435	203
			435	204
			436	205
			436	206
			436	207
			436	208
			436	209
			436	210
			436	211
			436	212
			436	213
			436	214
			436	215
			436	216
			436	217
			436	218
			436	219
			436	220
			436	221
			436	222
			436	223
			436	224
			436	225
			436	226
			436	227
			436	228
			436	229
			436	230
			436	231
			436	232
			436	233
			436	234
			436	235
			436	236
			436	237
			436	238
			436	239
			436	240
			436	241
			436	242
			436	243
			436	244
			436	245
			436	246
			436	247
			436	248
			435	249
			435	250
			435	251
			435	252
			435	253
			435	254
			435	255
		</anterior>
		<posterior type=matrix rownames=FALSE colnames=FALSE nrow=211 ncol=2 as.numeric=TRUE >
			231	258
			232	258
			233	258
			234	258
			235	258
			236	258
			237	258
			238	258
			239	258
			240	258
			241	258
			242	258
			243	258
			244	258
			245	258
			246	258
			247	258
			248	258
			249	258
			250	258
			251	258
			252	258
			253	258
			254	258
			255	257
			256	257
			257	257
			258	257
			259	257
			260	257
			261	257
			262	257
			263	257
			264	256
			265	256
			266	256
			267	256
			268	256
			269	255
			270	255
			271	255
			272	255
			273	255
			274	254
			275	254
			276	254
			277	253
			278	253
			279	253
			280	252
			281	252
			282	251
			283	251
			284	251
			285	250
			286	249
			287	249
			288	248
			289	248
			290	247
			291	247
			292	246
			293	245
			294	244
			295	243
			296	243
			297	242
			298	241
			298	240
			299	239
			300	238
			300	239
			301	239
			302	240
			303	241
			304	242
			305	243
			306	243
			307	244
			308	244
			309	245
			310	245
			311	246
			312	247
			313	247
			314	247
			315	247
			316	248
			317	248
			318	248
			319	248
			320	248
			321	248
			322	249
			323	249
			324	249
			325	249
			326	249
			327	249
			328	249
			329	249
			330	249
			331	248
			332	248
			333	248
			334	248
			335	248
			336	248
			337	248
			338	247
			339	247
			340	247
			341	247
			342	247
			343	247
			344	247
			345	247
			346	247
			347	247
			348	247
			349	247
			350	247
			351	248
			352	248
			353	248
			354	248
			355	248
			356	248
			357	248
			358	249
			359	249
			360	249
			361	249
			362	250
			363	250
			364	250
			365	251
			366	251
			367	251
			368	252
			369	252
			370	252
			371	253
			372	253
			372	254
			373	254
			374	254
			375	254
			376	254
			377	254
			378	254
			379	254
			380	254
			381	254
			382	254
			383	254
			384	254
			385	254
			386	254
			387	254
			388	254
			389	254
			390	254
			391	254
			392	253
			393	253
			394	253
			395	253
			396	253
			397	253
			398	253
			399	253
			400	252
			401	252
			402	252
			403	252
			404	251
			405	251
			406	251
			407	251
			408	250
			409	250
			410	250
			411	249
			412	249
			413	249
			413	248
			414	248
			415	248
			416	248
			417	248
			417	247
			418	247
			419	247
			420	247
			421	247
			422	247
			423	247
			424	248
			425	248
			426	248
			427	248
			428	249
			429	250
			430	250
			431	251
			432	251
			433	252
			433	253
			434	254
			435	255
		</posterior>
	</curves.pixel>
	<curves.scaled type=list>
		<glabella type=matrix rownames=FALSE colnames=FALSE nrow=212 ncol=2 as.numeric=TRUE >
			3.03972981380207	-0.786596750062816
			3.05306196210822	-0.786596750062816
			3.06639411041437	-0.786596750062816
			3.07972625872052	-0.786596750062816
			3.09305840702667	-0.799928898368966
			3.10639055533282	-0.799928898368966
			3.11972270363897	-0.799928898368966
			3.13305485194512	-0.799928898368966
			3.14638700025127	-0.799928898368966
			3.15971914855742	-0.799928898368966
			3.17305129686356	-0.813261046675115
			3.18638344516971	-0.813261046675115
			3.19971559347586	-0.813261046675115
			3.21304774178201	-0.813261046675115
			3.22637989008816	-0.826593194981265
			3.23971203839431	-0.826593194981265
			3.25304418670046	-0.826593194981265
			3.26637633500661	-0.826593194981265
			3.27970848331276	-0.839925343287414
			3.29304063161891	-0.839925343287414
			3.30637277992506	-0.839925343287414
			3.31970492823121	-0.853257491593564
			3.33303707653736	-0.853257491593564
			3.34636922484351	-0.866589639899713
			3.35970137314966	-0.866589639899713
			3.37303352145581	-0.866589639899713
			3.38636566976196	-0.879921788205863
			3.39969781806811	-0.879921788205863
			3.41302996637425	-0.893253936512012
			3.4263621146804	-0.893253936512012
			3.43969426298655	-0.906586084818161
			3.4530264112927	-0.906586084818161
			3.46635855959885	-0.919918233124311
			3.479690707905	-0.919918233124311
			3.479690707905	-0.93325038143046
			3.49302285621115	-0.93325038143046
			3.5063550045173	-0.94658252973661
			3.51968715282345	-0.94658252973661
			3.5330193011296	-0.959914678042759
			3.54635144943575	-0.959914678042759
			3.54635144943575	-0.973246826348909
			3.5596835977419	-0.986578974655058
			3.57301574604805	-0.986578974655058
			3.5863478943542	-0.999911122961207
			3.5863478943542	-1.01324327126736
			3.59968004266035	-1.01324327126736
			3.6130121909665	-1.02657541957351
			3.6130121909665	-1.03990756787966
			3.62634433927265	-1.03990756787966
			3.6396764875788	-1.05323971618581
			3.6396764875788	-1.06657186449195
			3.65300863588494	-1.06657186449195
			3.66634078419109	-1.0799040127981
			3.66634078419109	-1.09323616110425
			3.67967293249724	-1.1065683094104
			3.69300508080339	-1.11990045771655
			3.69300508080339	-1.1332326060227
			3.70633722910954	-1.14656475432885
			3.71966937741569	-1.159896902635
			3.71966937741569	-1.17322905094115
			3.73300152572184	-1.1865611992473
			3.73300152572184	-1.19989334755345
			3.74633367402799	-1.2132254958596
			3.74633367402799	-1.22655764416575
			3.75966582233414	-1.2398897924719
			3.75966582233414	-1.25322194077805
			3.75966582233414	-1.2665540890842
			3.77299797064029	-1.27988623739035
			3.77299797064029	-1.29321838569649
			3.78633011894644	-1.30655053400264
			3.78633011894644	-1.31988268230879
			3.78633011894644	-1.33321483061494
			3.79966226725259	-1.34654697892109
			3.79966226725259	-1.35987912722724
			3.79966226725259	-1.37321127553339
			3.79966226725259	-1.38654342383954
			3.81299441555874	-1.39987557214569
			3.81299441555874	-1.41320772045184
			3.81299441555874	-1.42653986875799
			3.81299441555874	-1.43987201706414
			3.81299441555874	-1.45320416537029
			3.82632656386489	-1.46653631367644
			3.82632656386489	-1.47986846198259
			3.82632656386489	-1.49320061028874
			3.82632656386489	-1.50653275859489
			3.82632656386489	-1.51986490690104
			3.82632656386489	-1.53319705520718
			3.82632656386489	-1.54652920351333
			3.82632656386489	-1.55986135181948
			3.82632656386489	-1.57319350012563
			3.82632656386489	-1.58652564843178
			3.82632656386489	-1.59985779673793
			3.82632656386489	-1.61318994504408
			3.82632656386489	-1.62652209335023
			3.82632656386489	-1.63985424165638
			3.82632656386489	-1.65318638996253
			3.82632656386489	-1.66651853826868
			3.82632656386489	-1.67985068657483
			3.82632656386489	-1.69318283488098
			3.82632656386489	-1.70651498318713
			3.82632656386489	-1.71984713149328
			3.82632656386489	-1.73317927979943
			3.82632656386489	-1.74651142810558
			3.82632656386489	-1.75984357641173
			3.82632656386489	-1.77317572471787
			3.82632656386489	-1.78650787302402
			3.82632656386489	-1.79984002133017
			3.82632656386489	-1.81317216963632
			3.82632656386489	-1.82650431794247
			3.82632656386489	-1.83983646624862
			3.82632656386489	-1.85316861455477
			3.82632656386489	-1.86650076286092
			3.82632656386489	-1.87983291116707
			3.83965871217104	-1.89316505947322
			3.83965871217104	-1.90649720777937
			3.83965871217104	-1.91982935608552
			3.85299086047719	-1.93316150439167
			3.85299086047719	-1.94649365269782
			3.85299086047719	-1.95982580100397
			3.86632300878334	-1.97315794931012
			3.86632300878334	-1.98649009761627
			3.86632300878334	-1.99982224592241
			3.87965515708949	-2.01315439422856
			3.87965515708949	-2.02648654253471
			3.87965515708949	-2.03981869084086
			3.87965515708949	-2.05315083914701
			3.89298730539563	-2.05315083914701
			3.89298730539563	-2.06648298745316
			3.89298730539563	-2.07981513575931
			3.89298730539563	-2.09314728406546
			3.90631945370178	-2.10647943237161
			3.90631945370178	-2.11981158067776
			3.90631945370178	-2.13314372898391
			3.91965160200793	-2.14647587729006
			3.91965160200793	-2.15980802559621
			3.91965160200793	-2.17314017390236
			3.91965160200793	-2.18647232220851
			3.93298375031408	-2.19980447051466
			3.93298375031408	-2.21313661882081
			3.93298375031408	-2.22646876712696
			3.94631589862023	-2.2398009154331
			3.94631589862023	-2.25313306373925
			3.94631589862023	-2.2664652120454
			3.94631589862023	-2.27979736035155
			3.95964804692638	-2.2931295086577
			3.95964804692638	-2.30646165696385
			3.95964804692638	-2.31979380527
			3.95964804692638	-2.33312595357615
			3.97298019523253	-2.3464581018823
			3.97298019523253	-2.35979025018845
			3.97298019523253	-2.3731223984946
			3.97298019523253	-2.38645454680075
			3.98631234353868	-2.3997866951069
			3.98631234353868	-2.41311884341305
			3.98631234353868	-2.4264509917192
			3.98631234353868	-2.43978314002535
			3.98631234353868	-2.4531152883315
			3.99964449184483	-2.46644743663765
			3.99964449184483	-2.47977958494379
			3.99964449184483	-2.49311173324994
			3.99964449184483	-2.50644388155609
			3.99964449184483	-2.51977602986224
			4.01297664015098	-2.53310817816839
			4.01297664015098	-2.54644032647454
			4.01297664015098	-2.55977247478069
			4.01297664015098	-2.57310462308684
			4.01297664015098	-2.58643677139299
			4.01297664015098	-2.59976891969914
			4.02630878845713	-2.61310106800529
			4.02630878845713	-2.62643321631144
			4.02630878845713	-2.63976536461759
			4.02630878845713	-2.65309751292374
			4.02630878845713	-2.66642966122989
			4.02630878845713	-2.67976180953604
			4.03964093676328	-2.69309395784219
			4.03964093676328	-2.70642610614834
			4.03964093676328	-2.71975825445448
			4.03964093676328	-2.73309040276063
			4.03964093676328	-2.74642255106678
			4.05297308506943	-2.75975469937293
			4.05297308506943	-2.77308684767908
			4.05297308506943	-2.78641899598523
			4.05297308506943	-2.79975114429138
			4.05297308506943	-2.81308329259753
			4.05297308506943	-2.82641544090368
			4.05297308506943	-2.83974758920983
			4.05297308506943	-2.85307973751598
			4.05297308506943	-2.86641188582213
			4.03964093676328	-2.87974403412828
			4.03964093676328	-2.89307618243443
			4.03964093676328	-2.90640833074058
			4.03964093676328	-2.91974047904673
			4.02630878845713	-2.91974047904673
			4.02630878845713	-2.93307262735288
			4.02630878845713	-2.94640477565902
			4.01297664015098	-2.95973692396517
			4.01297664015098	-2.97306907227132
			4.01297664015098	-2.98640122057747
			4.01297664015098	-2.99973336888362
			4.02630878845713	-3.01306551718977
			4.02630878845713	-3.02639766549592
			4.02630878845713	-3.03972981380207
			4.02630878845713	-3.05306196210822
			4.02630878845713	-3.06639411041437
			4.02630878845713	-3.07972625872052
			4.02630878845713	-3.09305840702667
			4.02630878845713	-3.10639055533282
			4.02630878845713	-3.11972270363897
			4.02630878845713	-3.13305485194512
			4.02630878845713	-3.14638700025127
			4.01297664015098	-3.15971914855742
			4.01297664015098	-3.17305129686356
		</glabella>
		<suture type=matrix rownames=FALSE colnames=FALSE nrow=371 ncol=2 as.numeric=TRUE >
			3.02639766549592	-0.093325038143046
			3.03972981380207	-0.093325038143046
			3.05306196210822	-0.093325038143046
			3.06639411041437	-0.093325038143046
			3.07972625872052	-0.093325038143046
			3.09305840702667	-0.093325038143046
			3.10639055533282	-0.093325038143046
			3.11972270363897	-0.093325038143046
			3.13305485194512	-0.093325038143046
			3.14638700025127	-0.106657186449195
			3.15971914855742	-0.106657186449195
			3.17305129686356	-0.106657186449195
			3.18638344516971	-0.106657186449195
			3.19971559347586	-0.106657186449195
			3.21304774178201	-0.106657186449195
			3.22637989008816	-0.106657186449195
			3.23971203839431	-0.106657186449195
			3.25304418670046	-0.106657186449195
			3.26637633500661	-0.106657186449195
			3.27970848331276	-0.106657186449195
			3.29304063161891	-0.106657186449195
			3.30637277992506	-0.119989334755345
			3.31970492823121	-0.119989334755345
			3.33303707653736	-0.119989334755345
			3.34636922484351	-0.119989334755345
			3.35970137314966	-0.119989334755345
			3.37303352145581	-0.119989334755345
			3.38636566976196	-0.119989334755345
			3.39969781806811	-0.119989334755345
			3.41302996637425	-0.119989334755345
			3.4263621146804	-0.133321483061494
			3.43969426298655	-0.133321483061494
			3.4530264112927	-0.133321483061494
			3.46635855959885	-0.133321483061494
			3.479690707905	-0.133321483061494
			3.49302285621115	-0.133321483061494
			3.5063550045173	-0.146653631367644
			3.51968715282345	-0.146653631367644
			3.5330193011296	-0.146653631367644
			3.54635144943575	-0.146653631367644
			3.5596835977419	-0.146653631367644
			3.57301574604805	-0.146653631367644
			3.5863478943542	-0.159985779673793
			3.59968004266035	-0.159985779673793
			3.6130121909665	-0.159985779673793
			3.62634433927265	-0.159985779673793
			3.6396764875788	-0.159985779673793
			3.65300863588494	-0.173317927979943
			3.66634078419109	-0.173317927979943
			3.67967293249724	-0.173317927979943
			3.69300508080339	-0.173317927979943
			3.70633722910954	-0.173317927979943
			3.70633722910954	-0.186650076286092
			3.71966937741569	-0.186650076286092
			3.73300152572184	-0.186650076286092
			3.74633367402799	-0.186650076286092
			3.75966582233414	-0.199982224592241
			3.77299797064029	-0.199982224592241
			3.78633011894644	-0.199982224592241
			3.79966226725259	-0.199982224592241
			3.81299441555874	-0.213314372898391
			3.82632656386489	-0.213314372898391
			3.83965871217104	-0.213314372898391
			3.83965871217104	-0.22664652120454
			3.85299086047719	-0.22664652120454
			3.86632300878334	-0.22664652120454
			3.87965515708949	-0.22664652120454
			3.89298730539563	-0.23997866951069
			3.90631945370178	-0.23997866951069
			3.91965160200793	-0.253310817816839
			3.93298375031408	-0.253310817816839
			3.94631589862023	-0.253310817816839
			3.95964804692638	-0.266642966122989
			3.97298019523253	-0.266642966122989
			3.98631234353868	-0.266642966122989
			3.99964449184483	-0.279975114429138
			4.01297664015098	-0.279975114429138
			4.02630878845713	-0.293307262735288
			4.03964093676328	-0.293307262735288
			4.05297308506943	-0.306639411041437
			4.06630523337558	-0.306639411041437
			4.07963738168173	-0.319971559347586
			4.09296952998788	-0.319971559347586
			4.10630167829403	-0.333303707653736
			4.11963382660017	-0.346635855959885
			4.13296597490632	-0.346635855959885
			4.14629812321247	-0.359968004266035
			4.15963027151862	-0.359968004266035
			4.17296241982477	-0.373300152572184
			4.18629456813092	-0.373300152572184
			4.19962671643707	-0.386632300878334
			4.19962671643707	-0.399964449184483
			4.21295886474322	-0.399964449184483
			4.22629101304937	-0.413296597490632
			4.23962316135552	-0.413296597490632
			4.25295530966167	-0.426628745796782
			4.25295530966167	-0.439960894102931
			4.26628745796782	-0.439960894102931
			4.27961960627397	-0.453293042409081
			4.27961960627397	-0.46662519071523
			4.29295175458012	-0.46662519071523
			4.30628390288627	-0.47995733902138
			4.31961605119242	-0.493289487327529
			4.33294819949857	-0.506621635633678
			4.34628034780471	-0.519953783939828
			4.35961249611086	-0.533285932245977
			4.35961249611086	-0.546618080552127
			4.37294464441701	-0.559950228858276
			4.38627679272316	-0.573282377164426
			4.38627679272316	-0.586614525470575
			4.39960894102931	-0.599946673776725
			4.39960894102931	-0.613278822082874
			4.41294108933546	-0.626610970389023
			4.41294108933546	-0.639943118695173
			4.42627323764161	-0.653275267001322
			4.42627323764161	-0.666607415307472
			4.43960538594776	-0.679939563613621
			4.43960538594776	-0.69327171191977
			4.45293753425391	-0.70660386022592
			4.45293753425391	-0.719936008532069
			4.45293753425391	-0.733268156838219
			4.46626968256006	-0.746600305144368
			4.46626968256006	-0.759932453450518
			4.46626968256006	-0.773264601756667
			4.47960183086621	-0.786596750062816
			4.47960183086621	-0.799928898368966
			4.47960183086621	-0.813261046675115
			4.47960183086621	-0.826593194981265
			4.47960183086621	-0.839925343287414
			4.47960183086621	-0.853257491593564
			4.49293397917236	-0.853257491593564
			4.49293397917236	-0.866589639899713
			4.49293397917236	-0.879921788205863
			4.49293397917236	-0.893253936512012
			4.49293397917236	-0.906586084818161
			4.49293397917236	-0.919918233124311
			4.49293397917236	-0.93325038143046
			4.49293397917236	-0.94658252973661
			4.49293397917236	-0.959914678042759
			4.49293397917236	-0.973246826348909
			4.49293397917236	-0.986578974655058
			4.49293397917236	-0.999911122961207
			4.49293397917236	-1.01324327126736
			4.47960183086621	-1.01324327126736
			4.47960183086621	-1.02657541957351
			4.47960183086621	-1.03990756787966
			4.47960183086621	-1.05323971618581
			4.47960183086621	-1.06657186449195
			4.47960183086621	-1.0799040127981
			4.46626968256006	-1.09323616110425
			4.46626968256006	-1.1065683094104
			4.46626968256006	-1.11990045771655
			4.46626968256006	-1.1332326060227
			4.45293753425391	-1.14656475432885
			4.45293753425391	-1.159896902635
			4.43960538594776	-1.17322905094115
			4.43960538594776	-1.1865611992473
			4.43960538594776	-1.19989334755345
			4.42627323764161	-1.2132254958596
			4.42627323764161	-1.22655764416575
			4.41294108933546	-1.2398897924719
			4.41294108933546	-1.25322194077805
			4.41294108933546	-1.2665540890842
			4.39960894102931	-1.2665540890842
			4.39960894102931	-1.27988623739035
			4.38627679272316	-1.29321838569649
			4.38627679272316	-1.30655053400264
			4.37294464441701	-1.31988268230879
			4.37294464441701	-1.33321483061494
			4.37294464441701	-1.34654697892109
			4.35961249611086	-1.35987912722724
			4.35961249611086	-1.37321127553339
			4.34628034780471	-1.38654342383954
			4.34628034780471	-1.39987557214569
			4.34628034780471	-1.41320772045184
			4.33294819949857	-1.42653986875799
			4.33294819949857	-1.43987201706414
			4.31961605119242	-1.45320416537029
			4.30628390288627	-1.46653631367644
			4.30628390288627	-1.47986846198259
			4.30628390288627	-1.49320061028874
			4.29295175458012	-1.50653275859489
			4.27961960627397	-1.51986490690104
			4.27961960627397	-1.53319705520718
			4.26628745796782	-1.54652920351333
			4.26628745796782	-1.55986135181948
			4.25295530966167	-1.57319350012563
			4.23962316135552	-1.58652564843178
			4.23962316135552	-1.59985779673793
			4.22629101304937	-1.59985779673793
			4.22629101304937	-1.61318994504408
			4.21295886474322	-1.62652209335023
			4.21295886474322	-1.63985424165638
			4.21295886474322	-1.65318638996253
			4.22629101304937	-1.66651853826868
			4.22629101304937	-1.67985068657483
			4.22629101304937	-1.69318283488098
			4.22629101304937	-1.70651498318713
			4.22629101304937	-1.71984713149328
			4.22629101304937	-1.73317927979943
			4.23962316135552	-1.74651142810558
			4.23962316135552	-1.75984357641173
			4.23962316135552	-1.77317572471787
			4.23962316135552	-1.78650787302402
			4.23962316135552	-1.79984002133017
			4.25295530966167	-1.81317216963632
			4.25295530966167	-1.82650431794247
			4.25295530966167	-1.83983646624862
			4.25295530966167	-1.85316861455477
			4.25295530966167	-1.86650076286092
			4.25295530966167	-1.87983291116707
			4.25295530966167	-1.89316505947322
			4.26628745796782	-1.90649720777937
			4.26628745796782	-1.91982935608552
			4.26628745796782	-1.93316150439167
			4.26628745796782	-1.94649365269782
			4.26628745796782	-1.95982580100397
			4.26628745796782	-1.97315794931012
			4.27961960627397	-1.98649009761627
			4.27961960627397	-1.99982224592241
			4.27961960627397	-2.01315439422856
			4.27961960627397	-2.02648654253471
			4.27961960627397	-2.03981869084086
			4.27961960627397	-2.05315083914701
			4.29295175458012	-2.06648298745316
			4.29295175458012	-2.07981513575931
			4.29295175458012	-2.09314728406546
			4.29295175458012	-2.10647943237161
			4.29295175458012	-2.11981158067776
			4.29295175458012	-2.13314372898391
			4.29295175458012	-2.14647587729006
			4.29295175458012	-2.15980802559621
			4.27961960627397	-2.17314017390236
			4.27961960627397	-2.18647232220851
			4.27961960627397	-2.19980447051466
			4.27961960627397	-2.21313661882081
			4.27961960627397	-2.22646876712696
			4.27961960627397	-2.2398009154331
			4.27961960627397	-2.25313306373925
			4.27961960627397	-2.2664652120454
			4.26628745796782	-2.27979736035155
			4.26628745796782	-2.2931295086577
			4.26628745796782	-2.30646165696385
			4.26628745796782	-2.31979380527
			4.26628745796782	-2.33312595357615
			4.25295530966167	-2.3464581018823
			4.25295530966167	-2.35979025018845
			4.25295530966167	-2.3731223984946
			4.25295530966167	-2.38645454680075
			4.23962316135552	-2.3997866951069
			4.23962316135552	-2.41311884341305
			4.23962316135552	-2.4264509917192
			4.23962316135552	-2.43978314002535
			4.22629101304937	-2.4531152883315
			4.22629101304937	-2.46644743663765
			4.22629101304937	-2.47977958494379
			4.22629101304937	-2.49311173324994
			4.22629101304937	-2.50644388155609
			4.22629101304937	-2.51977602986224
			4.22629101304937	-2.53310817816839
			4.22629101304937	-2.54644032647454
			4.22629101304937	-2.55977247478069
			4.22629101304937	-2.57310462308684
			4.22629101304937	-2.58643677139299
			4.22629101304937	-2.59976891969914
			4.22629101304937	-2.61310106800529
			4.22629101304937	-2.62643321631144
			4.22629101304937	-2.63976536461759
			4.22629101304937	-2.65309751292374
			4.22629101304937	-2.66642966122989
			4.22629101304937	-2.67976180953604
			4.22629101304937	-2.69309395784219
			4.22629101304937	-2.70642610614834
			4.22629101304937	-2.71975825445448
			4.22629101304937	-2.73309040276063
			4.22629101304937	-2.74642255106678
			4.22629101304937	-2.75975469937293
			4.22629101304937	-2.77308684767908
			4.22629101304937	-2.78641899598523
			4.23962316135552	-2.79975114429138
			4.23962316135552	-2.81308329259753
			4.23962316135552	-2.82641544090368
			4.23962316135552	-2.83974758920983
			4.23962316135552	-2.85307973751598
			4.23962316135552	-2.86641188582213
			4.23962316135552	-2.87974403412828
			4.23962316135552	-2.89307618243443
			4.23962316135552	-2.90640833074058
			4.25295530966167	-2.91974047904673
			4.25295530966167	-2.93307262735288
			4.26628745796782	-2.94640477565902
			4.26628745796782	-2.95973692396517
			4.27961960627397	-2.97306907227132
			4.29295175458012	-2.98640122057747
			4.30628390288627	-2.98640122057747
			4.31961605119242	-2.99973336888362
			4.33294819949857	-3.01306551718977
			4.34628034780471	-3.01306551718977
			4.35961249611086	-3.02639766549592
			4.37294464441701	-3.02639766549592
			4.38627679272316	-3.03972981380207
			4.39960894102931	-3.03972981380207
			4.41294108933546	-3.03972981380207
			4.42627323764161	-3.03972981380207
			4.43960538594776	-3.05306196210822
			4.45293753425391	-3.05306196210822
			4.46626968256006	-3.05306196210822
			4.47960183086621	-3.05306196210822
			4.49293397917236	-3.05306196210822
			4.50626612747851	-3.05306196210822
			4.51959827578466	-3.05306196210822
			4.53293042409081	-3.05306196210822
			4.54626257239696	-3.05306196210822
			4.55959472070311	-3.05306196210822
			4.57292686900926	-3.05306196210822
			4.58625901731541	-3.05306196210822
			4.59959116562155	-3.05306196210822
			4.6129233139277	-3.05306196210822
			4.62625546223385	-3.05306196210822
			4.63958761054	-3.05306196210822
			4.65291975884615	-3.05306196210822
			4.6662519071523	-3.05306196210822
			4.67958405545845	-3.05306196210822
			4.6929162037646	-3.05306196210822
			4.70624835207075	-3.05306196210822
			4.7195805003769	-3.05306196210822
			4.73291264868305	-3.05306196210822
			4.7462447969892	-3.05306196210822
			4.75957694529535	-3.06639411041437
			4.7729090936015	-3.06639411041437
			4.78624124190765	-3.06639411041437
			4.7995733902138	-3.06639411041437
			4.81290553851994	-3.07972625872052
			4.82623768682609	-3.07972625872052
			4.83956983513224	-3.07972625872052
			4.85290198343839	-3.07972625872052
			4.86623413174454	-3.09305840702667
			4.87956628005069	-3.09305840702667
			4.89289842835684	-3.10639055533282
			4.90623057666299	-3.10639055533282
			4.91956272496914	-3.10639055533282
			4.93289487327529	-3.11972270363897
			4.94622702158144	-3.11972270363897
			4.95955916988759	-3.13305485194512
			4.97289131819374	-3.13305485194512
			4.98622346649989	-3.14638700025127
			4.99955561480604	-3.15971914855742
			5.01288776311219	-3.15971914855742
			5.02621991141834	-3.17305129686356
			5.03955205972449	-3.17305129686356
			5.05288420803064	-3.18638344516971
			5.06621635633678	-3.19971559347586
			5.07954850464293	-3.21304774178201
			5.09288065294908	-3.21304774178201
			5.10621280125523	-3.22637989008816
			5.11954494956138	-3.22637989008816
			5.11954494956138	-3.23971203839431
			5.13287709786753	-3.25304418670046
			5.14620924617368	-3.25304418670046
			5.14620924617368	-3.26637633500661
			5.15954139447983	-3.26637633500661
			5.17287354278598	-3.27970848331276
			5.17287354278598	-3.29304063161891
			5.18620569109213	-3.30637277992506
			5.19953783939828	-3.30637277992506
			5.19953783939828	-3.31970492823121
			5.21286998770443	-3.33303707653736
			5.22620213601058	-3.33303707653736
			5.22620213601058	-3.34636922484351
			5.23953428431673	-3.35970137314966
			5.25286643262288	-3.37303352145581
		</suture>
		<anterior type=matrix rownames=FALSE colnames=FALSE nrow=351 ncol=2 as.numeric=TRUE >
			3.02639766549592	-0.093325038143046
			3.03972981380207	-0.093325038143046
			3.05306196210822	-0.093325038143046
			3.06639411041437	-0.093325038143046
			3.07972625872052	-0.093325038143046
			3.09305840702667	-0.093325038143046
			3.10639055533282	-0.093325038143046
			3.11972270363897	-0.093325038143046
			3.13305485194512	-0.093325038143046
			3.14638700025127	-0.093325038143046
			3.15971914855742	-0.093325038143046
			3.17305129686356	-0.106657186449195
			3.18638344516971	-0.106657186449195
			3.19971559347586	-0.106657186449195
			3.21304774178201	-0.106657186449195
			3.22637989008816	-0.106657186449195
			3.23971203839431	-0.106657186449195
			3.25304418670046	-0.106657186449195
			3.26637633500661	-0.106657186449195
			3.27970848331276	-0.106657186449195
			3.29304063161891	-0.106657186449195
			3.30637277992506	-0.106657186449195
			3.31970492823121	-0.106657186449195
			3.33303707653736	-0.119989334755345
			3.34636922484351	-0.119989334755345
			3.35970137314966	-0.119989334755345
			3.37303352145581	-0.119989334755345
			3.38636566976196	-0.119989334755345
			3.39969781806811	-0.119989334755345
			3.41302996637425	-0.119989334755345
			3.4263621146804	-0.119989334755345
			3.43969426298655	-0.133321483061494
			3.4530264112927	-0.133321483061494
			3.46635855959885	-0.133321483061494
			3.479690707905	-0.133321483061494
			3.49302285621115	-0.133321483061494
			3.5063550045173	-0.133321483061494
			3.51968715282345	-0.133321483061494
			3.5330193011296	-0.133321483061494
			3.54635144943575	-0.146653631367644
			3.5596835977419	-0.146653631367644
			3.57301574604805	-0.146653631367644
			3.5863478943542	-0.146653631367644
			3.59968004266035	-0.146653631367644
			3.6130121909665	-0.159985779673793
			3.62634433927265	-0.159985779673793
			3.6396764875788	-0.159985779673793
			3.65300863588494	-0.159985779673793
			3.66634078419109	-0.159985779673793
			3.67967293249724	-0.173317927979943
			3.69300508080339	-0.173317927979943
			3.70633722910954	-0.173317927979943
			3.71966937741569	-0.173317927979943
			3.73300152572184	-0.173317927979943
			3.74633367402799	-0.186650076286092
			3.75966582233414	-0.186650076286092
			3.77299797064029	-0.186650076286092
			3.78633011894644	-0.186650076286092
			3.79966226725259	-0.199982224592241
			3.81299441555874	-0.199982224592241
			3.82632656386489	-0.199982224592241
			3.83965871217104	-0.199982224592241
			3.85299086047719	-0.199982224592241
			3.85299086047719	-0.213314372898391
			3.86632300878334	-0.213314372898391
			3.87965515708949	-0.213314372898391
			3.89298730539563	-0.213314372898391
			3.90631945370178	-0.22664652120454
			3.91965160200793	-0.22664652120454
			3.93298375031408	-0.22664652120454
			3.94631589862023	-0.23997866951069
			3.95964804692638	-0.23997866951069
			3.97298019523253	-0.23997866951069
			3.98631234353868	-0.253310817816839
			3.99964449184483	-0.253310817816839
			4.01297664015098	-0.253310817816839
			4.02630878845713	-0.266642966122989
			4.03964093676328	-0.266642966122989
			4.05297308506943	-0.266642966122989
			4.06630523337558	-0.279975114429138
			4.07963738168173	-0.279975114429138
			4.09296952998788	-0.279975114429138
			4.10630167829403	-0.293307262735288
			4.11963382660017	-0.293307262735288
			4.13296597490632	-0.293307262735288
			4.14629812321247	-0.306639411041437
			4.15963027151862	-0.306639411041437
			4.17296241982477	-0.306639411041437
			4.17296241982477	-0.319971559347586
			4.18629456813092	-0.319971559347586
			4.19962671643707	-0.319971559347586
			4.21295886474322	-0.333303707653736
			4.22629101304937	-0.333303707653736
			4.23962316135552	-0.346635855959885
			4.25295530966167	-0.346635855959885
			4.26628745796782	-0.346635855959885
			4.27961960627397	-0.359968004266035
			4.29295175458012	-0.359968004266035
			4.30628390288627	-0.373300152572184
			4.31961605119242	-0.386632300878334
			4.33294819949857	-0.386632300878334
			4.34628034780471	-0.399964449184483
			4.35961249611086	-0.399964449184483
			4.37294464441701	-0.399964449184483
			4.38627679272316	-0.413296597490632
			4.39960894102931	-0.413296597490632
			4.41294108933546	-0.426628745796782
			4.42627323764161	-0.426628745796782
			4.42627323764161	-0.439960894102931
			4.43960538594776	-0.439960894102931
			4.45293753425391	-0.439960894102931
			4.46626968256006	-0.453293042409081
			4.47960183086621	-0.46662519071523
			4.49293397917236	-0.46662519071523
			4.50626612747851	-0.47995733902138
			4.51959827578466	-0.47995733902138
			4.53293042409081	-0.493289487327529
			4.54626257239696	-0.493289487327529
			4.54626257239696	-0.506621635633678
			4.55959472070311	-0.506621635633678
			4.57292686900926	-0.519953783939828
			4.58625901731541	-0.519953783939828
			4.59959116562155	-0.533285932245977
			4.6129233139277	-0.533285932245977
			4.6129233139277	-0.546618080552127
			4.62625546223385	-0.559950228858276
			4.63958761054	-0.559950228858276
			4.65291975884615	-0.573282377164426
			4.6662519071523	-0.573282377164426
			4.67958405545845	-0.586614525470575
			4.6929162037646	-0.599946673776725
			4.70624835207075	-0.613278822082874
			4.7195805003769	-0.613278822082874
			4.73291264868305	-0.626610970389023
			4.7462447969892	-0.639943118695173
			4.75957694529535	-0.653275267001322
			4.7729090936015	-0.653275267001322
			4.78624124190765	-0.666607415307472
			4.7995733902138	-0.679939563613621
			4.81290553851994	-0.69327171191977
			4.82623768682609	-0.69327171191977
			4.83956983513224	-0.70660386022592
			4.83956983513224	-0.719936008532069
			4.85290198343839	-0.733268156838219
			4.86623413174454	-0.733268156838219
			4.87956628005069	-0.746600305144368
			4.89289842835684	-0.759932453450518
			4.90623057666299	-0.773264601756667
			4.91956272496914	-0.786596750062816
			4.93289487327529	-0.786596750062816
			4.94622702158144	-0.799928898368966
			4.94622702158144	-0.813261046675115
			4.95955916988759	-0.826593194981265
			4.97289131819374	-0.839925343287414
			4.98622346649989	-0.853257491593564
			4.99955561480604	-0.866589639899713
			5.01288776311219	-0.866589639899713
			5.02621991141834	-0.879921788205863
			5.02621991141834	-0.893253936512012
			5.03955205972449	-0.906586084818161
			5.05288420803064	-0.919918233124311
			5.06621635633678	-0.93325038143046
			5.07954850464293	-0.94658252973661
			5.09288065294908	-0.959914678042759
			5.10621280125523	-0.973246826348909
			5.11954494956138	-0.986578974655058
			5.13287709786753	-0.999911122961207
			5.14620924617368	-1.01324327126736
			5.14620924617368	-1.02657541957351
			5.15954139447983	-1.03990756787966
			5.15954139447983	-1.05323971618581
			5.17287354278598	-1.05323971618581
			5.17287354278598	-1.06657186449195
			5.18620569109213	-1.0799040127981
			5.19953783939828	-1.09323616110425
			5.21286998770443	-1.1065683094104
			5.22620213601058	-1.11990045771655
			5.22620213601058	-1.1332326060227
			5.23953428431673	-1.14656475432885
			5.23953428431673	-1.159896902635
			5.25286643262288	-1.17322905094115
			5.26619858092903	-1.17322905094115
			5.26619858092903	-1.1865611992473
			5.27953072923518	-1.19989334755345
			5.27953072923518	-1.2132254958596
			5.29286287754132	-1.22655764416575
			5.30619502584747	-1.2398897924719
			5.30619502584747	-1.25322194077805
			5.31952717415362	-1.25322194077805
			5.31952717415362	-1.2665540890842
			5.33285932245977	-1.27988623739035
			5.33285932245977	-1.29321838569649
			5.34619147076592	-1.30655053400264
			5.35952361907207	-1.31988268230879
			5.35952361907207	-1.33321483061494
			5.37285576737822	-1.34654697892109
			5.38618791568437	-1.35987912722724
			5.38618791568437	-1.37321127553339
			5.39952006399052	-1.38654342383954
			5.39952006399052	-1.39987557214569
			5.41285221229667	-1.41320772045184
			5.42618436060282	-1.42653986875799
			5.42618436060282	-1.43987201706414
			5.43951650890897	-1.45320416537029
			5.43951650890897	-1.46653631367644
			5.45284865721512	-1.47986846198259
			5.45284865721512	-1.49320061028874
			5.46618080552127	-1.50653275859489
			5.46618080552127	-1.51986490690104
			5.47951295382742	-1.53319705520718
			5.47951295382742	-1.54652920351333
			5.49284510213357	-1.55986135181948
			5.49284510213357	-1.57319350012563
			5.50617725043972	-1.58652564843178
			5.50617725043972	-1.59985779673793
			5.51950939874586	-1.61318994504408
			5.51950939874586	-1.62652209335023
			5.53284154705201	-1.63985424165638
			5.53284154705201	-1.65318638996253
			5.54617369535816	-1.66651853826868
			5.54617369535816	-1.67985068657483
			5.54617369535816	-1.69318283488098
			5.55950584366431	-1.70651498318713
			5.55950584366431	-1.71984713149328
			5.57283799197046	-1.73317927979943
			5.57283799197046	-1.74651142810558
			5.58617014027661	-1.75984357641173
			5.58617014027661	-1.77317572471787
			5.59950228858276	-1.78650787302402
			5.59950228858276	-1.79984002133017
			5.59950228858276	-1.81317216963632
			5.61283443688891	-1.82650431794247
			5.61283443688891	-1.83983646624862
			5.61283443688891	-1.85316861455477
			5.62616658519506	-1.86650076286092
			5.62616658519506	-1.87983291116707
			5.63949873350121	-1.89316505947322
			5.63949873350121	-1.90649720777937
			5.63949873350121	-1.91982935608552
			5.65283088180736	-1.93316150439167
			5.65283088180736	-1.94649365269782
			5.65283088180736	-1.95982580100397
			5.66616303011351	-1.97315794931012
			5.66616303011351	-1.98649009761627
			5.66616303011351	-1.99982224592241
			5.67949517841966	-2.01315439422856
			5.67949517841966	-2.02648654253471
			5.67949517841966	-2.03981869084086
			5.67949517841966	-2.05315083914701
			5.69282732672581	-2.06648298745316
			5.69282732672581	-2.07981513575931
			5.69282732672581	-2.09314728406546
			5.70615947503196	-2.10647943237161
			5.70615947503196	-2.11981158067776
			5.70615947503196	-2.13314372898391
			5.70615947503196	-2.14647587729006
			5.71949162333811	-2.15980802559621
			5.71949162333811	-2.17314017390236
			5.71949162333811	-2.18647232220851
			5.71949162333811	-2.19980447051466
			5.73282377164426	-2.21313661882081
			5.73282377164426	-2.22646876712696
			5.73282377164426	-2.2398009154331
			5.73282377164426	-2.25313306373925
			5.73282377164426	-2.2664652120454
			5.74615591995041	-2.2664652120454
			5.74615591995041	-2.27979736035155
			5.74615591995041	-2.2931295086577
			5.74615591995041	-2.30646165696385
			5.74615591995041	-2.31979380527
			5.75948806825656	-2.33312595357615
			5.75948806825656	-2.3464581018823
			5.75948806825656	-2.35979025018845
			5.75948806825656	-2.3731223984946
			5.75948806825656	-2.38645454680075
			5.7728202165627	-2.3997866951069
			5.7728202165627	-2.41311884341305
			5.7728202165627	-2.4264509917192
			5.7728202165627	-2.43978314002535
			5.7728202165627	-2.4531152883315
			5.7728202165627	-2.46644743663765
			5.78615236486885	-2.47977958494379
			5.78615236486885	-2.49311173324994
			5.78615236486885	-2.50644388155609
			5.78615236486885	-2.51977602986224
			5.78615236486885	-2.53310817816839
			5.78615236486885	-2.54644032647454
			5.78615236486885	-2.55977247478069
			5.78615236486885	-2.57310462308684
			5.799484513175	-2.58643677139299
			5.799484513175	-2.59976891969914
			5.799484513175	-2.61310106800529
			5.799484513175	-2.62643321631144
			5.799484513175	-2.63976536461759
			5.799484513175	-2.65309751292374
			5.799484513175	-2.66642966122989
			5.799484513175	-2.67976180953604
			5.799484513175	-2.69309395784219
			5.799484513175	-2.70642610614834
			5.799484513175	-2.71975825445448
			5.81281666148115	-2.73309040276063
			5.81281666148115	-2.74642255106678
			5.81281666148115	-2.75975469937293
			5.81281666148115	-2.77308684767908
			5.81281666148115	-2.78641899598523
			5.81281666148115	-2.79975114429138
			5.81281666148115	-2.81308329259753
			5.81281666148115	-2.82641544090368
			5.81281666148115	-2.83974758920983
			5.81281666148115	-2.85307973751598
			5.81281666148115	-2.86641188582213
			5.81281666148115	-2.87974403412828
			5.81281666148115	-2.89307618243443
			5.81281666148115	-2.90640833074058
			5.81281666148115	-2.91974047904673
			5.81281666148115	-2.93307262735288
			5.81281666148115	-2.94640477565902
			5.81281666148115	-2.95973692396517
			5.81281666148115	-2.97306907227132
			5.81281666148115	-2.98640122057747
			5.81281666148115	-2.99973336888362
			5.81281666148115	-3.01306551718977
			5.81281666148115	-3.02639766549592
			5.81281666148115	-3.03972981380207
			5.81281666148115	-3.05306196210822
			5.81281666148115	-3.06639411041437
			5.81281666148115	-3.07972625872052
			5.81281666148115	-3.09305840702667
			5.81281666148115	-3.10639055533282
			5.81281666148115	-3.11972270363897
			5.81281666148115	-3.13305485194512
			5.81281666148115	-3.14638700025127
			5.81281666148115	-3.15971914855742
			5.81281666148115	-3.17305129686356
			5.81281666148115	-3.18638344516971
			5.81281666148115	-3.19971559347586
			5.81281666148115	-3.21304774178201
			5.81281666148115	-3.22637989008816
			5.81281666148115	-3.23971203839431
			5.81281666148115	-3.25304418670046
			5.81281666148115	-3.26637633500661
			5.81281666148115	-3.27970848331276
			5.81281666148115	-3.29304063161891
			5.81281666148115	-3.30637277992506
			5.799484513175	-3.31970492823121
			5.799484513175	-3.33303707653736
			5.799484513175	-3.34636922484351
			5.799484513175	-3.35970137314966
			5.799484513175	-3.37303352145581
			5.799484513175	-3.38636566976196
			5.799484513175	-3.39969781806811
		</anterior>
		<posterior type=matrix rownames=FALSE colnames=FALSE nrow=211 ncol=2 as.numeric=TRUE >
			3.07972625872052	-3.43969426298655
			3.09305840702667	-3.43969426298655
			3.10639055533282	-3.43969426298655
			3.11972270363897	-3.43969426298655
			3.13305485194512	-3.43969426298655
			3.14638700025127	-3.43969426298655
			3.15971914855742	-3.43969426298655
			3.17305129686356	-3.43969426298655
			3.18638344516971	-3.43969426298655
			3.19971559347586	-3.43969426298655
			3.21304774178201	-3.43969426298655
			3.22637989008816	-3.43969426298655
			3.23971203839431	-3.43969426298655
			3.25304418670046	-3.43969426298655
			3.26637633500661	-3.43969426298655
			3.27970848331276	-3.43969426298655
			3.29304063161891	-3.43969426298655
			3.30637277992506	-3.43969426298655
			3.31970492823121	-3.43969426298655
			3.33303707653736	-3.43969426298655
			3.34636922484351	-3.43969426298655
			3.35970137314966	-3.43969426298655
			3.37303352145581	-3.43969426298655
			3.38636566976196	-3.43969426298655
			3.39969781806811	-3.4263621146804
			3.41302996637425	-3.4263621146804
			3.4263621146804	-3.4263621146804
			3.43969426298655	-3.4263621146804
			3.4530264112927	-3.4263621146804
			3.46635855959885	-3.4263621146804
			3.479690707905	-3.4263621146804
			3.49302285621115	-3.4263621146804
			3.5063550045173	-3.4263621146804
			3.51968715282345	-3.41302996637425
			3.5330193011296	-3.41302996637425
			3.54635144943575	-3.41302996637425
			3.5596835977419	-3.41302996637425
			3.57301574604805	-3.41302996637425
			3.5863478943542	-3.39969781806811
			3.59968004266035	-3.39969781806811
			3.6130121909665	-3.39969781806811
			3.62634433927265	-3.39969781806811
			3.6396764875788	-3.39969781806811
			3.65300863588494	-3.38636566976196
			3.66634078419109	-3.38636566976196
			3.67967293249724	-3.38636566976196
			3.69300508080339	-3.37303352145581
			3.70633722910954	-3.37303352145581
			3.71966937741569	-3.37303352145581
			3.73300152572184	-3.35970137314966
			3.74633367402799	-3.35970137314966
			3.75966582233414	-3.34636922484351
			3.77299797064029	-3.34636922484351
			3.78633011894644	-3.34636922484351
			3.79966226725259	-3.33303707653736
			3.81299441555874	-3.31970492823121
			3.82632656386489	-3.31970492823121
			3.83965871217104	-3.30637277992506
			3.85299086047719	-3.30637277992506
			3.86632300878334	-3.29304063161891
			3.87965515708949	-3.29304063161891
			3.89298730539563	-3.27970848331276
			3.90631945370178	-3.26637633500661
			3.91965160200793	-3.25304418670046
			3.93298375031408	-3.23971203839431
			3.94631589862023	-3.23971203839431
			3.95964804692638	-3.22637989008816
			3.97298019523253	-3.21304774178201
			3.97298019523253	-3.19971559347586
			3.98631234353868	-3.18638344516971
			3.99964449184483	-3.17305129686356
			3.99964449184483	-3.18638344516971
			4.01297664015098	-3.18638344516971
			4.02630878845713	-3.19971559347586
			4.03964093676328	-3.21304774178201
			4.05297308506943	-3.22637989008816
			4.06630523337558	-3.23971203839431
			4.07963738168173	-3.23971203839431
			4.09296952998788	-3.25304418670046
			4.10630167829403	-3.25304418670046
			4.11963382660017	-3.26637633500661
			4.13296597490632	-3.26637633500661
			4.14629812321247	-3.27970848331276
			4.15963027151862	-3.29304063161891
			4.17296241982477	-3.29304063161891
			4.18629456813092	-3.29304063161891
			4.19962671643707	-3.29304063161891
			4.21295886474322	-3.30637277992506
			4.22629101304937	-3.30637277992506
			4.23962316135552	-3.30637277992506
			4.25295530966167	-3.30637277992506
			4.26628745796782	-3.30637277992506
			4.27961960627397	-3.30637277992506
			4.29295175458012	-3.31970492823121
			4.30628390288627	-3.31970492823121
			4.31961605119242	-3.31970492823121
			4.33294819949857	-3.31970492823121
			4.34628034780471	-3.31970492823121
			4.35961249611086	-3.31970492823121
			4.37294464441701	-3.31970492823121
			4.38627679272316	-3.31970492823121
			4.39960894102931	-3.31970492823121
			4.41294108933546	-3.30637277992506
			4.42627323764161	-3.30637277992506
			4.43960538594776	-3.30637277992506
			4.45293753425391	-3.30637277992506
			4.46626968256006	-3.30637277992506
			4.47960183086621	-3.30637277992506
			4.49293397917236	-3.30637277992506
			4.50626612747851	-3.29304063161891
			4.51959827578466	-3.29304063161891
			4.53293042409081	-3.29304063161891
			4.54626257239696	-3.29304063161891
			4.55959472070311	-3.29304063161891
			4.57292686900926	-3.29304063161891
			4.58625901731541	-3.29304063161891
			4.59959116562155	-3.29304063161891
			4.6129233139277	-3.29304063161891
			4.62625546223385	-3.29304063161891
			4.63958761054	-3.29304063161891
			4.65291975884615	-3.29304063161891
			4.6662519071523	-3.29304063161891
			4.67958405545845	-3.30637277992506
			4.6929162037646	-3.30637277992506
			4.70624835207075	-3.30637277992506
			4.7195805003769	-3.30637277992506
			4.73291264868305	-3.30637277992506
			4.7462447969892	-3.30637277992506
			4.75957694529535	-3.30637277992506
			4.7729090936015	-3.31970492823121
			4.78624124190765	-3.31970492823121
			4.7995733902138	-3.31970492823121
			4.81290553851994	-3.31970492823121
			4.82623768682609	-3.33303707653736
			4.83956983513224	-3.33303707653736
			4.85290198343839	-3.33303707653736
			4.86623413174454	-3.34636922484351
			4.87956628005069	-3.34636922484351
			4.89289842835684	-3.34636922484351
			4.90623057666299	-3.35970137314966
			4.91956272496914	-3.35970137314966
			4.93289487327529	-3.35970137314966
			4.94622702158144	-3.37303352145581
			4.95955916988759	-3.37303352145581
			4.95955916988759	-3.38636566976196
			4.97289131819374	-3.38636566976196
			4.98622346649989	-3.38636566976196
			4.99955561480604	-3.38636566976196
			5.01288776311219	-3.38636566976196
			5.02621991141834	-3.38636566976196
			5.03955205972449	-3.38636566976196
			5.05288420803064	-3.38636566976196
			5.06621635633678	-3.38636566976196
			5.07954850464293	-3.38636566976196
			5.09288065294908	-3.38636566976196
			5.10621280125523	-3.38636566976196
			5.11954494956138	-3.38636566976196
			5.13287709786753	-3.38636566976196
			5.14620924617368	-3.38636566976196
			5.15954139447983	-3.38636566976196
			5.17287354278598	-3.38636566976196
			5.18620569109213	-3.38636566976196
			5.19953783939828	-3.38636566976196
			5.21286998770443	-3.38636566976196
			5.22620213601058	-3.37303352145581
			5.23953428431673	-3.37303352145581
			5.25286643262288	-3.37303352145581
			5.26619858092903	-3.37303352145581
			5.27953072923518	-3.37303352145581
			5.29286287754132	-3.37303352145581
			5.30619502584747	-3.37303352145581
			5.31952717415362	-3.37303352145581
			5.33285932245977	-3.35970137314966
			5.34619147076592	-3.35970137314966
			5.35952361907207	-3.35970137314966
			5.37285576737822	-3.35970137314966
			5.38618791568437	-3.34636922484351
			5.39952006399052	-3.34636922484351
			5.41285221229667	-3.34636922484351
			5.42618436060282	-3.34636922484351
			5.43951650890897	-3.33303707653736
			5.45284865721512	-3.33303707653736
			5.46618080552127	-3.33303707653736
			5.47951295382742	-3.31970492823121
			5.49284510213357	-3.31970492823121
			5.50617725043972	-3.31970492823121
			5.50617725043972	-3.30637277992506
			5.51950939874586	-3.30637277992506
			5.53284154705201	-3.30637277992506
			5.54617369535816	-3.30637277992506
			5.55950584366431	-3.30637277992506
			5.55950584366431	-3.29304063161891
			5.57283799197046	-3.29304063161891
			5.58617014027661	-3.29304063161891
			5.59950228858276	-3.29304063161891
			5.61283443688891	-3.29304063161891
			5.62616658519506	-3.29304063161891
			5.63949873350121	-3.29304063161891
			5.65283088180736	-3.30637277992506
			5.66616303011351	-3.30637277992506
			5.67949517841966	-3.30637277992506
			5.69282732672581	-3.30637277992506
			5.70615947503196	-3.31970492823121
			5.71949162333811	-3.33303707653736
			5.73282377164426	-3.33303707653736
			5.74615591995041	-3.34636922484351
			5.75948806825656	-3.34636922484351
			5.7728202165627	-3.35970137314966
			5.7728202165627	-3.37303352145581
			5.78615236486885	-3.38636566976196
			5.799484513175	-3.39969781806811
		</posterior>
	</curves.scaled>
	<ruler.points type=matrix rownames=TRUE colnames=FALSE nrow=2 ncol=2 as.numeric=TRUE >
		Ruler point 1	22	14
		Ruler point 2	97	15
	</ruler.points>
</shapes>

