<shapes type=list>
	<ruler.pixel type=vector names=FALSE length=1 as.numeric=TRUE >109</ruler.pixel>
	<ruler.interval type=vector names=FALSE length=1 as.numeric=TRUE >10</ruler.interval>
	<scaling.units type=vector names=FALSE length=1 as.numeric=FALSE >mm</scaling.units>
	<scaling type=vector names=FALSE length=1 as.numeric=TRUE >0.0917431192660551</scaling>
	<landmarks.pixel type=matrix rownames=TRUE colnames=FALSE nrow=7 ncol=2 as.numeric=TRUE >
		LM1	173	439
		LM2	173	513
		LM3	173	723
		LM4	173	730
		LM5	247	448
		LM6	319	499
		LM7	321	504
	</landmarks.pixel>
	<landmarks.scaled type=matrix rownames=TRUE colnames=FALSE nrow=7 ncol=2 as.numeric=TRUE >
		LM1	15.8715596330275	-40.2752293577982
		LM2	15.8715596330275	-47.0642201834862
		LM3	15.8715596330275	-66.3302752293578
		LM4	15.8715596330275	-66.9724770642202
		LM5	22.6605504587156	-41.1009174311927
		LM6	29.2660550458716	-45.7798165137615
		LM7	29.4495412844037	-46.2385321100917
	</landmarks.scaled>
	<curves.control type=list>
		<axis type=matrix rownames=FALSE colnames=FALSE nrow=5 ncol=2 as.numeric=TRUE >
			173	439
			219	441
			247	448
			227	513
			173	513
		</axis>
		<border type=matrix rownames=FALSE colnames=FALSE nrow=9 ncol=2 as.numeric=TRUE >
			173	723
			190	724
			214	715
			252	699
			273	672
			291	647
			299	630
			317	587
			319	499
		</border>
		<margin type=matrix rownames=FALSE colnames=FALSE nrow=13 ncol=2 as.numeric=TRUE >
			173	730
			188	731
			215	723
			248	715
			271	688
			292	665
			306	627
			324	578
			322	519
			320	490
			312	474
			296	451
			247	448
		</margin>
	</curves.control>
	<curves.pixel type=list>
		<axis type=matrix rownames=FALSE colnames=FALSE nrow=171 ncol=2 as.numeric=TRUE >
			173	439
			174	439
			175	439
			176	439
			177	439
			178	439
			179	439
			180	439
			181	439
			182	439
			183	440
			184	440
			185	440
			186	440
			187	440
			188	440
			189	440
			190	440
			191	440
			192	440
			193	440
			194	440
			195	440
			196	440
			197	440
			198	441
			199	441
			200	441
			201	441
			202	441
			203	441
			204	441
			205	441
			206	441
			207	441
			208	442
			209	442
			210	442
			211	442
			212	442
			213	442
			214	442
			215	442
			216	442
			217	443
			218	443
			219	443
			220	443
			221	443
			222	443
			223	443
			224	443
			224	444
			225	444
			226	444
			227	444
			228	444
			229	444
			230	445
			231	445
			232	445
			233	445
			234	445
			235	445
			236	446
			237	446
			238	446
			239	446
			240	446
			241	447
			242	447
			243	447
			244	447
			245	448
			246	448
			247	449
			246	450
			246	451
			246	452
			245	453
			245	454
			245	455
			244	456
			244	457
			244	458
			243	459
			243	460
			242	461
			242	462
			241	463
			241	464
			241	465
			240	466
			240	467
			239	468
			239	469
			238	470
			238	471
			237	472
			237	473
			236	474
			236	475
			235	476
			234	477
			234	478
			233	479
			232	480
			232	481
			231	482
			231	483
			230	484
			229	485
			229	486
			228	487
			227	488
			226	489
			225	490
			224	491
			223	492
			222	493
			222	494
			221	495
			220	496
			219	497
			218	497
			217	498
			216	499
			215	500
			214	500
			213	501
			212	502
			211	503
			210	503
			209	504
			208	504
			207	505
			206	506
			205	506
			204	506
			204	507
			203	507
			202	507
			201	508
			200	508
			199	509
			198	509
			197	509
			196	510
			195	510
			194	510
			193	511
			192	511
			191	511
			190	511
			189	511
			188	512
			187	512
			186	512
			185	512
			184	512
			183	512
			182	513
			181	513
			180	513
			179	513
			178	513
			177	513
			176	513
			175	513
			174	513
			173	513
		</axis>
		<border type=matrix rownames=FALSE colnames=FALSE nrow=287 ncol=2 as.numeric=TRUE >
			173	723
			174	723
			175	723
			176	723
			177	723
			178	723
			179	723
			180	723
			181	723
			182	723
			183	723
			184	723
			185	723
			186	722
			187	722
			188	722
			189	722
			190	722
			191	722
			192	721
			193	721
			194	721
			195	721
			196	721
			197	720
			198	720
			199	720
			200	719
			201	719
			202	719
			203	719
			204	718
			205	718
			206	718
			207	717
			208	717
			209	717
			210	716
			211	716
			212	716
			213	715
			214	715
			215	715
			216	714
			217	714
			218	713
			219	713
			220	713
			220	712
			221	712
			222	712
			222	711
			223	711
			224	711
			225	710
			226	709
			227	709
			228	708
			229	708
			230	707
			231	707
			232	707
			232	706
			233	706
			234	705
			235	705
			236	704
			237	703
			238	703
			239	702
			240	702
			241	701
			242	700
			243	700
			243	699
			244	699
			245	698
			246	697
			247	697
			248	696
			249	696
			249	695
			250	694
			251	694
			252	693
			253	692
			254	692
			254	691
			255	690
			256	690
			257	689
			257	688
			258	688
			259	687
			260	686
			261	685
			262	684
			263	683
			264	682
			265	682
			265	681
			266	680
			267	679
			268	678
			269	677
			269	676
			270	675
			271	675
			272	674
			272	673
			273	672
			274	671
			274	670
			275	669
			276	668
			277	667
			277	666
			278	665
			279	664
			280	663
			280	662
			281	661
			281	660
			282	659
			283	658
			283	657
			284	656
			285	655
			285	654
			286	653
			286	652
			287	652
			287	651
			288	650
			289	649
			289	648
			290	647
			290	646
			291	645
			292	644
			292	643
			293	642
			293	641
			294	640
			294	639
			295	638
			295	637
			296	636
			296	635
			297	634
			297	633
			298	633
			298	632
			299	631
			299	630
			300	629
			300	628
			300	627
			300	626
			301	625
			301	624
			302	623
			302	622
			302	621
			303	620
			303	619
			304	618
			304	617
			304	616
			305	615
			305	614
			305	613
			305	612
			306	611
			306	610
			306	609
			306	608
			307	607
			307	606
			307	605
			307	604
			308	603
			308	602
			308	601
			308	600
			309	599
			309	598
			309	597
			309	596
			310	595
			310	594
			310	593
			310	592
			310	591
			311	590
			311	589
			311	588
			311	587
			311	586
			311	585
			312	584
			312	583
			312	582
			312	581
			312	580
			313	579
			313	578
			313	577
			313	576
			313	575
			313	574
			313	573
			314	572
			314	571
			314	570
			314	569
			314	568
			314	567
			314	566
			314	565
			315	565
			315	564
			315	563
			315	562
			315	561
			315	560
			315	559
			315	558
			315	557
			316	556
			316	555
			316	554
			316	553
			316	552
			316	551
			316	550
			316	549
			316	548
			316	547
			317	546
			317	545
			317	544
			317	543
			317	542
			317	541
			317	540
			317	539
			317	538
			317	537
			317	536
			317	535
			317	534
			318	533
			318	532
			318	531
			318	530
			318	529
			318	528
			318	527
			318	526
			318	525
			318	524
			318	523
			318	522
			318	521
			318	520
			318	519
			318	518
			318	517
			318	516
			318	515
			319	514
			319	513
			319	512
			319	511
			319	510
			319	509
			319	508
			319	507
			319	506
			319	505
			319	504
			319	503
			319	502
			319	501
			319	500
			319	499
		</border>
		<margin type=matrix rownames=FALSE colnames=FALSE nrow=388 ncol=2 as.numeric=TRUE >
			173	730
			174	730
			175	730
			176	730
			177	730
			178	730
			179	730
			180	730
			181	730
			182	730
			183	730
			184	730
			185	730
			186	729
			187	729
			188	729
			189	729
			190	729
			191	729
			192	729
			193	728
			194	728
			195	728
			196	728
			197	728
			198	728
			199	727
			200	727
			201	727
			202	726
			203	726
			204	726
			205	726
			206	725
			207	725
			208	725
			209	725
			210	724
			211	724
			212	724
			213	724
			214	723
			215	723
			216	723
			217	723
			218	722
			219	722
			220	722
			221	721
			222	721
			223	721
			224	720
			225	720
			226	720
			227	719
			228	719
			229	719
			229	718
			230	718
			231	718
			232	717
			233	717
			234	716
			235	716
			236	715
			237	715
			238	715
			239	714
			240	714
			241	713
			242	713
			242	712
			243	712
			244	711
			245	710
			246	710
			247	709
			248	709
			249	708
			250	708
			250	707
			251	706
			252	706
			253	705
			254	705
			255	704
			255	703
			256	703
			257	702
			258	701
			259	700
			260	699
			261	698
			262	697
			263	696
			264	696
			265	695
			266	694
			267	693
			268	692
			269	691
			269	690
			270	689
			271	688
			272	687
			273	686
			274	685
			274	684
			275	683
			276	682
			277	681
			277	680
			278	680
			279	679
			280	678
			280	677
			281	676
			282	675
			282	674
			283	673
			284	672
			284	671
			285	670
			285	669
			286	668
			287	667
			287	666
			288	665
			289	664
			289	663
			290	662
			290	661
			291	660
			292	659
			292	658
			293	657
			293	656
			294	655
			294	654
			295	653
			295	652
			296	651
			296	650
			297	649
			297	648
			298	647
			298	646
			299	645
			299	644
			299	643
			300	642
			301	641
			301	640
			301	639
			302	638
			302	637
			303	636
			303	635
			303	634
			304	633
			304	632
			305	631
			305	630
			305	629
			306	628
			306	627
			306	626
			307	625
			307	624
			307	623
			308	622
			308	621
			308	620
			309	619
			309	618
			309	617
			310	616
			310	615
			310	614
			311	613
			311	612
			311	611
			312	610
			312	609
			312	608
			313	607
			313	606
			313	605
			313	604
			313	603
			314	603
			314	602
			314	601
			314	600
			314	599
			315	598
			315	597
			315	596
			315	595
			316	594
			316	593
			316	592
			316	591
			316	590
			317	589
			317	588
			317	587
			317	586
			317	585
			318	585
			318	584
			318	583
			318	582
			318	581
			318	580
			318	579
			319	578
			319	577
			319	576
			319	575
			319	574
			319	573
			319	572
			320	571
			320	570
			320	569
			320	568
			320	567
			320	566
			320	565
			320	564
			321	563
			321	562
			321	561
			321	560
			321	559
			321	558
			321	557
			321	556
			321	555
			321	554
			321	553
			322	552
			322	551
			322	550
			322	549
			322	548
			322	547
			322	546
			322	545
			322	544
			322	543
			322	542
			322	541
			322	540
			322	539
			322	538
			322	537
			322	536
			322	535
			322	534
			322	533
			322	532
			322	531
			322	530
			322	529
			322	528
			322	527
			322	526
			322	525
			322	524
			322	523
			322	522
			322	521
			322	520
			322	519
			322	518
			322	517
			322	516
			322	515
			322	514
			322	513
			321	512
			321	511
			321	510
			321	509
			321	508
			321	507
			321	506
			321	505
			320	504
			320	503
			320	502
			320	501
			320	500
			320	499
			319	498
			319	497
			319	496
			319	495
			319	494
			319	493
			318	492
			318	491
			318	490
			317	489
			317	488
			317	487
			317	486
			316	485
			316	484
			316	483
			315	482
			315	481
			315	480
			314	479
			314	478
			313	477
			313	476
			312	475
			312	474
			311	473
			310	472
			310	471
			309	470
			308	469
			307	468
			306	467
			305	466
			304	465
			303	465
			302	464
			301	463
			300	462
			299	462
			298	461
			297	460
			296	460
			295	459
			294	459
			293	458
			292	458
			291	457
			290	457
			289	457
			288	456
			287	456
			286	455
			285	455
			284	455
			283	454
			282	454
			281	454
			280	453
			279	453
			278	453
			277	452
			276	452
			275	452
			274	452
			273	452
			273	451
			272	451
			271	451
			270	451
			269	451
			268	450
			267	450
			266	450
			265	450
			264	450
			263	450
			262	450
			261	449
			260	449
			259	449
			258	449
			257	449
			256	449
			255	449
			254	449
			253	448
			252	448
			251	448
			250	448
			249	448
			248	448
			247	448
		</margin>
	</curves.pixel>
	<curves.scaled type=list>
		<axis type=matrix rownames=FALSE colnames=FALSE nrow=171 ncol=2 as.numeric=TRUE >
			15.8715596330275	-40.2752293577982
			15.9633027522936	-40.2752293577982
			16.0550458715596	-40.2752293577982
			16.1467889908257	-40.2752293577982
			16.2385321100917	-40.2752293577982
			16.3302752293578	-40.2752293577982
			16.4220183486239	-40.2752293577982
			16.5137614678899	-40.2752293577982
			16.605504587156	-40.2752293577982
			16.697247706422	-40.2752293577982
			16.7889908256881	-40.3669724770642
			16.8807339449541	-40.3669724770642
			16.9724770642202	-40.3669724770642
			17.0642201834862	-40.3669724770642
			17.1559633027523	-40.3669724770642
			17.2477064220184	-40.3669724770642
			17.3394495412844	-40.3669724770642
			17.4311926605505	-40.3669724770642
			17.5229357798165	-40.3669724770642
			17.6146788990826	-40.3669724770642
			17.7064220183486	-40.3669724770642
			17.7981651376147	-40.3669724770642
			17.8899082568807	-40.3669724770642
			17.9816513761468	-40.3669724770642
			18.0733944954128	-40.3669724770642
			18.1651376146789	-40.4587155963303
			18.256880733945	-40.4587155963303
			18.348623853211	-40.4587155963303
			18.4403669724771	-40.4587155963303
			18.5321100917431	-40.4587155963303
			18.6238532110092	-40.4587155963303
			18.7155963302752	-40.4587155963303
			18.8073394495413	-40.4587155963303
			18.8990825688073	-40.4587155963303
			18.9908256880734	-40.4587155963303
			19.0825688073394	-40.5504587155963
			19.1743119266055	-40.5504587155963
			19.2660550458716	-40.5504587155963
			19.3577981651376	-40.5504587155963
			19.4495412844037	-40.5504587155963
			19.5412844036697	-40.5504587155963
			19.6330275229358	-40.5504587155963
			19.7247706422018	-40.5504587155963
			19.8165137614679	-40.5504587155963
			19.9082568807339	-40.6422018348624
			20	-40.6422018348624
			20.0917431192661	-40.6422018348624
			20.1834862385321	-40.6422018348624
			20.2752293577982	-40.6422018348624
			20.3669724770642	-40.6422018348624
			20.4587155963303	-40.6422018348624
			20.5504587155963	-40.6422018348624
			20.5504587155963	-40.7339449541284
			20.6422018348624	-40.7339449541284
			20.7339449541284	-40.7339449541284
			20.8256880733945	-40.7339449541284
			20.9174311926606	-40.7339449541284
			21.0091743119266	-40.7339449541284
			21.1009174311927	-40.8256880733945
			21.1926605504587	-40.8256880733945
			21.2844036697248	-40.8256880733945
			21.3761467889908	-40.8256880733945
			21.4678899082569	-40.8256880733945
			21.5596330275229	-40.8256880733945
			21.651376146789	-40.9174311926606
			21.743119266055	-40.9174311926606
			21.8348623853211	-40.9174311926606
			21.9266055045872	-40.9174311926606
			22.0183486238532	-40.9174311926606
			22.1100917431193	-41.0091743119266
			22.2018348623853	-41.0091743119266
			22.2935779816514	-41.0091743119266
			22.3853211009174	-41.0091743119266
			22.4770642201835	-41.1009174311927
			22.5688073394495	-41.1009174311927
			22.6605504587156	-41.1926605504587
			22.5688073394495	-41.2844036697248
			22.5688073394495	-41.3761467889908
			22.5688073394495	-41.4678899082569
			22.4770642201835	-41.5596330275229
			22.4770642201835	-41.651376146789
			22.4770642201835	-41.743119266055
			22.3853211009174	-41.8348623853211
			22.3853211009174	-41.9266055045872
			22.3853211009174	-42.0183486238532
			22.2935779816514	-42.1100917431193
			22.2935779816514	-42.2018348623853
			22.2018348623853	-42.2935779816514
			22.2018348623853	-42.3853211009174
			22.1100917431193	-42.4770642201835
			22.1100917431193	-42.5688073394495
			22.1100917431193	-42.6605504587156
			22.0183486238532	-42.7522935779817
			22.0183486238532	-42.8440366972477
			21.9266055045872	-42.9357798165138
			21.9266055045872	-43.0275229357798
			21.8348623853211	-43.1192660550459
			21.8348623853211	-43.2110091743119
			21.743119266055	-43.302752293578
			21.743119266055	-43.394495412844
			21.651376146789	-43.4862385321101
			21.651376146789	-43.5779816513761
			21.5596330275229	-43.6697247706422
			21.4678899082569	-43.7614678899083
			21.4678899082569	-43.8532110091743
			21.3761467889908	-43.9449541284404
			21.2844036697248	-44.0366972477064
			21.2844036697248	-44.1284403669725
			21.1926605504587	-44.2201834862385
			21.1926605504587	-44.3119266055046
			21.1009174311927	-44.4036697247706
			21.0091743119266	-44.4954128440367
			21.0091743119266	-44.5871559633028
			20.9174311926606	-44.6788990825688
			20.8256880733945	-44.7706422018349
			20.7339449541284	-44.8623853211009
			20.6422018348624	-44.954128440367
			20.5504587155963	-45.045871559633
			20.4587155963303	-45.1376146788991
			20.3669724770642	-45.2293577981651
			20.3669724770642	-45.3211009174312
			20.2752293577982	-45.4128440366973
			20.1834862385321	-45.5045871559633
			20.0917431192661	-45.5963302752294
			20	-45.5963302752294
			19.9082568807339	-45.6880733944954
			19.8165137614679	-45.7798165137615
			19.7247706422018	-45.8715596330275
			19.6330275229358	-45.8715596330275
			19.5412844036697	-45.9633027522936
			19.4495412844037	-46.0550458715596
			19.3577981651376	-46.1467889908257
			19.2660550458716	-46.1467889908257
			19.1743119266055	-46.2385321100917
			19.0825688073394	-46.2385321100917
			18.9908256880734	-46.3302752293578
			18.8990825688073	-46.4220183486239
			18.8073394495413	-46.4220183486239
			18.7155963302752	-46.4220183486239
			18.7155963302752	-46.5137614678899
			18.6238532110092	-46.5137614678899
			18.5321100917431	-46.5137614678899
			18.4403669724771	-46.605504587156
			18.348623853211	-46.605504587156
			18.256880733945	-46.697247706422
			18.1651376146789	-46.697247706422
			18.0733944954128	-46.697247706422
			17.9816513761468	-46.7889908256881
			17.8899082568807	-46.7889908256881
			17.7981651376147	-46.7889908256881
			17.7064220183486	-46.8807339449541
			17.6146788990826	-46.8807339449541
			17.5229357798165	-46.8807339449541
			17.4311926605505	-46.8807339449541
			17.3394495412844	-46.8807339449541
			17.2477064220184	-46.9724770642202
			17.1559633027523	-46.9724770642202
			17.0642201834862	-46.9724770642202
			16.9724770642202	-46.9724770642202
			16.8807339449541	-46.9724770642202
			16.7889908256881	-46.9724770642202
			16.697247706422	-47.0642201834862
			16.605504587156	-47.0642201834862
			16.5137614678899	-47.0642201834862
			16.4220183486239	-47.0642201834862
			16.3302752293578	-47.0642201834862
			16.2385321100917	-47.0642201834862
			16.1467889908257	-47.0642201834862
			16.0550458715596	-47.0642201834862
			15.9633027522936	-47.0642201834862
			15.8715596330275	-47.0642201834862
		</axis>
		<border type=matrix rownames=FALSE colnames=FALSE nrow=287 ncol=2 as.numeric=TRUE >
			15.8715596330275	-66.3302752293578
			15.9633027522936	-66.3302752293578
			16.0550458715596	-66.3302752293578
			16.1467889908257	-66.3302752293578
			16.2385321100917	-66.3302752293578
			16.3302752293578	-66.3302752293578
			16.4220183486239	-66.3302752293578
			16.5137614678899	-66.3302752293578
			16.605504587156	-66.3302752293578
			16.697247706422	-66.3302752293578
			16.7889908256881	-66.3302752293578
			16.8807339449541	-66.3302752293578
			16.9724770642202	-66.3302752293578
			17.0642201834862	-66.2385321100918
			17.1559633027523	-66.2385321100918
			17.2477064220184	-66.2385321100918
			17.3394495412844	-66.2385321100918
			17.4311926605505	-66.2385321100918
			17.5229357798165	-66.2385321100918
			17.6146788990826	-66.1467889908257
			17.7064220183486	-66.1467889908257
			17.7981651376147	-66.1467889908257
			17.8899082568807	-66.1467889908257
			17.9816513761468	-66.1467889908257
			18.0733944954128	-66.0550458715596
			18.1651376146789	-66.0550458715596
			18.256880733945	-66.0550458715596
			18.348623853211	-65.9633027522936
			18.4403669724771	-65.9633027522936
			18.5321100917431	-65.9633027522936
			18.6238532110092	-65.9633027522936
			18.7155963302752	-65.8715596330275
			18.8073394495413	-65.8715596330275
			18.8990825688073	-65.8715596330275
			18.9908256880734	-65.7798165137615
			19.0825688073394	-65.7798165137615
			19.1743119266055	-65.7798165137615
			19.2660550458716	-65.6880733944954
			19.3577981651376	-65.6880733944954
			19.4495412844037	-65.6880733944954
			19.5412844036697	-65.5963302752294
			19.6330275229358	-65.5963302752294
			19.7247706422018	-65.5963302752294
			19.8165137614679	-65.5045871559633
			19.9082568807339	-65.5045871559633
			20	-65.4128440366973
			20.0917431192661	-65.4128440366973
			20.1834862385321	-65.4128440366973
			20.1834862385321	-65.3211009174312
			20.2752293577982	-65.3211009174312
			20.3669724770642	-65.3211009174312
			20.3669724770642	-65.2293577981651
			20.4587155963303	-65.2293577981651
			20.5504587155963	-65.2293577981651
			20.6422018348624	-65.1376146788991
			20.7339449541284	-65.045871559633
			20.8256880733945	-65.045871559633
			20.9174311926606	-64.954128440367
			21.0091743119266	-64.954128440367
			21.1009174311927	-64.8623853211009
			21.1926605504587	-64.8623853211009
			21.2844036697248	-64.8623853211009
			21.2844036697248	-64.7706422018349
			21.3761467889908	-64.7706422018349
			21.4678899082569	-64.6788990825688
			21.5596330275229	-64.6788990825688
			21.651376146789	-64.5871559633028
			21.743119266055	-64.4954128440367
			21.8348623853211	-64.4954128440367
			21.9266055045872	-64.4036697247707
			22.0183486238532	-64.4036697247707
			22.1100917431193	-64.3119266055046
			22.2018348623853	-64.2201834862385
			22.2935779816514	-64.2201834862385
			22.2935779816514	-64.1284403669725
			22.3853211009174	-64.1284403669725
			22.4770642201835	-64.0366972477064
			22.5688073394495	-63.9449541284404
			22.6605504587156	-63.9449541284404
			22.7522935779817	-63.8532110091743
			22.8440366972477	-63.8532110091743
			22.8440366972477	-63.7614678899083
			22.9357798165138	-63.6697247706422
			23.0275229357798	-63.6697247706422
			23.1192660550459	-63.5779816513761
			23.2110091743119	-63.4862385321101
			23.302752293578	-63.4862385321101
			23.302752293578	-63.394495412844
			23.394495412844	-63.302752293578
			23.4862385321101	-63.302752293578
			23.5779816513761	-63.2110091743119
			23.5779816513761	-63.1192660550459
			23.6697247706422	-63.1192660550459
			23.7614678899083	-63.0275229357798
			23.8532110091743	-62.9357798165138
			23.9449541284404	-62.8440366972477
			24.0366972477064	-62.7522935779817
			24.1284403669725	-62.6605504587156
			24.2201834862385	-62.5688073394495
			24.3119266055046	-62.5688073394495
			24.3119266055046	-62.4770642201835
			24.4036697247706	-62.3853211009174
			24.4954128440367	-62.2935779816514
			24.5871559633028	-62.2018348623853
			24.6788990825688	-62.1100917431193
			24.6788990825688	-62.0183486238532
			24.7706422018349	-61.9266055045872
			24.8623853211009	-61.9266055045872
			24.954128440367	-61.8348623853211
			24.954128440367	-61.743119266055
			25.045871559633	-61.651376146789
			25.1376146788991	-61.5596330275229
			25.1376146788991	-61.4678899082569
			25.2293577981651	-61.3761467889908
			25.3211009174312	-61.2844036697248
			25.4128440366972	-61.1926605504587
			25.4128440366972	-61.1009174311927
			25.5045871559633	-61.0091743119266
			25.5963302752294	-60.9174311926606
			25.6880733944954	-60.8256880733945
			25.6880733944954	-60.7339449541284
			25.7798165137615	-60.6422018348624
			25.7798165137615	-60.5504587155963
			25.8715596330275	-60.4587155963303
			25.9633027522936	-60.3669724770642
			25.9633027522936	-60.2752293577982
			26.0550458715596	-60.1834862385321
			26.1467889908257	-60.0917431192661
			26.1467889908257	-60
			26.2385321100917	-59.908256880734
			26.2385321100917	-59.8165137614679
			26.3302752293578	-59.8165137614679
			26.3302752293578	-59.7247706422018
			26.4220183486239	-59.6330275229358
			26.5137614678899	-59.5412844036697
			26.5137614678899	-59.4495412844037
			26.605504587156	-59.3577981651376
			26.605504587156	-59.2660550458716
			26.697247706422	-59.1743119266055
			26.7889908256881	-59.0825688073395
			26.7889908256881	-58.9908256880734
			26.8807339449541	-58.8990825688073
			26.8807339449541	-58.8073394495413
			26.9724770642202	-58.7155963302752
			26.9724770642202	-58.6238532110092
			27.0642201834862	-58.5321100917431
			27.0642201834862	-58.4403669724771
			27.1559633027523	-58.348623853211
			27.1559633027523	-58.256880733945
			27.2477064220184	-58.1651376146789
			27.2477064220184	-58.0733944954128
			27.3394495412844	-58.0733944954128
			27.3394495412844	-57.9816513761468
			27.4311926605505	-57.8899082568807
			27.4311926605505	-57.7981651376147
			27.5229357798165	-57.7064220183486
			27.5229357798165	-57.6146788990826
			27.5229357798165	-57.5229357798165
			27.5229357798165	-57.4311926605505
			27.6146788990826	-57.3394495412844
			27.6146788990826	-57.2477064220184
			27.7064220183486	-57.1559633027523
			27.7064220183486	-57.0642201834862
			27.7064220183486	-56.9724770642202
			27.7981651376147	-56.8807339449541
			27.7981651376147	-56.7889908256881
			27.8899082568807	-56.697247706422
			27.8899082568807	-56.605504587156
			27.8899082568807	-56.5137614678899
			27.9816513761468	-56.4220183486239
			27.9816513761468	-56.3302752293578
			27.9816513761468	-56.2385321100917
			27.9816513761468	-56.1467889908257
			28.0733944954128	-56.0550458715596
			28.0733944954128	-55.9633027522936
			28.0733944954128	-55.8715596330275
			28.0733944954128	-55.7798165137615
			28.1651376146789	-55.6880733944954
			28.1651376146789	-55.5963302752294
			28.1651376146789	-55.5045871559633
			28.1651376146789	-55.4128440366973
			28.256880733945	-55.3211009174312
			28.256880733945	-55.2293577981651
			28.256880733945	-55.1376146788991
			28.256880733945	-55.045871559633
			28.348623853211	-54.954128440367
			28.348623853211	-54.8623853211009
			28.348623853211	-54.7706422018349
			28.348623853211	-54.6788990825688
			28.4403669724771	-54.5871559633028
			28.4403669724771	-54.4954128440367
			28.4403669724771	-54.4036697247706
			28.4403669724771	-54.3119266055046
			28.4403669724771	-54.2201834862385
			28.5321100917431	-54.1284403669725
			28.5321100917431	-54.0366972477064
			28.5321100917431	-53.9449541284404
			28.5321100917431	-53.8532110091743
			28.5321100917431	-53.7614678899083
			28.5321100917431	-53.6697247706422
			28.6238532110092	-53.5779816513761
			28.6238532110092	-53.4862385321101
			28.6238532110092	-53.394495412844
			28.6238532110092	-53.302752293578
			28.6238532110092	-53.2110091743119
			28.7155963302752	-53.1192660550459
			28.7155963302752	-53.0275229357798
			28.7155963302752	-52.9357798165138
			28.7155963302752	-52.8440366972477
			28.7155963302752	-52.7522935779817
			28.7155963302752	-52.6605504587156
			28.7155963302752	-52.5688073394495
			28.8073394495413	-52.4770642201835
			28.8073394495413	-52.3853211009174
			28.8073394495413	-52.2935779816514
			28.8073394495413	-52.2018348623853
			28.8073394495413	-52.1100917431193
			28.8073394495413	-52.0183486238532
			28.8073394495413	-51.9266055045872
			28.8073394495413	-51.8348623853211
			28.8990825688073	-51.8348623853211
			28.8990825688073	-51.743119266055
			28.8990825688073	-51.651376146789
			28.8990825688073	-51.5596330275229
			28.8990825688073	-51.4678899082569
			28.8990825688073	-51.3761467889908
			28.8990825688073	-51.2844036697248
			28.8990825688073	-51.1926605504587
			28.8990825688073	-51.1009174311927
			28.9908256880734	-51.0091743119266
			28.9908256880734	-50.9174311926606
			28.9908256880734	-50.8256880733945
			28.9908256880734	-50.7339449541284
			28.9908256880734	-50.6422018348624
			28.9908256880734	-50.5504587155963
			28.9908256880734	-50.4587155963303
			28.9908256880734	-50.3669724770642
			28.9908256880734	-50.2752293577982
			28.9908256880734	-50.1834862385321
			29.0825688073395	-50.0917431192661
			29.0825688073395	-50
			29.0825688073395	-49.9082568807339
			29.0825688073395	-49.8165137614679
			29.0825688073395	-49.7247706422018
			29.0825688073395	-49.6330275229358
			29.0825688073395	-49.5412844036697
			29.0825688073395	-49.4495412844037
			29.0825688073395	-49.3577981651376
			29.0825688073395	-49.2660550458716
			29.0825688073395	-49.1743119266055
			29.0825688073395	-49.0825688073394
			29.0825688073395	-48.9908256880734
			29.1743119266055	-48.8990825688073
			29.1743119266055	-48.8073394495413
			29.1743119266055	-48.7155963302752
			29.1743119266055	-48.6238532110092
			29.1743119266055	-48.5321100917431
			29.1743119266055	-48.4403669724771
			29.1743119266055	-48.348623853211
			29.1743119266055	-48.256880733945
			29.1743119266055	-48.1651376146789
			29.1743119266055	-48.0733944954128
			29.1743119266055	-47.9816513761468
			29.1743119266055	-47.8899082568807
			29.1743119266055	-47.7981651376147
			29.1743119266055	-47.7064220183486
			29.1743119266055	-47.6146788990826
			29.1743119266055	-47.5229357798165
			29.1743119266055	-47.4311926605505
			29.1743119266055	-47.3394495412844
			29.1743119266055	-47.2477064220184
			29.2660550458716	-47.1559633027523
			29.2660550458716	-47.0642201834862
			29.2660550458716	-46.9724770642202
			29.2660550458716	-46.8807339449541
			29.2660550458716	-46.7889908256881
			29.2660550458716	-46.697247706422
			29.2660550458716	-46.605504587156
			29.2660550458716	-46.5137614678899
			29.2660550458716	-46.4220183486239
			29.2660550458716	-46.3302752293578
			29.2660550458716	-46.2385321100917
			29.2660550458716	-46.1467889908257
			29.2660550458716	-46.0550458715596
			29.2660550458716	-45.9633027522936
			29.2660550458716	-45.8715596330275
			29.2660550458716	-45.7798165137615
		</border>
		<margin type=matrix rownames=FALSE colnames=FALSE nrow=388 ncol=2 as.numeric=TRUE >
			15.8715596330275	-66.9724770642202
			15.9633027522936	-66.9724770642202
			16.0550458715596	-66.9724770642202
			16.1467889908257	-66.9724770642202
			16.2385321100917	-66.9724770642202
			16.3302752293578	-66.9724770642202
			16.4220183486239	-66.9724770642202
			16.5137614678899	-66.9724770642202
			16.605504587156	-66.9724770642202
			16.697247706422	-66.9724770642202
			16.7889908256881	-66.9724770642202
			16.8807339449541	-66.9724770642202
			16.9724770642202	-66.9724770642202
			17.0642201834862	-66.8807339449541
			17.1559633027523	-66.8807339449541
			17.2477064220184	-66.8807339449541
			17.3394495412844	-66.8807339449541
			17.4311926605505	-66.8807339449541
			17.5229357798165	-66.8807339449541
			17.6146788990826	-66.8807339449541
			17.7064220183486	-66.7889908256881
			17.7981651376147	-66.7889908256881
			17.8899082568807	-66.7889908256881
			17.9816513761468	-66.7889908256881
			18.0733944954128	-66.7889908256881
			18.1651376146789	-66.7889908256881
			18.256880733945	-66.697247706422
			18.348623853211	-66.697247706422
			18.4403669724771	-66.697247706422
			18.5321100917431	-66.605504587156
			18.6238532110092	-66.605504587156
			18.7155963302752	-66.605504587156
			18.8073394495413	-66.605504587156
			18.8990825688073	-66.5137614678899
			18.9908256880734	-66.5137614678899
			19.0825688073394	-66.5137614678899
			19.1743119266055	-66.5137614678899
			19.2660550458716	-66.4220183486239
			19.3577981651376	-66.4220183486239
			19.4495412844037	-66.4220183486239
			19.5412844036697	-66.4220183486239
			19.6330275229358	-66.3302752293578
			19.7247706422018	-66.3302752293578
			19.8165137614679	-66.3302752293578
			19.9082568807339	-66.3302752293578
			20	-66.2385321100918
			20.0917431192661	-66.2385321100918
			20.1834862385321	-66.2385321100918
			20.2752293577982	-66.1467889908257
			20.3669724770642	-66.1467889908257
			20.4587155963303	-66.1467889908257
			20.5504587155963	-66.0550458715596
			20.6422018348624	-66.0550458715596
			20.7339449541284	-66.0550458715596
			20.8256880733945	-65.9633027522936
			20.9174311926606	-65.9633027522936
			21.0091743119266	-65.9633027522936
			21.0091743119266	-65.8715596330275
			21.1009174311927	-65.8715596330275
			21.1926605504587	-65.8715596330275
			21.2844036697248	-65.7798165137615
			21.3761467889908	-65.7798165137615
			21.4678899082569	-65.6880733944954
			21.5596330275229	-65.6880733944954
			21.651376146789	-65.5963302752294
			21.743119266055	-65.5963302752294
			21.8348623853211	-65.5963302752294
			21.9266055045872	-65.5045871559633
			22.0183486238532	-65.5045871559633
			22.1100917431193	-65.4128440366973
			22.2018348623853	-65.4128440366973
			22.2018348623853	-65.3211009174312
			22.2935779816514	-65.3211009174312
			22.3853211009174	-65.2293577981651
			22.4770642201835	-65.1376146788991
			22.5688073394495	-65.1376146788991
			22.6605504587156	-65.045871559633
			22.7522935779817	-65.045871559633
			22.8440366972477	-64.954128440367
			22.9357798165138	-64.954128440367
			22.9357798165138	-64.8623853211009
			23.0275229357798	-64.7706422018349
			23.1192660550459	-64.7706422018349
			23.2110091743119	-64.6788990825688
			23.302752293578	-64.6788990825688
			23.394495412844	-64.5871559633028
			23.394495412844	-64.4954128440367
			23.4862385321101	-64.4954128440367
			23.5779816513761	-64.4036697247707
			23.6697247706422	-64.3119266055046
			23.7614678899083	-64.2201834862385
			23.8532110091743	-64.1284403669725
			23.9449541284404	-64.0366972477064
			24.0366972477064	-63.9449541284404
			24.1284403669725	-63.8532110091743
			24.2201834862385	-63.8532110091743
			24.3119266055046	-63.7614678899083
			24.4036697247706	-63.6697247706422
			24.4954128440367	-63.5779816513761
			24.5871559633028	-63.4862385321101
			24.6788990825688	-63.394495412844
			24.6788990825688	-63.302752293578
			24.7706422018349	-63.2110091743119
			24.8623853211009	-63.1192660550459
			24.954128440367	-63.0275229357798
			25.045871559633	-62.9357798165138
			25.1376146788991	-62.8440366972477
			25.1376146788991	-62.7522935779817
			25.2293577981651	-62.6605504587156
			25.3211009174312	-62.5688073394495
			25.4128440366972	-62.4770642201835
			25.4128440366972	-62.3853211009174
			25.5045871559633	-62.3853211009174
			25.5963302752294	-62.2935779816514
			25.6880733944954	-62.2018348623853
			25.6880733944954	-62.1100917431193
			25.7798165137615	-62.0183486238532
			25.8715596330275	-61.9266055045872
			25.8715596330275	-61.8348623853211
			25.9633027522936	-61.743119266055
			26.0550458715596	-61.651376146789
			26.0550458715596	-61.5596330275229
			26.1467889908257	-61.4678899082569
			26.1467889908257	-61.3761467889908
			26.2385321100917	-61.2844036697248
			26.3302752293578	-61.1926605504587
			26.3302752293578	-61.1009174311927
			26.4220183486239	-61.0091743119266
			26.5137614678899	-60.9174311926606
			26.5137614678899	-60.8256880733945
			26.605504587156	-60.7339449541284
			26.605504587156	-60.6422018348624
			26.697247706422	-60.5504587155963
			26.7889908256881	-60.4587155963303
			26.7889908256881	-60.3669724770642
			26.8807339449541	-60.2752293577982
			26.8807339449541	-60.1834862385321
			26.9724770642202	-60.0917431192661
			26.9724770642202	-60
			27.0642201834862	-59.908256880734
			27.0642201834862	-59.8165137614679
			27.1559633027523	-59.7247706422018
			27.1559633027523	-59.6330275229358
			27.2477064220184	-59.5412844036697
			27.2477064220184	-59.4495412844037
			27.3394495412844	-59.3577981651376
			27.3394495412844	-59.2660550458716
			27.4311926605505	-59.1743119266055
			27.4311926605505	-59.0825688073395
			27.4311926605505	-58.9908256880734
			27.5229357798165	-58.8990825688073
			27.6146788990826	-58.8073394495413
			27.6146788990826	-58.7155963302752
			27.6146788990826	-58.6238532110092
			27.7064220183486	-58.5321100917431
			27.7064220183486	-58.4403669724771
			27.7981651376147	-58.348623853211
			27.7981651376147	-58.256880733945
			27.7981651376147	-58.1651376146789
			27.8899082568807	-58.0733944954128
			27.8899082568807	-57.9816513761468
			27.9816513761468	-57.8899082568807
			27.9816513761468	-57.7981651376147
			27.9816513761468	-57.7064220183486
			28.0733944954128	-57.6146788990826
			28.0733944954128	-57.5229357798165
			28.0733944954128	-57.4311926605505
			28.1651376146789	-57.3394495412844
			28.1651376146789	-57.2477064220184
			28.1651376146789	-57.1559633027523
			28.256880733945	-57.0642201834862
			28.256880733945	-56.9724770642202
			28.256880733945	-56.8807339449541
			28.348623853211	-56.7889908256881
			28.348623853211	-56.697247706422
			28.348623853211	-56.605504587156
			28.4403669724771	-56.5137614678899
			28.4403669724771	-56.4220183486239
			28.4403669724771	-56.3302752293578
			28.5321100917431	-56.2385321100917
			28.5321100917431	-56.1467889908257
			28.5321100917431	-56.0550458715596
			28.6238532110092	-55.9633027522936
			28.6238532110092	-55.8715596330275
			28.6238532110092	-55.7798165137615
			28.7155963302752	-55.6880733944954
			28.7155963302752	-55.5963302752294
			28.7155963302752	-55.5045871559633
			28.7155963302752	-55.4128440366973
			28.7155963302752	-55.3211009174312
			28.8073394495413	-55.3211009174312
			28.8073394495413	-55.2293577981651
			28.8073394495413	-55.1376146788991
			28.8073394495413	-55.045871559633
			28.8073394495413	-54.954128440367
			28.8990825688073	-54.8623853211009
			28.8990825688073	-54.7706422018349
			28.8990825688073	-54.6788990825688
			28.8990825688073	-54.5871559633028
			28.9908256880734	-54.4954128440367
			28.9908256880734	-54.4036697247706
			28.9908256880734	-54.3119266055046
			28.9908256880734	-54.2201834862385
			28.9908256880734	-54.1284403669725
			29.0825688073395	-54.0366972477064
			29.0825688073395	-53.9449541284404
			29.0825688073395	-53.8532110091743
			29.0825688073395	-53.7614678899083
			29.0825688073395	-53.6697247706422
			29.1743119266055	-53.6697247706422
			29.1743119266055	-53.5779816513761
			29.1743119266055	-53.4862385321101
			29.1743119266055	-53.394495412844
			29.1743119266055	-53.302752293578
			29.1743119266055	-53.2110091743119
			29.1743119266055	-53.1192660550459
			29.2660550458716	-53.0275229357798
			29.2660550458716	-52.9357798165138
			29.2660550458716	-52.8440366972477
			29.2660550458716	-52.7522935779817
			29.2660550458716	-52.6605504587156
			29.2660550458716	-52.5688073394495
			29.2660550458716	-52.4770642201835
			29.3577981651376	-52.3853211009174
			29.3577981651376	-52.2935779816514
			29.3577981651376	-52.2018348623853
			29.3577981651376	-52.1100917431193
			29.3577981651376	-52.0183486238532
			29.3577981651376	-51.9266055045872
			29.3577981651376	-51.8348623853211
			29.3577981651376	-51.743119266055
			29.4495412844037	-51.651376146789
			29.4495412844037	-51.5596330275229
			29.4495412844037	-51.4678899082569
			29.4495412844037	-51.3761467889908
			29.4495412844037	-51.2844036697248
			29.4495412844037	-51.1926605504587
			29.4495412844037	-51.1009174311927
			29.4495412844037	-51.0091743119266
			29.4495412844037	-50.9174311926606
			29.4495412844037	-50.8256880733945
			29.4495412844037	-50.7339449541284
			29.5412844036697	-50.6422018348624
			29.5412844036697	-50.5504587155963
			29.5412844036697	-50.4587155963303
			29.5412844036697	-50.3669724770642
			29.5412844036697	-50.2752293577982
			29.5412844036697	-50.1834862385321
			29.5412844036697	-50.0917431192661
			29.5412844036697	-50
			29.5412844036697	-49.9082568807339
			29.5412844036697	-49.8165137614679
			29.5412844036697	-49.7247706422018
			29.5412844036697	-49.6330275229358
			29.5412844036697	-49.5412844036697
			29.5412844036697	-49.4495412844037
			29.5412844036697	-49.3577981651376
			29.5412844036697	-49.2660550458716
			29.5412844036697	-49.1743119266055
			29.5412844036697	-49.0825688073394
			29.5412844036697	-48.9908256880734
			29.5412844036697	-48.8990825688073
			29.5412844036697	-48.8073394495413
			29.5412844036697	-48.7155963302752
			29.5412844036697	-48.6238532110092
			29.5412844036697	-48.5321100917431
			29.5412844036697	-48.4403669724771
			29.5412844036697	-48.348623853211
			29.5412844036697	-48.256880733945
			29.5412844036697	-48.1651376146789
			29.5412844036697	-48.0733944954128
			29.5412844036697	-47.9816513761468
			29.5412844036697	-47.8899082568807
			29.5412844036697	-47.7981651376147
			29.5412844036697	-47.7064220183486
			29.5412844036697	-47.6146788990826
			29.5412844036697	-47.5229357798165
			29.5412844036697	-47.4311926605505
			29.5412844036697	-47.3394495412844
			29.5412844036697	-47.2477064220184
			29.5412844036697	-47.1559633027523
			29.5412844036697	-47.0642201834862
			29.4495412844037	-46.9724770642202
			29.4495412844037	-46.8807339449541
			29.4495412844037	-46.7889908256881
			29.4495412844037	-46.697247706422
			29.4495412844037	-46.605504587156
			29.4495412844037	-46.5137614678899
			29.4495412844037	-46.4220183486239
			29.4495412844037	-46.3302752293578
			29.3577981651376	-46.2385321100917
			29.3577981651376	-46.1467889908257
			29.3577981651376	-46.0550458715596
			29.3577981651376	-45.9633027522936
			29.3577981651376	-45.8715596330275
			29.3577981651376	-45.7798165137615
			29.2660550458716	-45.6880733944954
			29.2660550458716	-45.5963302752294
			29.2660550458716	-45.5045871559633
			29.2660550458716	-45.4128440366973
			29.2660550458716	-45.3211009174312
			29.2660550458716	-45.2293577981651
			29.1743119266055	-45.1376146788991
			29.1743119266055	-45.045871559633
			29.1743119266055	-44.954128440367
			29.0825688073395	-44.8623853211009
			29.0825688073395	-44.7706422018349
			29.0825688073395	-44.6788990825688
			29.0825688073395	-44.5871559633028
			28.9908256880734	-44.4954128440367
			28.9908256880734	-44.4036697247706
			28.9908256880734	-44.3119266055046
			28.8990825688073	-44.2201834862385
			28.8990825688073	-44.1284403669725
			28.8990825688073	-44.0366972477064
			28.8073394495413	-43.9449541284404
			28.8073394495413	-43.8532110091743
			28.7155963302752	-43.7614678899083
			28.7155963302752	-43.6697247706422
			28.6238532110092	-43.5779816513761
			28.6238532110092	-43.4862385321101
			28.5321100917431	-43.394495412844
			28.4403669724771	-43.302752293578
			28.4403669724771	-43.2110091743119
			28.348623853211	-43.1192660550459
			28.256880733945	-43.0275229357798
			28.1651376146789	-42.9357798165138
			28.0733944954128	-42.8440366972477
			27.9816513761468	-42.7522935779817
			27.8899082568807	-42.6605504587156
			27.7981651376147	-42.6605504587156
			27.7064220183486	-42.5688073394495
			27.6146788990826	-42.4770642201835
			27.5229357798165	-42.3853211009174
			27.4311926605505	-42.3853211009174
			27.3394495412844	-42.2935779816514
			27.2477064220184	-42.2018348623853
			27.1559633027523	-42.2018348623853
			27.0642201834862	-42.1100917431193
			26.9724770642202	-42.1100917431193
			26.8807339449541	-42.0183486238532
			26.7889908256881	-42.0183486238532
			26.697247706422	-41.9266055045872
			26.605504587156	-41.9266055045872
			26.5137614678899	-41.9266055045872
			26.4220183486239	-41.8348623853211
			26.3302752293578	-41.8348623853211
			26.2385321100917	-41.743119266055
			26.1467889908257	-41.743119266055
			26.0550458715596	-41.743119266055
			25.9633027522936	-41.651376146789
			25.8715596330275	-41.651376146789
			25.7798165137615	-41.651376146789
			25.6880733944954	-41.5596330275229
			25.5963302752294	-41.5596330275229
			25.5045871559633	-41.5596330275229
			25.4128440366972	-41.4678899082569
			25.3211009174312	-41.4678899082569
			25.2293577981651	-41.4678899082569
			25.1376146788991	-41.4678899082569
			25.045871559633	-41.4678899082569
			25.045871559633	-41.3761467889908
			24.954128440367	-41.3761467889908
			24.8623853211009	-41.3761467889908
			24.7706422018349	-41.3761467889908
			24.6788990825688	-41.3761467889908
			24.5871559633028	-41.2844036697248
			24.4954128440367	-41.2844036697248
			24.4036697247706	-41.2844036697248
			24.3119266055046	-41.2844036697248
			24.2201834862385	-41.2844036697248
			24.1284403669725	-41.2844036697248
			24.0366972477064	-41.2844036697248
			23.9449541284404	-41.1926605504587
			23.8532110091743	-41.1926605504587
			23.7614678899083	-41.1926605504587
			23.6697247706422	-41.1926605504587
			23.5779816513761	-41.1926605504587
			23.4862385321101	-41.1926605504587
			23.394495412844	-41.1926605504587
			23.302752293578	-41.1926605504587
			23.2110091743119	-41.1009174311927
			23.1192660550459	-41.1009174311927
			23.0275229357798	-41.1009174311927
			22.9357798165138	-41.1009174311927
			22.8440366972477	-41.1009174311927
			22.7522935779817	-41.1009174311927
			22.6605504587156	-41.1009174311927
		</margin>
	</curves.scaled>
	<ruler.points type=matrix rownames=TRUE colnames=FALSE nrow=2 ncol=2 as.numeric=TRUE >
		Ruler point 1	13	739
		Ruler point 2	122	739
	</ruler.points>
</shapes>

