<shapes type=list>
	<ruler.pixel type=vector names=FALSE length=1 as.numeric=TRUE >50</ruler.pixel>
	<ruler.interval type=vector names=FALSE length=1 as.numeric=TRUE >2</ruler.interval>
	<scaling.units type=vector names=FALSE length=1 as.numeric=FALSE >mm</scaling.units>
	<scaling type=vector names=FALSE length=1 as.numeric=TRUE >0.04</scaling>
	<landmarks.pixel type=matrix rownames=TRUE colnames=FALSE nrow=7 ncol=2 as.numeric=TRUE >
		LM1	190	291
		LM2	190	319
		LM3	190	493
		LM4	190	500
		LM5	225	291
		LM6	249	298
		LM7	252	303
	</landmarks.pixel>
	<landmarks.scaled type=matrix rownames=TRUE colnames=FALSE nrow=7 ncol=2 as.numeric=TRUE >
		LM1	7.6	-11.64
		LM2	7.6	-12.76
		LM3	7.6	-19.72
		LM4	7.6	-20
		LM5	9	-11.64
		LM6	9.96	-11.92
		LM7	10.08	-12.12
	</landmarks.scaled>
	<curves.control type=list>
		<axis type=matrix rownames=FALSE colnames=FALSE nrow=5 ncol=2 as.numeric=TRUE >
			190	291
			199	289
			225	291
			203	322
			190	319
		</axis>
		<border type=matrix rownames=FALSE colnames=FALSE nrow=7 ncol=2 as.numeric=TRUE >
			190	493
			198	495
			225	474
			244	457
			253	431
			270	397
			249	298
		</border>
		<margin type=matrix rownames=FALSE colnames=FALSE nrow=11 ncol=2 as.numeric=TRUE >
			190	500
			209	497
			224	482
			250	462
			260	429
			270	392
			258	333
			254	303
			248	296
			238	285
			225	291
		</margin>
	</curves.control>
	<curves.pixel type=list>
		<axis type=matrix rownames=FALSE colnames=FALSE nrow=73 ncol=2 as.numeric=TRUE >
			190	291
			191	291
			192	291
			193	290
			194	290
			195	290
			196	290
			197	290
			198	290
			199	290
			200	290
			201	290
			202	290
			203	290
			204	290
			205	290
			206	290
			207	290
			208	290
			209	290
			210	290
			211	290
			212	290
			213	290
			214	290
			215	290
			216	290
			217	290
			218	291
			219	291
			220	291
			221	291
			222	291
			223	291
			224	291
			225	292
			224	293
			223	294
			222	295
			221	296
			220	297
			220	298
			219	299
			218	300
			217	301
			216	302
			216	303
			215	304
			214	305
			213	306
			212	307
			211	308
			210	309
			209	310
			208	311
			207	312
			206	313
			205	314
			204	315
			203	315
			202	316
			201	317
			200	317
			199	317
			198	318
			197	318
			196	319
			195	319
			194	319
			193	319
			192	319
			191	319
			190	319
		</axis>
		<border type=matrix rownames=FALSE colnames=FALSE nrow=215 ncol=2 as.numeric=TRUE >
			190	493
			191	493
			192	493
			193	493
			194	493
			195	493
			196	492
			197	492
			198	492
			199	491
			200	490
			201	490
			202	490
			203	489
			204	489
			204	488
			205	488
			206	487
			207	487
			208	486
			209	486
			210	485
			211	484
			212	484
			213	483
			214	482
			215	482
			216	481
			217	480
			218	479
			219	478
			220	478
			221	477
			222	476
			223	475
			224	475
			225	474
			226	473
			227	472
			228	471
			229	470
			230	469
			231	468
			232	467
			233	466
			234	465
			235	464
			235	463
			236	462
			237	461
			238	460
			238	459
			239	458
			240	457
			240	456
			241	455
			242	454
			242	453
			243	452
			244	451
			244	450
			245	449
			246	448
			246	447
			247	446
			247	445
			248	444
			248	443
			248	442
			249	442
			249	441
			249	440
			250	440
			250	439
			250	438
			251	437
			251	436
			252	435
			252	434
			252	433
			253	432
			253	431
			254	430
			254	429
			254	428
			255	427
			255	426
			256	425
			256	424
			256	423
			257	422
			257	421
			257	420
			257	419
			258	418
			258	417
			258	416
			258	415
			259	414
			259	413
			259	412
			259	411
			259	410
			259	409
			259	408
			259	407
			260	406
			260	405
			260	404
			260	403
			260	402
			260	401
			260	400
			260	399
			260	398
			260	397
			260	396
			260	395
			261	394
			261	393
			261	392
			261	391
			261	390
			261	389
			261	388
			261	387
			261	386
			261	385
			261	384
			261	383
			261	382
			260	381
			260	380
			260	379
			260	378
			260	377
			260	376
			260	375
			260	374
			260	373
			260	372
			260	371
			260	370
			260	369
			260	368
			260	367
			260	366
			260	365
			259	364
			259	363
			259	362
			259	361
			259	360
			259	359
			259	358
			259	357
			259	356
			259	355
			258	354
			258	353
			258	352
			258	351
			258	350
			258	349
			258	348
			258	347
			257	346
			257	345
			257	344
			257	343
			257	342
			257	341
			257	340
			256	339
			256	338
			256	337
			256	336
			256	335
			256	334
			256	333
			255	332
			255	331
			255	330
			255	329
			255	328
			255	327
			254	326
			254	325
			254	324
			254	323
			254	322
			254	321
			253	320
			253	319
			253	318
			253	317
			253	316
			252	315
			252	314
			252	313
			252	312
			252	311
			251	310
			251	309
			251	308
			251	307
			251	306
			250	305
			250	304
			250	303
			250	302
			250	301
			249	300
			249	299
			249	298
		</border>
		<margin type=matrix rownames=FALSE colnames=FALSE nrow=250 ncol=2 as.numeric=TRUE >
			190	500
			191	500
			192	500
			193	499
			194	499
			195	499
			196	499
			197	498
			198	498
			199	498
			200	497
			201	497
			202	497
			203	496
			204	496
			205	496
			206	495
			207	495
			208	494
			209	494
			210	493
			211	492
			212	491
			213	491
			214	490
			215	490
			215	489
			216	489
			217	488
			218	487
			219	486
			220	485
			221	485
			222	484
			222	483
			223	483
			224	482
			225	481
			226	480
			227	479
			228	479
			229	478
			229	477
			230	477
			231	476
			232	476
			232	475
			233	474
			234	473
			235	472
			236	471
			237	470
			238	469
			239	468
			240	467
			241	466
			241	465
			242	464
			243	463
			244	462
			245	461
			245	460
			246	459
			247	458
			247	457
			248	456
			248	455
			249	454
			250	453
			250	452
			251	451
			251	450
			252	449
			253	448
			253	447
			254	446
			254	445
			255	444
			255	443
			255	442
			256	441
			256	440
			257	439
			257	438
			257	437
			258	436
			258	435
			258	434
			259	433
			259	432
			259	431
			260	430
			260	429
			260	428
			261	427
			261	426
			261	425
			261	424
			261	423
			262	422
			262	421
			262	420
			262	419
			262	418
			263	417
			263	416
			263	415
			263	414
			263	413
			263	412
			263	411
			264	410
			264	409
			264	408
			264	407
			264	406
			264	405
			264	404
			264	403
			264	402
			264	401
			264	400
			264	399
			264	398
			264	397
			264	396
			265	395
			265	394
			265	393
			265	392
			265	391
			265	390
			265	389
			265	388
			265	387
			264	386
			264	385
			264	384
			264	383
			264	382
			264	381
			264	380
			264	379
			264	378
			264	377
			264	376
			264	375
			264	374
			264	373
			264	372
			264	371
			264	370
			263	369
			263	368
			263	367
			263	366
			263	365
			263	364
			263	363
			263	362
			263	361
			262	360
			262	359
			262	358
			262	357
			262	356
			262	355
			262	354
			261	353
			261	352
			261	351
			261	350
			261	349
			261	348
			261	347
			260	346
			260	345
			260	344
			260	343
			260	342
			260	341
			259	340
			259	339
			259	338
			259	337
			259	336
			258	335
			258	334
			258	333
			258	332
			258	331
			258	330
			257	329
			257	328
			257	327
			257	326
			257	325
			257	324
			256	323
			256	322
			256	321
			256	320
			256	319
			256	318
			255	317
			255	316
			255	315
			255	314
			255	313
			254	312
			254	311
			254	310
			254	309
			253	308
			253	307
			253	306
			252	305
			252	304
			252	303
			251	302
			251	301
			250	300
			250	299
			249	298
			249	297
			248	296
			247	295
			246	294
			245	293
			244	292
			243	292
			242	291
			241	291
			241	290
			240	290
			239	290
			238	289
			237	289
			236	289
			235	289
			234	289
			233	289
			232	289
			231	289
			230	289
			229	290
			228	290
			227	290
			226	291
			225	291
		</margin>
	</curves.pixel>
	<curves.scaled type=list>
		<axis type=matrix rownames=FALSE colnames=FALSE nrow=73 ncol=2 as.numeric=TRUE >
			7.6	-11.64
			7.64	-11.64
			7.68	-11.64
			7.72	-11.6
			7.76	-11.6
			7.8	-11.6
			7.84	-11.6
			7.88	-11.6
			7.92	-11.6
			7.96	-11.6
			8	-11.6
			8.04	-11.6
			8.08	-11.6
			8.12	-11.6
			8.16	-11.6
			8.2	-11.6
			8.24	-11.6
			8.28	-11.6
			8.32	-11.6
			8.36	-11.6
			8.4	-11.6
			8.44	-11.6
			8.48	-11.6
			8.52	-11.6
			8.56	-11.6
			8.6	-11.6
			8.64	-11.6
			8.68	-11.6
			8.72	-11.64
			8.76	-11.64
			8.8	-11.64
			8.84	-11.64
			8.88	-11.64
			8.92	-11.64
			8.96	-11.64
			9	-11.68
			8.96	-11.72
			8.92	-11.76
			8.88	-11.8
			8.84	-11.84
			8.8	-11.88
			8.8	-11.92
			8.76	-11.96
			8.72	-12
			8.68	-12.04
			8.64	-12.08
			8.64	-12.12
			8.6	-12.16
			8.56	-12.2
			8.52	-12.24
			8.48	-12.28
			8.44	-12.32
			8.4	-12.36
			8.36	-12.4
			8.32	-12.44
			8.28	-12.48
			8.24	-12.52
			8.2	-12.56
			8.16	-12.6
			8.12	-12.6
			8.08	-12.64
			8.04	-12.68
			8	-12.68
			7.96	-12.68
			7.92	-12.72
			7.88	-12.72
			7.84	-12.76
			7.8	-12.76
			7.76	-12.76
			7.72	-12.76
			7.68	-12.76
			7.64	-12.76
			7.6	-12.76
		</axis>
		<border type=matrix rownames=FALSE colnames=FALSE nrow=215 ncol=2 as.numeric=TRUE >
			7.6	-19.72
			7.64	-19.72
			7.68	-19.72
			7.72	-19.72
			7.76	-19.72
			7.8	-19.72
			7.84	-19.68
			7.88	-19.68
			7.92	-19.68
			7.96	-19.64
			8	-19.6
			8.04	-19.6
			8.08	-19.6
			8.12	-19.56
			8.16	-19.56
			8.16	-19.52
			8.2	-19.52
			8.24	-19.48
			8.28	-19.48
			8.32	-19.44
			8.36	-19.44
			8.4	-19.4
			8.44	-19.36
			8.48	-19.36
			8.52	-19.32
			8.56	-19.28
			8.6	-19.28
			8.64	-19.24
			8.68	-19.2
			8.72	-19.16
			8.76	-19.12
			8.8	-19.12
			8.84	-19.08
			8.88	-19.04
			8.92	-19
			8.96	-19
			9	-18.96
			9.04	-18.92
			9.08	-18.88
			9.12	-18.84
			9.16	-18.8
			9.2	-18.76
			9.24	-18.72
			9.28	-18.68
			9.32	-18.64
			9.36	-18.6
			9.4	-18.56
			9.4	-18.52
			9.44	-18.48
			9.48	-18.44
			9.52	-18.4
			9.52	-18.36
			9.56	-18.32
			9.6	-18.28
			9.6	-18.24
			9.64	-18.2
			9.68	-18.16
			9.68	-18.12
			9.72	-18.08
			9.76	-18.04
			9.76	-18
			9.8	-17.96
			9.84	-17.92
			9.84	-17.88
			9.88	-17.84
			9.88	-17.8
			9.92	-17.76
			9.92	-17.72
			9.92	-17.68
			9.96	-17.68
			9.96	-17.64
			9.96	-17.6
			10	-17.6
			10	-17.56
			10	-17.52
			10.04	-17.48
			10.04	-17.44
			10.08	-17.4
			10.08	-17.36
			10.08	-17.32
			10.12	-17.28
			10.12	-17.24
			10.16	-17.2
			10.16	-17.16
			10.16	-17.12
			10.2	-17.08
			10.2	-17.04
			10.24	-17
			10.24	-16.96
			10.24	-16.92
			10.28	-16.88
			10.28	-16.84
			10.28	-16.8
			10.28	-16.76
			10.32	-16.72
			10.32	-16.68
			10.32	-16.64
			10.32	-16.6
			10.36	-16.56
			10.36	-16.52
			10.36	-16.48
			10.36	-16.44
			10.36	-16.4
			10.36	-16.36
			10.36	-16.32
			10.36	-16.28
			10.4	-16.24
			10.4	-16.2
			10.4	-16.16
			10.4	-16.12
			10.4	-16.08
			10.4	-16.04
			10.4	-16
			10.4	-15.96
			10.4	-15.92
			10.4	-15.88
			10.4	-15.84
			10.4	-15.8
			10.44	-15.76
			10.44	-15.72
			10.44	-15.68
			10.44	-15.64
			10.44	-15.6
			10.44	-15.56
			10.44	-15.52
			10.44	-15.48
			10.44	-15.44
			10.44	-15.4
			10.44	-15.36
			10.44	-15.32
			10.44	-15.28
			10.4	-15.24
			10.4	-15.2
			10.4	-15.16
			10.4	-15.12
			10.4	-15.08
			10.4	-15.04
			10.4	-15
			10.4	-14.96
			10.4	-14.92
			10.4	-14.88
			10.4	-14.84
			10.4	-14.8
			10.4	-14.76
			10.4	-14.72
			10.4	-14.68
			10.4	-14.64
			10.4	-14.6
			10.36	-14.56
			10.36	-14.52
			10.36	-14.48
			10.36	-14.44
			10.36	-14.4
			10.36	-14.36
			10.36	-14.32
			10.36	-14.28
			10.36	-14.24
			10.36	-14.2
			10.32	-14.16
			10.32	-14.12
			10.32	-14.08
			10.32	-14.04
			10.32	-14
			10.32	-13.96
			10.32	-13.92
			10.32	-13.88
			10.28	-13.84
			10.28	-13.8
			10.28	-13.76
			10.28	-13.72
			10.28	-13.68
			10.28	-13.64
			10.28	-13.6
			10.24	-13.56
			10.24	-13.52
			10.24	-13.48
			10.24	-13.44
			10.24	-13.4
			10.24	-13.36
			10.24	-13.32
			10.2	-13.28
			10.2	-13.24
			10.2	-13.2
			10.2	-13.16
			10.2	-13.12
			10.2	-13.08
			10.16	-13.04
			10.16	-13
			10.16	-12.96
			10.16	-12.92
			10.16	-12.88
			10.16	-12.84
			10.12	-12.8
			10.12	-12.76
			10.12	-12.72
			10.12	-12.68
			10.12	-12.64
			10.08	-12.6
			10.08	-12.56
			10.08	-12.52
			10.08	-12.48
			10.08	-12.44
			10.04	-12.4
			10.04	-12.36
			10.04	-12.32
			10.04	-12.28
			10.04	-12.24
			10	-12.2
			10	-12.16
			10	-12.12
			10	-12.08
			10	-12.04
			9.96	-12
			9.96	-11.96
			9.96	-11.92
		</border>
		<margin type=matrix rownames=FALSE colnames=FALSE nrow=250 ncol=2 as.numeric=TRUE >
			7.6	-20
			7.64	-20
			7.68	-20
			7.72	-19.96
			7.76	-19.96
			7.8	-19.96
			7.84	-19.96
			7.88	-19.92
			7.92	-19.92
			7.96	-19.92
			8	-19.88
			8.04	-19.88
			8.08	-19.88
			8.12	-19.84
			8.16	-19.84
			8.2	-19.84
			8.24	-19.8
			8.28	-19.8
			8.32	-19.76
			8.36	-19.76
			8.4	-19.72
			8.44	-19.68
			8.48	-19.64
			8.52	-19.64
			8.56	-19.6
			8.6	-19.6
			8.6	-19.56
			8.64	-19.56
			8.68	-19.52
			8.72	-19.48
			8.76	-19.44
			8.8	-19.4
			8.84	-19.4
			8.88	-19.36
			8.88	-19.32
			8.92	-19.32
			8.96	-19.28
			9	-19.24
			9.04	-19.2
			9.08	-19.16
			9.12	-19.16
			9.16	-19.12
			9.16	-19.08
			9.2	-19.08
			9.24	-19.04
			9.28	-19.04
			9.28	-19
			9.32	-18.96
			9.36	-18.92
			9.4	-18.88
			9.44	-18.84
			9.48	-18.8
			9.52	-18.76
			9.56	-18.72
			9.6	-18.68
			9.64	-18.64
			9.64	-18.6
			9.68	-18.56
			9.72	-18.52
			9.76	-18.48
			9.8	-18.44
			9.8	-18.4
			9.84	-18.36
			9.88	-18.32
			9.88	-18.28
			9.92	-18.24
			9.92	-18.2
			9.96	-18.16
			10	-18.12
			10	-18.08
			10.04	-18.04
			10.04	-18
			10.08	-17.96
			10.12	-17.92
			10.12	-17.88
			10.16	-17.84
			10.16	-17.8
			10.2	-17.76
			10.2	-17.72
			10.2	-17.68
			10.24	-17.64
			10.24	-17.6
			10.28	-17.56
			10.28	-17.52
			10.28	-17.48
			10.32	-17.44
			10.32	-17.4
			10.32	-17.36
			10.36	-17.32
			10.36	-17.28
			10.36	-17.24
			10.4	-17.2
			10.4	-17.16
			10.4	-17.12
			10.44	-17.08
			10.44	-17.04
			10.44	-17
			10.44	-16.96
			10.44	-16.92
			10.48	-16.88
			10.48	-16.84
			10.48	-16.8
			10.48	-16.76
			10.48	-16.72
			10.52	-16.68
			10.52	-16.64
			10.52	-16.6
			10.52	-16.56
			10.52	-16.52
			10.52	-16.48
			10.52	-16.44
			10.56	-16.4
			10.56	-16.36
			10.56	-16.32
			10.56	-16.28
			10.56	-16.24
			10.56	-16.2
			10.56	-16.16
			10.56	-16.12
			10.56	-16.08
			10.56	-16.04
			10.56	-16
			10.56	-15.96
			10.56	-15.92
			10.56	-15.88
			10.56	-15.84
			10.6	-15.8
			10.6	-15.76
			10.6	-15.72
			10.6	-15.68
			10.6	-15.64
			10.6	-15.6
			10.6	-15.56
			10.6	-15.52
			10.6	-15.48
			10.56	-15.44
			10.56	-15.4
			10.56	-15.36
			10.56	-15.32
			10.56	-15.28
			10.56	-15.24
			10.56	-15.2
			10.56	-15.16
			10.56	-15.12
			10.56	-15.08
			10.56	-15.04
			10.56	-15
			10.56	-14.96
			10.56	-14.92
			10.56	-14.88
			10.56	-14.84
			10.56	-14.8
			10.52	-14.76
			10.52	-14.72
			10.52	-14.68
			10.52	-14.64
			10.52	-14.6
			10.52	-14.56
			10.52	-14.52
			10.52	-14.48
			10.52	-14.44
			10.48	-14.4
			10.48	-14.36
			10.48	-14.32
			10.48	-14.28
			10.48	-14.24
			10.48	-14.2
			10.48	-14.16
			10.44	-14.12
			10.44	-14.08
			10.44	-14.04
			10.44	-14
			10.44	-13.96
			10.44	-13.92
			10.44	-13.88
			10.4	-13.84
			10.4	-13.8
			10.4	-13.76
			10.4	-13.72
			10.4	-13.68
			10.4	-13.64
			10.36	-13.6
			10.36	-13.56
			10.36	-13.52
			10.36	-13.48
			10.36	-13.44
			10.32	-13.4
			10.32	-13.36
			10.32	-13.32
			10.32	-13.28
			10.32	-13.24
			10.32	-13.2
			10.28	-13.16
			10.28	-13.12
			10.28	-13.08
			10.28	-13.04
			10.28	-13
			10.28	-12.96
			10.24	-12.92
			10.24	-12.88
			10.24	-12.84
			10.24	-12.8
			10.24	-12.76
			10.24	-12.72
			10.2	-12.68
			10.2	-12.64
			10.2	-12.6
			10.2	-12.56
			10.2	-12.52
			10.16	-12.48
			10.16	-12.44
			10.16	-12.4
			10.16	-12.36
			10.12	-12.32
			10.12	-12.28
			10.12	-12.24
			10.08	-12.2
			10.08	-12.16
			10.08	-12.12
			10.04	-12.08
			10.04	-12.04
			10	-12
			10	-11.96
			9.96	-11.92
			9.96	-11.88
			9.92	-11.84
			9.88	-11.8
			9.84	-11.76
			9.8	-11.72
			9.76	-11.68
			9.72	-11.68
			9.68	-11.64
			9.64	-11.64
			9.64	-11.6
			9.6	-11.6
			9.56	-11.6
			9.52	-11.56
			9.48	-11.56
			9.44	-11.56
			9.4	-11.56
			9.36	-11.56
			9.32	-11.56
			9.28	-11.56
			9.24	-11.56
			9.2	-11.56
			9.16	-11.6
			9.12	-11.6
			9.08	-11.6
			9.04	-11.64
			9	-11.64
		</margin>
	</curves.scaled>
	<ruler.points type=matrix rownames=TRUE colnames=FALSE nrow=2 ncol=2 as.numeric=TRUE >
		Ruler point 1	374	530
		Ruler point 2	324	530
	</ruler.points>
</shapes>

