<shapes type=list>
	<ruler.pixel type=vector names=FALSE length=1 as.numeric=TRUE >262</ruler.pixel>
	<ruler.interval type=vector names=FALSE length=1 as.numeric=TRUE >5</ruler.interval>
	<scaling.units type=vector names=FALSE length=1 as.numeric=FALSE >mm</scaling.units>
	<scaling type=vector names=FALSE length=1 as.numeric=TRUE >0.0190839694656489</scaling>
	<landmarks.pixel type=matrix rownames=TRUE colnames=FALSE nrow=16 ncol=2 as.numeric=TRUE >
		LM1	206	22
		LM2	206	64
		LM3	206	223
		LM4	206	266
		LM5	278	170
		LM6	271	224
		LM7	279	257
		LM8	273	122
		LM9	282	219
		LM10	206	22
		LM11	322	240
		LM12	359	265
		LM13	206	22
		LM14	329	167
		LM15	415	266
		LM16	414	401
	</landmarks.pixel>
	<landmarks.scaled type=matrix rownames=TRUE colnames=FALSE nrow=16 ncol=2 as.numeric=TRUE >
		LM1	3.93129770992366	-0.419847328244275
		LM2	3.93129770992366	-1.22137404580153
		LM3	3.93129770992366	-4.2557251908397
		LM4	3.93129770992366	-5.0763358778626
		LM5	5.30534351145038	-3.24427480916031
		LM6	5.17175572519084	-4.27480916030534
		LM7	5.32442748091603	-4.90458015267176
		LM8	5.20992366412214	-2.32824427480916
		LM9	5.38167938931298	-4.1793893129771
		LM10	3.93129770992366	-0.419847328244275
		LM11	6.14503816793893	-4.58015267175573
		LM12	6.85114503816794	-5.05725190839695
		LM13	3.93129770992366	-0.419847328244275
		LM14	6.27862595419847	-3.18702290076336
		LM15	7.91984732824428	-5.0763358778626
		LM16	7.90076335877863	-7.65267175572519
	</landmarks.scaled>
	<curves.control type=list>
		<glabella type=matrix rownames=FALSE colnames=FALSE nrow=13 ncol=2 as.numeric=TRUE >
			206	64
			224	65
			243	73
			254	86
			258	97
			265	106
			262	126
			261	136
			269	148
			286	164
			264	217
			284	231
			279	257
		</glabella>
		<suture type=matrix rownames=FALSE colnames=FALSE nrow=25 ncol=2 as.numeric=TRUE >
			206	22
			230	22
			260	32
			291	50
			295	56
			302	66
			298	82
			296	89
			284	99
			278	106
			273	112
			268	117
			269	122
			304	129
			315	156
			319	168
			318	181
			316	194
			303	205
			294	214
			280	220
			272	228
			289	232
			335	236
			359	265
		</suture>
		<anterior type=matrix rownames=FALSE colnames=FALSE nrow=5 ncol=2 as.numeric=TRUE >
			206	22
			230	21
			269	33
			402	107
			415	266
		</anterior>
		<posterior type=matrix rownames=FALSE colnames=FALSE nrow=13 ncol=2 as.numeric=TRUE >
			206	266
			228	268
			279	258
			304	254
			359	266
			374	269
			384	282
			392	306
			400	336
			404	358
			414	402
			425	368
			415	266
		</posterior>
	</curves.control>
	<curves.pixel type=list>
		<glabella type=matrix rownames=FALSE colnames=FALSE nrow=232 ncol=2 as.numeric=TRUE >
			206	64
			207	64
			208	64
			209	64
			210	64
			211	64
			212	65
			213	65
			214	65
			215	65
			216	65
			217	65
			218	65
			219	66
			220	66
			221	66
			222	66
			223	66
			224	67
			225	67
			226	67
			227	67
			228	68
			229	68
			230	68
			231	69
			232	69
			233	69
			234	70
			235	70
			236	70
			237	71
			238	71
			239	71
			240	72
			241	72
			242	72
			243	73
			244	74
			245	75
			245	76
			246	77
			247	77
			247	78
			248	79
			248	80
			249	81
			250	82
			251	83
			251	84
			252	85
			252	86
			253	87
			254	88
			255	89
			255	90
			255	91
			256	92
			256	93
			257	94
			257	95
			258	96
			258	97
			259	98
			260	99
			260	100
			260	101
			261	102
			261	103
			261	104
			262	105
			262	106
			262	107
			262	108
			263	109
			263	110
			263	111
			263	112
			263	113
			263	114
			263	115
			263	116
			263	117
			263	118
			263	119
			263	120
			263	121
			262	122
			262	123
			262	124
			262	125
			262	126
			262	127
			262	128
			262	129
			262	130
			262	131
			262	132
			262	133
			262	134
			263	134
			263	135
			263	136
			263	137
			264	137
			264	138
			264	139
			264	140
			265	140
			265	141
			265	142
			266	143
			267	144
			267	145
			268	146
			268	147
			269	148
			270	149
			271	150
			272	151
			272	152
			273	153
			273	154
			274	155
			274	156
			275	157
			275	158
			275	159
			275	160
			276	160
			276	161
			276	162
			276	163
			276	164
			276	165
			276	166
			276	167
			276	168
			276	169
			276	170
			276	171
			276	172
			276	173
			276	174
			276	175
			276	176
			276	177
			276	178
			276	179
			275	180
			275	181
			275	182
			275	183
			275	184
			275	185
			274	186
			274	187
			274	188
			274	189
			273	190
			273	191
			273	192
			273	193
			272	194
			272	195
			272	196
			271	197
			271	198
			271	199
			270	200
			270	201
			270	202
			270	203
			269	203
			269	204
			269	205
			268	206
			268	207
			268	208
			267	209
			267	210
			267	211
			266	211
			266	212
			265	213
			265	214
			265	215
			264	216
			264	217
			265	218
			266	219
			267	220
			268	220
			269	221
			270	222
			271	223
			272	224
			272	225
			273	226
			274	227
			274	228
			275	228
			276	229
			276	230
			277	231
			277	232
			278	233
			278	234
			278	235
			278	236
			279	236
			279	237
			279	238
			279	239
			279	240
			280	241
			280	242
			280	243
			280	244
			280	245
			280	246
			280	247
			280	248
			280	249
			280	250
			280	251
			280	252
			280	253
			279	254
			279	255
			279	256
			279	257
		</glabella>
		<suture type=matrix rownames=FALSE colnames=FALSE nrow=388 ncol=2 as.numeric=TRUE >
			206	22
			207	22
			208	22
			209	22
			210	22
			211	22
			212	22
			213	22
			214	22
			215	22
			216	22
			217	23
			218	23
			219	23
			220	23
			221	23
			222	23
			223	23
			224	23
			225	23
			226	24
			227	24
			228	24
			229	24
			230	24
			231	24
			232	25
			233	25
			234	25
			235	25
			236	25
			237	26
			238	26
			239	26
			240	26
			241	26
			242	27
			243	27
			244	27
			245	27
			246	28
			247	28
			248	28
			249	29
			250	29
			251	29
			252	29
			253	30
			254	30
			255	30
			256	31
			257	31
			258	31
			259	32
			260	32
			261	32
			261	33
			262	33
			263	34
			264	34
			265	35
			266	36
			267	36
			268	37
			269	37
			270	38
			271	39
			272	39
			273	40
			274	40
			274	41
			275	41
			276	42
			277	42
			278	43
			279	44
			280	44
			281	45
			282	45
			282	46
			283	46
			284	47
			285	47
			286	48
			287	49
			288	50
			289	51
			290	51
			291	52
			292	53
			293	53
			293	54
			294	55
			295	56
			296	57
			296	58
			297	59
			297	60
			298	61
			298	62
			298	63
			299	64
			299	65
			299	66
			299	67
			299	68
			299	69
			299	70
			299	71
			299	72
			299	73
			299	74
			299	75
			299	76
			299	77
			299	78
			299	79
			299	80
			298	81
			298	82
			298	83
			297	84
			297	85
			296	86
			296	87
			295	88
			294	89
			294	90
			293	91
			292	92
			291	93
			290	93
			290	94
			289	95
			288	96
			287	96
			286	97
			285	98
			284	99
			283	100
			282	101
			281	102
			280	103
			279	104
			279	105
			278	106
			277	107
			276	108
			275	109
			274	110
			274	111
			273	112
			272	113
			271	114
			270	115
			270	116
			269	117
			269	118
			269	119
			269	120
			269	121
			269	122
			270	122
			271	122
			272	123
			273	123
			274	123
			275	123
			276	124
			277	124
			278	124
			279	125
			280	125
			281	125
			282	125
			282	126
			283	126
			284	126
			285	127
			286	127
			287	127
			287	128
			288	128
			289	129
			290	129
			291	129
			291	130
			292	130
			293	131
			294	131
			295	132
			296	133
			297	133
			298	134
			299	135
			300	135
			300	136
			301	136
			302	137
			303	138
			304	139
			305	140
			306	141
			307	142
			307	143
			308	144
			309	145
			310	146
			310	147
			311	148
			311	149
			312	150
			313	151
			313	152
			314	153
			314	154
			315	155
			315	156
			315	157
			316	158
			316	159
			316	160
			316	161
			317	162
			317	163
			317	164
			317	165
			317	166
			318	167
			318	168
			318	169
			318	170
			318	171
			318	172
			318	173
			318	174
			318	175
			318	176
			318	177
			318	178
			318	179
			318	180
			318	181
			318	182
			318	183
			317	184
			317	185
			317	186
			317	187
			316	188
			316	189
			315	190
			315	191
			314	192
			314	193
			313	193
			313	194
			312	195
			312	196
			311	197
			310	198
			309	199
			308	200
			307	201
			306	202
			305	203
			304	204
			303	205
			302	206
			301	207
			300	208
			299	209
			298	210
			297	211
			296	211
			295	212
			294	212
			294	213
			293	213
			292	213
			292	214
			291	214
			290	215
			289	215
			289	216
			288	216
			287	217
			286	217
			285	218
			284	218
			283	219
			282	219
			281	220
			280	220
			279	221
			278	222
			278	223
			278	224
			277	225
			278	226
			278	227
			279	228
			280	229
			281	229
			282	230
			283	230
			284	231
			285	231
			286	231
			287	231
			288	232
			289	232
			290	232
			291	232
			292	232
			293	232
			294	233
			295	233
			296	233
			297	233
			298	233
			299	233
			300	233
			301	233
			302	234
			303	234
			304	234
			305	234
			306	234
			307	235
			308	235
			309	235
			310	235
			311	236
			312	236
			313	236
			314	237
			315	237
			316	237
			317	237
			318	238
			319	238
			320	238
			321	239
			322	239
			323	240
			324	240
			325	240
			326	241
			327	241
			328	242
			329	242
			330	243
			331	243
			332	243
			332	244
			333	244
			334	244
			334	245
			335	245
			336	245
			336	246
			337	246
			338	247
			339	248
			340	248
			341	249
			342	249
			343	250
			344	251
			345	252
			346	252
			347	253
			348	254
			349	254
			349	255
			350	256
			351	257
			352	257
			353	258
			353	259
			354	260
			355	261
			356	261
			357	262
			357	263
			358	264
			359	265
		</suture>
		<anterior type=matrix rownames=FALSE colnames=FALSE nrow=329 ncol=2 as.numeric=TRUE >
			206	22
			207	22
			208	22
			209	22
			210	22
			211	22
			212	22
			213	22
			214	22
			215	22
			216	22
			217	22
			218	22
			219	22
			220	22
			221	22
			222	23
			223	23
			224	23
			225	23
			226	23
			227	23
			228	23
			229	23
			230	24
			231	24
			232	24
			233	24
			234	24
			235	24
			236	25
			237	25
			238	25
			239	25
			240	26
			241	26
			242	26
			243	26
			244	26
			245	27
			246	27
			247	27
			248	27
			249	27
			250	28
			251	28
			252	28
			253	29
			254	29
			255	29
			256	29
			257	29
			257	30
			258	30
			259	30
			260	30
			261	31
			262	31
			263	31
			264	31
			264	32
			265	32
			266	32
			267	32
			268	33
			269	33
			270	34
			271	34
			272	35
			273	35
			274	36
			275	37
			276	37
			277	38
			278	38
			279	39
			280	40
			281	40
			282	41
			283	41
			284	42
			285	43
			286	43
			287	44
			288	44
			289	45
			290	46
			291	46
			292	47
			293	47
			293	48
			294	49
			295	49
			296	50
			297	51
			298	51
			299	52
			300	52
			301	53
			302	54
			303	54
			303	55
			304	56
			305	56
			306	57
			307	58
			308	58
			309	59
			310	60
			311	61
			312	62
			313	63
			314	63
			315	64
			316	65
			317	66
			318	67
			319	68
			320	68
			321	69
			322	70
			323	71
			324	72
			325	73
			326	74
			327	74
			328	75
			329	76
			330	77
			331	78
			332	79
			333	80
			334	81
			335	82
			336	83
			337	84
			338	85
			339	86
			340	87
			341	88
			342	89
			342	90
			343	91
			344	91
			345	92
			345	93
			346	94
			347	95
			348	95
			348	96
			349	97
			350	98
			350	99
			351	100
			352	100
			352	101
			353	102
			354	103
			355	104
			355	105
			356	105
			357	106
			357	107
			358	108
			359	109
			359	110
			360	111
			361	111
			361	112
			362	113
			362	114
			363	115
			364	116
			364	117
			365	118
			366	118
			366	119
			367	120
			367	121
			368	122
			369	123
			369	124
			370	125
			370	126
			371	127
			372	128
			373	129
			373	130
			374	131
			374	132
			375	132
			375	133
			375	134
			376	134
			376	135
			377	136
			377	137
			378	138
			379	139
			379	140
			379	141
			380	142
			380	143
			381	143
			381	144
			382	145
			382	146
			383	147
			383	148
			384	149
			384	150
			385	151
			385	152
			386	153
			386	154
			387	155
			387	156
			388	157
			388	158
			389	159
			389	160
			389	161
			390	161
			390	162
			390	163
			391	164
			391	165
			392	166
			392	167
			392	168
			393	169
			393	170
			394	171
			394	172
			394	173
			395	174
			395	175
			396	176
			396	177
			396	178
			397	179
			397	180
			397	181
			398	182
			398	183
			398	184
			399	185
			399	186
			399	187
			400	188
			400	189
			400	190
			401	190
			401	191
			401	192
			401	193
			402	194
			402	195
			402	196
			403	197
			403	198
			403	199
			404	200
			404	201
			404	202
			404	203
			405	204
			405	205
			405	206
			405	207
			406	208
			406	209
			406	210
			406	211
			406	212
			407	213
			407	214
			407	215
			407	216
			408	217
			408	218
			408	219
			408	220
			409	221
			409	222
			409	223
			409	224
			409	225
			410	226
			410	227
			410	228
			410	229
			410	230
			411	231
			411	232
			411	233
			411	234
			411	235
			411	236
			412	237
			412	238
			412	239
			412	240
			412	241
			412	242
			412	243
			413	244
			413	245
			413	246
			413	247
			413	248
			413	249
			413	250
			414	251
			414	252
			414	253
			414	254
			414	255
			414	256
			414	257
			414	258
			414	259
			415	260
			415	261
			415	262
			415	263
			415	264
			415	265
			415	266
		</anterior>
		<posterior type=matrix rownames=FALSE colnames=FALSE nrow=443 ncol=2 as.numeric=TRUE >
			206	266
			207	266
			208	266
			209	266
			210	266
			211	266
			212	266
			213	266
			214	266
			215	266
			216	266
			217	266
			218	266
			219	266
			220	266
			221	266
			222	266
			223	266
			224	266
			225	266
			226	266
			227	266
			228	266
			229	266
			230	266
			231	265
			232	265
			233	265
			234	265
			235	265
			236	265
			237	265
			238	265
			239	265
			240	264
			241	264
			242	264
			243	264
			244	264
			245	264
			246	264
			247	263
			248	263
			249	263
			250	263
			251	263
			252	263
			253	263
			254	262
			255	262
			256	262
			257	262
			258	262
			259	262
			260	261
			261	261
			262	261
			263	261
			264	261
			265	261
			266	260
			267	260
			268	260
			269	260
			270	260
			271	259
			272	259
			273	259
			274	259
			275	259
			276	258
			277	258
			278	258
			279	258
			280	258
			281	258
			282	258
			283	257
			284	257
			285	257
			286	257
			287	257
			288	257
			289	257
			290	257
			291	257
			292	257
			293	257
			294	257
			295	257
			296	257
			297	257
			298	257
			299	257
			300	257
			301	257
			302	257
			303	257
			304	257
			305	257
			306	258
			307	258
			308	258
			309	258
			310	258
			311	258
			312	258
			313	258
			314	258
			315	258
			316	258
			316	259
			317	259
			318	259
			319	259
			320	259
			321	259
			322	259
			323	259
			324	260
			325	260
			326	260
			327	260
			328	260
			329	260
			330	260
			331	261
			332	261
			333	261
			334	261
			335	261
			336	261
			337	262
			338	262
			339	262
			340	262
			341	262
			342	263
			343	263
			344	263
			345	263
			346	263
			347	264
			348	264
			349	264
			350	264
			351	264
			352	264
			352	265
			353	265
			354	265
			355	265
			356	265
			357	266
			358	266
			359	266
			360	266
			361	266
			361	267
			362	267
			363	267
			364	267
			365	268
			366	268
			367	269
			368	269
			369	269
			370	270
			371	270
			372	271
			373	271
			373	272
			374	273
			375	273
			376	274
			377	274
			378	275
			378	276
			379	277
			380	277
			381	278
			381	279
			382	280
			383	281
			384	281
			384	282
			384	283
			385	284
			385	285
			385	286
			386	287
			386	288
			386	289
			387	290
			387	291
			387	292
			388	293
			388	294
			388	295
			389	296
			389	297
			389	298
			390	299
			390	300
			390	301
			390	302
			391	303
			391	304
			391	305
			392	306
			392	307
			392	308
			392	309
			393	310
			393	311
			393	312
			394	313
			394	314
			394	315
			394	316
			395	317
			395	318
			395	319
			396	320
			396	321
			396	322
			396	323
			397	324
			397	325
			397	326
			398	327
			398	328
			398	329
			398	330
			399	331
			399	332
			399	333
			399	334
			400	334
			400	335
			400	336
			400	337
			400	338
			400	339
			401	340
			401	341
			401	342
			401	343
			402	344
			402	345
			402	346
			402	347
			402	348
			402	349
			403	350
			403	351
			403	352
			403	353
			404	354
			404	355
			404	356
			404	357
			404	358
			405	359
			405	360
			405	361
			405	362
			405	363
			406	364
			406	365
			406	366
			406	367
			407	368
			407	369
			407	370
			407	371
			407	372
			408	373
			408	374
			408	375
			408	376
			408	377
			409	378
			409	379
			409	380
			409	381
			410	382
			410	383
			410	384
			410	385
			410	386
			411	387
			411	388
			411	389
			411	390
			411	391
			412	392
			412	393
			412	394
			412	395
			413	396
			413	397
			413	398
			413	399
			414	400
			414	401
			414	402
			414	401
			415	400
			415	399
			415	398
			415	397
			416	396
			416	395
			416	394
			416	393
			417	392
			417	391
			417	390
			417	389
			417	388
			417	387
			418	386
			418	385
			418	384
			418	383
			418	382
			418	381
			418	380
			418	379
			418	378
			419	377
			419	376
			419	375
			419	374
			419	373
			419	372
			419	371
			419	370
			419	369
			419	368
			419	367
			419	366
			419	365
			419	364
			419	363
			420	362
			420	361
			420	360
			420	359
			420	358
			420	357
			420	356
			420	355
			420	354
			420	353
			420	352
			420	351
			420	350
			420	349
			420	348
			420	347
			420	346
			420	345
			420	344
			420	343
			420	342
			420	341
			420	340
			420	339
			420	338
			420	337
			420	336
			420	335
			420	334
			420	333
			420	332
			419	331
			419	330
			419	329
			419	328
			419	327
			419	326
			419	325
			419	324
			419	323
			419	322
			419	321
			419	320
			419	319
			419	318
			419	317
			419	316
			419	315
			419	314
			419	313
			419	312
			419	311
			419	310
			418	309
			418	308
			418	307
			418	306
			418	305
			418	304
			418	303
			418	302
			418	301
			418	300
			418	299
			418	298
			418	297
			418	296
			417	295
			417	294
			417	293
			417	292
			417	291
			417	290
			417	289
			417	288
			417	287
			417	286
			417	285
			417	284
			417	283
			416	282
			416	281
			416	280
			416	279
			416	278
			416	277
			416	276
			416	275
			416	274
			416	273
			416	272
			415	271
			415	270
			415	269
			415	268
			415	267
			415	266
		</posterior>
	</curves.pixel>
	<curves.scaled type=list>
		<glabella type=matrix rownames=FALSE colnames=FALSE nrow=232 ncol=2 as.numeric=TRUE >
			3.93129770992366	-1.22137404580153
			3.95038167938931	-1.22137404580153
			3.96946564885496	-1.22137404580153
			3.98854961832061	-1.22137404580153
			4.00763358778626	-1.22137404580153
			4.02671755725191	-1.22137404580153
			4.04580152671756	-1.24045801526718
			4.06488549618321	-1.24045801526718
			4.08396946564886	-1.24045801526718
			4.1030534351145	-1.24045801526718
			4.12213740458015	-1.24045801526718
			4.1412213740458	-1.24045801526718
			4.16030534351145	-1.24045801526718
			4.1793893129771	-1.25954198473282
			4.19847328244275	-1.25954198473282
			4.2175572519084	-1.25954198473282
			4.23664122137405	-1.25954198473282
			4.2557251908397	-1.25954198473282
			4.27480916030534	-1.27862595419847
			4.29389312977099	-1.27862595419847
			4.31297709923664	-1.27862595419847
			4.33206106870229	-1.27862595419847
			4.35114503816794	-1.29770992366412
			4.37022900763359	-1.29770992366412
			4.38931297709924	-1.29770992366412
			4.40839694656489	-1.31679389312977
			4.42748091603053	-1.31679389312977
			4.44656488549618	-1.31679389312977
			4.46564885496183	-1.33587786259542
			4.48473282442748	-1.33587786259542
			4.50381679389313	-1.33587786259542
			4.52290076335878	-1.35496183206107
			4.54198473282443	-1.35496183206107
			4.56106870229008	-1.35496183206107
			4.58015267175573	-1.37404580152672
			4.59923664122137	-1.37404580152672
			4.61832061068702	-1.37404580152672
			4.63740458015267	-1.39312977099237
			4.65648854961832	-1.41221374045802
			4.67557251908397	-1.43129770992366
			4.67557251908397	-1.45038167938931
			4.69465648854962	-1.46946564885496
			4.71374045801527	-1.46946564885496
			4.71374045801527	-1.48854961832061
			4.73282442748092	-1.50763358778626
			4.73282442748092	-1.52671755725191
			4.75190839694656	-1.54580152671756
			4.77099236641221	-1.56488549618321
			4.79007633587786	-1.58396946564885
			4.79007633587786	-1.6030534351145
			4.80916030534351	-1.62213740458015
			4.80916030534351	-1.6412213740458
			4.82824427480916	-1.66030534351145
			4.84732824427481	-1.6793893129771
			4.86641221374046	-1.69847328244275
			4.86641221374046	-1.7175572519084
			4.86641221374046	-1.73664122137405
			4.88549618320611	-1.75572519083969
			4.88549618320611	-1.77480916030534
			4.90458015267176	-1.79389312977099
			4.90458015267176	-1.81297709923664
			4.9236641221374	-1.83206106870229
			4.9236641221374	-1.85114503816794
			4.94274809160305	-1.87022900763359
			4.9618320610687	-1.88931297709924
			4.9618320610687	-1.90839694656489
			4.9618320610687	-1.92748091603053
			4.98091603053435	-1.94656488549618
			4.98091603053435	-1.96564885496183
			4.98091603053435	-1.98473282442748
			5	-2.00381679389313
			5	-2.02290076335878
			5	-2.04198473282443
			5	-2.06106870229008
			5.01908396946565	-2.08015267175573
			5.01908396946565	-2.09923664122137
			5.01908396946565	-2.11832061068702
			5.01908396946565	-2.13740458015267
			5.01908396946565	-2.15648854961832
			5.01908396946565	-2.17557251908397
			5.01908396946565	-2.19465648854962
			5.01908396946565	-2.21374045801527
			5.01908396946565	-2.23282442748092
			5.01908396946565	-2.25190839694656
			5.01908396946565	-2.27099236641221
			5.01908396946565	-2.29007633587786
			5.01908396946565	-2.30916030534351
			5	-2.32824427480916
			5	-2.34732824427481
			5	-2.36641221374046
			5	-2.38549618320611
			5	-2.40458015267176
			5	-2.4236641221374
			5	-2.44274809160305
			5	-2.4618320610687
			5	-2.48091603053435
			5	-2.5
			5	-2.51908396946565
			5	-2.5381679389313
			5	-2.55725190839695
			5.01908396946565	-2.55725190839695
			5.01908396946565	-2.5763358778626
			5.01908396946565	-2.59541984732824
			5.01908396946565	-2.61450381679389
			5.0381679389313	-2.61450381679389
			5.0381679389313	-2.63358778625954
			5.0381679389313	-2.65267175572519
			5.0381679389313	-2.67175572519084
			5.05725190839695	-2.67175572519084
			5.05725190839695	-2.69083969465649
			5.05725190839695	-2.70992366412214
			5.0763358778626	-2.72900763358779
			5.09541984732824	-2.74809160305344
			5.09541984732824	-2.76717557251908
			5.11450381679389	-2.78625954198473
			5.11450381679389	-2.80534351145038
			5.13358778625954	-2.82442748091603
			5.15267175572519	-2.84351145038168
			5.17175572519084	-2.86259541984733
			5.19083969465649	-2.88167938931298
			5.19083969465649	-2.90076335877863
			5.20992366412214	-2.91984732824427
			5.20992366412214	-2.93893129770992
			5.22900763358779	-2.95801526717557
			5.22900763358779	-2.97709923664122
			5.24809160305344	-2.99618320610687
			5.24809160305344	-3.01526717557252
			5.24809160305344	-3.03435114503817
			5.24809160305344	-3.05343511450382
			5.26717557251908	-3.05343511450382
			5.26717557251908	-3.07251908396947
			5.26717557251908	-3.09160305343511
			5.26717557251908	-3.11068702290076
			5.26717557251908	-3.12977099236641
			5.26717557251908	-3.14885496183206
			5.26717557251908	-3.16793893129771
			5.26717557251908	-3.18702290076336
			5.26717557251908	-3.20610687022901
			5.26717557251908	-3.22519083969466
			5.26717557251908	-3.24427480916031
			5.26717557251908	-3.26335877862595
			5.26717557251908	-3.2824427480916
			5.26717557251908	-3.30152671755725
			5.26717557251908	-3.3206106870229
			5.26717557251908	-3.33969465648855
			5.26717557251908	-3.3587786259542
			5.26717557251908	-3.37786259541985
			5.26717557251908	-3.3969465648855
			5.26717557251908	-3.41603053435115
			5.24809160305344	-3.43511450381679
			5.24809160305344	-3.45419847328244
			5.24809160305344	-3.47328244274809
			5.24809160305344	-3.49236641221374
			5.24809160305344	-3.51145038167939
			5.24809160305344	-3.53053435114504
			5.22900763358779	-3.54961832061069
			5.22900763358779	-3.56870229007634
			5.22900763358779	-3.58778625954198
			5.22900763358779	-3.60687022900763
			5.20992366412214	-3.62595419847328
			5.20992366412214	-3.64503816793893
			5.20992366412214	-3.66412213740458
			5.20992366412214	-3.68320610687023
			5.19083969465649	-3.70229007633588
			5.19083969465649	-3.72137404580153
			5.19083969465649	-3.74045801526718
			5.17175572519084	-3.75954198473282
			5.17175572519084	-3.77862595419847
			5.17175572519084	-3.79770992366412
			5.15267175572519	-3.81679389312977
			5.15267175572519	-3.83587786259542
			5.15267175572519	-3.85496183206107
			5.15267175572519	-3.87404580152672
			5.13358778625954	-3.87404580152672
			5.13358778625954	-3.89312977099237
			5.13358778625954	-3.91221374045802
			5.11450381679389	-3.93129770992366
			5.11450381679389	-3.95038167938931
			5.11450381679389	-3.96946564885496
			5.09541984732824	-3.98854961832061
			5.09541984732824	-4.00763358778626
			5.09541984732824	-4.02671755725191
			5.0763358778626	-4.02671755725191
			5.0763358778626	-4.04580152671756
			5.05725190839695	-4.06488549618321
			5.05725190839695	-4.08396946564886
			5.05725190839695	-4.1030534351145
			5.0381679389313	-4.12213740458015
			5.0381679389313	-4.1412213740458
			5.05725190839695	-4.16030534351145
			5.0763358778626	-4.1793893129771
			5.09541984732824	-4.19847328244275
			5.11450381679389	-4.19847328244275
			5.13358778625954	-4.2175572519084
			5.15267175572519	-4.23664122137405
			5.17175572519084	-4.2557251908397
			5.19083969465649	-4.27480916030534
			5.19083969465649	-4.29389312977099
			5.20992366412214	-4.31297709923664
			5.22900763358779	-4.33206106870229
			5.22900763358779	-4.35114503816794
			5.24809160305344	-4.35114503816794
			5.26717557251908	-4.37022900763359
			5.26717557251908	-4.38931297709924
			5.28625954198473	-4.40839694656489
			5.28625954198473	-4.42748091603053
			5.30534351145038	-4.44656488549618
			5.30534351145038	-4.46564885496183
			5.30534351145038	-4.48473282442748
			5.30534351145038	-4.50381679389313
			5.32442748091603	-4.50381679389313
			5.32442748091603	-4.52290076335878
			5.32442748091603	-4.54198473282443
			5.32442748091603	-4.56106870229008
			5.32442748091603	-4.58015267175573
			5.34351145038168	-4.59923664122137
			5.34351145038168	-4.61832061068702
			5.34351145038168	-4.63740458015267
			5.34351145038168	-4.65648854961832
			5.34351145038168	-4.67557251908397
			5.34351145038168	-4.69465648854962
			5.34351145038168	-4.71374045801527
			5.34351145038168	-4.73282442748092
			5.34351145038168	-4.75190839694656
			5.34351145038168	-4.77099236641221
			5.34351145038168	-4.79007633587786
			5.34351145038168	-4.80916030534351
			5.34351145038168	-4.82824427480916
			5.32442748091603	-4.84732824427481
			5.32442748091603	-4.86641221374046
			5.32442748091603	-4.88549618320611
			5.32442748091603	-4.90458015267176
		</glabella>
		<suture type=matrix rownames=FALSE colnames=FALSE nrow=388 ncol=2 as.numeric=TRUE >
			3.93129770992366	-0.419847328244275
			3.95038167938931	-0.419847328244275
			3.96946564885496	-0.419847328244275
			3.98854961832061	-0.419847328244275
			4.00763358778626	-0.419847328244275
			4.02671755725191	-0.419847328244275
			4.04580152671756	-0.419847328244275
			4.06488549618321	-0.419847328244275
			4.08396946564886	-0.419847328244275
			4.1030534351145	-0.419847328244275
			4.12213740458015	-0.419847328244275
			4.1412213740458	-0.438931297709924
			4.16030534351145	-0.438931297709924
			4.1793893129771	-0.438931297709924
			4.19847328244275	-0.438931297709924
			4.2175572519084	-0.438931297709924
			4.23664122137405	-0.438931297709924
			4.2557251908397	-0.438931297709924
			4.27480916030534	-0.438931297709924
			4.29389312977099	-0.438931297709924
			4.31297709923664	-0.458015267175573
			4.33206106870229	-0.458015267175573
			4.35114503816794	-0.458015267175573
			4.37022900763359	-0.458015267175573
			4.38931297709924	-0.458015267175573
			4.40839694656489	-0.458015267175573
			4.42748091603053	-0.477099236641221
			4.44656488549618	-0.477099236641221
			4.46564885496183	-0.477099236641221
			4.48473282442748	-0.477099236641221
			4.50381679389313	-0.477099236641221
			4.52290076335878	-0.49618320610687
			4.54198473282443	-0.49618320610687
			4.56106870229008	-0.49618320610687
			4.58015267175573	-0.49618320610687
			4.59923664122137	-0.49618320610687
			4.61832061068702	-0.515267175572519
			4.63740458015267	-0.515267175572519
			4.65648854961832	-0.515267175572519
			4.67557251908397	-0.515267175572519
			4.69465648854962	-0.534351145038168
			4.71374045801527	-0.534351145038168
			4.73282442748092	-0.534351145038168
			4.75190839694656	-0.553435114503817
			4.77099236641221	-0.553435114503817
			4.79007633587786	-0.553435114503817
			4.80916030534351	-0.553435114503817
			4.82824427480916	-0.572519083969466
			4.84732824427481	-0.572519083969466
			4.86641221374046	-0.572519083969466
			4.88549618320611	-0.591603053435115
			4.90458015267176	-0.591603053435115
			4.9236641221374	-0.591603053435115
			4.94274809160305	-0.610687022900763
			4.9618320610687	-0.610687022900763
			4.98091603053435	-0.610687022900763
			4.98091603053435	-0.629770992366412
			5	-0.629770992366412
			5.01908396946565	-0.648854961832061
			5.0381679389313	-0.648854961832061
			5.05725190839695	-0.66793893129771
			5.0763358778626	-0.687022900763359
			5.09541984732824	-0.687022900763359
			5.11450381679389	-0.706106870229008
			5.13358778625954	-0.706106870229008
			5.15267175572519	-0.725190839694656
			5.17175572519084	-0.744274809160305
			5.19083969465649	-0.744274809160305
			5.20992366412214	-0.763358778625954
			5.22900763358779	-0.763358778625954
			5.22900763358779	-0.782442748091603
			5.24809160305344	-0.782442748091603
			5.26717557251908	-0.801526717557252
			5.28625954198473	-0.801526717557252
			5.30534351145038	-0.820610687022901
			5.32442748091603	-0.83969465648855
			5.34351145038168	-0.83969465648855
			5.36259541984733	-0.858778625954199
			5.38167938931298	-0.858778625954199
			5.38167938931298	-0.877862595419847
			5.40076335877863	-0.877862595419847
			5.41984732824428	-0.896946564885496
			5.43893129770992	-0.896946564885496
			5.45801526717557	-0.916030534351145
			5.47709923664122	-0.935114503816794
			5.49618320610687	-0.954198473282443
			5.51526717557252	-0.973282442748092
			5.53435114503817	-0.973282442748092
			5.55343511450382	-0.99236641221374
			5.57251908396947	-1.01145038167939
			5.59160305343512	-1.01145038167939
			5.59160305343512	-1.03053435114504
			5.61068702290076	-1.04961832061069
			5.62977099236641	-1.06870229007634
			5.64885496183206	-1.08778625954198
			5.64885496183206	-1.10687022900763
			5.66793893129771	-1.12595419847328
			5.66793893129771	-1.14503816793893
			5.68702290076336	-1.16412213740458
			5.68702290076336	-1.18320610687023
			5.68702290076336	-1.20229007633588
			5.70610687022901	-1.22137404580153
			5.70610687022901	-1.24045801526718
			5.70610687022901	-1.25954198473282
			5.70610687022901	-1.27862595419847
			5.70610687022901	-1.29770992366412
			5.70610687022901	-1.31679389312977
			5.70610687022901	-1.33587786259542
			5.70610687022901	-1.35496183206107
			5.70610687022901	-1.37404580152672
			5.70610687022901	-1.39312977099237
			5.70610687022901	-1.41221374045802
			5.70610687022901	-1.43129770992366
			5.70610687022901	-1.45038167938931
			5.70610687022901	-1.46946564885496
			5.70610687022901	-1.48854961832061
			5.70610687022901	-1.50763358778626
			5.70610687022901	-1.52671755725191
			5.68702290076336	-1.54580152671756
			5.68702290076336	-1.56488549618321
			5.68702290076336	-1.58396946564885
			5.66793893129771	-1.6030534351145
			5.66793893129771	-1.62213740458015
			5.64885496183206	-1.6412213740458
			5.64885496183206	-1.66030534351145
			5.62977099236641	-1.6793893129771
			5.61068702290076	-1.69847328244275
			5.61068702290076	-1.7175572519084
			5.59160305343512	-1.73664122137405
			5.57251908396947	-1.75572519083969
			5.55343511450382	-1.77480916030534
			5.53435114503817	-1.77480916030534
			5.53435114503817	-1.79389312977099
			5.51526717557252	-1.81297709923664
			5.49618320610687	-1.83206106870229
			5.47709923664122	-1.83206106870229
			5.45801526717557	-1.85114503816794
			5.43893129770992	-1.87022900763359
			5.41984732824428	-1.88931297709924
			5.40076335877863	-1.90839694656489
			5.38167938931298	-1.92748091603053
			5.36259541984733	-1.94656488549618
			5.34351145038168	-1.96564885496183
			5.32442748091603	-1.98473282442748
			5.32442748091603	-2.00381679389313
			5.30534351145038	-2.02290076335878
			5.28625954198473	-2.04198473282443
			5.26717557251908	-2.06106870229008
			5.24809160305344	-2.08015267175573
			5.22900763358779	-2.09923664122137
			5.22900763358779	-2.11832061068702
			5.20992366412214	-2.13740458015267
			5.19083969465649	-2.15648854961832
			5.17175572519084	-2.17557251908397
			5.15267175572519	-2.19465648854962
			5.15267175572519	-2.21374045801527
			5.13358778625954	-2.23282442748092
			5.13358778625954	-2.25190839694656
			5.13358778625954	-2.27099236641221
			5.13358778625954	-2.29007633587786
			5.13358778625954	-2.30916030534351
			5.13358778625954	-2.32824427480916
			5.15267175572519	-2.32824427480916
			5.17175572519084	-2.32824427480916
			5.19083969465649	-2.34732824427481
			5.20992366412214	-2.34732824427481
			5.22900763358779	-2.34732824427481
			5.24809160305344	-2.34732824427481
			5.26717557251908	-2.36641221374046
			5.28625954198473	-2.36641221374046
			5.30534351145038	-2.36641221374046
			5.32442748091603	-2.38549618320611
			5.34351145038168	-2.38549618320611
			5.36259541984733	-2.38549618320611
			5.38167938931298	-2.38549618320611
			5.38167938931298	-2.40458015267176
			5.40076335877863	-2.40458015267176
			5.41984732824428	-2.40458015267176
			5.43893129770992	-2.4236641221374
			5.45801526717557	-2.4236641221374
			5.47709923664122	-2.4236641221374
			5.47709923664122	-2.44274809160305
			5.49618320610687	-2.44274809160305
			5.51526717557252	-2.4618320610687
			5.53435114503817	-2.4618320610687
			5.55343511450382	-2.4618320610687
			5.55343511450382	-2.48091603053435
			5.57251908396947	-2.48091603053435
			5.59160305343512	-2.5
			5.61068702290076	-2.5
			5.62977099236641	-2.51908396946565
			5.64885496183206	-2.5381679389313
			5.66793893129771	-2.5381679389313
			5.68702290076336	-2.55725190839695
			5.70610687022901	-2.5763358778626
			5.72519083969466	-2.5763358778626
			5.72519083969466	-2.59541984732824
			5.74427480916031	-2.59541984732824
			5.76335877862595	-2.61450381679389
			5.7824427480916	-2.63358778625954
			5.80152671755725	-2.65267175572519
			5.8206106870229	-2.67175572519084
			5.83969465648855	-2.69083969465649
			5.8587786259542	-2.70992366412214
			5.8587786259542	-2.72900763358779
			5.87786259541985	-2.74809160305344
			5.8969465648855	-2.76717557251908
			5.91603053435114	-2.78625954198473
			5.91603053435114	-2.80534351145038
			5.93511450381679	-2.82442748091603
			5.93511450381679	-2.84351145038168
			5.95419847328244	-2.86259541984733
			5.97328244274809	-2.88167938931298
			5.97328244274809	-2.90076335877863
			5.99236641221374	-2.91984732824427
			5.99236641221374	-2.93893129770992
			6.01145038167939	-2.95801526717557
			6.01145038167939	-2.97709923664122
			6.01145038167939	-2.99618320610687
			6.03053435114504	-3.01526717557252
			6.03053435114504	-3.03435114503817
			6.03053435114504	-3.05343511450382
			6.03053435114504	-3.07251908396947
			6.04961832061069	-3.09160305343511
			6.04961832061069	-3.11068702290076
			6.04961832061069	-3.12977099236641
			6.04961832061069	-3.14885496183206
			6.04961832061069	-3.16793893129771
			6.06870229007634	-3.18702290076336
			6.06870229007634	-3.20610687022901
			6.06870229007634	-3.22519083969466
			6.06870229007634	-3.24427480916031
			6.06870229007634	-3.26335877862595
			6.06870229007634	-3.2824427480916
			6.06870229007634	-3.30152671755725
			6.06870229007634	-3.3206106870229
			6.06870229007634	-3.33969465648855
			6.06870229007634	-3.3587786259542
			6.06870229007634	-3.37786259541985
			6.06870229007634	-3.3969465648855
			6.06870229007634	-3.41603053435115
			6.06870229007634	-3.43511450381679
			6.06870229007634	-3.45419847328244
			6.06870229007634	-3.47328244274809
			6.06870229007634	-3.49236641221374
			6.04961832061069	-3.51145038167939
			6.04961832061069	-3.53053435114504
			6.04961832061069	-3.54961832061069
			6.04961832061069	-3.56870229007634
			6.03053435114504	-3.58778625954198
			6.03053435114504	-3.60687022900763
			6.01145038167939	-3.62595419847328
			6.01145038167939	-3.64503816793893
			5.99236641221374	-3.66412213740458
			5.99236641221374	-3.68320610687023
			5.97328244274809	-3.68320610687023
			5.97328244274809	-3.70229007633588
			5.95419847328244	-3.72137404580153
			5.95419847328244	-3.74045801526718
			5.93511450381679	-3.75954198473282
			5.91603053435114	-3.77862595419847
			5.8969465648855	-3.79770992366412
			5.87786259541985	-3.81679389312977
			5.8587786259542	-3.83587786259542
			5.83969465648855	-3.85496183206107
			5.8206106870229	-3.87404580152672
			5.80152671755725	-3.89312977099237
			5.7824427480916	-3.91221374045802
			5.76335877862595	-3.93129770992366
			5.74427480916031	-3.95038167938931
			5.72519083969466	-3.96946564885496
			5.70610687022901	-3.98854961832061
			5.68702290076336	-4.00763358778626
			5.66793893129771	-4.02671755725191
			5.64885496183206	-4.02671755725191
			5.62977099236641	-4.04580152671756
			5.61068702290076	-4.04580152671756
			5.61068702290076	-4.06488549618321
			5.59160305343512	-4.06488549618321
			5.57251908396947	-4.06488549618321
			5.57251908396947	-4.08396946564886
			5.55343511450382	-4.08396946564886
			5.53435114503817	-4.1030534351145
			5.51526717557252	-4.1030534351145
			5.51526717557252	-4.12213740458015
			5.49618320610687	-4.12213740458015
			5.47709923664122	-4.1412213740458
			5.45801526717557	-4.1412213740458
			5.43893129770992	-4.16030534351145
			5.41984732824428	-4.16030534351145
			5.40076335877863	-4.1793893129771
			5.38167938931298	-4.1793893129771
			5.36259541984733	-4.19847328244275
			5.34351145038168	-4.19847328244275
			5.32442748091603	-4.2175572519084
			5.30534351145038	-4.23664122137405
			5.30534351145038	-4.2557251908397
			5.30534351145038	-4.27480916030534
			5.28625954198473	-4.29389312977099
			5.30534351145038	-4.31297709923664
			5.30534351145038	-4.33206106870229
			5.32442748091603	-4.35114503816794
			5.34351145038168	-4.37022900763359
			5.36259541984733	-4.37022900763359
			5.38167938931298	-4.38931297709924
			5.40076335877863	-4.38931297709924
			5.41984732824428	-4.40839694656489
			5.43893129770992	-4.40839694656489
			5.45801526717557	-4.40839694656489
			5.47709923664122	-4.40839694656489
			5.49618320610687	-4.42748091603053
			5.51526717557252	-4.42748091603053
			5.53435114503817	-4.42748091603053
			5.55343511450382	-4.42748091603053
			5.57251908396947	-4.42748091603053
			5.59160305343512	-4.42748091603053
			5.61068702290076	-4.44656488549618
			5.62977099236641	-4.44656488549618
			5.64885496183206	-4.44656488549618
			5.66793893129771	-4.44656488549618
			5.68702290076336	-4.44656488549618
			5.70610687022901	-4.44656488549618
			5.72519083969466	-4.44656488549618
			5.74427480916031	-4.44656488549618
			5.76335877862595	-4.46564885496183
			5.7824427480916	-4.46564885496183
			5.80152671755725	-4.46564885496183
			5.8206106870229	-4.46564885496183
			5.83969465648855	-4.46564885496183
			5.8587786259542	-4.48473282442748
			5.87786259541985	-4.48473282442748
			5.8969465648855	-4.48473282442748
			5.91603053435114	-4.48473282442748
			5.93511450381679	-4.50381679389313
			5.95419847328244	-4.50381679389313
			5.97328244274809	-4.50381679389313
			5.99236641221374	-4.52290076335878
			6.01145038167939	-4.52290076335878
			6.03053435114504	-4.52290076335878
			6.04961832061069	-4.52290076335878
			6.06870229007634	-4.54198473282443
			6.08778625954198	-4.54198473282443
			6.10687022900763	-4.54198473282443
			6.12595419847328	-4.56106870229008
			6.14503816793893	-4.56106870229008
			6.16412213740458	-4.58015267175573
			6.18320610687023	-4.58015267175573
			6.20229007633588	-4.58015267175573
			6.22137404580153	-4.59923664122137
			6.24045801526718	-4.59923664122137
			6.25954198473282	-4.61832061068702
			6.27862595419847	-4.61832061068702
			6.29770992366412	-4.63740458015267
			6.31679389312977	-4.63740458015267
			6.33587786259542	-4.63740458015267
			6.33587786259542	-4.65648854961832
			6.35496183206107	-4.65648854961832
			6.37404580152672	-4.65648854961832
			6.37404580152672	-4.67557251908397
			6.39312977099237	-4.67557251908397
			6.41221374045802	-4.67557251908397
			6.41221374045802	-4.69465648854962
			6.43129770992366	-4.69465648854962
			6.45038167938931	-4.71374045801527
			6.46946564885496	-4.73282442748092
			6.48854961832061	-4.73282442748092
			6.50763358778626	-4.75190839694656
			6.52671755725191	-4.75190839694656
			6.54580152671756	-4.77099236641221
			6.56488549618321	-4.79007633587786
			6.58396946564886	-4.80916030534351
			6.6030534351145	-4.80916030534351
			6.62213740458015	-4.82824427480916
			6.6412213740458	-4.84732824427481
			6.66030534351145	-4.84732824427481
			6.66030534351145	-4.86641221374046
			6.6793893129771	-4.88549618320611
			6.69847328244275	-4.90458015267176
			6.7175572519084	-4.90458015267176
			6.73664122137405	-4.9236641221374
			6.73664122137405	-4.94274809160305
			6.7557251908397	-4.9618320610687
			6.77480916030534	-4.98091603053435
			6.79389312977099	-4.98091603053435
			6.81297709923664	-5
			6.81297709923664	-5.01908396946565
			6.83206106870229	-5.0381679389313
			6.85114503816794	-5.05725190839695
		</suture>
		<anterior type=matrix rownames=FALSE colnames=FALSE nrow=329 ncol=2 as.numeric=TRUE >
			3.93129770992366	-0.419847328244275
			3.95038167938931	-0.419847328244275
			3.96946564885496	-0.419847328244275
			3.98854961832061	-0.419847328244275
			4.00763358778626	-0.419847328244275
			4.02671755725191	-0.419847328244275
			4.04580152671756	-0.419847328244275
			4.06488549618321	-0.419847328244275
			4.08396946564886	-0.419847328244275
			4.1030534351145	-0.419847328244275
			4.12213740458015	-0.419847328244275
			4.1412213740458	-0.419847328244275
			4.16030534351145	-0.419847328244275
			4.1793893129771	-0.419847328244275
			4.19847328244275	-0.419847328244275
			4.2175572519084	-0.419847328244275
			4.23664122137405	-0.438931297709924
			4.2557251908397	-0.438931297709924
			4.27480916030534	-0.438931297709924
			4.29389312977099	-0.438931297709924
			4.31297709923664	-0.438931297709924
			4.33206106870229	-0.438931297709924
			4.35114503816794	-0.438931297709924
			4.37022900763359	-0.438931297709924
			4.38931297709924	-0.458015267175573
			4.40839694656489	-0.458015267175573
			4.42748091603053	-0.458015267175573
			4.44656488549618	-0.458015267175573
			4.46564885496183	-0.458015267175573
			4.48473282442748	-0.458015267175573
			4.50381679389313	-0.477099236641221
			4.52290076335878	-0.477099236641221
			4.54198473282443	-0.477099236641221
			4.56106870229008	-0.477099236641221
			4.58015267175573	-0.49618320610687
			4.59923664122137	-0.49618320610687
			4.61832061068702	-0.49618320610687
			4.63740458015267	-0.49618320610687
			4.65648854961832	-0.49618320610687
			4.67557251908397	-0.515267175572519
			4.69465648854962	-0.515267175572519
			4.71374045801527	-0.515267175572519
			4.73282442748092	-0.515267175572519
			4.75190839694656	-0.515267175572519
			4.77099236641221	-0.534351145038168
			4.79007633587786	-0.534351145038168
			4.80916030534351	-0.534351145038168
			4.82824427480916	-0.553435114503817
			4.84732824427481	-0.553435114503817
			4.86641221374046	-0.553435114503817
			4.88549618320611	-0.553435114503817
			4.90458015267176	-0.553435114503817
			4.90458015267176	-0.572519083969466
			4.9236641221374	-0.572519083969466
			4.94274809160305	-0.572519083969466
			4.9618320610687	-0.572519083969466
			4.98091603053435	-0.591603053435115
			5	-0.591603053435115
			5.01908396946565	-0.591603053435115
			5.0381679389313	-0.591603053435115
			5.0381679389313	-0.610687022900763
			5.05725190839695	-0.610687022900763
			5.0763358778626	-0.610687022900763
			5.09541984732824	-0.610687022900763
			5.11450381679389	-0.629770992366412
			5.13358778625954	-0.629770992366412
			5.15267175572519	-0.648854961832061
			5.17175572519084	-0.648854961832061
			5.19083969465649	-0.66793893129771
			5.20992366412214	-0.66793893129771
			5.22900763358779	-0.687022900763359
			5.24809160305344	-0.706106870229008
			5.26717557251908	-0.706106870229008
			5.28625954198473	-0.725190839694656
			5.30534351145038	-0.725190839694656
			5.32442748091603	-0.744274809160305
			5.34351145038168	-0.763358778625954
			5.36259541984733	-0.763358778625954
			5.38167938931298	-0.782442748091603
			5.40076335877863	-0.782442748091603
			5.41984732824428	-0.801526717557252
			5.43893129770992	-0.820610687022901
			5.45801526717557	-0.820610687022901
			5.47709923664122	-0.83969465648855
			5.49618320610687	-0.83969465648855
			5.51526717557252	-0.858778625954199
			5.53435114503817	-0.877862595419847
			5.55343511450382	-0.877862595419847
			5.57251908396947	-0.896946564885496
			5.59160305343512	-0.896946564885496
			5.59160305343512	-0.916030534351145
			5.61068702290076	-0.935114503816794
			5.62977099236641	-0.935114503816794
			5.64885496183206	-0.954198473282443
			5.66793893129771	-0.973282442748092
			5.68702290076336	-0.973282442748092
			5.70610687022901	-0.99236641221374
			5.72519083969466	-0.99236641221374
			5.74427480916031	-1.01145038167939
			5.76335877862595	-1.03053435114504
			5.7824427480916	-1.03053435114504
			5.7824427480916	-1.04961832061069
			5.80152671755725	-1.06870229007634
			5.8206106870229	-1.06870229007634
			5.83969465648855	-1.08778625954198
			5.8587786259542	-1.10687022900763
			5.87786259541985	-1.10687022900763
			5.8969465648855	-1.12595419847328
			5.91603053435114	-1.14503816793893
			5.93511450381679	-1.16412213740458
			5.95419847328244	-1.18320610687023
			5.97328244274809	-1.20229007633588
			5.99236641221374	-1.20229007633588
			6.01145038167939	-1.22137404580153
			6.03053435114504	-1.24045801526718
			6.04961832061069	-1.25954198473282
			6.06870229007634	-1.27862595419847
			6.08778625954198	-1.29770992366412
			6.10687022900763	-1.29770992366412
			6.12595419847328	-1.31679389312977
			6.14503816793893	-1.33587786259542
			6.16412213740458	-1.35496183206107
			6.18320610687023	-1.37404580152672
			6.20229007633588	-1.39312977099237
			6.22137404580153	-1.41221374045802
			6.24045801526718	-1.41221374045802
			6.25954198473282	-1.43129770992366
			6.27862595419847	-1.45038167938931
			6.29770992366412	-1.46946564885496
			6.31679389312977	-1.48854961832061
			6.33587786259542	-1.50763358778626
			6.35496183206107	-1.52671755725191
			6.37404580152672	-1.54580152671756
			6.39312977099237	-1.56488549618321
			6.41221374045802	-1.58396946564885
			6.43129770992366	-1.6030534351145
			6.45038167938931	-1.62213740458015
			6.46946564885496	-1.6412213740458
			6.48854961832061	-1.66030534351145
			6.50763358778626	-1.6793893129771
			6.52671755725191	-1.69847328244275
			6.52671755725191	-1.7175572519084
			6.54580152671756	-1.73664122137405
			6.56488549618321	-1.73664122137405
			6.58396946564886	-1.75572519083969
			6.58396946564886	-1.77480916030534
			6.6030534351145	-1.79389312977099
			6.62213740458015	-1.81297709923664
			6.6412213740458	-1.81297709923664
			6.6412213740458	-1.83206106870229
			6.66030534351145	-1.85114503816794
			6.6793893129771	-1.87022900763359
			6.6793893129771	-1.88931297709924
			6.69847328244275	-1.90839694656489
			6.7175572519084	-1.90839694656489
			6.7175572519084	-1.92748091603053
			6.73664122137405	-1.94656488549618
			6.7557251908397	-1.96564885496183
			6.77480916030534	-1.98473282442748
			6.77480916030534	-2.00381679389313
			6.79389312977099	-2.00381679389313
			6.81297709923664	-2.02290076335878
			6.81297709923664	-2.04198473282443
			6.83206106870229	-2.06106870229008
			6.85114503816794	-2.08015267175573
			6.85114503816794	-2.09923664122137
			6.87022900763359	-2.11832061068702
			6.88931297709924	-2.11832061068702
			6.88931297709924	-2.13740458015267
			6.90839694656489	-2.15648854961832
			6.90839694656489	-2.17557251908397
			6.92748091603053	-2.19465648854962
			6.94656488549618	-2.21374045801527
			6.94656488549618	-2.23282442748092
			6.96564885496183	-2.25190839694656
			6.98473282442748	-2.25190839694656
			6.98473282442748	-2.27099236641221
			7.00381679389313	-2.29007633587786
			7.00381679389313	-2.30916030534351
			7.02290076335878	-2.32824427480916
			7.04198473282443	-2.34732824427481
			7.04198473282443	-2.36641221374046
			7.06106870229008	-2.38549618320611
			7.06106870229008	-2.40458015267176
			7.08015267175573	-2.4236641221374
			7.09923664122137	-2.44274809160305
			7.11832061068702	-2.4618320610687
			7.11832061068702	-2.48091603053435
			7.13740458015267	-2.5
			7.13740458015267	-2.51908396946565
			7.15648854961832	-2.51908396946565
			7.15648854961832	-2.5381679389313
			7.15648854961832	-2.55725190839695
			7.17557251908397	-2.55725190839695
			7.17557251908397	-2.5763358778626
			7.19465648854962	-2.59541984732824
			7.19465648854962	-2.61450381679389
			7.21374045801527	-2.63358778625954
			7.23282442748092	-2.65267175572519
			7.23282442748092	-2.67175572519084
			7.23282442748092	-2.69083969465649
			7.25190839694656	-2.70992366412214
			7.25190839694656	-2.72900763358779
			7.27099236641221	-2.72900763358779
			7.27099236641221	-2.74809160305344
			7.29007633587786	-2.76717557251908
			7.29007633587786	-2.78625954198473
			7.30916030534351	-2.80534351145038
			7.30916030534351	-2.82442748091603
			7.32824427480916	-2.84351145038168
			7.32824427480916	-2.86259541984733
			7.34732824427481	-2.88167938931298
			7.34732824427481	-2.90076335877863
			7.36641221374046	-2.91984732824427
			7.36641221374046	-2.93893129770992
			7.38549618320611	-2.95801526717557
			7.38549618320611	-2.97709923664122
			7.40458015267176	-2.99618320610687
			7.40458015267176	-3.01526717557252
			7.4236641221374	-3.03435114503817
			7.4236641221374	-3.05343511450382
			7.4236641221374	-3.07251908396947
			7.44274809160305	-3.07251908396947
			7.44274809160305	-3.09160305343511
			7.44274809160305	-3.11068702290076
			7.4618320610687	-3.12977099236641
			7.4618320610687	-3.14885496183206
			7.48091603053435	-3.16793893129771
			7.48091603053435	-3.18702290076336
			7.48091603053435	-3.20610687022901
			7.5	-3.22519083969466
			7.5	-3.24427480916031
			7.51908396946565	-3.26335877862595
			7.51908396946565	-3.2824427480916
			7.51908396946565	-3.30152671755725
			7.5381679389313	-3.3206106870229
			7.5381679389313	-3.33969465648855
			7.55725190839695	-3.3587786259542
			7.55725190839695	-3.37786259541985
			7.55725190839695	-3.3969465648855
			7.5763358778626	-3.41603053435115
			7.5763358778626	-3.43511450381679
			7.5763358778626	-3.45419847328244
			7.59541984732824	-3.47328244274809
			7.59541984732824	-3.49236641221374
			7.59541984732824	-3.51145038167939
			7.61450381679389	-3.53053435114504
			7.61450381679389	-3.54961832061069
			7.61450381679389	-3.56870229007634
			7.63358778625954	-3.58778625954198
			7.63358778625954	-3.60687022900763
			7.63358778625954	-3.62595419847328
			7.65267175572519	-3.62595419847328
			7.65267175572519	-3.64503816793893
			7.65267175572519	-3.66412213740458
			7.65267175572519	-3.68320610687023
			7.67175572519084	-3.70229007633588
			7.67175572519084	-3.72137404580153
			7.67175572519084	-3.74045801526718
			7.69083969465649	-3.75954198473282
			7.69083969465649	-3.77862595419847
			7.69083969465649	-3.79770992366412
			7.70992366412214	-3.81679389312977
			7.70992366412214	-3.83587786259542
			7.70992366412214	-3.85496183206107
			7.70992366412214	-3.87404580152672
			7.72900763358779	-3.89312977099237
			7.72900763358779	-3.91221374045802
			7.72900763358779	-3.93129770992366
			7.72900763358779	-3.95038167938931
			7.74809160305344	-3.96946564885496
			7.74809160305344	-3.98854961832061
			7.74809160305344	-4.00763358778626
			7.74809160305344	-4.02671755725191
			7.74809160305344	-4.04580152671756
			7.76717557251908	-4.06488549618321
			7.76717557251908	-4.08396946564886
			7.76717557251908	-4.1030534351145
			7.76717557251908	-4.12213740458015
			7.78625954198473	-4.1412213740458
			7.78625954198473	-4.16030534351145
			7.78625954198473	-4.1793893129771
			7.78625954198473	-4.19847328244275
			7.80534351145038	-4.2175572519084
			7.80534351145038	-4.23664122137405
			7.80534351145038	-4.2557251908397
			7.80534351145038	-4.27480916030534
			7.80534351145038	-4.29389312977099
			7.82442748091603	-4.31297709923664
			7.82442748091603	-4.33206106870229
			7.82442748091603	-4.35114503816794
			7.82442748091603	-4.37022900763359
			7.82442748091603	-4.38931297709924
			7.84351145038168	-4.40839694656489
			7.84351145038168	-4.42748091603053
			7.84351145038168	-4.44656488549618
			7.84351145038168	-4.46564885496183
			7.84351145038168	-4.48473282442748
			7.84351145038168	-4.50381679389313
			7.86259541984733	-4.52290076335878
			7.86259541984733	-4.54198473282443
			7.86259541984733	-4.56106870229008
			7.86259541984733	-4.58015267175573
			7.86259541984733	-4.59923664122137
			7.86259541984733	-4.61832061068702
			7.86259541984733	-4.63740458015267
			7.88167938931298	-4.65648854961832
			7.88167938931298	-4.67557251908397
			7.88167938931298	-4.69465648854962
			7.88167938931298	-4.71374045801527
			7.88167938931298	-4.73282442748092
			7.88167938931298	-4.75190839694656
			7.88167938931298	-4.77099236641221
			7.90076335877863	-4.79007633587786
			7.90076335877863	-4.80916030534351
			7.90076335877863	-4.82824427480916
			7.90076335877863	-4.84732824427481
			7.90076335877863	-4.86641221374046
			7.90076335877863	-4.88549618320611
			7.90076335877863	-4.90458015267176
			7.90076335877863	-4.9236641221374
			7.90076335877863	-4.94274809160305
			7.91984732824428	-4.9618320610687
			7.91984732824428	-4.98091603053435
			7.91984732824428	-5
			7.91984732824428	-5.01908396946565
			7.91984732824428	-5.0381679389313
			7.91984732824428	-5.05725190839695
			7.91984732824428	-5.0763358778626
		</anterior>
		<posterior type=matrix rownames=FALSE colnames=FALSE nrow=443 ncol=2 as.numeric=TRUE >
			3.93129770992366	-5.0763358778626
			3.95038167938931	-5.0763358778626
			3.96946564885496	-5.0763358778626
			3.98854961832061	-5.0763358778626
			4.00763358778626	-5.0763358778626
			4.02671755725191	-5.0763358778626
			4.04580152671756	-5.0763358778626
			4.06488549618321	-5.0763358778626
			4.08396946564886	-5.0763358778626
			4.1030534351145	-5.0763358778626
			4.12213740458015	-5.0763358778626
			4.1412213740458	-5.0763358778626
			4.16030534351145	-5.0763358778626
			4.1793893129771	-5.0763358778626
			4.19847328244275	-5.0763358778626
			4.2175572519084	-5.0763358778626
			4.23664122137405	-5.0763358778626
			4.2557251908397	-5.0763358778626
			4.27480916030534	-5.0763358778626
			4.29389312977099	-5.0763358778626
			4.31297709923664	-5.0763358778626
			4.33206106870229	-5.0763358778626
			4.35114503816794	-5.0763358778626
			4.37022900763359	-5.0763358778626
			4.38931297709924	-5.0763358778626
			4.40839694656489	-5.05725190839695
			4.42748091603053	-5.05725190839695
			4.44656488549618	-5.05725190839695
			4.46564885496183	-5.05725190839695
			4.48473282442748	-5.05725190839695
			4.50381679389313	-5.05725190839695
			4.52290076335878	-5.05725190839695
			4.54198473282443	-5.05725190839695
			4.56106870229008	-5.05725190839695
			4.58015267175573	-5.0381679389313
			4.59923664122137	-5.0381679389313
			4.61832061068702	-5.0381679389313
			4.63740458015267	-5.0381679389313
			4.65648854961832	-5.0381679389313
			4.67557251908397	-5.0381679389313
			4.69465648854962	-5.0381679389313
			4.71374045801527	-5.01908396946565
			4.73282442748092	-5.01908396946565
			4.75190839694656	-5.01908396946565
			4.77099236641221	-5.01908396946565
			4.79007633587786	-5.01908396946565
			4.80916030534351	-5.01908396946565
			4.82824427480916	-5.01908396946565
			4.84732824427481	-5
			4.86641221374046	-5
			4.88549618320611	-5
			4.90458015267176	-5
			4.9236641221374	-5
			4.94274809160305	-5
			4.9618320610687	-4.98091603053435
			4.98091603053435	-4.98091603053435
			5	-4.98091603053435
			5.01908396946565	-4.98091603053435
			5.0381679389313	-4.98091603053435
			5.05725190839695	-4.98091603053435
			5.0763358778626	-4.9618320610687
			5.09541984732824	-4.9618320610687
			5.11450381679389	-4.9618320610687
			5.13358778625954	-4.9618320610687
			5.15267175572519	-4.9618320610687
			5.17175572519084	-4.94274809160305
			5.19083969465649	-4.94274809160305
			5.20992366412214	-4.94274809160305
			5.22900763358779	-4.94274809160305
			5.24809160305344	-4.94274809160305
			5.26717557251908	-4.9236641221374
			5.28625954198473	-4.9236641221374
			5.30534351145038	-4.9236641221374
			5.32442748091603	-4.9236641221374
			5.34351145038168	-4.9236641221374
			5.36259541984733	-4.9236641221374
			5.38167938931298	-4.9236641221374
			5.40076335877863	-4.90458015267176
			5.41984732824428	-4.90458015267176
			5.43893129770992	-4.90458015267176
			5.45801526717557	-4.90458015267176
			5.47709923664122	-4.90458015267176
			5.49618320610687	-4.90458015267176
			5.51526717557252	-4.90458015267176
			5.53435114503817	-4.90458015267176
			5.55343511450382	-4.90458015267176
			5.57251908396947	-4.90458015267176
			5.59160305343512	-4.90458015267176
			5.61068702290076	-4.90458015267176
			5.62977099236641	-4.90458015267176
			5.64885496183206	-4.90458015267176
			5.66793893129771	-4.90458015267176
			5.68702290076336	-4.90458015267176
			5.70610687022901	-4.90458015267176
			5.72519083969466	-4.90458015267176
			5.74427480916031	-4.90458015267176
			5.76335877862595	-4.90458015267176
			5.7824427480916	-4.90458015267176
			5.80152671755725	-4.90458015267176
			5.8206106870229	-4.90458015267176
			5.83969465648855	-4.9236641221374
			5.8587786259542	-4.9236641221374
			5.87786259541985	-4.9236641221374
			5.8969465648855	-4.9236641221374
			5.91603053435114	-4.9236641221374
			5.93511450381679	-4.9236641221374
			5.95419847328244	-4.9236641221374
			5.97328244274809	-4.9236641221374
			5.99236641221374	-4.9236641221374
			6.01145038167939	-4.9236641221374
			6.03053435114504	-4.9236641221374
			6.03053435114504	-4.94274809160305
			6.04961832061069	-4.94274809160305
			6.06870229007634	-4.94274809160305
			6.08778625954198	-4.94274809160305
			6.10687022900763	-4.94274809160305
			6.12595419847328	-4.94274809160305
			6.14503816793893	-4.94274809160305
			6.16412213740458	-4.94274809160305
			6.18320610687023	-4.9618320610687
			6.20229007633588	-4.9618320610687
			6.22137404580153	-4.9618320610687
			6.24045801526718	-4.9618320610687
			6.25954198473282	-4.9618320610687
			6.27862595419847	-4.9618320610687
			6.29770992366412	-4.9618320610687
			6.31679389312977	-4.98091603053435
			6.33587786259542	-4.98091603053435
			6.35496183206107	-4.98091603053435
			6.37404580152672	-4.98091603053435
			6.39312977099237	-4.98091603053435
			6.41221374045802	-4.98091603053435
			6.43129770992366	-5
			6.45038167938931	-5
			6.46946564885496	-5
			6.48854961832061	-5
			6.50763358778626	-5
			6.52671755725191	-5.01908396946565
			6.54580152671756	-5.01908396946565
			6.56488549618321	-5.01908396946565
			6.58396946564886	-5.01908396946565
			6.6030534351145	-5.01908396946565
			6.62213740458015	-5.0381679389313
			6.6412213740458	-5.0381679389313
			6.66030534351145	-5.0381679389313
			6.6793893129771	-5.0381679389313
			6.69847328244275	-5.0381679389313
			6.7175572519084	-5.0381679389313
			6.7175572519084	-5.05725190839695
			6.73664122137405	-5.05725190839695
			6.7557251908397	-5.05725190839695
			6.77480916030534	-5.05725190839695
			6.79389312977099	-5.05725190839695
			6.81297709923664	-5.0763358778626
			6.83206106870229	-5.0763358778626
			6.85114503816794	-5.0763358778626
			6.87022900763359	-5.0763358778626
			6.88931297709924	-5.0763358778626
			6.88931297709924	-5.09541984732824
			6.90839694656489	-5.09541984732824
			6.92748091603053	-5.09541984732824
			6.94656488549618	-5.09541984732824
			6.96564885496183	-5.11450381679389
			6.98473282442748	-5.11450381679389
			7.00381679389313	-5.13358778625954
			7.02290076335878	-5.13358778625954
			7.04198473282443	-5.13358778625954
			7.06106870229008	-5.15267175572519
			7.08015267175573	-5.15267175572519
			7.09923664122137	-5.17175572519084
			7.11832061068702	-5.17175572519084
			7.11832061068702	-5.19083969465649
			7.13740458015267	-5.20992366412214
			7.15648854961832	-5.20992366412214
			7.17557251908397	-5.22900763358779
			7.19465648854962	-5.22900763358779
			7.21374045801527	-5.24809160305344
			7.21374045801527	-5.26717557251908
			7.23282442748092	-5.28625954198473
			7.25190839694656	-5.28625954198473
			7.27099236641221	-5.30534351145038
			7.27099236641221	-5.32442748091603
			7.29007633587786	-5.34351145038168
			7.30916030534351	-5.36259541984733
			7.32824427480916	-5.36259541984733
			7.32824427480916	-5.38167938931298
			7.32824427480916	-5.40076335877863
			7.34732824427481	-5.41984732824428
			7.34732824427481	-5.43893129770992
			7.34732824427481	-5.45801526717557
			7.36641221374046	-5.47709923664122
			7.36641221374046	-5.49618320610687
			7.36641221374046	-5.51526717557252
			7.38549618320611	-5.53435114503817
			7.38549618320611	-5.55343511450382
			7.38549618320611	-5.57251908396947
			7.40458015267176	-5.59160305343512
			7.40458015267176	-5.61068702290076
			7.40458015267176	-5.62977099236641
			7.4236641221374	-5.64885496183206
			7.4236641221374	-5.66793893129771
			7.4236641221374	-5.68702290076336
			7.44274809160305	-5.70610687022901
			7.44274809160305	-5.72519083969466
			7.44274809160305	-5.74427480916031
			7.44274809160305	-5.76335877862595
			7.4618320610687	-5.7824427480916
			7.4618320610687	-5.80152671755725
			7.4618320610687	-5.8206106870229
			7.48091603053435	-5.83969465648855
			7.48091603053435	-5.8587786259542
			7.48091603053435	-5.87786259541985
			7.48091603053435	-5.8969465648855
			7.5	-5.91603053435114
			7.5	-5.93511450381679
			7.5	-5.95419847328244
			7.51908396946565	-5.97328244274809
			7.51908396946565	-5.99236641221374
			7.51908396946565	-6.01145038167939
			7.51908396946565	-6.03053435114504
			7.5381679389313	-6.04961832061069
			7.5381679389313	-6.06870229007634
			7.5381679389313	-6.08778625954198
			7.55725190839695	-6.10687022900763
			7.55725190839695	-6.12595419847328
			7.55725190839695	-6.14503816793893
			7.55725190839695	-6.16412213740458
			7.5763358778626	-6.18320610687023
			7.5763358778626	-6.20229007633588
			7.5763358778626	-6.22137404580153
			7.59541984732824	-6.24045801526718
			7.59541984732824	-6.25954198473282
			7.59541984732824	-6.27862595419847
			7.59541984732824	-6.29770992366412
			7.61450381679389	-6.31679389312977
			7.61450381679389	-6.33587786259542
			7.61450381679389	-6.35496183206107
			7.61450381679389	-6.37404580152672
			7.63358778625954	-6.37404580152672
			7.63358778625954	-6.39312977099237
			7.63358778625954	-6.41221374045802
			7.63358778625954	-6.43129770992366
			7.63358778625954	-6.45038167938931
			7.63358778625954	-6.46946564885496
			7.65267175572519	-6.48854961832061
			7.65267175572519	-6.50763358778626
			7.65267175572519	-6.52671755725191
			7.65267175572519	-6.54580152671756
			7.67175572519084	-6.56488549618321
			7.67175572519084	-6.58396946564886
			7.67175572519084	-6.6030534351145
			7.67175572519084	-6.62213740458015
			7.67175572519084	-6.6412213740458
			7.67175572519084	-6.66030534351145
			7.69083969465649	-6.6793893129771
			7.69083969465649	-6.69847328244275
			7.69083969465649	-6.7175572519084
			7.69083969465649	-6.73664122137405
			7.70992366412214	-6.7557251908397
			7.70992366412214	-6.77480916030534
			7.70992366412214	-6.79389312977099
			7.70992366412214	-6.81297709923664
			7.70992366412214	-6.83206106870229
			7.72900763358779	-6.85114503816794
			7.72900763358779	-6.87022900763359
			7.72900763358779	-6.88931297709924
			7.72900763358779	-6.90839694656489
			7.72900763358779	-6.92748091603053
			7.74809160305344	-6.94656488549618
			7.74809160305344	-6.96564885496183
			7.74809160305344	-6.98473282442748
			7.74809160305344	-7.00381679389313
			7.76717557251908	-7.02290076335878
			7.76717557251908	-7.04198473282443
			7.76717557251908	-7.06106870229008
			7.76717557251908	-7.08015267175573
			7.76717557251908	-7.09923664122137
			7.78625954198473	-7.11832061068702
			7.78625954198473	-7.13740458015267
			7.78625954198473	-7.15648854961832
			7.78625954198473	-7.17557251908397
			7.78625954198473	-7.19465648854962
			7.80534351145038	-7.21374045801527
			7.80534351145038	-7.23282442748092
			7.80534351145038	-7.25190839694656
			7.80534351145038	-7.27099236641221
			7.82442748091603	-7.29007633587786
			7.82442748091603	-7.30916030534351
			7.82442748091603	-7.32824427480916
			7.82442748091603	-7.34732824427481
			7.82442748091603	-7.36641221374046
			7.84351145038168	-7.38549618320611
			7.84351145038168	-7.40458015267176
			7.84351145038168	-7.4236641221374
			7.84351145038168	-7.44274809160305
			7.84351145038168	-7.4618320610687
			7.86259541984733	-7.48091603053435
			7.86259541984733	-7.5
			7.86259541984733	-7.51908396946565
			7.86259541984733	-7.5381679389313
			7.88167938931298	-7.55725190839695
			7.88167938931298	-7.5763358778626
			7.88167938931298	-7.59541984732824
			7.88167938931298	-7.61450381679389
			7.90076335877863	-7.63358778625954
			7.90076335877863	-7.65267175572519
			7.90076335877863	-7.67175572519084
			7.90076335877863	-7.65267175572519
			7.91984732824428	-7.63358778625954
			7.91984732824428	-7.61450381679389
			7.91984732824428	-7.59541984732824
			7.91984732824428	-7.5763358778626
			7.93893129770992	-7.55725190839695
			7.93893129770992	-7.5381679389313
			7.93893129770992	-7.51908396946565
			7.93893129770992	-7.5
			7.95801526717557	-7.48091603053435
			7.95801526717557	-7.4618320610687
			7.95801526717557	-7.44274809160305
			7.95801526717557	-7.4236641221374
			7.95801526717557	-7.40458015267176
			7.95801526717557	-7.38549618320611
			7.97709923664122	-7.36641221374046
			7.97709923664122	-7.34732824427481
			7.97709923664122	-7.32824427480916
			7.97709923664122	-7.30916030534351
			7.97709923664122	-7.29007633587786
			7.97709923664122	-7.27099236641221
			7.97709923664122	-7.25190839694656
			7.97709923664122	-7.23282442748092
			7.97709923664122	-7.21374045801527
			7.99618320610687	-7.19465648854962
			7.99618320610687	-7.17557251908397
			7.99618320610687	-7.15648854961832
			7.99618320610687	-7.13740458015267
			7.99618320610687	-7.11832061068702
			7.99618320610687	-7.09923664122137
			7.99618320610687	-7.08015267175573
			7.99618320610687	-7.06106870229008
			7.99618320610687	-7.04198473282443
			7.99618320610687	-7.02290076335878
			7.99618320610687	-7.00381679389313
			7.99618320610687	-6.98473282442748
			7.99618320610687	-6.96564885496183
			7.99618320610687	-6.94656488549618
			7.99618320610687	-6.92748091603053
			8.01526717557252	-6.90839694656489
			8.01526717557252	-6.88931297709924
			8.01526717557252	-6.87022900763359
			8.01526717557252	-6.85114503816794
			8.01526717557252	-6.83206106870229
			8.01526717557252	-6.81297709923664
			8.01526717557252	-6.79389312977099
			8.01526717557252	-6.77480916030534
			8.01526717557252	-6.7557251908397
			8.01526717557252	-6.73664122137405
			8.01526717557252	-6.7175572519084
			8.01526717557252	-6.69847328244275
			8.01526717557252	-6.6793893129771
			8.01526717557252	-6.66030534351145
			8.01526717557252	-6.6412213740458
			8.01526717557252	-6.62213740458015
			8.01526717557252	-6.6030534351145
			8.01526717557252	-6.58396946564886
			8.01526717557252	-6.56488549618321
			8.01526717557252	-6.54580152671756
			8.01526717557252	-6.52671755725191
			8.01526717557252	-6.50763358778626
			8.01526717557252	-6.48854961832061
			8.01526717557252	-6.46946564885496
			8.01526717557252	-6.45038167938931
			8.01526717557252	-6.43129770992366
			8.01526717557252	-6.41221374045802
			8.01526717557252	-6.39312977099237
			8.01526717557252	-6.37404580152672
			8.01526717557252	-6.35496183206107
			8.01526717557252	-6.33587786259542
			7.99618320610687	-6.31679389312977
			7.99618320610687	-6.29770992366412
			7.99618320610687	-6.27862595419847
			7.99618320610687	-6.25954198473282
			7.99618320610687	-6.24045801526718
			7.99618320610687	-6.22137404580153
			7.99618320610687	-6.20229007633588
			7.99618320610687	-6.18320610687023
			7.99618320610687	-6.16412213740458
			7.99618320610687	-6.14503816793893
			7.99618320610687	-6.12595419847328
			7.99618320610687	-6.10687022900763
			7.99618320610687	-6.08778625954198
			7.99618320610687	-6.06870229007634
			7.99618320610687	-6.04961832061069
			7.99618320610687	-6.03053435114504
			7.99618320610687	-6.01145038167939
			7.99618320610687	-5.99236641221374
			7.99618320610687	-5.97328244274809
			7.99618320610687	-5.95419847328244
			7.99618320610687	-5.93511450381679
			7.99618320610687	-5.91603053435114
			7.97709923664122	-5.8969465648855
			7.97709923664122	-5.87786259541985
			7.97709923664122	-5.8587786259542
			7.97709923664122	-5.83969465648855
			7.97709923664122	-5.8206106870229
			7.97709923664122	-5.80152671755725
			7.97709923664122	-5.7824427480916
			7.97709923664122	-5.76335877862595
			7.97709923664122	-5.74427480916031
			7.97709923664122	-5.72519083969466
			7.97709923664122	-5.70610687022901
			7.97709923664122	-5.68702290076336
			7.97709923664122	-5.66793893129771
			7.97709923664122	-5.64885496183206
			7.95801526717557	-5.62977099236641
			7.95801526717557	-5.61068702290076
			7.95801526717557	-5.59160305343512
			7.95801526717557	-5.57251908396947
			7.95801526717557	-5.55343511450382
			7.95801526717557	-5.53435114503817
			7.95801526717557	-5.51526717557252
			7.95801526717557	-5.49618320610687
			7.95801526717557	-5.47709923664122
			7.95801526717557	-5.45801526717557
			7.95801526717557	-5.43893129770992
			7.95801526717557	-5.41984732824428
			7.95801526717557	-5.40076335877863
			7.93893129770992	-5.38167938931298
			7.93893129770992	-5.36259541984733
			7.93893129770992	-5.34351145038168
			7.93893129770992	-5.32442748091603
			7.93893129770992	-5.30534351145038
			7.93893129770992	-5.28625954198473
			7.93893129770992	-5.26717557251908
			7.93893129770992	-5.24809160305344
			7.93893129770992	-5.22900763358779
			7.93893129770992	-5.20992366412214
			7.93893129770992	-5.19083969465649
			7.91984732824428	-5.17175572519084
			7.91984732824428	-5.15267175572519
			7.91984732824428	-5.13358778625954
			7.91984732824428	-5.11450381679389
			7.91984732824428	-5.09541984732824
			7.91984732824428	-5.0763358778626
		</posterior>
	</curves.scaled>
	<ruler.points type=matrix rownames=TRUE colnames=FALSE nrow=2 ncol=2 as.numeric=TRUE >
		Ruler point 1	34	469
		Ruler point 2	296	469
	</ruler.points>
</shapes>

