<shapes type=list>
	<ruler.pixel type=vector names=FALSE length=1 as.numeric=TRUE >608</ruler.pixel>
	<ruler.interval type=vector names=FALSE length=1 as.numeric=TRUE >28.125</ruler.interval>
	<scaling.units type=vector names=FALSE length=1 as.numeric=FALSE >mm</scaling.units>
	<scaling type=vector names=FALSE length=1 as.numeric=TRUE >0.0462582236842105</scaling>
	<landmarks.pixel type=matrix rownames=TRUE colnames=FALSE nrow=16 ncol=2 as.numeric=TRUE >
		LM1	309	45
		LM2	309	134
		LM3	309	319
		LM4	309	388
		LM5	406	276
		LM6	406	297
		LM7	423	330
		LM8	399	201
		LM9	423	288
		LM10	309	45
		LM11	421	308
		LM12	515	360
		LM13	309	45
		LM14	449	253
		LM15	607	388
		LM16	535	667
	</landmarks.pixel>
	<landmarks.scaled type=matrix rownames=TRUE colnames=FALSE nrow=16 ncol=2 as.numeric=TRUE >
		LM1	14.2937911184211	-2.08162006578947
		LM2	14.2937911184211	-6.19860197368421
		LM3	14.2937911184211	-14.7563733552632
		LM4	14.2937911184211	-17.9481907894737
		LM5	18.7808388157895	-12.7672697368421
		LM6	18.7808388157895	-13.7386924342105
		LM7	19.5672286184211	-15.2652138157895
		LM8	18.45703125	-9.29790296052632
		LM9	19.5672286184211	-13.3223684210526
		LM10	14.2937911184211	-2.08162006578947
		LM11	19.4747121710526	-14.2475328947368
		LM12	23.8229851973684	-16.6529605263158
		LM13	14.2937911184211	-2.08162006578947
		LM14	20.7699424342105	-11.7033305921053
		LM15	28.0787417763158	-17.9481907894737
		LM16	24.7481496710526	-30.8542351973684
	</landmarks.scaled>
	<curves.control type=list>
		<glabella type=matrix rownames=FALSE colnames=FALSE nrow=9 ncol=2 as.numeric=TRUE >
			309	134
			358	135
			377	170
			387	184
			379	193
			405	245
			405	292
			422	313
			423	330
		</glabella>
		<suture type=matrix rownames=FALSE colnames=FALSE nrow=19 ncol=2 as.numeric=TRUE >
			309	45
			337	45
			348	67
			385	86
			405	114
			411	136
			403	155
			390	190
			394	193
			395	203
			411	216
			445	219
			449	253
			447	284
			412	290
			426	310
			427	323
			495	337
			515	360
		</suture>
		<anterior type=matrix rownames=FALSE colnames=FALSE nrow=9 ncol=2 as.numeric=TRUE >
			309	45
			337	45
			348	67
			370	80
			393	89
			484	122
			529	171
			601	261
			607	388
		</anterior>
		<posterior type=matrix rownames=FALSE colnames=FALSE nrow=21 ncol=2 as.numeric=TRUE >
			309	388
			389	392
			417	346
			426	353
			449	349
			471	349
			478	354
			504	362
			515	360
			541	365
			547	372
			567	449
			557	513
			544	609
			535	638
			532	661
			535	667
			540	674
			583	569
			614	488
			607	388
		</posterior>
	</curves.control>
	<curves.pixel type=list>
		<glabella type=matrix rownames=FALSE colnames=FALSE nrow=243 ncol=2 as.numeric=TRUE >
			309	134
			310	134
			311	134
			312	134
			313	134
			314	134
			315	134
			316	134
			317	134
			318	134
			318	135
			319	135
			320	135
			321	135
			322	135
			323	135
			324	135
			325	135
			326	135
			326	136
			327	136
			328	136
			329	136
			330	136
			331	137
			332	137
			333	137
			334	137
			335	138
			336	138
			337	138
			338	138
			339	139
			340	139
			341	139
			342	140
			343	140
			344	140
			344	141
			345	141
			346	141
			347	142
			348	142
			349	143
			350	143
			351	144
			352	144
			353	145
			354	146
			355	146
			356	147
			357	147
			358	148
			359	149
			360	150
			361	151
			362	152
			363	152
			364	153
			365	154
			366	155
			367	156
			368	157
			369	158
			369	159
			370	160
			371	161
			372	162
			373	163
			373	164
			374	165
			375	166
			376	167
			376	168
			376	169
			377	170
			378	171
			378	172
			379	173
			380	174
			380	175
			381	176
			381	177
			382	178
			382	179
			382	180
			382	181
			382	182
			383	183
			383	184
			383	185
			382	186
			382	187
			382	188
			382	189
			381	189
			381	190
			381	191
			380	192
			379	193
			380	194
			380	195
			381	196
			381	197
			381	198
			382	199
			382	200
			383	201
			383	202
			384	203
			384	204
			385	205
			385	206
			385	207
			386	208
			386	209
			387	210
			387	211
			388	212
			388	213
			388	214
			389	214
			389	215
			389	216
			390	217
			390	218
			391	219
			391	220
			391	221
			391	222
			392	222
			392	223
			392	224
			393	225
			393	226
			393	227
			394	228
			394	229
			394	230
			395	231
			395	232
			395	233
			396	234
			396	235
			396	236
			397	237
			397	238
			397	239
			397	240
			398	241
			398	242
			398	243
			399	244
			399	245
			399	246
			399	247
			400	248
			400	249
			400	250
			400	251
			401	252
			401	253
			401	254
			401	255
			401	256
			402	257
			402	258
			402	259
			402	260
			402	261
			402	262
			403	263
			403	264
			403	265
			403	266
			403	267
			403	268
			404	269
			404	270
			404	271
			404	272
			404	273
			404	274
			404	275
			404	276
			404	277
			404	278
			405	279
			405	280
			405	281
			405	282
			405	283
			405	284
			405	285
			405	286
			405	287
			405	288
			405	289
			405	290
			405	291
			405	292
			406	293
			406	294
			407	294
			408	295
			408	296
			409	297
			409	298
			410	299
			411	299
			411	300
			412	301
			412	302
			413	303
			413	304
			414	304
			414	305
			415	306
			415	307
			416	308
			417	309
			417	310
			418	311
			418	312
			418	313
			419	314
			419	315
			420	316
			420	317
			420	318
			421	318
			421	319
			421	320
			421	321
			422	322
			422	323
			422	324
			422	325
			423	326
			423	327
			423	328
			423	329
			423	330
		</glabella>
		<suture type=matrix rownames=FALSE colnames=FALSE nrow=455 ncol=2 as.numeric=TRUE >
			309	45
			310	45
			311	45
			312	45
			313	45
			314	45
			315	45
			316	45
			317	45
			318	46
			319	46
			320	46
			321	46
			322	46
			322	47
			323	47
			324	47
			325	47
			326	47
			327	48
			328	48
			329	49
			330	49
			331	50
			332	50
			333	51
			334	51
			334	52
			335	52
			336	53
			337	53
			338	54
			338	55
			339	55
			340	56
			341	57
			342	58
			343	59
			344	60
			344	61
			345	62
			346	63
			346	64
			347	65
			348	66
			349	67
			350	68
			351	69
			352	69
			353	70
			354	70
			355	71
			356	72
			357	72
			358	73
			359	73
			360	73
			360	74
			361	74
			362	75
			363	75
			364	76
			365	77
			366	77
			367	78
			368	79
			369	79
			370	80
			371	80
			371	81
			372	82
			373	82
			374	83
			375	84
			376	84
			376	85
			377	85
			378	86
			379	87
			380	87
			381	88
			381	89
			382	89
			383	90
			384	91
			385	92
			386	93
			387	94
			388	95
			389	95
			390	96
			390	97
			391	98
			392	99
			393	100
			394	100
			395	101
			395	102
			396	103
			397	104
			398	105
			399	106
			399	107
			400	107
			401	108
			401	109
			402	110
			403	111
			404	112
			404	113
			405	114
			405	115
			406	116
			406	117
			406	118
			406	119
			406	120
			407	121
			407	122
			407	123
			407	124
			407	125
			407	126
			407	127
			407	128
			407	129
			408	130
			408	131
			408	132
			408	133
			408	134
			408	135
			407	136
			407	137
			407	138
			407	139
			407	140
			407	141
			407	142
			407	143
			406	144
			406	145
			406	146
			406	147
			405	148
			405	149
			405	150
			404	151
			404	152
			404	153
			403	154
			403	155
			403	156
			402	157
			402	158
			402	159
			401	160
			401	161
			401	162
			400	163
			400	164
			400	165
			399	166
			399	167
			398	168
			398	169
			398	170
			397	171
			397	172
			397	173
			396	174
			396	175
			396	176
			396	177
			395	177
			395	178
			395	179
			395	180
			395	181
			394	181
			394	182
			394	183
			394	184
			394	185
			393	186
			393	187
			393	188
			393	189
			393	190
			393	191
			393	192
			394	193
			394	194
			394	195
			395	196
			395	197
			395	198
			396	199
			396	200
			397	201
			397	202
			398	203
			399	204
			400	205
			401	206
			402	207
			402	208
			403	209
			404	209
			404	210
			405	211
			406	211
			406	212
			407	213
			408	213
			409	214
			410	215
			411	216
			412	216
			413	216
			414	216
			415	217
			416	217
			417	217
			418	217
			419	217
			420	217
			420	218
			421	218
			422	218
			423	218
			424	218
			424	219
			425	219
			426	219
			427	220
			428	220
			429	221
			430	221
			431	222
			432	222
			433	223
			434	224
			435	225
			436	226
			437	226
			438	227
			439	228
			439	229
			440	229
			441	230
			441	231
			442	232
			442	233
			443	234
			444	235
			444	236
			445	237
			445	238
			446	239
			446	240
			446	241
			447	242
			447	243
			447	244
			447	245
			448	246
			448	247
			448	248
			448	249
			449	250
			449	251
			449	252
			449	253
			449	254
			449	255
			449	256
			449	257
			448	258
			448	259
			448	260
			448	261
			448	262
			447	263
			447	264
			447	265
			446	266
			446	267
			445	268
			445	269
			444	270
			444	271
			443	272
			443	273
			442	274
			441	275
			441	276
			440	276
			439	277
			438	278
			438	279
			437	279
			436	280
			435	281
			434	282
			433	282
			432	283
			431	283
			430	284
			429	285
			428	285
			427	286
			426	286
			425	287
			424	287
			423	287
			422	288
			421	288
			420	288
			419	288
			418	289
			417	289
			416	289
			415	289
			414	290
			413	290
			412	290
			412	291
			413	291
			413	292
			414	292
			414	293
			414	294
			415	294
			415	295
			416	295
			416	296
			417	297
			417	298
			418	299
			419	300
			419	301
			420	302
			420	303
			421	304
			421	305
			422	306
			422	307
			423	308
			423	309
			423	310
			424	310
			424	311
			424	312
			425	312
			425	313
			425	314
			425	315
			426	316
			426	317
			426	318
			426	319
			427	320
			427	321
			427	322
			428	323
			429	323
			430	324
			431	324
			432	324
			433	324
			434	324
			434	325
			435	325
			436	325
			437	325
			438	325
			439	326
			440	326
			441	326
			442	326
			443	327
			444	327
			445	327
			446	327
			447	328
			448	328
			449	328
			450	328
			451	329
			452	329
			453	329
			454	329
			455	330
			456	330
			457	330
			458	330
			458	331
			459	331
			460	331
			461	331
			462	332
			463	332
			464	332
			465	333
			466	333
			467	333
			468	334
			469	334
			470	334
			471	335
			472	335
			473	335
			474	336
			475	336
			476	336
			477	337
			478	337
			479	337
			480	338
			481	339
			482	339
			483	339
			484	340
			485	340
			486	341
			487	341
			488	342
			489	342
			490	342
			491	343
			492	343
			493	344
			494	344
			495	345
			496	346
			497	346
			498	347
			499	347
			500	348
			501	348
			502	349
			503	350
			504	350
			505	351
			506	352
			507	353
			508	353
			509	354
			510	355
			511	356
			512	357
			513	358
			514	359
			515	360
		</suture>
		<anterior type=matrix rownames=FALSE colnames=FALSE nrow=466 ncol=2 as.numeric=TRUE >
			309	45
			310	45
			311	45
			312	45
			313	45
			314	45
			315	45
			316	45
			317	46
			318	46
			319	46
			320	46
			321	46
			322	46
			323	47
			324	47
			325	47
			326	47
			327	48
			328	48
			329	49
			330	49
			331	50
			332	50
			333	51
			334	51
			335	52
			336	52
			336	53
			337	54
			338	54
			339	55
			340	56
			341	57
			342	58
			343	59
			344	60
			344	61
			345	62
			346	63
			347	64
			347	65
			347	66
			348	66
			348	67
			349	68
			350	68
			351	69
			352	69
			353	70
			354	70
			355	71
			356	71
			357	72
			358	73
			359	73
			360	74
			361	74
			362	75
			363	76
			364	76
			365	76
			366	77
			367	78
			368	78
			369	78
			370	79
			371	79
			372	80
			373	80
			374	81
			375	81
			376	82
			377	82
			378	82
			379	83
			380	83
			380	84
			381	84
			382	85
			383	85
			384	85
			385	86
			386	86
			387	87
			388	87
			389	87
			390	88
			391	88
			392	89
			393	89
			394	89
			395	90
			396	90
			397	91
			398	91
			399	91
			400	91
			400	92
			401	92
			402	92
			403	93
			404	93
			405	94
			406	94
			407	94
			408	95
			409	95
			410	95
			411	96
			412	96
			413	97
			414	97
			415	97
			415	98
			416	98
			417	98
			418	99
			419	99
			420	100
			421	100
			422	100
			423	101
			424	101
			425	102
			426	102
			427	103
			428	103
			429	103
			429	104
			430	104
			431	104
			432	105
			433	105
			434	106
			435	106
			436	107
			437	107
			438	108
			439	108
			440	109
			441	109
			442	109
			443	110
			444	111
			445	111
			446	112
			447	112
			448	113
			449	113
			450	114
			451	114
			452	115
			453	115
			454	116
			455	116
			456	117
			457	117
			458	118
			459	118
			460	119
			461	120
			462	120
			463	121
			464	121
			465	122
			466	122
			467	123
			468	123
			469	124
			470	124
			471	125
			472	126
			473	126
			474	127
			475	128
			476	128
			477	129
			478	129
			478	130
			479	130
			480	130
			480	131
			481	131
			482	132
			483	133
			484	133
			485	134
			486	135
			487	135
			488	136
			489	137
			490	138
			491	138
			492	139
			493	139
			494	140
			495	141
			496	141
			496	142
			497	143
			498	143
			499	144
			500	144
			501	145
			501	146
			502	146
			503	147
			504	148
			505	149
			506	150
			507	150
			508	151
			509	152
			510	153
			511	153
			512	154
			513	155
			513	156
			514	157
			515	157
			516	158
			517	159
			518	160
			519	160
			519	161
			520	162
			521	163
			522	164
			523	164
			524	165
			524	166
			525	167
			526	168
			527	169
			528	170
			529	171
			530	172
			531	173
			531	174
			532	174
			532	175
			533	176
			534	177
			535	178
			535	179
			536	180
			537	181
			537	182
			538	182
			538	183
			539	184
			539	185
			540	186
			541	186
			541	187
			542	188
			542	189
			543	190
			544	190
			544	191
			545	192
			545	193
			546	194
			546	195
			547	195
			547	196
			548	197
			549	198
			549	199
			550	200
			551	201
			551	202
			552	203
			553	204
			553	205
			554	206
			554	207
			555	208
			556	209
			556	210
			557	211
			558	212
			558	213
			559	214
			559	215
			559	216
			560	216
			560	217
			560	218
			561	218
			561	219
			562	219
			562	220
			562	221
			563	221
			563	222
			563	223
			564	223
			564	224
			565	225
			565	226
			566	227
			566	228
			566	229
			567	229
			567	230
			568	231
			568	232
			569	233
			569	234
			570	235
			570	236
			571	237
			571	238
			571	239
			572	240
			572	241
			573	242
			573	243
			574	243
			574	244
			574	245
			575	246
			575	247
			576	248
			576	249
			577	250
			577	251
			577	252
			578	253
			578	254
			579	255
			579	256
			579	257
			580	258
			580	259
			580	260
			581	261
			581	262
			582	263
			582	264
			583	265
			583	266
			583	267
			584	268
			584	269
			585	270
			585	271
			585	272
			585	273
			586	274
			586	275
			587	276
			587	277
			587	278
			588	279
			588	280
			588	281
			589	282
			589	283
			589	284
			590	285
			590	286
			590	287
			590	288
			591	289
			591	290
			591	291
			592	292
			592	293
			592	294
			592	295
			593	296
			593	297
			593	298
			594	299
			594	300
			594	301
			594	302
			595	303
			595	304
			595	305
			595	306
			596	307
			596	308
			596	309
			596	310
			597	311
			597	312
			597	313
			597	314
			597	315
			598	316
			598	317
			598	318
			598	319
			598	320
			599	321
			599	322
			599	323
			599	324
			599	325
			600	326
			600	327
			600	328
			600	329
			600	330
			601	331
			601	332
			601	333
			601	334
			601	335
			601	336
			602	337
			602	338
			602	339
			602	340
			602	341
			602	342
			603	343
			603	344
			603	345
			603	346
			603	347
			603	348
			603	349
			604	350
			604	351
			604	352
			604	353
			604	354
			604	355
			604	356
			604	357
			605	358
			605	359
			605	360
			605	361
			605	362
			605	363
			605	364
			605	365
			605	366
			606	367
			606	368
			606	369
			606	370
			606	371
			606	372
			606	373
			606	374
			606	375
			606	376
			606	377
			606	378
			606	379
			607	380
			607	381
			607	382
			607	383
			607	384
			607	385
			607	386
			607	387
			607	388
		</anterior>
		<posterior type=matrix rownames=FALSE colnames=FALSE nrow=837 ncol=2 as.numeric=TRUE >
			309	388
			310	388
			311	388
			312	388
			313	388
			314	388
			315	388
			316	388
			317	388
			318	388
			319	388
			320	388
			321	388
			322	388
			323	388
			324	388
			325	388
			326	388
			327	388
			328	388
			329	388
			330	388
			331	388
			332	388
			333	388
			334	388
			335	388
			336	388
			337	388
			338	388
			339	388
			340	387
			341	387
			342	387
			343	387
			344	387
			345	387
			346	387
			347	387
			348	387
			349	386
			350	386
			351	386
			352	386
			353	386
			354	386
			355	385
			356	385
			357	385
			358	385
			359	385
			360	384
			361	384
			362	384
			363	384
			364	383
			365	383
			366	383
			367	382
			368	382
			369	382
			370	381
			371	381
			372	381
			373	381
			374	380
			375	380
			376	379
			377	379
			378	379
			379	378
			380	378
			381	378
			381	377
			382	377
			383	376
			384	376
			385	376
			385	375
			386	375
			387	374
			388	374
			389	373
			390	373
			391	372
			392	372
			393	371
			394	370
			395	369
			396	369
			397	368
			398	367
			399	366
			400	366
			401	365
			402	364
			403	363
			404	363
			404	362
			405	361
			406	360
			407	359
			408	358
			409	357
			410	356
			411	355
			412	354
			412	353
			413	352
			414	351
			415	350
			415	349
			416	348
			416	347
			417	346
			418	347
			419	347
			420	348
			421	348
			422	349
			423	349
			424	349
			425	350
			426	350
			427	350
			428	350
			429	350
			430	350
			431	350
			432	350
			433	350
			434	350
			435	350
			436	350
			437	350
			438	350
			439	350
			440	350
			441	350
			442	350
			443	350
			444	350
			445	350
			446	349
			447	349
			448	349
			449	349
			450	349
			451	349
			452	349
			453	349
			454	349
			455	349
			456	349
			457	349
			458	349
			459	349
			460	349
			461	349
			462	350
			463	350
			464	350
			465	350
			466	350
			467	350
			468	350
			469	350
			469	351
			470	351
			471	351
			472	351
			473	352
			474	352
			475	353
			476	353
			477	354
			478	354
			479	354
			480	355
			481	355
			482	355
			483	356
			484	356
			485	356
			486	356
			487	357
			488	357
			489	357
			490	357
			491	358
			492	358
			493	358
			494	358
			495	358
			496	359
			497	359
			498	359
			499	359
			500	359
			501	360
			502	360
			503	360
			504	360
			505	360
			506	360
			507	360
			508	360
			509	360
			510	360
			511	360
			512	360
			513	360
			514	360
			515	360
			516	360
			517	360
			518	361
			519	361
			520	361
			521	361
			522	362
			523	362
			524	362
			525	362
			526	362
			527	363
			528	363
			529	363
			530	363
			530	364
			531	364
			532	364
			533	364
			533	365
			534	365
			535	365
			536	365
			537	366
			538	366
			539	367
			540	367
			541	368
			542	368
			543	369
			544	369
			545	370
			546	371
			547	372
			547	373
			548	374
			548	375
			548	376
			548	377
			549	378
			549	379
			549	380
			549	381
			549	382
			550	383
			550	384
			550	385
			550	386
			551	387
			551	388
			551	389
			551	390
			552	391
			552	392
			552	393
			552	394
			552	395
			553	396
			553	397
			553	398
			553	399
			553	400
			554	401
			554	402
			554	403
			554	404
			554	405
			554	406
			555	407
			555	408
			555	409
			555	410
			555	411
			556	412
			556	413
			556	414
			556	415
			556	416
			556	417
			556	418
			557	419
			557	420
			557	421
			557	422
			557	423
			557	424
			557	425
			558	426
			558	427
			558	428
			558	429
			558	430
			558	431
			558	432
			558	433
			558	434
			559	435
			559	436
			559	437
			559	438
			559	439
			559	440
			559	441
			559	442
			559	443
			559	444
			559	445
			559	446
			560	447
			560	448
			560	449
			560	450
			560	451
			560	452
			560	453
			560	454
			560	455
			560	456
			560	457
			560	458
			560	459
			560	460
			560	461
			560	462
			560	463
			560	464
			560	465
			560	466
			560	467
			560	468
			560	469
			560	470
			560	471
			560	472
			560	473
			560	474
			560	475
			560	476
			560	477
			560	478
			560	479
			560	480
			560	481
			560	482
			560	483
			560	484
			560	485
			560	486
			560	487
			560	488
			560	489
			560	490
			560	491
			559	492
			559	493
			559	494
			559	495
			559	496
			559	497
			559	498
			559	499
			559	500
			559	501
			559	502
			558	502
			558	503
			558	504
			558	505
			558	506
			558	507
			558	508
			558	509
			557	510
			557	511
			557	512
			557	513
			557	514
			557	515
			557	516
			557	517
			556	517
			556	518
			556	519
			556	520
			556	521
			556	522
			556	523
			555	524
			555	525
			555	526
			555	527
			555	528
			555	529
			555	530
			555	531
			554	532
			554	533
			554	534
			554	535
			554	536
			554	537
			554	538
			553	539
			553	540
			553	541
			553	542
			553	543
			553	544
			552	545
			552	546
			552	547
			552	548
			552	549
			552	550
			552	551
			551	552
			551	553
			551	554
			551	555
			551	556
			551	557
			551	558
			550	559
			550	560
			550	561
			550	562
			550	563
			550	564
			550	565
			549	566
			549	567
			549	568
			549	569
			549	570
			548	571
			548	572
			548	573
			548	574
			548	575
			548	576
			548	577
			547	578
			547	579
			547	580
			547	581
			547	582
			547	583
			546	584
			546	585
			546	586
			546	587
			546	588
			545	589
			545	590
			545	591
			545	592
			545	593
			545	594
			544	595
			544	596
			544	597
			544	598
			544	599
			544	600
			543	601
			543	602
			543	603
			543	604
			543	605
			542	606
			542	607
			542	608
			542	609
			542	610
			541	611
			541	612
			541	613
			541	614
			541	615
			540	616
			540	617
			540	618
			540	619
			540	620
			539	621
			539	622
			539	623
			539	624
			538	625
			538	626
			538	627
			538	628
			537	629
			537	630
			537	631
			537	632
			537	633
			536	633
			536	634
			536	635
			536	636
			535	637
			535	638
			535	639
			535	640
			535	641
			534	642
			534	643
			534	644
			534	645
			534	646
			534	647
			534	648
			534	649
			534	650
			534	651
			534	652
			534	653
			534	654
			534	655
			534	656
			534	657
			534	658
			534	659
			534	660
			534	661
			534	662
			534	663
			534	664
			534	665
			535	666
			535	667
			536	667
			537	667
			538	666
			539	665
			540	664
			540	663
			541	662
			542	661
			542	660
			543	659
			543	658
			544	657
			544	656
			545	655
			546	654
			546	653
			547	652
			547	651
			547	650
			548	649
			549	648
			549	647
			550	646
			550	645
			551	644
			551	643
			551	642
			552	641
			552	640
			553	639
			553	638
			554	638
			554	637
			554	636
			555	635
			555	634
			556	633
			556	632
			557	631
			557	630
			558	629
			558	628
			558	627
			559	626
			559	625
			560	624
			560	623
			560	622
			561	622
			561	621
			561	620
			562	620
			562	619
			562	618
			563	617
			563	616
			564	615
			564	614
			565	613
			565	612
			565	611
			566	610
			566	609
			567	608
			567	607
			568	606
			568	605
			568	604
			569	604
			569	603
			569	602
			569	601
			570	601
			570	600
			570	599
			571	599
			571	598
			571	597
			572	597
			572	596
			572	595
			572	594
			573	594
			573	593
			573	592
			574	591
			574	590
			575	589
			575	588
			576	587
			576	586
			576	585
			577	584
			577	583
			577	582
			578	581
			579	580
			579	579
			579	578
			580	577
			580	576
			581	575
			581	574
			581	573
			582	572
			582	571
			582	570
			583	569
			583	568
			584	567
			584	566
			585	565
			585	564
			585	563
			586	562
			586	561
			586	560
			587	559
			587	558
			587	557
			588	556
			588	555
			588	554
			589	553
			589	552
			589	551
			590	550
			590	549
			590	548
			591	547
			591	546
			591	545
			592	544
			592	543
			592	542
			593	541
			593	540
			593	539
			593	538
			594	537
			594	536
			594	535
			594	534
			595	533
			595	532
			595	531
			595	530
			596	530
			596	529
			596	528
			596	527
			596	526
			597	525
			597	524
			597	523
			597	522
			598	521
			598	520
			598	519
			598	518
			599	517
			599	516
			599	515
			599	514
			599	513
			600	512
			600	511
			600	510
			600	509
			600	508
			601	507
			601	506
			601	505
			601	504
			601	503
			602	502
			602	501
			602	500
			602	499
			602	498
			602	497
			603	496
			603	495
			603	494
			603	493
			603	492
			603	491
			603	490
			604	490
			604	489
			604	488
			604	487
			604	486
			604	485
			604	484
			605	483
			605	482
			605	481
			605	480
			605	479
			605	478
			605	477
			605	476
			606	475
			606	474
			606	473
			606	472
			606	471
			606	470
			606	469
			606	468
			606	467
			606	466
			607	465
			607	464
			607	463
			607	462
			607	461
			607	460
			607	459
			607	458
			607	457
			607	456
			607	455
			607	454
			607	453
			607	452
			608	451
			608	450
			608	449
			608	448
			608	447
			608	446
			608	445
			608	444
			608	443
			608	442
			608	441
			608	440
			608	439
			608	438
			608	437
			608	436
			608	435
			608	434
			608	433
			608	432
			608	431
			608	430
			608	429
			608	428
			608	427
			608	426
			608	425
			608	424
			608	423
			608	422
			608	421
			608	420
			608	419
			608	418
			608	417
			608	416
			608	415
			608	414
			608	413
			608	412
			608	411
			608	410
			608	409
			608	408
			608	407
			608	406
			608	405
			608	404
			608	403
			608	402
			608	401
			608	400
			608	399
			608	398
			608	397
			608	396
			607	395
			607	394
			607	393
			607	392
			607	391
			607	390
			607	389
			607	388
		</posterior>
	</curves.pixel>
	<curves.scaled type=list>
		<glabella type=matrix rownames=FALSE colnames=FALSE nrow=243 ncol=2 as.numeric=TRUE >
			14.2937911184211	-6.19860197368421
			14.3400493421053	-6.19860197368421
			14.3863075657895	-6.19860197368421
			14.4325657894737	-6.19860197368421
			14.4788240131579	-6.19860197368421
			14.5250822368421	-6.19860197368421
			14.5713404605263	-6.19860197368421
			14.6175986842105	-6.19860197368421
			14.6638569078947	-6.19860197368421
			14.7101151315789	-6.19860197368421
			14.7101151315789	-6.24486019736842
			14.7563733552632	-6.24486019736842
			14.8026315789474	-6.24486019736842
			14.8488898026316	-6.24486019736842
			14.8951480263158	-6.24486019736842
			14.94140625	-6.24486019736842
			14.9876644736842	-6.24486019736842
			15.0339226973684	-6.24486019736842
			15.0801809210526	-6.24486019736842
			15.0801809210526	-6.29111842105263
			15.1264391447368	-6.29111842105263
			15.1726973684211	-6.29111842105263
			15.2189555921053	-6.29111842105263
			15.2652138157895	-6.29111842105263
			15.3114720394737	-6.33737664473684
			15.3577302631579	-6.33737664473684
			15.4039884868421	-6.33737664473684
			15.4502467105263	-6.33737664473684
			15.4965049342105	-6.38363486842105
			15.5427631578947	-6.38363486842105
			15.5890213815789	-6.38363486842105
			15.6352796052632	-6.38363486842105
			15.6815378289474	-6.42989309210526
			15.7277960526316	-6.42989309210526
			15.7740542763158	-6.42989309210526
			15.8203125	-6.47615131578947
			15.8665707236842	-6.47615131578947
			15.9128289473684	-6.47615131578947
			15.9128289473684	-6.52240953947368
			15.9590871710526	-6.52240953947368
			16.0053453947368	-6.52240953947368
			16.0516036184211	-6.5686677631579
			16.0978618421053	-6.5686677631579
			16.1441200657895	-6.61492598684211
			16.1903782894737	-6.61492598684211
			16.2366365131579	-6.66118421052632
			16.2828947368421	-6.66118421052632
			16.3291529605263	-6.70744243421053
			16.3754111842105	-6.75370065789474
			16.4216694078947	-6.75370065789474
			16.4679276315789	-6.79995888157895
			16.5141858552632	-6.79995888157895
			16.5604440789474	-6.84621710526316
			16.6067023026316	-6.89247532894737
			16.6529605263158	-6.93873355263158
			16.69921875	-6.98499177631579
			16.7454769736842	-7.03125
			16.7917351973684	-7.03125
			16.8379934210526	-7.07750822368421
			16.8842516447368	-7.12376644736842
			16.9305098684211	-7.17002467105263
			16.9767680921053	-7.21628289473684
			17.0230263157895	-7.26254111842105
			17.0692845394737	-7.30879934210526
			17.0692845394737	-7.35505756578947
			17.1155427631579	-7.40131578947368
			17.1618009868421	-7.4475740131579
			17.2080592105263	-7.49383223684211
			17.2543174342105	-7.54009046052632
			17.2543174342105	-7.58634868421053
			17.3005756578947	-7.63260690789474
			17.3468338815789	-7.67886513157895
			17.3930921052632	-7.72512335526316
			17.3930921052632	-7.77138157894737
			17.3930921052632	-7.81763980263158
			17.4393503289474	-7.86389802631579
			17.4856085526316	-7.91015625
			17.4856085526316	-7.95641447368421
			17.5318667763158	-8.00267269736842
			17.578125	-8.04893092105263
			17.578125	-8.09518914473684
			17.6243832236842	-8.14144736842105
			17.6243832236842	-8.18770559210526
			17.6706414473684	-8.23396381578947
			17.6706414473684	-8.28022203947368
			17.6706414473684	-8.3264802631579
			17.6706414473684	-8.37273848684211
			17.6706414473684	-8.41899671052632
			17.7168996710526	-8.46525493421053
			17.7168996710526	-8.51151315789474
			17.7168996710526	-8.55777138157895
			17.6706414473684	-8.60402960526316
			17.6706414473684	-8.65028782894737
			17.6706414473684	-8.69654605263158
			17.6706414473684	-8.74280427631579
			17.6243832236842	-8.74280427631579
			17.6243832236842	-8.7890625
			17.6243832236842	-8.83532072368421
			17.578125	-8.88157894736842
			17.5318667763158	-8.92783717105263
			17.578125	-8.97409539473684
			17.578125	-9.02035361842105
			17.6243832236842	-9.06661184210526
			17.6243832236842	-9.11287006578947
			17.6243832236842	-9.15912828947368
			17.6706414473684	-9.2053865131579
			17.6706414473684	-9.25164473684211
			17.7168996710526	-9.29790296052632
			17.7168996710526	-9.34416118421053
			17.7631578947368	-9.39041940789474
			17.7631578947368	-9.43667763157895
			17.8094161184211	-9.48293585526316
			17.8094161184211	-9.52919407894737
			17.8094161184211	-9.57545230263158
			17.8556743421053	-9.62171052631579
			17.8556743421053	-9.66796875
			17.9019325657895	-9.71422697368421
			17.9019325657895	-9.76048519736842
			17.9481907894737	-9.80674342105263
			17.9481907894737	-9.85300164473684
			17.9481907894737	-9.89925986842105
			17.9944490131579	-9.89925986842105
			17.9944490131579	-9.94551809210526
			17.9944490131579	-9.99177631578947
			18.0407072368421	-10.0380345394737
			18.0407072368421	-10.0842927631579
			18.0869654605263	-10.1305509868421
			18.0869654605263	-10.1768092105263
			18.0869654605263	-10.2230674342105
			18.0869654605263	-10.2693256578947
			18.1332236842105	-10.2693256578947
			18.1332236842105	-10.3155838815789
			18.1332236842105	-10.3618421052632
			18.1794819078947	-10.4081003289474
			18.1794819078947	-10.4543585526316
			18.1794819078947	-10.5006167763158
			18.2257401315789	-10.546875
			18.2257401315789	-10.5931332236842
			18.2257401315789	-10.6393914473684
			18.2719983552632	-10.6856496710526
			18.2719983552632	-10.7319078947368
			18.2719983552632	-10.7781661184211
			18.3182565789474	-10.8244243421053
			18.3182565789474	-10.8706825657895
			18.3182565789474	-10.9169407894737
			18.3645148026316	-10.9631990131579
			18.3645148026316	-11.0094572368421
			18.3645148026316	-11.0557154605263
			18.3645148026316	-11.1019736842105
			18.4107730263158	-11.1482319078947
			18.4107730263158	-11.1944901315789
			18.4107730263158	-11.2407483552632
			18.45703125	-11.2870065789474
			18.45703125	-11.3332648026316
			18.45703125	-11.3795230263158
			18.45703125	-11.42578125
			18.5032894736842	-11.4720394736842
			18.5032894736842	-11.5182976973684
			18.5032894736842	-11.5645559210526
			18.5032894736842	-11.6108141447368
			18.5495476973684	-11.6570723684211
			18.5495476973684	-11.7033305921053
			18.5495476973684	-11.7495888157895
			18.5495476973684	-11.7958470394737
			18.5495476973684	-11.8421052631579
			18.5958059210526	-11.8883634868421
			18.5958059210526	-11.9346217105263
			18.5958059210526	-11.9808799342105
			18.5958059210526	-12.0271381578947
			18.5958059210526	-12.0733963815789
			18.5958059210526	-12.1196546052632
			18.6420641447368	-12.1659128289474
			18.6420641447368	-12.2121710526316
			18.6420641447368	-12.2584292763158
			18.6420641447368	-12.3046875
			18.6420641447368	-12.3509457236842
			18.6420641447368	-12.3972039473684
			18.6883223684211	-12.4434621710526
			18.6883223684211	-12.4897203947368
			18.6883223684211	-12.5359786184211
			18.6883223684211	-12.5822368421053
			18.6883223684211	-12.6284950657895
			18.6883223684211	-12.6747532894737
			18.6883223684211	-12.7210115131579
			18.6883223684211	-12.7672697368421
			18.6883223684211	-12.8135279605263
			18.6883223684211	-12.8597861842105
			18.7345805921053	-12.9060444078947
			18.7345805921053	-12.9523026315789
			18.7345805921053	-12.9985608552632
			18.7345805921053	-13.0448190789474
			18.7345805921053	-13.0910773026316
			18.7345805921053	-13.1373355263158
			18.7345805921053	-13.18359375
			18.7345805921053	-13.2298519736842
			18.7345805921053	-13.2761101973684
			18.7345805921053	-13.3223684210526
			18.7345805921053	-13.3686266447368
			18.7345805921053	-13.4148848684211
			18.7345805921053	-13.4611430921053
			18.7345805921053	-13.5074013157895
			18.7808388157895	-13.5536595394737
			18.7808388157895	-13.5999177631579
			18.8270970394737	-13.5999177631579
			18.8733552631579	-13.6461759868421
			18.8733552631579	-13.6924342105263
			18.9196134868421	-13.7386924342105
			18.9196134868421	-13.7849506578947
			18.9658717105263	-13.8312088815789
			19.0121299342105	-13.8312088815789
			19.0121299342105	-13.8774671052632
			19.0583881578947	-13.9237253289474
			19.0583881578947	-13.9699835526316
			19.1046463815789	-14.0162417763158
			19.1046463815789	-14.0625
			19.1509046052632	-14.0625
			19.1509046052632	-14.1087582236842
			19.1971628289474	-14.1550164473684
			19.1971628289474	-14.2012746710526
			19.2434210526316	-14.2475328947368
			19.2896792763158	-14.2937911184211
			19.2896792763158	-14.3400493421053
			19.3359375	-14.3863075657895
			19.3359375	-14.4325657894737
			19.3359375	-14.4788240131579
			19.3821957236842	-14.5250822368421
			19.3821957236842	-14.5713404605263
			19.4284539473684	-14.6175986842105
			19.4284539473684	-14.6638569078947
			19.4284539473684	-14.7101151315789
			19.4747121710526	-14.7101151315789
			19.4747121710526	-14.7563733552632
			19.4747121710526	-14.8026315789474
			19.4747121710526	-14.8488898026316
			19.5209703947368	-14.8951480263158
			19.5209703947368	-14.94140625
			19.5209703947368	-14.9876644736842
			19.5209703947368	-15.0339226973684
			19.5672286184211	-15.0801809210526
			19.5672286184211	-15.1264391447368
			19.5672286184211	-15.1726973684211
			19.5672286184211	-15.2189555921053
			19.5672286184211	-15.2652138157895
		</glabella>
		<suture type=matrix rownames=FALSE colnames=FALSE nrow=455 ncol=2 as.numeric=TRUE >
			14.2937911184211	-2.08162006578947
			14.3400493421053	-2.08162006578947
			14.3863075657895	-2.08162006578947
			14.4325657894737	-2.08162006578947
			14.4788240131579	-2.08162006578947
			14.5250822368421	-2.08162006578947
			14.5713404605263	-2.08162006578947
			14.6175986842105	-2.08162006578947
			14.6638569078947	-2.08162006578947
			14.7101151315789	-2.12787828947368
			14.7563733552632	-2.12787828947368
			14.8026315789474	-2.12787828947368
			14.8488898026316	-2.12787828947368
			14.8951480263158	-2.12787828947368
			14.8951480263158	-2.17413651315789
			14.94140625	-2.17413651315789
			14.9876644736842	-2.17413651315789
			15.0339226973684	-2.17413651315789
			15.0801809210526	-2.17413651315789
			15.1264391447368	-2.22039473684211
			15.1726973684211	-2.22039473684211
			15.2189555921053	-2.26665296052632
			15.2652138157895	-2.26665296052632
			15.3114720394737	-2.31291118421053
			15.3577302631579	-2.31291118421053
			15.4039884868421	-2.35916940789474
			15.4502467105263	-2.35916940789474
			15.4502467105263	-2.40542763157895
			15.4965049342105	-2.40542763157895
			15.5427631578947	-2.45168585526316
			15.5890213815789	-2.45168585526316
			15.6352796052632	-2.49794407894737
			15.6352796052632	-2.54420230263158
			15.6815378289474	-2.54420230263158
			15.7277960526316	-2.59046052631579
			15.7740542763158	-2.63671875
			15.8203125	-2.68297697368421
			15.8665707236842	-2.72923519736842
			15.9128289473684	-2.77549342105263
			15.9128289473684	-2.82175164473684
			15.9590871710526	-2.86800986842105
			16.0053453947368	-2.91426809210526
			16.0053453947368	-2.96052631578947
			16.0516036184211	-3.00678453947368
			16.0978618421053	-3.0530427631579
			16.1441200657895	-3.09930098684211
			16.1903782894737	-3.14555921052632
			16.2366365131579	-3.19181743421053
			16.2828947368421	-3.19181743421053
			16.3291529605263	-3.23807565789474
			16.3754111842105	-3.23807565789474
			16.4216694078947	-3.28433388157895
			16.4679276315789	-3.33059210526316
			16.5141858552632	-3.33059210526316
			16.5604440789474	-3.37685032894737
			16.6067023026316	-3.37685032894737
			16.6529605263158	-3.37685032894737
			16.6529605263158	-3.42310855263158
			16.69921875	-3.42310855263158
			16.7454769736842	-3.46936677631579
			16.7917351973684	-3.46936677631579
			16.8379934210526	-3.515625
			16.8842516447368	-3.56188322368421
			16.9305098684211	-3.56188322368421
			16.9767680921053	-3.60814144736842
			17.0230263157895	-3.65439967105263
			17.0692845394737	-3.65439967105263
			17.1155427631579	-3.70065789473684
			17.1618009868421	-3.70065789473684
			17.1618009868421	-3.74691611842105
			17.2080592105263	-3.79317434210526
			17.2543174342105	-3.79317434210526
			17.3005756578947	-3.83943256578947
			17.3468338815789	-3.88569078947368
			17.3930921052632	-3.88569078947368
			17.3930921052632	-3.9319490131579
			17.4393503289474	-3.9319490131579
			17.4856085526316	-3.97820723684211
			17.5318667763158	-4.02446546052632
			17.578125	-4.02446546052632
			17.6243832236842	-4.07072368421053
			17.6243832236842	-4.11698190789474
			17.6706414473684	-4.11698190789474
			17.7168996710526	-4.16324013157895
			17.7631578947368	-4.20949835526316
			17.8094161184211	-4.25575657894737
			17.8556743421053	-4.30201480263158
			17.9019325657895	-4.34827302631579
			17.9481907894737	-4.39453125
			17.9944490131579	-4.39453125
			18.0407072368421	-4.44078947368421
			18.0407072368421	-4.48704769736842
			18.0869654605263	-4.53330592105263
			18.1332236842105	-4.57956414473684
			18.1794819078947	-4.62582236842105
			18.2257401315789	-4.62582236842105
			18.2719983552632	-4.67208059210526
			18.2719983552632	-4.71833881578947
			18.3182565789474	-4.76459703947368
			18.3645148026316	-4.81085526315789
			18.4107730263158	-4.85711348684211
			18.45703125	-4.90337171052632
			18.45703125	-4.94962993421053
			18.5032894736842	-4.94962993421053
			18.5495476973684	-4.99588815789474
			18.5495476973684	-5.04214638157895
			18.5958059210526	-5.08840460526316
			18.6420641447368	-5.13466282894737
			18.6883223684211	-5.18092105263158
			18.6883223684211	-5.22717927631579
			18.7345805921053	-5.2734375
			18.7345805921053	-5.31969572368421
			18.7808388157895	-5.36595394736842
			18.7808388157895	-5.41221217105263
			18.7808388157895	-5.45847039473684
			18.7808388157895	-5.50472861842105
			18.7808388157895	-5.55098684210526
			18.8270970394737	-5.59724506578947
			18.8270970394737	-5.64350328947368
			18.8270970394737	-5.6897615131579
			18.8270970394737	-5.73601973684211
			18.8270970394737	-5.78227796052632
			18.8270970394737	-5.82853618421053
			18.8270970394737	-5.87479440789474
			18.8270970394737	-5.92105263157895
			18.8270970394737	-5.96731085526316
			18.8733552631579	-6.01356907894737
			18.8733552631579	-6.05982730263158
			18.8733552631579	-6.10608552631579
			18.8733552631579	-6.15234375
			18.8733552631579	-6.19860197368421
			18.8733552631579	-6.24486019736842
			18.8270970394737	-6.29111842105263
			18.8270970394737	-6.33737664473684
			18.8270970394737	-6.38363486842105
			18.8270970394737	-6.42989309210526
			18.8270970394737	-6.47615131578947
			18.8270970394737	-6.52240953947368
			18.8270970394737	-6.5686677631579
			18.8270970394737	-6.61492598684211
			18.7808388157895	-6.66118421052632
			18.7808388157895	-6.70744243421053
			18.7808388157895	-6.75370065789474
			18.7808388157895	-6.79995888157895
			18.7345805921053	-6.84621710526316
			18.7345805921053	-6.89247532894737
			18.7345805921053	-6.93873355263158
			18.6883223684211	-6.98499177631579
			18.6883223684211	-7.03125
			18.6883223684211	-7.07750822368421
			18.6420641447368	-7.12376644736842
			18.6420641447368	-7.17002467105263
			18.6420641447368	-7.21628289473684
			18.5958059210526	-7.26254111842105
			18.5958059210526	-7.30879934210526
			18.5958059210526	-7.35505756578947
			18.5495476973684	-7.40131578947368
			18.5495476973684	-7.4475740131579
			18.5495476973684	-7.49383223684211
			18.5032894736842	-7.54009046052632
			18.5032894736842	-7.58634868421053
			18.5032894736842	-7.63260690789474
			18.45703125	-7.67886513157895
			18.45703125	-7.72512335526316
			18.4107730263158	-7.77138157894737
			18.4107730263158	-7.81763980263158
			18.4107730263158	-7.86389802631579
			18.3645148026316	-7.91015625
			18.3645148026316	-7.95641447368421
			18.3645148026316	-8.00267269736842
			18.3182565789474	-8.04893092105263
			18.3182565789474	-8.09518914473684
			18.3182565789474	-8.14144736842105
			18.3182565789474	-8.18770559210526
			18.2719983552632	-8.18770559210526
			18.2719983552632	-8.23396381578947
			18.2719983552632	-8.28022203947368
			18.2719983552632	-8.3264802631579
			18.2719983552632	-8.37273848684211
			18.2257401315789	-8.37273848684211
			18.2257401315789	-8.41899671052632
			18.2257401315789	-8.46525493421053
			18.2257401315789	-8.51151315789474
			18.2257401315789	-8.55777138157895
			18.1794819078947	-8.60402960526316
			18.1794819078947	-8.65028782894737
			18.1794819078947	-8.69654605263158
			18.1794819078947	-8.74280427631579
			18.1794819078947	-8.7890625
			18.1794819078947	-8.83532072368421
			18.1794819078947	-8.88157894736842
			18.2257401315789	-8.92783717105263
			18.2257401315789	-8.97409539473684
			18.2257401315789	-9.02035361842105
			18.2719983552632	-9.06661184210526
			18.2719983552632	-9.11287006578947
			18.2719983552632	-9.15912828947368
			18.3182565789474	-9.2053865131579
			18.3182565789474	-9.25164473684211
			18.3645148026316	-9.29790296052632
			18.3645148026316	-9.34416118421053
			18.4107730263158	-9.39041940789474
			18.45703125	-9.43667763157895
			18.5032894736842	-9.48293585526316
			18.5495476973684	-9.52919407894737
			18.5958059210526	-9.57545230263158
			18.5958059210526	-9.62171052631579
			18.6420641447368	-9.66796875
			18.6883223684211	-9.66796875
			18.6883223684211	-9.71422697368421
			18.7345805921053	-9.76048519736842
			18.7808388157895	-9.76048519736842
			18.7808388157895	-9.80674342105263
			18.8270970394737	-9.85300164473684
			18.8733552631579	-9.85300164473684
			18.9196134868421	-9.89925986842105
			18.9658717105263	-9.94551809210526
			19.0121299342105	-9.99177631578947
			19.0583881578947	-9.99177631578947
			19.1046463815789	-9.99177631578947
			19.1509046052632	-9.99177631578947
			19.1971628289474	-10.0380345394737
			19.2434210526316	-10.0380345394737
			19.2896792763158	-10.0380345394737
			19.3359375	-10.0380345394737
			19.3821957236842	-10.0380345394737
			19.4284539473684	-10.0380345394737
			19.4284539473684	-10.0842927631579
			19.4747121710526	-10.0842927631579
			19.5209703947368	-10.0842927631579
			19.5672286184211	-10.0842927631579
			19.6134868421053	-10.0842927631579
			19.6134868421053	-10.1305509868421
			19.6597450657895	-10.1305509868421
			19.7060032894737	-10.1305509868421
			19.7522615131579	-10.1768092105263
			19.7985197368421	-10.1768092105263
			19.8447779605263	-10.2230674342105
			19.8910361842105	-10.2230674342105
			19.9372944078947	-10.2693256578947
			19.9835526315789	-10.2693256578947
			20.0298108552632	-10.3155838815789
			20.0760690789474	-10.3618421052632
			20.1223273026316	-10.4081003289474
			20.1685855263158	-10.4543585526316
			20.21484375	-10.4543585526316
			20.2611019736842	-10.5006167763158
			20.3073601973684	-10.546875
			20.3073601973684	-10.5931332236842
			20.3536184210526	-10.5931332236842
			20.3998766447368	-10.6393914473684
			20.3998766447368	-10.6856496710526
			20.4461348684211	-10.7319078947368
			20.4461348684211	-10.7781661184211
			20.4923930921053	-10.8244243421053
			20.5386513157895	-10.8706825657895
			20.5386513157895	-10.9169407894737
			20.5849095394737	-10.9631990131579
			20.5849095394737	-11.0094572368421
			20.6311677631579	-11.0557154605263
			20.6311677631579	-11.1019736842105
			20.6311677631579	-11.1482319078947
			20.6774259868421	-11.1944901315789
			20.6774259868421	-11.2407483552632
			20.6774259868421	-11.2870065789474
			20.6774259868421	-11.3332648026316
			20.7236842105263	-11.3795230263158
			20.7236842105263	-11.42578125
			20.7236842105263	-11.4720394736842
			20.7236842105263	-11.5182976973684
			20.7699424342105	-11.5645559210526
			20.7699424342105	-11.6108141447368
			20.7699424342105	-11.6570723684211
			20.7699424342105	-11.7033305921053
			20.7699424342105	-11.7495888157895
			20.7699424342105	-11.7958470394737
			20.7699424342105	-11.8421052631579
			20.7699424342105	-11.8883634868421
			20.7236842105263	-11.9346217105263
			20.7236842105263	-11.9808799342105
			20.7236842105263	-12.0271381578947
			20.7236842105263	-12.0733963815789
			20.7236842105263	-12.1196546052632
			20.6774259868421	-12.1659128289474
			20.6774259868421	-12.2121710526316
			20.6774259868421	-12.2584292763158
			20.6311677631579	-12.3046875
			20.6311677631579	-12.3509457236842
			20.5849095394737	-12.3972039473684
			20.5849095394737	-12.4434621710526
			20.5386513157895	-12.4897203947368
			20.5386513157895	-12.5359786184211
			20.4923930921053	-12.5822368421053
			20.4923930921053	-12.6284950657895
			20.4461348684211	-12.6747532894737
			20.3998766447368	-12.7210115131579
			20.3998766447368	-12.7672697368421
			20.3536184210526	-12.7672697368421
			20.3073601973684	-12.8135279605263
			20.2611019736842	-12.8597861842105
			20.2611019736842	-12.9060444078947
			20.21484375	-12.9060444078947
			20.1685855263158	-12.9523026315789
			20.1223273026316	-12.9985608552632
			20.0760690789474	-13.0448190789474
			20.0298108552632	-13.0448190789474
			19.9835526315789	-13.0910773026316
			19.9372944078947	-13.0910773026316
			19.8910361842105	-13.1373355263158
			19.8447779605263	-13.18359375
			19.7985197368421	-13.18359375
			19.7522615131579	-13.2298519736842
			19.7060032894737	-13.2298519736842
			19.6597450657895	-13.2761101973684
			19.6134868421053	-13.2761101973684
			19.5672286184211	-13.2761101973684
			19.5209703947368	-13.3223684210526
			19.4747121710526	-13.3223684210526
			19.4284539473684	-13.3223684210526
			19.3821957236842	-13.3223684210526
			19.3359375	-13.3686266447368
			19.2896792763158	-13.3686266447368
			19.2434210526316	-13.3686266447368
			19.1971628289474	-13.3686266447368
			19.1509046052632	-13.4148848684211
			19.1046463815789	-13.4148848684211
			19.0583881578947	-13.4148848684211
			19.0583881578947	-13.4611430921053
			19.1046463815789	-13.4611430921053
			19.1046463815789	-13.5074013157895
			19.1509046052632	-13.5074013157895
			19.1509046052632	-13.5536595394737
			19.1509046052632	-13.5999177631579
			19.1971628289474	-13.5999177631579
			19.1971628289474	-13.6461759868421
			19.2434210526316	-13.6461759868421
			19.2434210526316	-13.6924342105263
			19.2896792763158	-13.7386924342105
			19.2896792763158	-13.7849506578947
			19.3359375	-13.8312088815789
			19.3821957236842	-13.8774671052632
			19.3821957236842	-13.9237253289474
			19.4284539473684	-13.9699835526316
			19.4284539473684	-14.0162417763158
			19.4747121710526	-14.0625
			19.4747121710526	-14.1087582236842
			19.5209703947368	-14.1550164473684
			19.5209703947368	-14.2012746710526
			19.5672286184211	-14.2475328947368
			19.5672286184211	-14.2937911184211
			19.5672286184211	-14.3400493421053
			19.6134868421053	-14.3400493421053
			19.6134868421053	-14.3863075657895
			19.6134868421053	-14.4325657894737
			19.6597450657895	-14.4325657894737
			19.6597450657895	-14.4788240131579
			19.6597450657895	-14.5250822368421
			19.6597450657895	-14.5713404605263
			19.7060032894737	-14.6175986842105
			19.7060032894737	-14.6638569078947
			19.7060032894737	-14.7101151315789
			19.7060032894737	-14.7563733552632
			19.7522615131579	-14.8026315789474
			19.7522615131579	-14.8488898026316
			19.7522615131579	-14.8951480263158
			19.7985197368421	-14.94140625
			19.8447779605263	-14.94140625
			19.8910361842105	-14.9876644736842
			19.9372944078947	-14.9876644736842
			19.9835526315789	-14.9876644736842
			20.0298108552632	-14.9876644736842
			20.0760690789474	-14.9876644736842
			20.0760690789474	-15.0339226973684
			20.1223273026316	-15.0339226973684
			20.1685855263158	-15.0339226973684
			20.21484375	-15.0339226973684
			20.2611019736842	-15.0339226973684
			20.3073601973684	-15.0801809210526
			20.3536184210526	-15.0801809210526
			20.3998766447368	-15.0801809210526
			20.4461348684211	-15.0801809210526
			20.4923930921053	-15.1264391447368
			20.5386513157895	-15.1264391447368
			20.5849095394737	-15.1264391447368
			20.6311677631579	-15.1264391447368
			20.6774259868421	-15.1726973684211
			20.7236842105263	-15.1726973684211
			20.7699424342105	-15.1726973684211
			20.8162006578947	-15.1726973684211
			20.8624588815789	-15.2189555921053
			20.9087171052632	-15.2189555921053
			20.9549753289474	-15.2189555921053
			21.0012335526316	-15.2189555921053
			21.0474917763158	-15.2652138157895
			21.09375	-15.2652138157895
			21.1400082236842	-15.2652138157895
			21.1862664473684	-15.2652138157895
			21.1862664473684	-15.3114720394737
			21.2325246710526	-15.3114720394737
			21.2787828947368	-15.3114720394737
			21.3250411184211	-15.3114720394737
			21.3712993421053	-15.3577302631579
			21.4175575657895	-15.3577302631579
			21.4638157894737	-15.3577302631579
			21.5100740131579	-15.4039884868421
			21.5563322368421	-15.4039884868421
			21.6025904605263	-15.4039884868421
			21.6488486842105	-15.4502467105263
			21.6951069078947	-15.4502467105263
			21.7413651315789	-15.4502467105263
			21.7876233552632	-15.4965049342105
			21.8338815789474	-15.4965049342105
			21.8801398026316	-15.4965049342105
			21.9263980263158	-15.5427631578947
			21.97265625	-15.5427631578947
			22.0189144736842	-15.5427631578947
			22.0651726973684	-15.5890213815789
			22.1114309210526	-15.5890213815789
			22.1576891447368	-15.5890213815789
			22.2039473684211	-15.6352796052632
			22.2502055921053	-15.6815378289474
			22.2964638157895	-15.6815378289474
			22.3427220394737	-15.6815378289474
			22.3889802631579	-15.7277960526316
			22.4352384868421	-15.7277960526316
			22.4814967105263	-15.7740542763158
			22.5277549342105	-15.7740542763158
			22.5740131578947	-15.8203125
			22.6202713815789	-15.8203125
			22.6665296052632	-15.8203125
			22.7127878289474	-15.8665707236842
			22.7590460526316	-15.8665707236842
			22.8053042763158	-15.9128289473684
			22.8515625	-15.9128289473684
			22.8978207236842	-15.9590871710526
			22.9440789473684	-16.0053453947368
			22.9903371710526	-16.0053453947368
			23.0365953947368	-16.0516036184211
			23.0828536184211	-16.0516036184211
			23.1291118421053	-16.0978618421053
			23.1753700657895	-16.0978618421053
			23.2216282894737	-16.1441200657895
			23.2678865131579	-16.1903782894737
			23.3141447368421	-16.1903782894737
			23.3604029605263	-16.2366365131579
			23.4066611842105	-16.2828947368421
			23.4529194078947	-16.3291529605263
			23.4991776315789	-16.3291529605263
			23.5454358552632	-16.3754111842105
			23.5916940789474	-16.4216694078947
			23.6379523026316	-16.4679276315789
			23.6842105263158	-16.5141858552632
			23.73046875	-16.5604440789474
			23.7767269736842	-16.6067023026316
			23.8229851973684	-16.6529605263158
		</suture>
		<anterior type=matrix rownames=FALSE colnames=FALSE nrow=466 ncol=2 as.numeric=TRUE >
			14.2937911184211	-2.08162006578947
			14.3400493421053	-2.08162006578947
			14.3863075657895	-2.08162006578947
			14.4325657894737	-2.08162006578947
			14.4788240131579	-2.08162006578947
			14.5250822368421	-2.08162006578947
			14.5713404605263	-2.08162006578947
			14.6175986842105	-2.08162006578947
			14.6638569078947	-2.12787828947368
			14.7101151315789	-2.12787828947368
			14.7563733552632	-2.12787828947368
			14.8026315789474	-2.12787828947368
			14.8488898026316	-2.12787828947368
			14.8951480263158	-2.12787828947368
			14.94140625	-2.17413651315789
			14.9876644736842	-2.17413651315789
			15.0339226973684	-2.17413651315789
			15.0801809210526	-2.17413651315789
			15.1264391447368	-2.22039473684211
			15.1726973684211	-2.22039473684211
			15.2189555921053	-2.26665296052632
			15.2652138157895	-2.26665296052632
			15.3114720394737	-2.31291118421053
			15.3577302631579	-2.31291118421053
			15.4039884868421	-2.35916940789474
			15.4502467105263	-2.35916940789474
			15.4965049342105	-2.40542763157895
			15.5427631578947	-2.40542763157895
			15.5427631578947	-2.45168585526316
			15.5890213815789	-2.49794407894737
			15.6352796052632	-2.49794407894737
			15.6815378289474	-2.54420230263158
			15.7277960526316	-2.59046052631579
			15.7740542763158	-2.63671875
			15.8203125	-2.68297697368421
			15.8665707236842	-2.72923519736842
			15.9128289473684	-2.77549342105263
			15.9128289473684	-2.82175164473684
			15.9590871710526	-2.86800986842105
			16.0053453947368	-2.91426809210526
			16.0516036184211	-2.96052631578947
			16.0516036184211	-3.00678453947368
			16.0516036184211	-3.0530427631579
			16.0978618421053	-3.0530427631579
			16.0978618421053	-3.09930098684211
			16.1441200657895	-3.14555921052632
			16.1903782894737	-3.14555921052632
			16.2366365131579	-3.19181743421053
			16.2828947368421	-3.19181743421053
			16.3291529605263	-3.23807565789474
			16.3754111842105	-3.23807565789474
			16.4216694078947	-3.28433388157895
			16.4679276315789	-3.28433388157895
			16.5141858552632	-3.33059210526316
			16.5604440789474	-3.37685032894737
			16.6067023026316	-3.37685032894737
			16.6529605263158	-3.42310855263158
			16.69921875	-3.42310855263158
			16.7454769736842	-3.46936677631579
			16.7917351973684	-3.515625
			16.8379934210526	-3.515625
			16.8842516447368	-3.515625
			16.9305098684211	-3.56188322368421
			16.9767680921053	-3.60814144736842
			17.0230263157895	-3.60814144736842
			17.0692845394737	-3.60814144736842
			17.1155427631579	-3.65439967105263
			17.1618009868421	-3.65439967105263
			17.2080592105263	-3.70065789473684
			17.2543174342105	-3.70065789473684
			17.3005756578947	-3.74691611842105
			17.3468338815789	-3.74691611842105
			17.3930921052632	-3.79317434210526
			17.4393503289474	-3.79317434210526
			17.4856085526316	-3.79317434210526
			17.5318667763158	-3.83943256578947
			17.578125	-3.83943256578947
			17.578125	-3.88569078947368
			17.6243832236842	-3.88569078947368
			17.6706414473684	-3.9319490131579
			17.7168996710526	-3.9319490131579
			17.7631578947368	-3.9319490131579
			17.8094161184211	-3.97820723684211
			17.8556743421053	-3.97820723684211
			17.9019325657895	-4.02446546052632
			17.9481907894737	-4.02446546052632
			17.9944490131579	-4.02446546052632
			18.0407072368421	-4.07072368421053
			18.0869654605263	-4.07072368421053
			18.1332236842105	-4.11698190789474
			18.1794819078947	-4.11698190789474
			18.2257401315789	-4.11698190789474
			18.2719983552632	-4.16324013157895
			18.3182565789474	-4.16324013157895
			18.3645148026316	-4.20949835526316
			18.4107730263158	-4.20949835526316
			18.45703125	-4.20949835526316
			18.5032894736842	-4.20949835526316
			18.5032894736842	-4.25575657894737
			18.5495476973684	-4.25575657894737
			18.5958059210526	-4.25575657894737
			18.6420641447368	-4.30201480263158
			18.6883223684211	-4.30201480263158
			18.7345805921053	-4.34827302631579
			18.7808388157895	-4.34827302631579
			18.8270970394737	-4.34827302631579
			18.8733552631579	-4.39453125
			18.9196134868421	-4.39453125
			18.9658717105263	-4.39453125
			19.0121299342105	-4.44078947368421
			19.0583881578947	-4.44078947368421
			19.1046463815789	-4.48704769736842
			19.1509046052632	-4.48704769736842
			19.1971628289474	-4.48704769736842
			19.1971628289474	-4.53330592105263
			19.2434210526316	-4.53330592105263
			19.2896792763158	-4.53330592105263
			19.3359375	-4.57956414473684
			19.3821957236842	-4.57956414473684
			19.4284539473684	-4.62582236842105
			19.4747121710526	-4.62582236842105
			19.5209703947368	-4.62582236842105
			19.5672286184211	-4.67208059210526
			19.6134868421053	-4.67208059210526
			19.6597450657895	-4.71833881578947
			19.7060032894737	-4.71833881578947
			19.7522615131579	-4.76459703947368
			19.7985197368421	-4.76459703947368
			19.8447779605263	-4.76459703947368
			19.8447779605263	-4.81085526315789
			19.8910361842105	-4.81085526315789
			19.9372944078947	-4.81085526315789
			19.9835526315789	-4.85711348684211
			20.0298108552632	-4.85711348684211
			20.0760690789474	-4.90337171052632
			20.1223273026316	-4.90337171052632
			20.1685855263158	-4.94962993421053
			20.21484375	-4.94962993421053
			20.2611019736842	-4.99588815789474
			20.3073601973684	-4.99588815789474
			20.3536184210526	-5.04214638157895
			20.3998766447368	-5.04214638157895
			20.4461348684211	-5.04214638157895
			20.4923930921053	-5.08840460526316
			20.5386513157895	-5.13466282894737
			20.5849095394737	-5.13466282894737
			20.6311677631579	-5.18092105263158
			20.6774259868421	-5.18092105263158
			20.7236842105263	-5.22717927631579
			20.7699424342105	-5.22717927631579
			20.8162006578947	-5.2734375
			20.8624588815789	-5.2734375
			20.9087171052632	-5.31969572368421
			20.9549753289474	-5.31969572368421
			21.0012335526316	-5.36595394736842
			21.0474917763158	-5.36595394736842
			21.09375	-5.41221217105263
			21.1400082236842	-5.41221217105263
			21.1862664473684	-5.45847039473684
			21.2325246710526	-5.45847039473684
			21.2787828947368	-5.50472861842105
			21.3250411184211	-5.55098684210526
			21.3712993421053	-5.55098684210526
			21.4175575657895	-5.59724506578947
			21.4638157894737	-5.59724506578947
			21.5100740131579	-5.64350328947368
			21.5563322368421	-5.64350328947368
			21.6025904605263	-5.6897615131579
			21.6488486842105	-5.6897615131579
			21.6951069078947	-5.73601973684211
			21.7413651315789	-5.73601973684211
			21.7876233552632	-5.78227796052632
			21.8338815789474	-5.82853618421053
			21.8801398026316	-5.82853618421053
			21.9263980263158	-5.87479440789474
			21.97265625	-5.92105263157895
			22.0189144736842	-5.92105263157895
			22.0651726973684	-5.96731085526316
			22.1114309210526	-5.96731085526316
			22.1114309210526	-6.01356907894737
			22.1576891447368	-6.01356907894737
			22.2039473684211	-6.01356907894737
			22.2039473684211	-6.05982730263158
			22.2502055921053	-6.05982730263158
			22.2964638157895	-6.10608552631579
			22.3427220394737	-6.15234375
			22.3889802631579	-6.15234375
			22.4352384868421	-6.19860197368421
			22.4814967105263	-6.24486019736842
			22.5277549342105	-6.24486019736842
			22.5740131578947	-6.29111842105263
			22.6202713815789	-6.33737664473684
			22.6665296052632	-6.38363486842105
			22.7127878289474	-6.38363486842105
			22.7590460526316	-6.42989309210526
			22.8053042763158	-6.42989309210526
			22.8515625	-6.47615131578947
			22.8978207236842	-6.52240953947368
			22.9440789473684	-6.52240953947368
			22.9440789473684	-6.5686677631579
			22.9903371710526	-6.61492598684211
			23.0365953947368	-6.61492598684211
			23.0828536184211	-6.66118421052632
			23.1291118421053	-6.66118421052632
			23.1753700657895	-6.70744243421053
			23.1753700657895	-6.75370065789474
			23.2216282894737	-6.75370065789474
			23.2678865131579	-6.79995888157895
			23.3141447368421	-6.84621710526316
			23.3604029605263	-6.89247532894737
			23.4066611842105	-6.93873355263158
			23.4529194078947	-6.93873355263158
			23.4991776315789	-6.98499177631579
			23.5454358552632	-7.03125
			23.5916940789474	-7.07750822368421
			23.6379523026316	-7.07750822368421
			23.6842105263158	-7.12376644736842
			23.73046875	-7.17002467105263
			23.73046875	-7.21628289473684
			23.7767269736842	-7.26254111842105
			23.8229851973684	-7.26254111842105
			23.8692434210526	-7.30879934210526
			23.9155016447368	-7.35505756578947
			23.9617598684211	-7.40131578947368
			24.0080180921053	-7.40131578947368
			24.0080180921053	-7.4475740131579
			24.0542763157895	-7.49383223684211
			24.1005345394737	-7.54009046052632
			24.1467927631579	-7.58634868421053
			24.1930509868421	-7.58634868421053
			24.2393092105263	-7.63260690789474
			24.2393092105263	-7.67886513157895
			24.2855674342105	-7.72512335526316
			24.3318256578947	-7.77138157894737
			24.3780838815789	-7.81763980263158
			24.4243421052632	-7.86389802631579
			24.4706003289474	-7.91015625
			24.5168585526316	-7.95641447368421
			24.5631167763158	-8.00267269736842
			24.5631167763158	-8.04893092105263
			24.609375	-8.04893092105263
			24.609375	-8.09518914473684
			24.6556332236842	-8.14144736842105
			24.7018914473684	-8.18770559210526
			24.7481496710526	-8.23396381578947
			24.7481496710526	-8.28022203947368
			24.7944078947368	-8.3264802631579
			24.8406661184211	-8.37273848684211
			24.8406661184211	-8.41899671052632
			24.8869243421053	-8.41899671052632
			24.8869243421053	-8.46525493421053
			24.9331825657895	-8.51151315789474
			24.9331825657895	-8.55777138157895
			24.9794407894737	-8.60402960526316
			25.0256990131579	-8.60402960526316
			25.0256990131579	-8.65028782894737
			25.0719572368421	-8.69654605263158
			25.0719572368421	-8.74280427631579
			25.1182154605263	-8.7890625
			25.1644736842105	-8.7890625
			25.1644736842105	-8.83532072368421
			25.2107319078947	-8.88157894736842
			25.2107319078947	-8.92783717105263
			25.2569901315789	-8.97409539473684
			25.2569901315789	-9.02035361842105
			25.3032483552632	-9.02035361842105
			25.3032483552632	-9.06661184210526
			25.3495065789474	-9.11287006578947
			25.3957648026316	-9.15912828947368
			25.3957648026316	-9.2053865131579
			25.4420230263158	-9.25164473684211
			25.48828125	-9.29790296052632
			25.48828125	-9.34416118421053
			25.5345394736842	-9.39041940789474
			25.5807976973684	-9.43667763157895
			25.5807976973684	-9.48293585526316
			25.6270559210526	-9.52919407894737
			25.6270559210526	-9.57545230263158
			25.6733141447368	-9.62171052631579
			25.7195723684211	-9.66796875
			25.7195723684211	-9.71422697368421
			25.7658305921053	-9.76048519736842
			25.8120888157895	-9.80674342105263
			25.8120888157895	-9.85300164473684
			25.8583470394737	-9.89925986842105
			25.8583470394737	-9.94551809210526
			25.8583470394737	-9.99177631578947
			25.9046052631579	-9.99177631578947
			25.9046052631579	-10.0380345394737
			25.9046052631579	-10.0842927631579
			25.9508634868421	-10.0842927631579
			25.9508634868421	-10.1305509868421
			25.9971217105263	-10.1305509868421
			25.9971217105263	-10.1768092105263
			25.9971217105263	-10.2230674342105
			26.0433799342105	-10.2230674342105
			26.0433799342105	-10.2693256578947
			26.0433799342105	-10.3155838815789
			26.0896381578947	-10.3155838815789
			26.0896381578947	-10.3618421052632
			26.1358963815789	-10.4081003289474
			26.1358963815789	-10.4543585526316
			26.1821546052632	-10.5006167763158
			26.1821546052632	-10.546875
			26.1821546052632	-10.5931332236842
			26.2284128289474	-10.5931332236842
			26.2284128289474	-10.6393914473684
			26.2746710526316	-10.6856496710526
			26.2746710526316	-10.7319078947368
			26.3209292763158	-10.7781661184211
			26.3209292763158	-10.8244243421053
			26.3671875	-10.8706825657895
			26.3671875	-10.9169407894737
			26.4134457236842	-10.9631990131579
			26.4134457236842	-11.0094572368421
			26.4134457236842	-11.0557154605263
			26.4597039473684	-11.1019736842105
			26.4597039473684	-11.1482319078947
			26.5059621710526	-11.1944901315789
			26.5059621710526	-11.2407483552632
			26.5522203947368	-11.2407483552632
			26.5522203947368	-11.2870065789474
			26.5522203947368	-11.3332648026316
			26.5984786184211	-11.3795230263158
			26.5984786184211	-11.42578125
			26.6447368421053	-11.4720394736842
			26.6447368421053	-11.5182976973684
			26.6909950657895	-11.5645559210526
			26.6909950657895	-11.6108141447368
			26.6909950657895	-11.6570723684211
			26.7372532894737	-11.7033305921053
			26.7372532894737	-11.7495888157895
			26.7835115131579	-11.7958470394737
			26.7835115131579	-11.8421052631579
			26.7835115131579	-11.8883634868421
			26.8297697368421	-11.9346217105263
			26.8297697368421	-11.9808799342105
			26.8297697368421	-12.0271381578947
			26.8760279605263	-12.0733963815789
			26.8760279605263	-12.1196546052632
			26.9222861842105	-12.1659128289474
			26.9222861842105	-12.2121710526316
			26.9685444078947	-12.2584292763158
			26.9685444078947	-12.3046875
			26.9685444078947	-12.3509457236842
			27.0148026315789	-12.3972039473684
			27.0148026315789	-12.4434621710526
			27.0610608552632	-12.4897203947368
			27.0610608552632	-12.5359786184211
			27.0610608552632	-12.5822368421053
			27.0610608552632	-12.6284950657895
			27.1073190789474	-12.6747532894737
			27.1073190789474	-12.7210115131579
			27.1535773026316	-12.7672697368421
			27.1535773026316	-12.8135279605263
			27.1535773026316	-12.8597861842105
			27.1998355263158	-12.9060444078947
			27.1998355263158	-12.9523026315789
			27.1998355263158	-12.9985608552632
			27.24609375	-13.0448190789474
			27.24609375	-13.0910773026316
			27.24609375	-13.1373355263158
			27.2923519736842	-13.18359375
			27.2923519736842	-13.2298519736842
			27.2923519736842	-13.2761101973684
			27.2923519736842	-13.3223684210526
			27.3386101973684	-13.3686266447368
			27.3386101973684	-13.4148848684211
			27.3386101973684	-13.4611430921053
			27.3848684210526	-13.5074013157895
			27.3848684210526	-13.5536595394737
			27.3848684210526	-13.5999177631579
			27.3848684210526	-13.6461759868421
			27.4311266447368	-13.6924342105263
			27.4311266447368	-13.7386924342105
			27.4311266447368	-13.7849506578947
			27.4773848684211	-13.8312088815789
			27.4773848684211	-13.8774671052632
			27.4773848684211	-13.9237253289474
			27.4773848684211	-13.9699835526316
			27.5236430921053	-14.0162417763158
			27.5236430921053	-14.0625
			27.5236430921053	-14.1087582236842
			27.5236430921053	-14.1550164473684
			27.5699013157895	-14.2012746710526
			27.5699013157895	-14.2475328947368
			27.5699013157895	-14.2937911184211
			27.5699013157895	-14.3400493421053
			27.6161595394737	-14.3863075657895
			27.6161595394737	-14.4325657894737
			27.6161595394737	-14.4788240131579
			27.6161595394737	-14.5250822368421
			27.6161595394737	-14.5713404605263
			27.6624177631579	-14.6175986842105
			27.6624177631579	-14.6638569078947
			27.6624177631579	-14.7101151315789
			27.6624177631579	-14.7563733552632
			27.6624177631579	-14.8026315789474
			27.7086759868421	-14.8488898026316
			27.7086759868421	-14.8951480263158
			27.7086759868421	-14.94140625
			27.7086759868421	-14.9876644736842
			27.7086759868421	-15.0339226973684
			27.7549342105263	-15.0801809210526
			27.7549342105263	-15.1264391447368
			27.7549342105263	-15.1726973684211
			27.7549342105263	-15.2189555921053
			27.7549342105263	-15.2652138157895
			27.8011924342105	-15.3114720394737
			27.8011924342105	-15.3577302631579
			27.8011924342105	-15.4039884868421
			27.8011924342105	-15.4502467105263
			27.8011924342105	-15.4965049342105
			27.8011924342105	-15.5427631578947
			27.8474506578947	-15.5890213815789
			27.8474506578947	-15.6352796052632
			27.8474506578947	-15.6815378289474
			27.8474506578947	-15.7277960526316
			27.8474506578947	-15.7740542763158
			27.8474506578947	-15.8203125
			27.8937088815789	-15.8665707236842
			27.8937088815789	-15.9128289473684
			27.8937088815789	-15.9590871710526
			27.8937088815789	-16.0053453947368
			27.8937088815789	-16.0516036184211
			27.8937088815789	-16.0978618421053
			27.8937088815789	-16.1441200657895
			27.9399671052632	-16.1903782894737
			27.9399671052632	-16.2366365131579
			27.9399671052632	-16.2828947368421
			27.9399671052632	-16.3291529605263
			27.9399671052632	-16.3754111842105
			27.9399671052632	-16.4216694078947
			27.9399671052632	-16.4679276315789
			27.9399671052632	-16.5141858552632
			27.9862253289474	-16.5604440789474
			27.9862253289474	-16.6067023026316
			27.9862253289474	-16.6529605263158
			27.9862253289474	-16.69921875
			27.9862253289474	-16.7454769736842
			27.9862253289474	-16.7917351973684
			27.9862253289474	-16.8379934210526
			27.9862253289474	-16.8842516447368
			27.9862253289474	-16.9305098684211
			28.0324835526316	-16.9767680921053
			28.0324835526316	-17.0230263157895
			28.0324835526316	-17.0692845394737
			28.0324835526316	-17.1155427631579
			28.0324835526316	-17.1618009868421
			28.0324835526316	-17.2080592105263
			28.0324835526316	-17.2543174342105
			28.0324835526316	-17.3005756578947
			28.0324835526316	-17.3468338815789
			28.0324835526316	-17.3930921052632
			28.0324835526316	-17.4393503289474
			28.0324835526316	-17.4856085526316
			28.0324835526316	-17.5318667763158
			28.0787417763158	-17.578125
			28.0787417763158	-17.6243832236842
			28.0787417763158	-17.6706414473684
			28.0787417763158	-17.7168996710526
			28.0787417763158	-17.7631578947368
			28.0787417763158	-17.8094161184211
			28.0787417763158	-17.8556743421053
			28.0787417763158	-17.9019325657895
			28.0787417763158	-17.9481907894737
		</anterior>
		<posterior type=matrix rownames=FALSE colnames=FALSE nrow=837 ncol=2 as.numeric=TRUE >
			14.2937911184211	-17.9481907894737
			14.3400493421053	-17.9481907894737
			14.3863075657895	-17.9481907894737
			14.4325657894737	-17.9481907894737
			14.4788240131579	-17.9481907894737
			14.5250822368421	-17.9481907894737
			14.5713404605263	-17.9481907894737
			14.6175986842105	-17.9481907894737
			14.6638569078947	-17.9481907894737
			14.7101151315789	-17.9481907894737
			14.7563733552632	-17.9481907894737
			14.8026315789474	-17.9481907894737
			14.8488898026316	-17.9481907894737
			14.8951480263158	-17.9481907894737
			14.94140625	-17.9481907894737
			14.9876644736842	-17.9481907894737
			15.0339226973684	-17.9481907894737
			15.0801809210526	-17.9481907894737
			15.1264391447368	-17.9481907894737
			15.1726973684211	-17.9481907894737
			15.2189555921053	-17.9481907894737
			15.2652138157895	-17.9481907894737
			15.3114720394737	-17.9481907894737
			15.3577302631579	-17.9481907894737
			15.4039884868421	-17.9481907894737
			15.4502467105263	-17.9481907894737
			15.4965049342105	-17.9481907894737
			15.5427631578947	-17.9481907894737
			15.5890213815789	-17.9481907894737
			15.6352796052632	-17.9481907894737
			15.6815378289474	-17.9481907894737
			15.7277960526316	-17.9019325657895
			15.7740542763158	-17.9019325657895
			15.8203125	-17.9019325657895
			15.8665707236842	-17.9019325657895
			15.9128289473684	-17.9019325657895
			15.9590871710526	-17.9019325657895
			16.0053453947368	-17.9019325657895
			16.0516036184211	-17.9019325657895
			16.0978618421053	-17.9019325657895
			16.1441200657895	-17.8556743421053
			16.1903782894737	-17.8556743421053
			16.2366365131579	-17.8556743421053
			16.2828947368421	-17.8556743421053
			16.3291529605263	-17.8556743421053
			16.3754111842105	-17.8556743421053
			16.4216694078947	-17.8094161184211
			16.4679276315789	-17.8094161184211
			16.5141858552632	-17.8094161184211
			16.5604440789474	-17.8094161184211
			16.6067023026316	-17.8094161184211
			16.6529605263158	-17.7631578947368
			16.69921875	-17.7631578947368
			16.7454769736842	-17.7631578947368
			16.7917351973684	-17.7631578947368
			16.8379934210526	-17.7168996710526
			16.8842516447368	-17.7168996710526
			16.9305098684211	-17.7168996710526
			16.9767680921053	-17.6706414473684
			17.0230263157895	-17.6706414473684
			17.0692845394737	-17.6706414473684
			17.1155427631579	-17.6243832236842
			17.1618009868421	-17.6243832236842
			17.2080592105263	-17.6243832236842
			17.2543174342105	-17.6243832236842
			17.3005756578947	-17.578125
			17.3468338815789	-17.578125
			17.3930921052632	-17.5318667763158
			17.4393503289474	-17.5318667763158
			17.4856085526316	-17.5318667763158
			17.5318667763158	-17.4856085526316
			17.578125	-17.4856085526316
			17.6243832236842	-17.4856085526316
			17.6243832236842	-17.4393503289474
			17.6706414473684	-17.4393503289474
			17.7168996710526	-17.3930921052632
			17.7631578947368	-17.3930921052632
			17.8094161184211	-17.3930921052632
			17.8094161184211	-17.3468338815789
			17.8556743421053	-17.3468338815789
			17.9019325657895	-17.3005756578947
			17.9481907894737	-17.3005756578947
			17.9944490131579	-17.2543174342105
			18.0407072368421	-17.2543174342105
			18.0869654605263	-17.2080592105263
			18.1332236842105	-17.2080592105263
			18.1794819078947	-17.1618009868421
			18.2257401315789	-17.1155427631579
			18.2719983552632	-17.0692845394737
			18.3182565789474	-17.0692845394737
			18.3645148026316	-17.0230263157895
			18.4107730263158	-16.9767680921053
			18.45703125	-16.9305098684211
			18.5032894736842	-16.9305098684211
			18.5495476973684	-16.8842516447368
			18.5958059210526	-16.8379934210526
			18.6420641447368	-16.7917351973684
			18.6883223684211	-16.7917351973684
			18.6883223684211	-16.7454769736842
			18.7345805921053	-16.69921875
			18.7808388157895	-16.6529605263158
			18.8270970394737	-16.6067023026316
			18.8733552631579	-16.5604440789474
			18.9196134868421	-16.5141858552632
			18.9658717105263	-16.4679276315789
			19.0121299342105	-16.4216694078947
			19.0583881578947	-16.3754111842105
			19.0583881578947	-16.3291529605263
			19.1046463815789	-16.2828947368421
			19.1509046052632	-16.2366365131579
			19.1971628289474	-16.1903782894737
			19.1971628289474	-16.1441200657895
			19.2434210526316	-16.0978618421053
			19.2434210526316	-16.0516036184211
			19.2896792763158	-16.0053453947368
			19.3359375	-16.0516036184211
			19.3821957236842	-16.0516036184211
			19.4284539473684	-16.0978618421053
			19.4747121710526	-16.0978618421053
			19.5209703947368	-16.1441200657895
			19.5672286184211	-16.1441200657895
			19.6134868421053	-16.1441200657895
			19.6597450657895	-16.1903782894737
			19.7060032894737	-16.1903782894737
			19.7522615131579	-16.1903782894737
			19.7985197368421	-16.1903782894737
			19.8447779605263	-16.1903782894737
			19.8910361842105	-16.1903782894737
			19.9372944078947	-16.1903782894737
			19.9835526315789	-16.1903782894737
			20.0298108552632	-16.1903782894737
			20.0760690789474	-16.1903782894737
			20.1223273026316	-16.1903782894737
			20.1685855263158	-16.1903782894737
			20.21484375	-16.1903782894737
			20.2611019736842	-16.1903782894737
			20.3073601973684	-16.1903782894737
			20.3536184210526	-16.1903782894737
			20.3998766447368	-16.1903782894737
			20.4461348684211	-16.1903782894737
			20.4923930921053	-16.1903782894737
			20.5386513157895	-16.1903782894737
			20.5849095394737	-16.1903782894737
			20.6311677631579	-16.1441200657895
			20.6774259868421	-16.1441200657895
			20.7236842105263	-16.1441200657895
			20.7699424342105	-16.1441200657895
			20.8162006578947	-16.1441200657895
			20.8624588815789	-16.1441200657895
			20.9087171052632	-16.1441200657895
			20.9549753289474	-16.1441200657895
			21.0012335526316	-16.1441200657895
			21.0474917763158	-16.1441200657895
			21.09375	-16.1441200657895
			21.1400082236842	-16.1441200657895
			21.1862664473684	-16.1441200657895
			21.2325246710526	-16.1441200657895
			21.2787828947368	-16.1441200657895
			21.3250411184211	-16.1441200657895
			21.3712993421053	-16.1903782894737
			21.4175575657895	-16.1903782894737
			21.4638157894737	-16.1903782894737
			21.5100740131579	-16.1903782894737
			21.5563322368421	-16.1903782894737
			21.6025904605263	-16.1903782894737
			21.6488486842105	-16.1903782894737
			21.6951069078947	-16.1903782894737
			21.6951069078947	-16.2366365131579
			21.7413651315789	-16.2366365131579
			21.7876233552632	-16.2366365131579
			21.8338815789474	-16.2366365131579
			21.8801398026316	-16.2828947368421
			21.9263980263158	-16.2828947368421
			21.97265625	-16.3291529605263
			22.0189144736842	-16.3291529605263
			22.0651726973684	-16.3754111842105
			22.1114309210526	-16.3754111842105
			22.1576891447368	-16.3754111842105
			22.2039473684211	-16.4216694078947
			22.2502055921053	-16.4216694078947
			22.2964638157895	-16.4216694078947
			22.3427220394737	-16.4679276315789
			22.3889802631579	-16.4679276315789
			22.4352384868421	-16.4679276315789
			22.4814967105263	-16.4679276315789
			22.5277549342105	-16.5141858552632
			22.5740131578947	-16.5141858552632
			22.6202713815789	-16.5141858552632
			22.6665296052632	-16.5141858552632
			22.7127878289474	-16.5604440789474
			22.7590460526316	-16.5604440789474
			22.8053042763158	-16.5604440789474
			22.8515625	-16.5604440789474
			22.8978207236842	-16.5604440789474
			22.9440789473684	-16.6067023026316
			22.9903371710526	-16.6067023026316
			23.0365953947368	-16.6067023026316
			23.0828536184211	-16.6067023026316
			23.1291118421053	-16.6067023026316
			23.1753700657895	-16.6529605263158
			23.2216282894737	-16.6529605263158
			23.2678865131579	-16.6529605263158
			23.3141447368421	-16.6529605263158
			23.3604029605263	-16.6529605263158
			23.4066611842105	-16.6529605263158
			23.4529194078947	-16.6529605263158
			23.4991776315789	-16.6529605263158
			23.5454358552632	-16.6529605263158
			23.5916940789474	-16.6529605263158
			23.6379523026316	-16.6529605263158
			23.6842105263158	-16.6529605263158
			23.73046875	-16.6529605263158
			23.7767269736842	-16.6529605263158
			23.8229851973684	-16.6529605263158
			23.8692434210526	-16.6529605263158
			23.9155016447368	-16.6529605263158
			23.9617598684211	-16.69921875
			24.0080180921053	-16.69921875
			24.0542763157895	-16.69921875
			24.1005345394737	-16.69921875
			24.1467927631579	-16.7454769736842
			24.1930509868421	-16.7454769736842
			24.2393092105263	-16.7454769736842
			24.2855674342105	-16.7454769736842
			24.3318256578947	-16.7454769736842
			24.3780838815789	-16.7917351973684
			24.4243421052632	-16.7917351973684
			24.4706003289474	-16.7917351973684
			24.5168585526316	-16.7917351973684
			24.5168585526316	-16.8379934210526
			24.5631167763158	-16.8379934210526
			24.609375	-16.8379934210526
			24.6556332236842	-16.8379934210526
			24.6556332236842	-16.8842516447368
			24.7018914473684	-16.8842516447368
			24.7481496710526	-16.8842516447368
			24.7944078947368	-16.8842516447368
			24.8406661184211	-16.9305098684211
			24.8869243421053	-16.9305098684211
			24.9331825657895	-16.9767680921053
			24.9794407894737	-16.9767680921053
			25.0256990131579	-17.0230263157895
			25.0719572368421	-17.0230263157895
			25.1182154605263	-17.0692845394737
			25.1644736842105	-17.0692845394737
			25.2107319078947	-17.1155427631579
			25.2569901315789	-17.1618009868421
			25.3032483552632	-17.2080592105263
			25.3032483552632	-17.2543174342105
			25.3495065789474	-17.3005756578947
			25.3495065789474	-17.3468338815789
			25.3495065789474	-17.3930921052632
			25.3495065789474	-17.4393503289474
			25.3957648026316	-17.4856085526316
			25.3957648026316	-17.5318667763158
			25.3957648026316	-17.578125
			25.3957648026316	-17.6243832236842
			25.3957648026316	-17.6706414473684
			25.4420230263158	-17.7168996710526
			25.4420230263158	-17.7631578947368
			25.4420230263158	-17.8094161184211
			25.4420230263158	-17.8556743421053
			25.48828125	-17.9019325657895
			25.48828125	-17.9481907894737
			25.48828125	-17.9944490131579
			25.48828125	-18.0407072368421
			25.5345394736842	-18.0869654605263
			25.5345394736842	-18.1332236842105
			25.5345394736842	-18.1794819078947
			25.5345394736842	-18.2257401315789
			25.5345394736842	-18.2719983552632
			25.5807976973684	-18.3182565789474
			25.5807976973684	-18.3645148026316
			25.5807976973684	-18.4107730263158
			25.5807976973684	-18.45703125
			25.5807976973684	-18.5032894736842
			25.6270559210526	-18.5495476973684
			25.6270559210526	-18.5958059210526
			25.6270559210526	-18.6420641447368
			25.6270559210526	-18.6883223684211
			25.6270559210526	-18.7345805921053
			25.6270559210526	-18.7808388157895
			25.6733141447368	-18.8270970394737
			25.6733141447368	-18.8733552631579
			25.6733141447368	-18.9196134868421
			25.6733141447368	-18.9658717105263
			25.6733141447368	-19.0121299342105
			25.7195723684211	-19.0583881578947
			25.7195723684211	-19.1046463815789
			25.7195723684211	-19.1509046052632
			25.7195723684211	-19.1971628289474
			25.7195723684211	-19.2434210526316
			25.7195723684211	-19.2896792763158
			25.7195723684211	-19.3359375
			25.7658305921053	-19.3821957236842
			25.7658305921053	-19.4284539473684
			25.7658305921053	-19.4747121710526
			25.7658305921053	-19.5209703947368
			25.7658305921053	-19.5672286184211
			25.7658305921053	-19.6134868421053
			25.7658305921053	-19.6597450657895
			25.8120888157895	-19.7060032894737
			25.8120888157895	-19.7522615131579
			25.8120888157895	-19.7985197368421
			25.8120888157895	-19.8447779605263
			25.8120888157895	-19.8910361842105
			25.8120888157895	-19.9372944078947
			25.8120888157895	-19.9835526315789
			25.8120888157895	-20.0298108552632
			25.8120888157895	-20.0760690789474
			25.8583470394737	-20.1223273026316
			25.8583470394737	-20.1685855263158
			25.8583470394737	-20.21484375
			25.8583470394737	-20.2611019736842
			25.8583470394737	-20.3073601973684
			25.8583470394737	-20.3536184210526
			25.8583470394737	-20.3998766447368
			25.8583470394737	-20.4461348684211
			25.8583470394737	-20.4923930921053
			25.8583470394737	-20.5386513157895
			25.8583470394737	-20.5849095394737
			25.8583470394737	-20.6311677631579
			25.9046052631579	-20.6774259868421
			25.9046052631579	-20.7236842105263
			25.9046052631579	-20.7699424342105
			25.9046052631579	-20.8162006578947
			25.9046052631579	-20.8624588815789
			25.9046052631579	-20.9087171052632
			25.9046052631579	-20.9549753289474
			25.9046052631579	-21.0012335526316
			25.9046052631579	-21.0474917763158
			25.9046052631579	-21.09375
			25.9046052631579	-21.1400082236842
			25.9046052631579	-21.1862664473684
			25.9046052631579	-21.2325246710526
			25.9046052631579	-21.2787828947368
			25.9046052631579	-21.3250411184211
			25.9046052631579	-21.3712993421053
			25.9046052631579	-21.4175575657895
			25.9046052631579	-21.4638157894737
			25.9046052631579	-21.5100740131579
			25.9046052631579	-21.5563322368421
			25.9046052631579	-21.6025904605263
			25.9046052631579	-21.6488486842105
			25.9046052631579	-21.6951069078947
			25.9046052631579	-21.7413651315789
			25.9046052631579	-21.7876233552632
			25.9046052631579	-21.8338815789474
			25.9046052631579	-21.8801398026316
			25.9046052631579	-21.9263980263158
			25.9046052631579	-21.97265625
			25.9046052631579	-22.0189144736842
			25.9046052631579	-22.0651726973684
			25.9046052631579	-22.1114309210526
			25.9046052631579	-22.1576891447368
			25.9046052631579	-22.2039473684211
			25.9046052631579	-22.2502055921053
			25.9046052631579	-22.2964638157895
			25.9046052631579	-22.3427220394737
			25.9046052631579	-22.3889802631579
			25.9046052631579	-22.4352384868421
			25.9046052631579	-22.4814967105263
			25.9046052631579	-22.5277549342105
			25.9046052631579	-22.5740131578947
			25.9046052631579	-22.6202713815789
			25.9046052631579	-22.6665296052632
			25.9046052631579	-22.7127878289474
			25.8583470394737	-22.7590460526316
			25.8583470394737	-22.8053042763158
			25.8583470394737	-22.8515625
			25.8583470394737	-22.8978207236842
			25.8583470394737	-22.9440789473684
			25.8583470394737	-22.9903371710526
			25.8583470394737	-23.0365953947368
			25.8583470394737	-23.0828536184211
			25.8583470394737	-23.1291118421053
			25.8583470394737	-23.1753700657895
			25.8583470394737	-23.2216282894737
			25.8120888157895	-23.2216282894737
			25.8120888157895	-23.2678865131579
			25.8120888157895	-23.3141447368421
			25.8120888157895	-23.3604029605263
			25.8120888157895	-23.4066611842105
			25.8120888157895	-23.4529194078947
			25.8120888157895	-23.4991776315789
			25.8120888157895	-23.5454358552632
			25.7658305921053	-23.5916940789474
			25.7658305921053	-23.6379523026316
			25.7658305921053	-23.6842105263158
			25.7658305921053	-23.73046875
			25.7658305921053	-23.7767269736842
			25.7658305921053	-23.8229851973684
			25.7658305921053	-23.8692434210526
			25.7658305921053	-23.9155016447368
			25.7195723684211	-23.9155016447368
			25.7195723684211	-23.9617598684211
			25.7195723684211	-24.0080180921053
			25.7195723684211	-24.0542763157895
			25.7195723684211	-24.1005345394737
			25.7195723684211	-24.1467927631579
			25.7195723684211	-24.1930509868421
			25.6733141447368	-24.2393092105263
			25.6733141447368	-24.2855674342105
			25.6733141447368	-24.3318256578947
			25.6733141447368	-24.3780838815789
			25.6733141447368	-24.4243421052632
			25.6733141447368	-24.4706003289474
			25.6733141447368	-24.5168585526316
			25.6733141447368	-24.5631167763158
			25.6270559210526	-24.609375
			25.6270559210526	-24.6556332236842
			25.6270559210526	-24.7018914473684
			25.6270559210526	-24.7481496710526
			25.6270559210526	-24.7944078947368
			25.6270559210526	-24.8406661184211
			25.6270559210526	-24.8869243421053
			25.5807976973684	-24.9331825657895
			25.5807976973684	-24.9794407894737
			25.5807976973684	-25.0256990131579
			25.5807976973684	-25.0719572368421
			25.5807976973684	-25.1182154605263
			25.5807976973684	-25.1644736842105
			25.5345394736842	-25.2107319078947
			25.5345394736842	-25.2569901315789
			25.5345394736842	-25.3032483552632
			25.5345394736842	-25.3495065789474
			25.5345394736842	-25.3957648026316
			25.5345394736842	-25.4420230263158
			25.5345394736842	-25.48828125
			25.48828125	-25.5345394736842
			25.48828125	-25.5807976973684
			25.48828125	-25.6270559210526
			25.48828125	-25.6733141447368
			25.48828125	-25.7195723684211
			25.48828125	-25.7658305921053
			25.48828125	-25.8120888157895
			25.4420230263158	-25.8583470394737
			25.4420230263158	-25.9046052631579
			25.4420230263158	-25.9508634868421
			25.4420230263158	-25.9971217105263
			25.4420230263158	-26.0433799342105
			25.4420230263158	-26.0896381578947
			25.4420230263158	-26.1358963815789
			25.3957648026316	-26.1821546052632
			25.3957648026316	-26.2284128289474
			25.3957648026316	-26.2746710526316
			25.3957648026316	-26.3209292763158
			25.3957648026316	-26.3671875
			25.3495065789474	-26.4134457236842
			25.3495065789474	-26.4597039473684
			25.3495065789474	-26.5059621710526
			25.3495065789474	-26.5522203947368
			25.3495065789474	-26.5984786184211
			25.3495065789474	-26.6447368421053
			25.3495065789474	-26.6909950657895
			25.3032483552632	-26.7372532894737
			25.3032483552632	-26.7835115131579
			25.3032483552632	-26.8297697368421
			25.3032483552632	-26.8760279605263
			25.3032483552632	-26.9222861842105
			25.3032483552632	-26.9685444078947
			25.2569901315789	-27.0148026315789
			25.2569901315789	-27.0610608552632
			25.2569901315789	-27.1073190789474
			25.2569901315789	-27.1535773026316
			25.2569901315789	-27.1998355263158
			25.2107319078947	-27.24609375
			25.2107319078947	-27.2923519736842
			25.2107319078947	-27.3386101973684
			25.2107319078947	-27.3848684210526
			25.2107319078947	-27.4311266447368
			25.2107319078947	-27.4773848684211
			25.1644736842105	-27.5236430921053
			25.1644736842105	-27.5699013157895
			25.1644736842105	-27.6161595394737
			25.1644736842105	-27.6624177631579
			25.1644736842105	-27.7086759868421
			25.1644736842105	-27.7549342105263
			25.1182154605263	-27.8011924342105
			25.1182154605263	-27.8474506578947
			25.1182154605263	-27.8937088815789
			25.1182154605263	-27.9399671052632
			25.1182154605263	-27.9862253289474
			25.0719572368421	-28.0324835526316
			25.0719572368421	-28.0787417763158
			25.0719572368421	-28.125
			25.0719572368421	-28.1712582236842
			25.0719572368421	-28.2175164473684
			25.0256990131579	-28.2637746710526
			25.0256990131579	-28.3100328947368
			25.0256990131579	-28.3562911184211
			25.0256990131579	-28.4025493421053
			25.0256990131579	-28.4488075657895
			24.9794407894737	-28.4950657894737
			24.9794407894737	-28.5413240131579
			24.9794407894737	-28.5875822368421
			24.9794407894737	-28.6338404605263
			24.9794407894737	-28.6800986842105
			24.9331825657895	-28.7263569078947
			24.9331825657895	-28.7726151315789
			24.9331825657895	-28.8188733552632
			24.9331825657895	-28.8651315789474
			24.8869243421053	-28.9113898026316
			24.8869243421053	-28.9576480263158
			24.8869243421053	-29.00390625
			24.8869243421053	-29.0501644736842
			24.8406661184211	-29.0964226973684
			24.8406661184211	-29.1426809210526
			24.8406661184211	-29.1889391447368
			24.8406661184211	-29.2351973684211
			24.8406661184211	-29.2814555921053
			24.7944078947368	-29.2814555921053
			24.7944078947368	-29.3277138157895
			24.7944078947368	-29.3739720394737
			24.7944078947368	-29.4202302631579
			24.7481496710526	-29.4664884868421
			24.7481496710526	-29.5127467105263
			24.7481496710526	-29.5590049342105
			24.7481496710526	-29.6052631578947
			24.7481496710526	-29.6515213815789
			24.7018914473684	-29.6977796052632
			24.7018914473684	-29.7440378289474
			24.7018914473684	-29.7902960526316
			24.7018914473684	-29.8365542763158
			24.7018914473684	-29.8828125
			24.7018914473684	-29.9290707236842
			24.7018914473684	-29.9753289473684
			24.7018914473684	-30.0215871710526
			24.7018914473684	-30.0678453947368
			24.7018914473684	-30.1141036184211
			24.7018914473684	-30.1603618421053
			24.7018914473684	-30.2066200657895
			24.7018914473684	-30.2528782894737
			24.7018914473684	-30.2991365131579
			24.7018914473684	-30.3453947368421
			24.7018914473684	-30.3916529605263
			24.7018914473684	-30.4379111842105
			24.7018914473684	-30.4841694078947
			24.7018914473684	-30.5304276315789
			24.7018914473684	-30.5766858552632
			24.7018914473684	-30.6229440789474
			24.7018914473684	-30.6692023026316
			24.7018914473684	-30.7154605263158
			24.7018914473684	-30.76171875
			24.7481496710526	-30.8079769736842
			24.7481496710526	-30.8542351973684
			24.7944078947368	-30.8542351973684
			24.8406661184211	-30.8542351973684
			24.8869243421053	-30.8079769736842
			24.9331825657895	-30.76171875
			24.9794407894737	-30.7154605263158
			24.9794407894737	-30.6692023026316
			25.0256990131579	-30.6229440789474
			25.0719572368421	-30.5766858552632
			25.0719572368421	-30.5304276315789
			25.1182154605263	-30.4841694078947
			25.1182154605263	-30.4379111842105
			25.1644736842105	-30.3916529605263
			25.1644736842105	-30.3453947368421
			25.2107319078947	-30.2991365131579
			25.2569901315789	-30.2528782894737
			25.2569901315789	-30.2066200657895
			25.3032483552632	-30.1603618421053
			25.3032483552632	-30.1141036184211
			25.3032483552632	-30.0678453947368
			25.3495065789474	-30.0215871710526
			25.3957648026316	-29.9753289473684
			25.3957648026316	-29.9290707236842
			25.4420230263158	-29.8828125
			25.4420230263158	-29.8365542763158
			25.48828125	-29.7902960526316
			25.48828125	-29.7440378289474
			25.48828125	-29.6977796052632
			25.5345394736842	-29.6515213815789
			25.5345394736842	-29.6052631578947
			25.5807976973684	-29.5590049342105
			25.5807976973684	-29.5127467105263
			25.6270559210526	-29.5127467105263
			25.6270559210526	-29.4664884868421
			25.6270559210526	-29.4202302631579
			25.6733141447368	-29.3739720394737
			25.6733141447368	-29.3277138157895
			25.7195723684211	-29.2814555921053
			25.7195723684211	-29.2351973684211
			25.7658305921053	-29.1889391447368
			25.7658305921053	-29.1426809210526
			25.8120888157895	-29.0964226973684
			25.8120888157895	-29.0501644736842
			25.8120888157895	-29.00390625
			25.8583470394737	-28.9576480263158
			25.8583470394737	-28.9113898026316
			25.9046052631579	-28.8651315789474
			25.9046052631579	-28.8188733552632
			25.9046052631579	-28.7726151315789
			25.9508634868421	-28.7726151315789
			25.9508634868421	-28.7263569078947
			25.9508634868421	-28.6800986842105
			25.9971217105263	-28.6800986842105
			25.9971217105263	-28.6338404605263
			25.9971217105263	-28.5875822368421
			26.0433799342105	-28.5413240131579
			26.0433799342105	-28.4950657894737
			26.0896381578947	-28.4488075657895
			26.0896381578947	-28.4025493421053
			26.1358963815789	-28.3562911184211
			26.1358963815789	-28.3100328947368
			26.1358963815789	-28.2637746710526
			26.1821546052632	-28.2175164473684
			26.1821546052632	-28.1712582236842
			26.2284128289474	-28.125
			26.2284128289474	-28.0787417763158
			26.2746710526316	-28.0324835526316
			26.2746710526316	-27.9862253289474
			26.2746710526316	-27.9399671052632
			26.3209292763158	-27.9399671052632
			26.3209292763158	-27.8937088815789
			26.3209292763158	-27.8474506578947
			26.3209292763158	-27.8011924342105
			26.3671875	-27.8011924342105
			26.3671875	-27.7549342105263
			26.3671875	-27.7086759868421
			26.4134457236842	-27.7086759868421
			26.4134457236842	-27.6624177631579
			26.4134457236842	-27.6161595394737
			26.4597039473684	-27.6161595394737
			26.4597039473684	-27.5699013157895
			26.4597039473684	-27.5236430921053
			26.4597039473684	-27.4773848684211
			26.5059621710526	-27.4773848684211
			26.5059621710526	-27.4311266447368
			26.5059621710526	-27.3848684210526
			26.5522203947368	-27.3386101973684
			26.5522203947368	-27.2923519736842
			26.5984786184211	-27.24609375
			26.5984786184211	-27.1998355263158
			26.6447368421053	-27.1535773026316
			26.6447368421053	-27.1073190789474
			26.6447368421053	-27.0610608552632
			26.6909950657895	-27.0148026315789
			26.6909950657895	-26.9685444078947
			26.6909950657895	-26.9222861842105
			26.7372532894737	-26.8760279605263
			26.7835115131579	-26.8297697368421
			26.7835115131579	-26.7835115131579
			26.7835115131579	-26.7372532894737
			26.8297697368421	-26.6909950657895
			26.8297697368421	-26.6447368421053
			26.8760279605263	-26.5984786184211
			26.8760279605263	-26.5522203947368
			26.8760279605263	-26.5059621710526
			26.9222861842105	-26.4597039473684
			26.9222861842105	-26.4134457236842
			26.9222861842105	-26.3671875
			26.9685444078947	-26.3209292763158
			26.9685444078947	-26.2746710526316
			27.0148026315789	-26.2284128289474
			27.0148026315789	-26.1821546052632
			27.0610608552632	-26.1358963815789
			27.0610608552632	-26.0896381578947
			27.0610608552632	-26.0433799342105
			27.1073190789474	-25.9971217105263
			27.1073190789474	-25.9508634868421
			27.1073190789474	-25.9046052631579
			27.1535773026316	-25.8583470394737
			27.1535773026316	-25.8120888157895
			27.1535773026316	-25.7658305921053
			27.1998355263158	-25.7195723684211
			27.1998355263158	-25.6733141447368
			27.1998355263158	-25.6270559210526
			27.24609375	-25.5807976973684
			27.24609375	-25.5345394736842
			27.24609375	-25.48828125
			27.2923519736842	-25.4420230263158
			27.2923519736842	-25.3957648026316
			27.2923519736842	-25.3495065789474
			27.3386101973684	-25.3032483552632
			27.3386101973684	-25.2569901315789
			27.3386101973684	-25.2107319078947
			27.3848684210526	-25.1644736842105
			27.3848684210526	-25.1182154605263
			27.3848684210526	-25.0719572368421
			27.4311266447368	-25.0256990131579
			27.4311266447368	-24.9794407894737
			27.4311266447368	-24.9331825657895
			27.4311266447368	-24.8869243421053
			27.4773848684211	-24.8406661184211
			27.4773848684211	-24.7944078947368
			27.4773848684211	-24.7481496710526
			27.4773848684211	-24.7018914473684
			27.5236430921053	-24.6556332236842
			27.5236430921053	-24.609375
			27.5236430921053	-24.5631167763158
			27.5236430921053	-24.5168585526316
			27.5699013157895	-24.5168585526316
			27.5699013157895	-24.4706003289474
			27.5699013157895	-24.4243421052632
			27.5699013157895	-24.3780838815789
			27.5699013157895	-24.3318256578947
			27.6161595394737	-24.2855674342105
			27.6161595394737	-24.2393092105263
			27.6161595394737	-24.1930509868421
			27.6161595394737	-24.1467927631579
			27.6624177631579	-24.1005345394737
			27.6624177631579	-24.0542763157895
			27.6624177631579	-24.0080180921053
			27.6624177631579	-23.9617598684211
			27.7086759868421	-23.9155016447368
			27.7086759868421	-23.8692434210526
			27.7086759868421	-23.8229851973684
			27.7086759868421	-23.7767269736842
			27.7086759868421	-23.73046875
			27.7549342105263	-23.6842105263158
			27.7549342105263	-23.6379523026316
			27.7549342105263	-23.5916940789474
			27.7549342105263	-23.5454358552632
			27.7549342105263	-23.4991776315789
			27.8011924342105	-23.4529194078947
			27.8011924342105	-23.4066611842105
			27.8011924342105	-23.3604029605263
			27.8011924342105	-23.3141447368421
			27.8011924342105	-23.2678865131579
			27.8474506578947	-23.2216282894737
			27.8474506578947	-23.1753700657895
			27.8474506578947	-23.1291118421053
			27.8474506578947	-23.0828536184211
			27.8474506578947	-23.0365953947368
			27.8474506578947	-22.9903371710526
			27.8937088815789	-22.9440789473684
			27.8937088815789	-22.8978207236842
			27.8937088815789	-22.8515625
			27.8937088815789	-22.8053042763158
			27.8937088815789	-22.7590460526316
			27.8937088815789	-22.7127878289474
			27.8937088815789	-22.6665296052632
			27.9399671052632	-22.6665296052632
			27.9399671052632	-22.6202713815789
			27.9399671052632	-22.5740131578947
			27.9399671052632	-22.5277549342105
			27.9399671052632	-22.4814967105263
			27.9399671052632	-22.4352384868421
			27.9399671052632	-22.3889802631579
			27.9862253289474	-22.3427220394737
			27.9862253289474	-22.2964638157895
			27.9862253289474	-22.2502055921053
			27.9862253289474	-22.2039473684211
			27.9862253289474	-22.1576891447368
			27.9862253289474	-22.1114309210526
			27.9862253289474	-22.0651726973684
			27.9862253289474	-22.0189144736842
			28.0324835526316	-21.97265625
			28.0324835526316	-21.9263980263158
			28.0324835526316	-21.8801398026316
			28.0324835526316	-21.8338815789474
			28.0324835526316	-21.7876233552632
			28.0324835526316	-21.7413651315789
			28.0324835526316	-21.6951069078947
			28.0324835526316	-21.6488486842105
			28.0324835526316	-21.6025904605263
			28.0324835526316	-21.5563322368421
			28.0787417763158	-21.5100740131579
			28.0787417763158	-21.4638157894737
			28.0787417763158	-21.4175575657895
			28.0787417763158	-21.3712993421053
			28.0787417763158	-21.3250411184211
			28.0787417763158	-21.2787828947368
			28.0787417763158	-21.2325246710526
			28.0787417763158	-21.1862664473684
			28.0787417763158	-21.1400082236842
			28.0787417763158	-21.09375
			28.0787417763158	-21.0474917763158
			28.0787417763158	-21.0012335526316
			28.0787417763158	-20.9549753289474
			28.0787417763158	-20.9087171052632
			28.125	-20.8624588815789
			28.125	-20.8162006578947
			28.125	-20.7699424342105
			28.125	-20.7236842105263
			28.125	-20.6774259868421
			28.125	-20.6311677631579
			28.125	-20.5849095394737
			28.125	-20.5386513157895
			28.125	-20.4923930921053
			28.125	-20.4461348684211
			28.125	-20.3998766447368
			28.125	-20.3536184210526
			28.125	-20.3073601973684
			28.125	-20.2611019736842
			28.125	-20.21484375
			28.125	-20.1685855263158
			28.125	-20.1223273026316
			28.125	-20.0760690789474
			28.125	-20.0298108552632
			28.125	-19.9835526315789
			28.125	-19.9372944078947
			28.125	-19.8910361842105
			28.125	-19.8447779605263
			28.125	-19.7985197368421
			28.125	-19.7522615131579
			28.125	-19.7060032894737
			28.125	-19.6597450657895
			28.125	-19.6134868421053
			28.125	-19.5672286184211
			28.125	-19.5209703947368
			28.125	-19.4747121710526
			28.125	-19.4284539473684
			28.125	-19.3821957236842
			28.125	-19.3359375
			28.125	-19.2896792763158
			28.125	-19.2434210526316
			28.125	-19.1971628289474
			28.125	-19.1509046052632
			28.125	-19.1046463815789
			28.125	-19.0583881578947
			28.125	-19.0121299342105
			28.125	-18.9658717105263
			28.125	-18.9196134868421
			28.125	-18.8733552631579
			28.125	-18.8270970394737
			28.125	-18.7808388157895
			28.125	-18.7345805921053
			28.125	-18.6883223684211
			28.125	-18.6420641447368
			28.125	-18.5958059210526
			28.125	-18.5495476973684
			28.125	-18.5032894736842
			28.125	-18.45703125
			28.125	-18.4107730263158
			28.125	-18.3645148026316
			28.125	-18.3182565789474
			28.0787417763158	-18.2719983552632
			28.0787417763158	-18.2257401315789
			28.0787417763158	-18.1794819078947
			28.0787417763158	-18.1332236842105
			28.0787417763158	-18.0869654605263
			28.0787417763158	-18.0407072368421
			28.0787417763158	-17.9944490131579
			28.0787417763158	-17.9481907894737
		</posterior>
	</curves.scaled>
	<ruler.points type=matrix rownames=TRUE colnames=FALSE nrow=2 ncol=2 as.numeric=TRUE >
		Ruler point 1	9	28
		Ruler point 2	617	28
	</ruler.points>
</shapes>

