<shapes type=list>
	<ruler.pixel type=vector names=FALSE length=1 as.numeric=TRUE >263</ruler.pixel>
	<ruler.interval type=vector names=FALSE length=1 as.numeric=TRUE >5</ruler.interval>
	<scaling.units type=vector names=FALSE length=1 as.numeric=FALSE >mm</scaling.units>
	<scaling type=vector names=FALSE length=1 as.numeric=TRUE >0.0190114068441065</scaling>
	<landmarks.pixel type=matrix rownames=TRUE colnames=FALSE nrow=16 ncol=2 as.numeric=TRUE >
		LM1	206	23
		LM2	206	64
		LM3	206	222
		LM4	206	267
		LM5	277	167
		LM6	271	224
		LM7	279	256
		LM8	272	123
		LM9	283	217
		LM10	206	23
		LM11	323	240
		LM12	361	267
		LM13	206	23
		LM14	331	166
		LM15	415	267
		LM16	414	402
	</landmarks.pixel>
	<landmarks.scaled type=matrix rownames=TRUE colnames=FALSE nrow=16 ncol=2 as.numeric=TRUE >
		LM1	3.91634980988593	-0.437262357414449
		LM2	3.91634980988593	-1.21673003802281
		LM3	3.91634980988593	-4.22053231939163
		LM4	3.91634980988593	-5.07604562737643
		LM5	5.26615969581749	-3.17490494296578
		LM6	5.15209125475285	-4.25855513307985
		LM7	5.3041825095057	-4.86692015209125
		LM8	5.17110266159696	-2.33840304182509
		LM9	5.38022813688213	-4.1254752851711
		LM10	3.91634980988593	-0.437262357414449
		LM11	6.14068441064639	-4.56273764258555
		LM12	6.86311787072243	-5.07604562737643
		LM13	3.91634980988593	-0.437262357414449
		LM14	6.29277566539924	-3.15589353612167
		LM15	7.88973384030418	-5.07604562737643
		LM16	7.87072243346008	-7.6425855513308
	</landmarks.scaled>
	<curves.control type=list>
		<glabella type=matrix rownames=FALSE colnames=FALSE nrow=11 ncol=2 as.numeric=TRUE >
			206	64
			222	65
			243	74
			271	97
			261	127
			263	139
			275	156
			281	167
			265	220
			282	230
			279	256
		</glabella>
		<suture type=matrix rownames=FALSE colnames=FALSE nrow=21 ncol=2 as.numeric=TRUE >
			206	23
			231	24
			267	35
			316	62
			287	93
			277	103
			268	114
			265	124
			281	125
			292	129
			302	137
			319	152
			319	169
			320	186
			304	206
			287	214
			273	220
			278	234
			324	241
			344	249
			361	267
		</suture>
		<anterior type=matrix rownames=FALSE colnames=FALSE nrow=5 ncol=2 as.numeric=TRUE >
			206	23
			231	24
			269	34
			401	107
			415	267
		</anterior>
		<posterior type=matrix rownames=FALSE colnames=FALSE nrow=15 ncol=2 as.numeric=TRUE >
			206	267
			226	266
			258	261
			279	256
			287	255
			320	255
			364	268
			379	273
			386	283
			394	310
			399	336
			406	363
			413	405
			420	368
			415	267
		</posterior>
	</curves.control>
	<curves.pixel type=list>
		<glabella type=matrix rownames=FALSE colnames=FALSE nrow=228 ncol=2 as.numeric=TRUE >
			206	64
			207	64
			208	64
			209	64
			210	64
			211	65
			212	65
			213	65
			214	65
			215	65
			216	65
			217	66
			218	66
			219	66
			220	66
			221	66
			222	67
			223	67
			224	67
			225	67
			226	68
			227	68
			228	68
			229	69
			230	69
			231	69
			232	70
			233	70
			234	71
			235	71
			236	71
			237	71
			237	72
			238	72
			239	72
			240	73
			241	73
			242	74
			243	74
			244	75
			245	76
			246	76
			247	77
			248	78
			249	79
			250	80
			250	81
			251	82
			252	83
			253	84
			254	85
			255	86
			255	87
			256	88
			257	89
			257	90
			258	91
			258	92
			259	92
			259	93
			260	94
			260	95
			260	96
			261	97
			261	98
			262	99
			262	100
			262	101
			263	102
			263	103
			263	104
			263	105
			263	106
			263	107
			263	108
			264	109
			264	110
			264	111
			264	112
			264	113
			264	114
			264	115
			263	116
			263	117
			263	118
			263	119
			263	120
			263	121
			262	122
			262	123
			262	124
			262	125
			261	126
			261	127
			261	128
			261	129
			262	130
			262	131
			262	132
			263	133
			263	134
			263	135
			264	136
			264	137
			265	138
			265	139
			265	140
			266	141
			266	142
			267	142
			267	143
			268	144
			268	145
			269	146
			269	147
			270	148
			270	149
			271	150
			271	151
			272	152
			273	153
			274	154
			274	155
			275	156
			275	157
			276	158
			276	159
			276	160
			276	161
			277	162
			277	163
			277	164
			277	165
			277	166
			277	167
			277	168
			277	169
			276	169
			276	170
			276	171
			276	172
			276	173
			276	174
			276	175
			276	176
			276	177
			275	178
			275	179
			275	180
			275	181
			275	182
			274	183
			274	184
			274	185
			274	186
			274	187
			273	188
			273	189
			273	190
			273	191
			273	192
			272	193
			272	194
			272	195
			272	196
			271	197
			271	198
			271	199
			271	200
			270	201
			270	202
			270	203
			270	204
			269	205
			269	206
			269	207
			268	208
			268	209
			268	210
			268	211
			267	212
			267	213
			267	214
			267	215
			266	215
			266	216
			266	217
			266	218
			265	219
			265	220
			266	221
			267	221
			268	222
			269	223
			270	224
			271	224
			272	225
			272	226
			273	227
			274	228
			275	229
			275	230
			276	231
			276	232
			277	233
			277	234
			277	235
			278	236
			278	237
			278	238
			278	239
			279	240
			279	241
			279	242
			279	243
			279	244
			279	245
			279	246
			279	247
			279	248
			279	249
			279	250
			279	251
			279	252
			279	253
			279	254
			279	255
			279	256
		</glabella>
		<suture type=matrix rownames=FALSE colnames=FALSE nrow=389 ncol=2 as.numeric=TRUE >
			206	23
			207	23
			208	23
			209	23
			210	23
			211	23
			212	23
			213	23
			214	24
			215	24
			216	24
			217	24
			218	24
			219	24
			220	24
			221	24
			222	25
			223	25
			224	25
			225	25
			226	25
			227	25
			228	26
			229	26
			230	26
			231	26
			232	26
			233	26
			234	27
			235	27
			236	27
			237	27
			238	27
			239	28
			240	28
			241	28
			242	28
			243	28
			244	29
			245	29
			246	29
			247	29
			248	30
			249	30
			250	30
			251	30
			252	31
			253	31
			254	31
			255	32
			256	32
			257	32
			258	32
			259	33
			260	33
			261	33
			262	34
			263	34
			264	34
			265	34
			266	35
			267	35
			268	36
			269	36
			270	37
			271	37
			272	38
			273	39
			274	39
			275	40
			276	40
			277	41
			278	42
			279	42
			280	43
			281	44
			282	45
			283	46
			284	46
			285	47
			286	48
			287	49
			288	50
			289	51
			290	52
			290	53
			291	54
			292	55
			293	55
			293	56
			294	57
			294	58
			295	59
			295	60
			296	61
			296	62
			296	63
			297	64
			297	65
			297	66
			297	67
			298	67
			298	68
			298	69
			298	70
			298	71
			298	72
			298	73
			298	74
			297	75
			297	76
			297	77
			296	78
			296	79
			296	80
			295	81
			295	82
			294	83
			294	84
			293	85
			293	86
			292	87
			291	88
			290	89
			290	90
			289	91
			288	92
			287	93
			286	94
			285	95
			284	96
			283	97
			282	98
			281	99
			281	100
			280	100
			279	101
			278	102
			278	103
			277	104
			276	104
			275	105
			275	106
			274	107
			273	108
			272	109
			271	110
			270	111
			269	112
			268	113
			268	114
			268	115
			268	116
			268	117
			268	118
			268	119
			268	120
			269	121
			270	122
			271	123
			272	123
			273	124
			274	124
			275	124
			276	124
			277	125
			278	125
			279	125
			280	125
			281	125
			282	125
			282	126
			283	126
			284	126
			285	126
			285	127
			286	127
			287	127
			288	128
			289	129
			290	129
			291	130
			292	130
			293	131
			294	131
			295	132
			296	132
			296	133
			297	133
			298	134
			299	135
			300	135
			301	136
			302	137
			303	138
			304	139
			305	140
			306	141
			307	142
			308	143
			309	144
			310	145
			311	146
			311	147
			312	147
			312	148
			313	149
			313	150
			314	151
			315	152
			315	153
			315	154
			316	155
			317	156
			317	157
			317	158
			318	159
			318	160
			318	161
			318	162
			319	163
			319	164
			319	165
			319	166
			319	167
			319	168
			319	169
			319	170
			319	171
			319	172
			319	173
			319	174
			319	175
			319	176
			319	177
			318	178
			318	179
			318	180
			318	181
			317	182
			317	183
			317	184
			316	185
			316	186
			316	187
			315	188
			315	189
			314	190
			314	191
			313	192
			313	193
			312	194
			312	195
			311	196
			311	197
			310	198
			309	199
			309	200
			308	201
			307	202
			306	203
			306	204
			305	205
			304	206
			303	206
			302	207
			301	207
			301	208
			300	208
			299	208
			298	209
			297	209
			296	210
			295	210
			294	210
			294	211
			293	211
			292	212
			291	212
			290	212
			289	213
			288	213
			287	214
			286	214
			285	215
			284	215
			283	216
			282	216
			281	216
			280	217
			279	217
			278	218
			277	218
			276	219
			275	219
			274	220
			273	221
			274	222
			274	223
			275	224
			276	225
			277	225
			278	226
			279	227
			280	228
			281	229
			282	229
			283	230
			284	230
			285	231
			286	231
			287	232
			288	232
			289	233
			290	233
			291	233
			292	234
			293	234
			294	234
			295	235
			296	235
			297	235
			298	236
			299	236
			300	236
			301	236
			302	237
			303	237
			304	237
			305	237
			306	238
			307	238
			308	238
			309	238
			310	239
			311	239
			312	239
			313	239
			314	239
			315	239
			316	240
			317	240
			318	240
			319	240
			320	240
			321	241
			322	241
			323	241
			324	241
			325	241
			325	242
			326	242
			327	242
			328	243
			329	243
			330	244
			331	244
			332	245
			333	245
			334	246
			335	246
			336	247
			337	247
			337	248
			338	248
			339	249
			340	249
			341	250
			342	251
			343	251
			344	252
			345	253
			346	253
			347	254
			348	255
			349	256
			350	256
			350	257
			351	258
			352	259
			353	259
			354	260
			355	261
			356	262
			357	263
			358	264
			359	265
			360	266
			361	267
		</suture>
		<anterior type=matrix rownames=FALSE colnames=FALSE nrow=328 ncol=2 as.numeric=TRUE >
			206	23
			207	23
			208	23
			209	23
			210	23
			211	23
			212	23
			213	23
			214	24
			215	24
			216	24
			217	24
			218	24
			219	24
			220	24
			221	24
			222	24
			223	24
			224	25
			225	25
			226	25
			227	25
			228	25
			229	25
			230	26
			231	26
			232	26
			233	26
			234	26
			235	26
			236	26
			237	27
			238	27
			239	27
			240	27
			241	27
			241	28
			242	28
			243	28
			244	28
			245	28
			246	29
			247	29
			248	29
			249	29
			250	29
			251	30
			252	30
			253	30
			254	30
			255	31
			256	31
			257	31
			258	31
			259	31
			260	32
			261	32
			262	32
			263	32
			263	33
			264	33
			265	33
			266	33
			267	33
			267	34
			268	34
			269	34
			270	34
			271	35
			272	36
			273	36
			274	37
			275	37
			276	38
			277	38
			278	39
			279	40
			280	40
			281	41
			282	41
			283	42
			284	43
			285	43
			285	44
			286	44
			287	45
			288	46
			289	46
			290	47
			291	47
			292	48
			293	49
			294	49
			295	50
			296	50
			297	51
			298	52
			299	53
			300	54
			301	55
			302	55
			303	55
			303	56
			304	56
			305	57
			306	58
			307	59
			308	60
			309	60
			310	61
			311	61
			311	62
			312	63
			313	63
			314	64
			315	65
			316	66
			317	67
			318	68
			319	68
			320	69
			321	70
			322	71
			323	72
			324	73
			325	74
			326	75
			327	76
			328	76
			329	77
			330	78
			331	79
			332	80
			333	81
			334	82
			335	83
			336	84
			337	85
			338	86
			339	87
			339	88
			340	88
			341	89
			342	90
			343	91
			344	92
			345	93
			346	94
			346	95
			347	96
			348	97
			349	98
			350	99
			351	100
			352	101
			352	102
			353	103
			354	104
			355	105
			356	106
			356	107
			357	108
			358	109
			359	110
			360	111
			360	112
			361	113
			362	114
			362	115
			363	115
			363	116
			363	117
			364	117
			364	118
			365	119
			366	120
			367	121
			367	122
			368	123
			368	124
			369	125
			369	126
			370	126
			370	127
			371	128
			371	129
			372	129
			372	130
			373	131
			373	132
			374	133
			374	134
			375	134
			375	135
			376	136
			376	137
			377	138
			378	139
			378	140
			379	141
			379	142
			380	143
			380	144
			381	145
			381	146
			382	147
			383	148
			383	149
			384	150
			384	151
			385	152
			385	153
			386	154
			386	155
			387	156
			387	157
			388	158
			388	159
			388	160
			389	161
			389	162
			390	163
			390	164
			390	165
			391	166
			391	167
			392	168
			392	169
			392	170
			393	171
			393	172
			394	173
			394	174
			395	175
			395	176
			395	177
			396	178
			396	179
			397	180
			397	181
			397	182
			397	183
			398	184
			398	185
			399	186
			399	187
			399	188
			400	189
			400	190
			400	191
			401	192
			401	193
			401	194
			402	195
			402	196
			402	197
			402	198
			403	199
			403	200
			403	201
			403	202
			404	202
			404	203
			404	204
			404	205
			405	206
			405	207
			405	208
			405	209
			405	210
			406	210
			406	211
			406	212
			406	213
			407	214
			407	215
			407	216
			407	217
			407	218
			408	219
			408	220
			408	221
			408	222
			409	223
			409	224
			409	225
			409	226
			409	227
			410	228
			410	229
			410	230
			410	231
			410	232
			411	233
			411	234
			411	235
			411	236
			411	237
			411	238
			412	239
			412	240
			412	241
			412	242
			412	243
			412	244
			412	245
			413	246
			413	247
			413	248
			413	249
			413	250
			413	251
			413	252
			414	253
			414	254
			414	255
			414	256
			414	257
			414	258
			414	259
			414	260
			414	261
			415	262
			415	263
			415	264
			415	265
			415	266
			415	267
		</anterior>
		<posterior type=matrix rownames=FALSE colnames=FALSE nrow=447 ncol=2 as.numeric=TRUE >
			206	267
			207	267
			208	267
			209	267
			210	267
			211	267
			212	267
			213	267
			214	266
			215	266
			216	266
			217	266
			218	266
			219	266
			220	266
			221	266
			222	266
			223	266
			224	266
			225	265
			226	265
			227	265
			228	265
			229	265
			230	265
			231	265
			232	265
			233	264
			234	264
			235	264
			236	264
			237	264
			238	264
			239	264
			240	264
			241	264
			241	263
			242	263
			243	263
			244	263
			245	263
			246	263
			247	263
			248	262
			249	262
			250	262
			251	262
			252	262
			253	262
			254	262
			255	261
			256	261
			257	261
			258	261
			259	261
			260	261
			260	260
			261	260
			262	260
			263	260
			264	260
			265	259
			266	259
			267	259
			268	259
			269	258
			270	258
			271	258
			272	258
			273	258
			274	257
			275	257
			276	257
			277	257
			278	257
			279	256
			280	256
			281	256
			282	256
			283	256
			284	255
			285	255
			286	255
			287	255
			288	255
			289	255
			290	255
			291	255
			292	255
			293	255
			294	255
			295	255
			296	255
			297	255
			298	255
			299	255
			300	255
			301	256
			302	256
			303	256
			304	256
			305	256
			306	256
			307	256
			308	256
			309	256
			310	256
			311	257
			312	257
			313	257
			314	257
			315	257
			316	257
			317	257
			318	258
			319	258
			320	258
			321	258
			322	258
			323	258
			324	259
			325	259
			326	259
			327	259
			328	259
			329	259
			330	260
			331	260
			332	260
			333	260
			334	260
			335	261
			336	261
			337	261
			338	261
			339	261
			340	262
			341	262
			342	262
			343	262
			344	263
			345	263
			346	263
			347	263
			348	263
			348	264
			349	264
			350	264
			351	264
			352	265
			353	265
			354	265
			355	265
			356	266
			357	266
			358	266
			359	267
			360	267
			361	267
			362	268
			363	268
			364	268
			365	268
			366	269
			367	269
			368	270
			369	270
			370	270
			371	271
			372	271
			373	272
			374	272
			374	273
			375	273
			376	274
			377	274
			378	275
			379	276
			380	277
			381	278
			382	278
			383	279
			383	280
			384	281
			385	281
			385	282
			386	283
			386	284
			387	285
			387	286
			387	287
			388	288
			388	289
			388	290
			388	291
			389	292
			389	293
			389	294
			389	295
			390	296
			390	297
			390	298
			390	299
			391	300
			391	301
			391	302
			391	303
			392	304
			392	305
			392	306
			393	307
			393	308
			393	309
			393	310
			394	311
			394	312
			394	313
			394	314
			395	315
			395	316
			395	317
			395	318
			395	319
			396	320
			396	321
			396	322
			396	323
			397	324
			397	325
			397	326
			397	327
			397	328
			398	329
			398	330
			398	331
			398	332
			398	333
			399	334
			399	335
			399	336
			399	337
			399	338
			400	339
			400	340
			400	341
			400	342
			401	343
			401	344
			401	345
			402	346
			402	347
			402	348
			402	349
			402	350
			403	351
			403	352
			403	353
			403	354
			404	355
			404	356
			404	357
			404	358
			404	359
			405	360
			405	361
			405	362
			405	363
			405	364
			406	365
			406	366
			406	367
			406	368
			406	369
			407	370
			407	371
			407	372
			407	373
			407	374
			408	375
			408	376
			408	377
			408	378
			408	379
			409	380
			409	381
			409	382
			409	383
			409	384
			410	385
			410	386
			410	387
			410	388
			410	389
			410	390
			411	391
			411	392
			411	393
			411	394
			411	395
			411	396
			412	397
			412	398
			412	399
			412	400
			412	401
			412	402
			413	403
			413	404
			413	405
			413	404
			413	403
			413	402
			414	401
			414	400
			414	399
			414	398
			414	397
			414	396
			414	395
			415	394
			415	393
			415	392
			415	391
			415	390
			415	389
			415	388
			415	387
			415	386
			416	385
			416	384
			416	383
			416	382
			416	381
			416	380
			416	379
			416	378
			416	377
			416	376
			416	375
			416	374
			416	373
			416	372
			416	371
			416	370
			417	369
			417	368
			417	367
			417	366
			417	365
			417	364
			417	363
			417	362
			417	361
			417	360
			417	359
			417	358
			417	357
			417	356
			417	355
			417	354
			417	353
			417	352
			417	351
			417	350
			417	349
			417	348
			417	347
			417	346
			417	345
			417	344
			417	343
			417	342
			417	341
			417	340
			417	339
			417	338
			417	337
			417	336
			417	335
			417	334
			417	333
			417	332
			417	331
			417	330
			417	329
			417	328
			417	327
			417	326
			417	325
			417	324
			417	323
			417	322
			417	321
			417	320
			417	319
			417	318
			417	317
			417	316
			417	315
			417	314
			417	313
			417	312
			417	311
			417	310
			417	309
			417	308
			417	307
			417	306
			417	305
			417	304
			416	303
			416	302
			416	301
			416	300
			416	299
			416	298
			416	297
			416	296
			416	295
			416	294
			416	293
			416	292
			416	291
			416	290
			416	289
			416	288
			416	287
			416	286
			416	285
			416	284
			416	283
			416	282
			416	281
			416	280
			416	279
			416	278
			415	277
			415	276
			415	275
			415	274
			415	273
			415	272
			415	271
			415	270
			415	269
			415	268
			415	267
		</posterior>
	</curves.pixel>
	<curves.scaled type=list>
		<glabella type=matrix rownames=FALSE colnames=FALSE nrow=228 ncol=2 as.numeric=TRUE >
			3.91634980988593	-1.21673003802281
			3.93536121673004	-1.21673003802281
			3.95437262357414	-1.21673003802281
			3.97338403041825	-1.21673003802281
			3.99239543726236	-1.21673003802281
			4.01140684410646	-1.23574144486692
			4.03041825095057	-1.23574144486692
			4.04942965779468	-1.23574144486692
			4.06844106463878	-1.23574144486692
			4.08745247148289	-1.23574144486692
			4.106463878327	-1.23574144486692
			4.1254752851711	-1.25475285171103
			4.14448669201521	-1.25475285171103
			4.16349809885932	-1.25475285171103
			4.18250950570342	-1.25475285171103
			4.20152091254753	-1.25475285171103
			4.22053231939163	-1.27376425855513
			4.23954372623574	-1.27376425855513
			4.25855513307985	-1.27376425855513
			4.27756653992395	-1.27376425855513
			4.29657794676806	-1.29277566539924
			4.31558935361217	-1.29277566539924
			4.33460076045627	-1.29277566539924
			4.35361216730038	-1.31178707224335
			4.37262357414449	-1.31178707224335
			4.39163498098859	-1.31178707224335
			4.4106463878327	-1.33079847908745
			4.42965779467681	-1.33079847908745
			4.44866920152091	-1.34980988593156
			4.46768060836502	-1.34980988593156
			4.48669201520913	-1.34980988593156
			4.50570342205323	-1.34980988593156
			4.50570342205323	-1.36882129277567
			4.52471482889734	-1.36882129277567
			4.54372623574144	-1.36882129277567
			4.56273764258555	-1.38783269961977
			4.58174904942966	-1.38783269961977
			4.60076045627376	-1.40684410646388
			4.61977186311787	-1.40684410646388
			4.63878326996198	-1.42585551330798
			4.65779467680608	-1.44486692015209
			4.67680608365019	-1.44486692015209
			4.6958174904943	-1.4638783269962
			4.7148288973384	-1.4828897338403
			4.73384030418251	-1.50190114068441
			4.75285171102662	-1.52091254752852
			4.75285171102662	-1.53992395437262
			4.77186311787072	-1.55893536121673
			4.79087452471483	-1.57794676806084
			4.80988593155894	-1.59695817490494
			4.82889733840304	-1.61596958174905
			4.84790874524715	-1.63498098859316
			4.84790874524715	-1.65399239543726
			4.86692015209125	-1.67300380228137
			4.88593155893536	-1.69201520912548
			4.88593155893536	-1.71102661596958
			4.90494296577947	-1.73003802281369
			4.90494296577947	-1.74904942965779
			4.92395437262357	-1.74904942965779
			4.92395437262357	-1.7680608365019
			4.94296577946768	-1.78707224334601
			4.94296577946768	-1.80608365019011
			4.94296577946768	-1.82509505703422
			4.96197718631179	-1.84410646387833
			4.96197718631179	-1.86311787072243
			4.98098859315589	-1.88212927756654
			4.98098859315589	-1.90114068441065
			4.98098859315589	-1.92015209125475
			5	-1.93916349809886
			5	-1.95817490494297
			5	-1.97718631178707
			5	-1.99619771863118
			5	-2.01520912547529
			5	-2.03422053231939
			5	-2.0532319391635
			5.01901140684411	-2.0722433460076
			5.01901140684411	-2.09125475285171
			5.01901140684411	-2.11026615969582
			5.01901140684411	-2.12927756653992
			5.01901140684411	-2.14828897338403
			5.01901140684411	-2.16730038022814
			5.01901140684411	-2.18631178707224
			5	-2.20532319391635
			5	-2.22433460076046
			5	-2.24334600760456
			5	-2.26235741444867
			5	-2.28136882129278
			5	-2.30038022813688
			4.98098859315589	-2.31939163498099
			4.98098859315589	-2.33840304182509
			4.98098859315589	-2.3574144486692
			4.98098859315589	-2.37642585551331
			4.96197718631179	-2.39543726235741
			4.96197718631179	-2.41444866920152
			4.96197718631179	-2.43346007604563
			4.96197718631179	-2.45247148288973
			4.98098859315589	-2.47148288973384
			4.98098859315589	-2.49049429657795
			4.98098859315589	-2.50950570342205
			5	-2.52851711026616
			5	-2.54752851711027
			5	-2.56653992395437
			5.01901140684411	-2.58555133079848
			5.01901140684411	-2.60456273764259
			5.03802281368821	-2.62357414448669
			5.03802281368821	-2.6425855513308
			5.03802281368821	-2.66159695817491
			5.05703422053232	-2.68060836501901
			5.05703422053232	-2.69961977186312
			5.07604562737643	-2.69961977186312
			5.07604562737643	-2.71863117870722
			5.09505703422053	-2.73764258555133
			5.09505703422053	-2.75665399239544
			5.11406844106464	-2.77566539923954
			5.11406844106464	-2.79467680608365
			5.13307984790875	-2.81368821292776
			5.13307984790875	-2.83269961977186
			5.15209125475285	-2.85171102661597
			5.15209125475285	-2.87072243346008
			5.17110266159696	-2.88973384030418
			5.19011406844106	-2.90874524714829
			5.20912547528517	-2.9277566539924
			5.20912547528517	-2.9467680608365
			5.22813688212928	-2.96577946768061
			5.22813688212928	-2.98479087452471
			5.24714828897338	-3.00380228136882
			5.24714828897338	-3.02281368821293
			5.24714828897338	-3.04182509505703
			5.24714828897338	-3.06083650190114
			5.26615969581749	-3.07984790874525
			5.26615969581749	-3.09885931558935
			5.26615969581749	-3.11787072243346
			5.26615969581749	-3.13688212927757
			5.26615969581749	-3.15589353612167
			5.26615969581749	-3.17490494296578
			5.26615969581749	-3.19391634980989
			5.26615969581749	-3.21292775665399
			5.24714828897338	-3.21292775665399
			5.24714828897338	-3.2319391634981
			5.24714828897338	-3.25095057034221
			5.24714828897338	-3.26996197718631
			5.24714828897338	-3.28897338403042
			5.24714828897338	-3.30798479087452
			5.24714828897338	-3.32699619771863
			5.24714828897338	-3.34600760456274
			5.24714828897338	-3.36501901140684
			5.22813688212928	-3.38403041825095
			5.22813688212928	-3.40304182509506
			5.22813688212928	-3.42205323193916
			5.22813688212928	-3.44106463878327
			5.22813688212928	-3.46007604562738
			5.20912547528517	-3.47908745247148
			5.20912547528517	-3.49809885931559
			5.20912547528517	-3.5171102661597
			5.20912547528517	-3.5361216730038
			5.20912547528517	-3.55513307984791
			5.19011406844106	-3.57414448669202
			5.19011406844106	-3.59315589353612
			5.19011406844106	-3.61216730038023
			5.19011406844106	-3.63117870722433
			5.19011406844106	-3.65019011406844
			5.17110266159696	-3.66920152091255
			5.17110266159696	-3.68821292775665
			5.17110266159696	-3.70722433460076
			5.17110266159696	-3.72623574144487
			5.15209125475285	-3.74524714828897
			5.15209125475285	-3.76425855513308
			5.15209125475285	-3.78326996197719
			5.15209125475285	-3.80228136882129
			5.13307984790875	-3.8212927756654
			5.13307984790875	-3.84030418250951
			5.13307984790875	-3.85931558935361
			5.13307984790875	-3.87832699619772
			5.11406844106464	-3.89733840304182
			5.11406844106464	-3.91634980988593
			5.11406844106464	-3.93536121673004
			5.09505703422053	-3.95437262357414
			5.09505703422053	-3.97338403041825
			5.09505703422053	-3.99239543726236
			5.09505703422053	-4.01140684410646
			5.07604562737643	-4.03041825095057
			5.07604562737643	-4.04942965779468
			5.07604562737643	-4.06844106463878
			5.07604562737643	-4.08745247148289
			5.05703422053232	-4.08745247148289
			5.05703422053232	-4.106463878327
			5.05703422053232	-4.1254752851711
			5.05703422053232	-4.14448669201521
			5.03802281368821	-4.16349809885932
			5.03802281368821	-4.18250950570342
			5.05703422053232	-4.20152091254753
			5.07604562737643	-4.20152091254753
			5.09505703422053	-4.22053231939163
			5.11406844106464	-4.23954372623574
			5.13307984790875	-4.25855513307985
			5.15209125475285	-4.25855513307985
			5.17110266159696	-4.27756653992395
			5.17110266159696	-4.29657794676806
			5.19011406844106	-4.31558935361217
			5.20912547528517	-4.33460076045627
			5.22813688212928	-4.35361216730038
			5.22813688212928	-4.37262357414449
			5.24714828897338	-4.39163498098859
			5.24714828897338	-4.4106463878327
			5.26615969581749	-4.42965779467681
			5.26615969581749	-4.44866920152091
			5.26615969581749	-4.46768060836502
			5.2851711026616	-4.48669201520913
			5.2851711026616	-4.50570342205323
			5.2851711026616	-4.52471482889734
			5.2851711026616	-4.54372623574144
			5.3041825095057	-4.56273764258555
			5.3041825095057	-4.58174904942966
			5.3041825095057	-4.60076045627376
			5.3041825095057	-4.61977186311787
			5.3041825095057	-4.63878326996198
			5.3041825095057	-4.65779467680608
			5.3041825095057	-4.67680608365019
			5.3041825095057	-4.6958174904943
			5.3041825095057	-4.7148288973384
			5.3041825095057	-4.73384030418251
			5.3041825095057	-4.75285171102662
			5.3041825095057	-4.77186311787072
			5.3041825095057	-4.79087452471483
			5.3041825095057	-4.80988593155894
			5.3041825095057	-4.82889733840304
			5.3041825095057	-4.84790874524715
			5.3041825095057	-4.86692015209125
		</glabella>
		<suture type=matrix rownames=FALSE colnames=FALSE nrow=389 ncol=2 as.numeric=TRUE >
			3.91634980988593	-0.437262357414449
			3.93536121673004	-0.437262357414449
			3.95437262357414	-0.437262357414449
			3.97338403041825	-0.437262357414449
			3.99239543726236	-0.437262357414449
			4.01140684410646	-0.437262357414449
			4.03041825095057	-0.437262357414449
			4.04942965779468	-0.437262357414449
			4.06844106463878	-0.456273764258555
			4.08745247148289	-0.456273764258555
			4.106463878327	-0.456273764258555
			4.1254752851711	-0.456273764258555
			4.14448669201521	-0.456273764258555
			4.16349809885932	-0.456273764258555
			4.18250950570342	-0.456273764258555
			4.20152091254753	-0.456273764258555
			4.22053231939163	-0.475285171102662
			4.23954372623574	-0.475285171102662
			4.25855513307985	-0.475285171102662
			4.27756653992395	-0.475285171102662
			4.29657794676806	-0.475285171102662
			4.31558935361217	-0.475285171102662
			4.33460076045627	-0.494296577946768
			4.35361216730038	-0.494296577946768
			4.37262357414449	-0.494296577946768
			4.39163498098859	-0.494296577946768
			4.4106463878327	-0.494296577946768
			4.42965779467681	-0.494296577946768
			4.44866920152091	-0.513307984790874
			4.46768060836502	-0.513307984790874
			4.48669201520913	-0.513307984790874
			4.50570342205323	-0.513307984790874
			4.52471482889734	-0.513307984790874
			4.54372623574144	-0.532319391634981
			4.56273764258555	-0.532319391634981
			4.58174904942966	-0.532319391634981
			4.60076045627376	-0.532319391634981
			4.61977186311787	-0.532319391634981
			4.63878326996198	-0.551330798479087
			4.65779467680608	-0.551330798479087
			4.67680608365019	-0.551330798479087
			4.6958174904943	-0.551330798479087
			4.7148288973384	-0.570342205323194
			4.73384030418251	-0.570342205323194
			4.75285171102662	-0.570342205323194
			4.77186311787072	-0.570342205323194
			4.79087452471483	-0.5893536121673
			4.80988593155894	-0.5893536121673
			4.82889733840304	-0.5893536121673
			4.84790874524715	-0.608365019011407
			4.86692015209125	-0.608365019011407
			4.88593155893536	-0.608365019011407
			4.90494296577947	-0.608365019011407
			4.92395437262357	-0.627376425855513
			4.94296577946768	-0.627376425855513
			4.96197718631179	-0.627376425855513
			4.98098859315589	-0.64638783269962
			5	-0.64638783269962
			5.01901140684411	-0.64638783269962
			5.03802281368821	-0.64638783269962
			5.05703422053232	-0.665399239543726
			5.07604562737643	-0.665399239543726
			5.09505703422053	-0.684410646387833
			5.11406844106464	-0.684410646387833
			5.13307984790875	-0.703422053231939
			5.15209125475285	-0.703422053231939
			5.17110266159696	-0.722433460076046
			5.19011406844106	-0.741444866920152
			5.20912547528517	-0.741444866920152
			5.22813688212928	-0.760456273764259
			5.24714828897338	-0.760456273764259
			5.26615969581749	-0.779467680608365
			5.2851711026616	-0.798479087452471
			5.3041825095057	-0.798479087452471
			5.32319391634981	-0.817490494296578
			5.34220532319392	-0.836501901140684
			5.36121673003802	-0.855513307984791
			5.38022813688213	-0.874524714828897
			5.39923954372624	-0.874524714828897
			5.41825095057034	-0.893536121673004
			5.43726235741445	-0.91254752851711
			5.45627376425855	-0.931558935361217
			5.47528517110266	-0.950570342205323
			5.49429657794677	-0.96958174904943
			5.51330798479087	-0.988593155893536
			5.51330798479087	-1.00760456273764
			5.53231939163498	-1.02661596958175
			5.55133079847909	-1.04562737642586
			5.57034220532319	-1.04562737642586
			5.57034220532319	-1.06463878326996
			5.5893536121673	-1.08365019011407
			5.5893536121673	-1.10266159695817
			5.60836501901141	-1.12167300380228
			5.60836501901141	-1.14068441064639
			5.62737642585551	-1.15969581749049
			5.62737642585551	-1.1787072243346
			5.62737642585551	-1.19771863117871
			5.64638783269962	-1.21673003802281
			5.64638783269962	-1.23574144486692
			5.64638783269962	-1.25475285171103
			5.64638783269962	-1.27376425855513
			5.66539923954373	-1.27376425855513
			5.66539923954373	-1.29277566539924
			5.66539923954373	-1.31178707224335
			5.66539923954373	-1.33079847908745
			5.66539923954373	-1.34980988593156
			5.66539923954373	-1.36882129277567
			5.66539923954373	-1.38783269961977
			5.66539923954373	-1.40684410646388
			5.64638783269962	-1.42585551330798
			5.64638783269962	-1.44486692015209
			5.64638783269962	-1.4638783269962
			5.62737642585551	-1.4828897338403
			5.62737642585551	-1.50190114068441
			5.62737642585551	-1.52091254752852
			5.60836501901141	-1.53992395437262
			5.60836501901141	-1.55893536121673
			5.5893536121673	-1.57794676806084
			5.5893536121673	-1.59695817490494
			5.57034220532319	-1.61596958174905
			5.57034220532319	-1.63498098859316
			5.55133079847909	-1.65399239543726
			5.53231939163498	-1.67300380228137
			5.51330798479087	-1.69201520912548
			5.51330798479087	-1.71102661596958
			5.49429657794677	-1.73003802281369
			5.47528517110266	-1.74904942965779
			5.45627376425855	-1.7680608365019
			5.43726235741445	-1.78707224334601
			5.41825095057034	-1.80608365019011
			5.39923954372624	-1.82509505703422
			5.38022813688213	-1.84410646387833
			5.36121673003802	-1.86311787072243
			5.34220532319392	-1.88212927756654
			5.34220532319392	-1.90114068441065
			5.32319391634981	-1.90114068441065
			5.3041825095057	-1.92015209125475
			5.2851711026616	-1.93916349809886
			5.2851711026616	-1.95817490494297
			5.26615969581749	-1.97718631178707
			5.24714828897338	-1.97718631178707
			5.22813688212928	-1.99619771863118
			5.22813688212928	-2.01520912547529
			5.20912547528517	-2.03422053231939
			5.19011406844106	-2.0532319391635
			5.17110266159696	-2.0722433460076
			5.15209125475285	-2.09125475285171
			5.13307984790875	-2.11026615969582
			5.11406844106464	-2.12927756653992
			5.09505703422053	-2.14828897338403
			5.09505703422053	-2.16730038022814
			5.09505703422053	-2.18631178707224
			5.09505703422053	-2.20532319391635
			5.09505703422053	-2.22433460076046
			5.09505703422053	-2.24334600760456
			5.09505703422053	-2.26235741444867
			5.09505703422053	-2.28136882129278
			5.11406844106464	-2.30038022813688
			5.13307984790875	-2.31939163498099
			5.15209125475285	-2.33840304182509
			5.17110266159696	-2.33840304182509
			5.19011406844106	-2.3574144486692
			5.20912547528517	-2.3574144486692
			5.22813688212928	-2.3574144486692
			5.24714828897338	-2.3574144486692
			5.26615969581749	-2.37642585551331
			5.2851711026616	-2.37642585551331
			5.3041825095057	-2.37642585551331
			5.32319391634981	-2.37642585551331
			5.34220532319392	-2.37642585551331
			5.36121673003802	-2.37642585551331
			5.36121673003802	-2.39543726235741
			5.38022813688213	-2.39543726235741
			5.39923954372624	-2.39543726235741
			5.41825095057034	-2.39543726235741
			5.41825095057034	-2.41444866920152
			5.43726235741445	-2.41444866920152
			5.45627376425855	-2.41444866920152
			5.47528517110266	-2.43346007604563
			5.49429657794677	-2.45247148288973
			5.51330798479087	-2.45247148288973
			5.53231939163498	-2.47148288973384
			5.55133079847909	-2.47148288973384
			5.57034220532319	-2.49049429657795
			5.5893536121673	-2.49049429657795
			5.60836501901141	-2.50950570342205
			5.62737642585551	-2.50950570342205
			5.62737642585551	-2.52851711026616
			5.64638783269962	-2.52851711026616
			5.66539923954373	-2.54752851711027
			5.68441064638783	-2.56653992395437
			5.70342205323194	-2.56653992395437
			5.72243346007605	-2.58555133079848
			5.74144486692015	-2.60456273764259
			5.76045627376426	-2.62357414448669
			5.77946768060836	-2.6425855513308
			5.79847908745247	-2.66159695817491
			5.81749049429658	-2.68060836501901
			5.83650190114068	-2.69961977186312
			5.85551330798479	-2.71863117870722
			5.8745247148289	-2.73764258555133
			5.893536121673	-2.75665399239544
			5.91254752851711	-2.77566539923954
			5.91254752851711	-2.79467680608365
			5.93155893536122	-2.79467680608365
			5.93155893536122	-2.81368821292776
			5.95057034220532	-2.83269961977186
			5.95057034220532	-2.85171102661597
			5.96958174904943	-2.87072243346008
			5.98859315589354	-2.88973384030418
			5.98859315589354	-2.90874524714829
			5.98859315589354	-2.9277566539924
			6.00760456273764	-2.9467680608365
			6.02661596958175	-2.96577946768061
			6.02661596958175	-2.98479087452471
			6.02661596958175	-3.00380228136882
			6.04562737642586	-3.02281368821293
			6.04562737642586	-3.04182509505703
			6.04562737642586	-3.06083650190114
			6.04562737642586	-3.07984790874525
			6.06463878326996	-3.09885931558935
			6.06463878326996	-3.11787072243346
			6.06463878326996	-3.13688212927757
			6.06463878326996	-3.15589353612167
			6.06463878326996	-3.17490494296578
			6.06463878326996	-3.19391634980989
			6.06463878326996	-3.21292775665399
			6.06463878326996	-3.2319391634981
			6.06463878326996	-3.25095057034221
			6.06463878326996	-3.26996197718631
			6.06463878326996	-3.28897338403042
			6.06463878326996	-3.30798479087452
			6.06463878326996	-3.32699619771863
			6.06463878326996	-3.34600760456274
			6.06463878326996	-3.36501901140684
			6.04562737642586	-3.38403041825095
			6.04562737642586	-3.40304182509506
			6.04562737642586	-3.42205323193916
			6.04562737642586	-3.44106463878327
			6.02661596958175	-3.46007604562738
			6.02661596958175	-3.47908745247148
			6.02661596958175	-3.49809885931559
			6.00760456273764	-3.5171102661597
			6.00760456273764	-3.5361216730038
			6.00760456273764	-3.55513307984791
			5.98859315589354	-3.57414448669202
			5.98859315589354	-3.59315589353612
			5.96958174904943	-3.61216730038023
			5.96958174904943	-3.63117870722433
			5.95057034220532	-3.65019011406844
			5.95057034220532	-3.66920152091255
			5.93155893536122	-3.68821292775665
			5.93155893536122	-3.70722433460076
			5.91254752851711	-3.72623574144487
			5.91254752851711	-3.74524714828897
			5.893536121673	-3.76425855513308
			5.8745247148289	-3.78326996197719
			5.8745247148289	-3.80228136882129
			5.85551330798479	-3.8212927756654
			5.83650190114068	-3.84030418250951
			5.81749049429658	-3.85931558935361
			5.81749049429658	-3.87832699619772
			5.79847908745247	-3.89733840304182
			5.77946768060836	-3.91634980988593
			5.76045627376426	-3.91634980988593
			5.74144486692015	-3.93536121673004
			5.72243346007605	-3.93536121673004
			5.72243346007605	-3.95437262357414
			5.70342205323194	-3.95437262357414
			5.68441064638783	-3.95437262357414
			5.66539923954373	-3.97338403041825
			5.64638783269962	-3.97338403041825
			5.62737642585551	-3.99239543726236
			5.60836501901141	-3.99239543726236
			5.5893536121673	-3.99239543726236
			5.5893536121673	-4.01140684410646
			5.57034220532319	-4.01140684410646
			5.55133079847909	-4.03041825095057
			5.53231939163498	-4.03041825095057
			5.51330798479087	-4.03041825095057
			5.49429657794677	-4.04942965779468
			5.47528517110266	-4.04942965779468
			5.45627376425855	-4.06844106463878
			5.43726235741445	-4.06844106463878
			5.41825095057034	-4.08745247148289
			5.39923954372624	-4.08745247148289
			5.38022813688213	-4.106463878327
			5.36121673003802	-4.106463878327
			5.34220532319392	-4.106463878327
			5.32319391634981	-4.1254752851711
			5.3041825095057	-4.1254752851711
			5.2851711026616	-4.14448669201521
			5.26615969581749	-4.14448669201521
			5.24714828897338	-4.16349809885932
			5.22813688212928	-4.16349809885932
			5.20912547528517	-4.18250950570342
			5.19011406844106	-4.20152091254753
			5.20912547528517	-4.22053231939163
			5.20912547528517	-4.23954372623574
			5.22813688212928	-4.25855513307985
			5.24714828897338	-4.27756653992395
			5.26615969581749	-4.27756653992395
			5.2851711026616	-4.29657794676806
			5.3041825095057	-4.31558935361217
			5.32319391634981	-4.33460076045627
			5.34220532319392	-4.35361216730038
			5.36121673003802	-4.35361216730038
			5.38022813688213	-4.37262357414449
			5.39923954372624	-4.37262357414449
			5.41825095057034	-4.39163498098859
			5.43726235741445	-4.39163498098859
			5.45627376425855	-4.4106463878327
			5.47528517110266	-4.4106463878327
			5.49429657794677	-4.42965779467681
			5.51330798479087	-4.42965779467681
			5.53231939163498	-4.42965779467681
			5.55133079847909	-4.44866920152091
			5.57034220532319	-4.44866920152091
			5.5893536121673	-4.44866920152091
			5.60836501901141	-4.46768060836502
			5.62737642585551	-4.46768060836502
			5.64638783269962	-4.46768060836502
			5.66539923954373	-4.48669201520913
			5.68441064638783	-4.48669201520913
			5.70342205323194	-4.48669201520913
			5.72243346007605	-4.48669201520913
			5.74144486692015	-4.50570342205323
			5.76045627376426	-4.50570342205323
			5.77946768060836	-4.50570342205323
			5.79847908745247	-4.50570342205323
			5.81749049429658	-4.52471482889734
			5.83650190114068	-4.52471482889734
			5.85551330798479	-4.52471482889734
			5.8745247148289	-4.52471482889734
			5.893536121673	-4.54372623574144
			5.91254752851711	-4.54372623574144
			5.93155893536122	-4.54372623574144
			5.95057034220532	-4.54372623574144
			5.96958174904943	-4.54372623574144
			5.98859315589354	-4.54372623574144
			6.00760456273764	-4.56273764258555
			6.02661596958175	-4.56273764258555
			6.04562737642586	-4.56273764258555
			6.06463878326996	-4.56273764258555
			6.08365019011407	-4.56273764258555
			6.10266159695817	-4.58174904942966
			6.12167300380228	-4.58174904942966
			6.14068441064639	-4.58174904942966
			6.15969581749049	-4.58174904942966
			6.1787072243346	-4.58174904942966
			6.1787072243346	-4.60076045627376
			6.19771863117871	-4.60076045627376
			6.21673003802281	-4.60076045627376
			6.23574144486692	-4.61977186311787
			6.25475285171103	-4.61977186311787
			6.27376425855513	-4.63878326996198
			6.29277566539924	-4.63878326996198
			6.31178707224335	-4.65779467680608
			6.33079847908745	-4.65779467680608
			6.34980988593156	-4.67680608365019
			6.36882129277567	-4.67680608365019
			6.38783269961977	-4.6958174904943
			6.40684410646388	-4.6958174904943
			6.40684410646388	-4.7148288973384
			6.42585551330798	-4.7148288973384
			6.44486692015209	-4.73384030418251
			6.4638783269962	-4.73384030418251
			6.4828897338403	-4.75285171102662
			6.50190114068441	-4.77186311787072
			6.52091254752852	-4.77186311787072
			6.53992395437262	-4.79087452471483
			6.55893536121673	-4.80988593155894
			6.57794676806084	-4.80988593155894
			6.59695817490494	-4.82889733840304
			6.61596958174905	-4.84790874524715
			6.63498098859316	-4.86692015209125
			6.65399239543726	-4.86692015209125
			6.65399239543726	-4.88593155893536
			6.67300380228137	-4.90494296577947
			6.69201520912547	-4.92395437262357
			6.71102661596958	-4.92395437262357
			6.73003802281369	-4.94296577946768
			6.74904942965779	-4.96197718631179
			6.7680608365019	-4.98098859315589
			6.78707224334601	-5
			6.80608365019011	-5.01901140684411
			6.82509505703422	-5.03802281368821
			6.84410646387833	-5.05703422053232
			6.86311787072243	-5.07604562737643
		</suture>
		<anterior type=matrix rownames=FALSE colnames=FALSE nrow=328 ncol=2 as.numeric=TRUE >
			3.91634980988593	-0.437262357414449
			3.93536121673004	-0.437262357414449
			3.95437262357414	-0.437262357414449
			3.97338403041825	-0.437262357414449
			3.99239543726236	-0.437262357414449
			4.01140684410646	-0.437262357414449
			4.03041825095057	-0.437262357414449
			4.04942965779468	-0.437262357414449
			4.06844106463878	-0.456273764258555
			4.08745247148289	-0.456273764258555
			4.106463878327	-0.456273764258555
			4.1254752851711	-0.456273764258555
			4.14448669201521	-0.456273764258555
			4.16349809885932	-0.456273764258555
			4.18250950570342	-0.456273764258555
			4.20152091254753	-0.456273764258555
			4.22053231939163	-0.456273764258555
			4.23954372623574	-0.456273764258555
			4.25855513307985	-0.475285171102662
			4.27756653992395	-0.475285171102662
			4.29657794676806	-0.475285171102662
			4.31558935361217	-0.475285171102662
			4.33460076045627	-0.475285171102662
			4.35361216730038	-0.475285171102662
			4.37262357414449	-0.494296577946768
			4.39163498098859	-0.494296577946768
			4.4106463878327	-0.494296577946768
			4.42965779467681	-0.494296577946768
			4.44866920152091	-0.494296577946768
			4.46768060836502	-0.494296577946768
			4.48669201520913	-0.494296577946768
			4.50570342205323	-0.513307984790874
			4.52471482889734	-0.513307984790874
			4.54372623574144	-0.513307984790874
			4.56273764258555	-0.513307984790874
			4.58174904942966	-0.513307984790874
			4.58174904942966	-0.532319391634981
			4.60076045627376	-0.532319391634981
			4.61977186311787	-0.532319391634981
			4.63878326996198	-0.532319391634981
			4.65779467680608	-0.532319391634981
			4.67680608365019	-0.551330798479087
			4.6958174904943	-0.551330798479087
			4.7148288973384	-0.551330798479087
			4.73384030418251	-0.551330798479087
			4.75285171102662	-0.551330798479087
			4.77186311787072	-0.570342205323194
			4.79087452471483	-0.570342205323194
			4.80988593155894	-0.570342205323194
			4.82889733840304	-0.570342205323194
			4.84790874524715	-0.5893536121673
			4.86692015209125	-0.5893536121673
			4.88593155893536	-0.5893536121673
			4.90494296577947	-0.5893536121673
			4.92395437262357	-0.5893536121673
			4.94296577946768	-0.608365019011407
			4.96197718631179	-0.608365019011407
			4.98098859315589	-0.608365019011407
			5	-0.608365019011407
			5	-0.627376425855513
			5.01901140684411	-0.627376425855513
			5.03802281368821	-0.627376425855513
			5.05703422053232	-0.627376425855513
			5.07604562737643	-0.627376425855513
			5.07604562737643	-0.64638783269962
			5.09505703422053	-0.64638783269962
			5.11406844106464	-0.64638783269962
			5.13307984790875	-0.64638783269962
			5.15209125475285	-0.665399239543726
			5.17110266159696	-0.684410646387833
			5.19011406844106	-0.684410646387833
			5.20912547528517	-0.703422053231939
			5.22813688212928	-0.703422053231939
			5.24714828897338	-0.722433460076046
			5.26615969581749	-0.722433460076046
			5.2851711026616	-0.741444866920152
			5.3041825095057	-0.760456273764259
			5.32319391634981	-0.760456273764259
			5.34220532319392	-0.779467680608365
			5.36121673003802	-0.779467680608365
			5.38022813688213	-0.798479087452471
			5.39923954372624	-0.817490494296578
			5.41825095057034	-0.817490494296578
			5.41825095057034	-0.836501901140684
			5.43726235741445	-0.836501901140684
			5.45627376425855	-0.855513307984791
			5.47528517110266	-0.874524714828897
			5.49429657794677	-0.874524714828897
			5.51330798479087	-0.893536121673004
			5.53231939163498	-0.893536121673004
			5.55133079847909	-0.91254752851711
			5.57034220532319	-0.931558935361217
			5.5893536121673	-0.931558935361217
			5.60836501901141	-0.950570342205323
			5.62737642585551	-0.950570342205323
			5.64638783269962	-0.96958174904943
			5.66539923954373	-0.988593155893536
			5.68441064638783	-1.00760456273764
			5.70342205323194	-1.02661596958175
			5.72243346007605	-1.04562737642586
			5.74144486692015	-1.04562737642586
			5.76045627376426	-1.04562737642586
			5.76045627376426	-1.06463878326996
			5.77946768060836	-1.06463878326996
			5.79847908745247	-1.08365019011407
			5.81749049429658	-1.10266159695817
			5.83650190114068	-1.12167300380228
			5.85551330798479	-1.14068441064639
			5.8745247148289	-1.14068441064639
			5.893536121673	-1.15969581749049
			5.91254752851711	-1.15969581749049
			5.91254752851711	-1.1787072243346
			5.93155893536122	-1.19771863117871
			5.95057034220532	-1.19771863117871
			5.96958174904943	-1.21673003802281
			5.98859315589354	-1.23574144486692
			6.00760456273764	-1.25475285171103
			6.02661596958175	-1.27376425855513
			6.04562737642586	-1.29277566539924
			6.06463878326996	-1.29277566539924
			6.08365019011407	-1.31178707224335
			6.10266159695817	-1.33079847908745
			6.12167300380228	-1.34980988593156
			6.14068441064639	-1.36882129277567
			6.15969581749049	-1.38783269961977
			6.1787072243346	-1.40684410646388
			6.19771863117871	-1.42585551330798
			6.21673003802281	-1.44486692015209
			6.23574144486692	-1.44486692015209
			6.25475285171103	-1.4638783269962
			6.27376425855513	-1.4828897338403
			6.29277566539924	-1.50190114068441
			6.31178707224335	-1.52091254752852
			6.33079847908745	-1.53992395437262
			6.34980988593156	-1.55893536121673
			6.36882129277567	-1.57794676806084
			6.38783269961977	-1.59695817490494
			6.40684410646388	-1.61596958174905
			6.42585551330798	-1.63498098859316
			6.44486692015209	-1.65399239543726
			6.44486692015209	-1.67300380228137
			6.4638783269962	-1.67300380228137
			6.4828897338403	-1.69201520912548
			6.50190114068441	-1.71102661596958
			6.52091254752852	-1.73003802281369
			6.53992395437262	-1.74904942965779
			6.55893536121673	-1.7680608365019
			6.57794676806084	-1.78707224334601
			6.57794676806084	-1.80608365019011
			6.59695817490494	-1.82509505703422
			6.61596958174905	-1.84410646387833
			6.63498098859316	-1.86311787072243
			6.65399239543726	-1.88212927756654
			6.67300380228137	-1.90114068441065
			6.69201520912547	-1.92015209125475
			6.69201520912547	-1.93916349809886
			6.71102661596958	-1.95817490494297
			6.73003802281369	-1.97718631178707
			6.74904942965779	-1.99619771863118
			6.7680608365019	-2.01520912547529
			6.7680608365019	-2.03422053231939
			6.78707224334601	-2.0532319391635
			6.80608365019011	-2.0722433460076
			6.82509505703422	-2.09125475285171
			6.84410646387833	-2.11026615969582
			6.84410646387833	-2.12927756653992
			6.86311787072243	-2.14828897338403
			6.88212927756654	-2.16730038022814
			6.88212927756654	-2.18631178707224
			6.90114068441065	-2.18631178707224
			6.90114068441065	-2.20532319391635
			6.90114068441065	-2.22433460076046
			6.92015209125475	-2.22433460076046
			6.92015209125475	-2.24334600760456
			6.93916349809886	-2.26235741444867
			6.95817490494297	-2.28136882129278
			6.97718631178707	-2.30038022813688
			6.97718631178707	-2.31939163498099
			6.99619771863118	-2.33840304182509
			6.99619771863118	-2.3574144486692
			7.01520912547528	-2.37642585551331
			7.01520912547528	-2.39543726235741
			7.03422053231939	-2.39543726235741
			7.03422053231939	-2.41444866920152
			7.0532319391635	-2.43346007604563
			7.0532319391635	-2.45247148288973
			7.0722433460076	-2.45247148288973
			7.0722433460076	-2.47148288973384
			7.09125475285171	-2.49049429657795
			7.09125475285171	-2.50950570342205
			7.11026615969582	-2.52851711026616
			7.11026615969582	-2.54752851711027
			7.12927756653992	-2.54752851711027
			7.12927756653992	-2.56653992395437
			7.14828897338403	-2.58555133079848
			7.14828897338403	-2.60456273764259
			7.16730038022814	-2.62357414448669
			7.18631178707224	-2.6425855513308
			7.18631178707224	-2.66159695817491
			7.20532319391635	-2.68060836501901
			7.20532319391635	-2.69961977186312
			7.22433460076046	-2.71863117870722
			7.22433460076046	-2.73764258555133
			7.24334600760456	-2.75665399239544
			7.24334600760456	-2.77566539923954
			7.26235741444867	-2.79467680608365
			7.28136882129278	-2.81368821292776
			7.28136882129278	-2.83269961977186
			7.30038022813688	-2.85171102661597
			7.30038022813688	-2.87072243346008
			7.31939163498099	-2.88973384030418
			7.31939163498099	-2.90874524714829
			7.33840304182509	-2.9277566539924
			7.33840304182509	-2.9467680608365
			7.3574144486692	-2.96577946768061
			7.3574144486692	-2.98479087452471
			7.37642585551331	-3.00380228136882
			7.37642585551331	-3.02281368821293
			7.37642585551331	-3.04182509505703
			7.39543726235741	-3.06083650190114
			7.39543726235741	-3.07984790874525
			7.41444866920152	-3.09885931558935
			7.41444866920152	-3.11787072243346
			7.41444866920152	-3.13688212927757
			7.43346007604563	-3.15589353612167
			7.43346007604563	-3.17490494296578
			7.45247148288973	-3.19391634980989
			7.45247148288973	-3.21292775665399
			7.45247148288973	-3.2319391634981
			7.47148288973384	-3.25095057034221
			7.47148288973384	-3.26996197718631
			7.49049429657795	-3.28897338403042
			7.49049429657795	-3.30798479087452
			7.50950570342205	-3.32699619771863
			7.50950570342205	-3.34600760456274
			7.50950570342205	-3.36501901140684
			7.52851711026616	-3.38403041825095
			7.52851711026616	-3.40304182509506
			7.54752851711027	-3.42205323193916
			7.54752851711027	-3.44106463878327
			7.54752851711027	-3.46007604562738
			7.54752851711027	-3.47908745247148
			7.56653992395437	-3.49809885931559
			7.56653992395437	-3.5171102661597
			7.58555133079848	-3.5361216730038
			7.58555133079848	-3.55513307984791
			7.58555133079848	-3.57414448669202
			7.60456273764259	-3.59315589353612
			7.60456273764259	-3.61216730038023
			7.60456273764259	-3.63117870722433
			7.62357414448669	-3.65019011406844
			7.62357414448669	-3.66920152091255
			7.62357414448669	-3.68821292775665
			7.6425855513308	-3.70722433460076
			7.6425855513308	-3.72623574144487
			7.6425855513308	-3.74524714828897
			7.6425855513308	-3.76425855513308
			7.66159695817491	-3.78326996197719
			7.66159695817491	-3.80228136882129
			7.66159695817491	-3.8212927756654
			7.66159695817491	-3.84030418250951
			7.68060836501901	-3.84030418250951
			7.68060836501901	-3.85931558935361
			7.68060836501901	-3.87832699619772
			7.68060836501901	-3.89733840304182
			7.69961977186312	-3.91634980988593
			7.69961977186312	-3.93536121673004
			7.69961977186312	-3.95437262357414
			7.69961977186312	-3.97338403041825
			7.69961977186312	-3.99239543726236
			7.71863117870722	-3.99239543726236
			7.71863117870722	-4.01140684410646
			7.71863117870722	-4.03041825095057
			7.71863117870722	-4.04942965779468
			7.73764258555133	-4.06844106463878
			7.73764258555133	-4.08745247148289
			7.73764258555133	-4.106463878327
			7.73764258555133	-4.1254752851711
			7.73764258555133	-4.14448669201521
			7.75665399239544	-4.16349809885932
			7.75665399239544	-4.18250950570342
			7.75665399239544	-4.20152091254753
			7.75665399239544	-4.22053231939163
			7.77566539923954	-4.23954372623574
			7.77566539923954	-4.25855513307985
			7.77566539923954	-4.27756653992395
			7.77566539923954	-4.29657794676806
			7.77566539923954	-4.31558935361217
			7.79467680608365	-4.33460076045627
			7.79467680608365	-4.35361216730038
			7.79467680608365	-4.37262357414449
			7.79467680608365	-4.39163498098859
			7.79467680608365	-4.4106463878327
			7.81368821292776	-4.42965779467681
			7.81368821292776	-4.44866920152091
			7.81368821292776	-4.46768060836502
			7.81368821292776	-4.48669201520913
			7.81368821292776	-4.50570342205323
			7.81368821292776	-4.52471482889734
			7.83269961977186	-4.54372623574144
			7.83269961977186	-4.56273764258555
			7.83269961977186	-4.58174904942966
			7.83269961977186	-4.60076045627376
			7.83269961977186	-4.61977186311787
			7.83269961977186	-4.63878326996198
			7.83269961977186	-4.65779467680608
			7.85171102661597	-4.67680608365019
			7.85171102661597	-4.6958174904943
			7.85171102661597	-4.7148288973384
			7.85171102661597	-4.73384030418251
			7.85171102661597	-4.75285171102662
			7.85171102661597	-4.77186311787072
			7.85171102661597	-4.79087452471483
			7.87072243346008	-4.80988593155894
			7.87072243346008	-4.82889733840304
			7.87072243346008	-4.84790874524715
			7.87072243346008	-4.86692015209125
			7.87072243346008	-4.88593155893536
			7.87072243346008	-4.90494296577947
			7.87072243346008	-4.92395437262357
			7.87072243346008	-4.94296577946768
			7.87072243346008	-4.96197718631179
			7.88973384030418	-4.98098859315589
			7.88973384030418	-5
			7.88973384030418	-5.01901140684411
			7.88973384030418	-5.03802281368821
			7.88973384030418	-5.05703422053232
			7.88973384030418	-5.07604562737643
		</anterior>
		<posterior type=matrix rownames=FALSE colnames=FALSE nrow=447 ncol=2 as.numeric=TRUE >
			3.91634980988593	-5.07604562737643
			3.93536121673004	-5.07604562737643
			3.95437262357414	-5.07604562737643
			3.97338403041825	-5.07604562737643
			3.99239543726236	-5.07604562737643
			4.01140684410646	-5.07604562737643
			4.03041825095057	-5.07604562737643
			4.04942965779468	-5.07604562737643
			4.06844106463878	-5.05703422053232
			4.08745247148289	-5.05703422053232
			4.106463878327	-5.05703422053232
			4.1254752851711	-5.05703422053232
			4.14448669201521	-5.05703422053232
			4.16349809885932	-5.05703422053232
			4.18250950570342	-5.05703422053232
			4.20152091254753	-5.05703422053232
			4.22053231939163	-5.05703422053232
			4.23954372623574	-5.05703422053232
			4.25855513307985	-5.05703422053232
			4.27756653992395	-5.03802281368821
			4.29657794676806	-5.03802281368821
			4.31558935361217	-5.03802281368821
			4.33460076045627	-5.03802281368821
			4.35361216730038	-5.03802281368821
			4.37262357414449	-5.03802281368821
			4.39163498098859	-5.03802281368821
			4.4106463878327	-5.03802281368821
			4.42965779467681	-5.01901140684411
			4.44866920152091	-5.01901140684411
			4.46768060836502	-5.01901140684411
			4.48669201520913	-5.01901140684411
			4.50570342205323	-5.01901140684411
			4.52471482889734	-5.01901140684411
			4.54372623574144	-5.01901140684411
			4.56273764258555	-5.01901140684411
			4.58174904942966	-5.01901140684411
			4.58174904942966	-5
			4.60076045627376	-5
			4.61977186311787	-5
			4.63878326996198	-5
			4.65779467680608	-5
			4.67680608365019	-5
			4.6958174904943	-5
			4.7148288973384	-4.98098859315589
			4.73384030418251	-4.98098859315589
			4.75285171102662	-4.98098859315589
			4.77186311787072	-4.98098859315589
			4.79087452471483	-4.98098859315589
			4.80988593155894	-4.98098859315589
			4.82889733840304	-4.98098859315589
			4.84790874524715	-4.96197718631179
			4.86692015209125	-4.96197718631179
			4.88593155893536	-4.96197718631179
			4.90494296577947	-4.96197718631179
			4.92395437262357	-4.96197718631179
			4.94296577946768	-4.96197718631179
			4.94296577946768	-4.94296577946768
			4.96197718631179	-4.94296577946768
			4.98098859315589	-4.94296577946768
			5	-4.94296577946768
			5.01901140684411	-4.94296577946768
			5.03802281368821	-4.92395437262357
			5.05703422053232	-4.92395437262357
			5.07604562737643	-4.92395437262357
			5.09505703422053	-4.92395437262357
			5.11406844106464	-4.90494296577947
			5.13307984790875	-4.90494296577947
			5.15209125475285	-4.90494296577947
			5.17110266159696	-4.90494296577947
			5.19011406844106	-4.90494296577947
			5.20912547528517	-4.88593155893536
			5.22813688212928	-4.88593155893536
			5.24714828897338	-4.88593155893536
			5.26615969581749	-4.88593155893536
			5.2851711026616	-4.88593155893536
			5.3041825095057	-4.86692015209125
			5.32319391634981	-4.86692015209125
			5.34220532319392	-4.86692015209125
			5.36121673003802	-4.86692015209125
			5.38022813688213	-4.86692015209125
			5.39923954372624	-4.84790874524715
			5.41825095057034	-4.84790874524715
			5.43726235741445	-4.84790874524715
			5.45627376425855	-4.84790874524715
			5.47528517110266	-4.84790874524715
			5.49429657794677	-4.84790874524715
			5.51330798479087	-4.84790874524715
			5.53231939163498	-4.84790874524715
			5.55133079847909	-4.84790874524715
			5.57034220532319	-4.84790874524715
			5.5893536121673	-4.84790874524715
			5.60836501901141	-4.84790874524715
			5.62737642585551	-4.84790874524715
			5.64638783269962	-4.84790874524715
			5.66539923954373	-4.84790874524715
			5.68441064638783	-4.84790874524715
			5.70342205323194	-4.84790874524715
			5.72243346007605	-4.86692015209125
			5.74144486692015	-4.86692015209125
			5.76045627376426	-4.86692015209125
			5.77946768060836	-4.86692015209125
			5.79847908745247	-4.86692015209125
			5.81749049429658	-4.86692015209125
			5.83650190114068	-4.86692015209125
			5.85551330798479	-4.86692015209125
			5.8745247148289	-4.86692015209125
			5.893536121673	-4.86692015209125
			5.91254752851711	-4.88593155893536
			5.93155893536122	-4.88593155893536
			5.95057034220532	-4.88593155893536
			5.96958174904943	-4.88593155893536
			5.98859315589354	-4.88593155893536
			6.00760456273764	-4.88593155893536
			6.02661596958175	-4.88593155893536
			6.04562737642586	-4.90494296577947
			6.06463878326996	-4.90494296577947
			6.08365019011407	-4.90494296577947
			6.10266159695817	-4.90494296577947
			6.12167300380228	-4.90494296577947
			6.14068441064639	-4.90494296577947
			6.15969581749049	-4.92395437262357
			6.1787072243346	-4.92395437262357
			6.19771863117871	-4.92395437262357
			6.21673003802281	-4.92395437262357
			6.23574144486692	-4.92395437262357
			6.25475285171103	-4.92395437262357
			6.27376425855513	-4.94296577946768
			6.29277566539924	-4.94296577946768
			6.31178707224335	-4.94296577946768
			6.33079847908745	-4.94296577946768
			6.34980988593156	-4.94296577946768
			6.36882129277567	-4.96197718631179
			6.38783269961977	-4.96197718631179
			6.40684410646388	-4.96197718631179
			6.42585551330798	-4.96197718631179
			6.44486692015209	-4.96197718631179
			6.4638783269962	-4.98098859315589
			6.4828897338403	-4.98098859315589
			6.50190114068441	-4.98098859315589
			6.52091254752852	-4.98098859315589
			6.53992395437262	-5
			6.55893536121673	-5
			6.57794676806084	-5
			6.59695817490494	-5
			6.61596958174905	-5
			6.61596958174905	-5.01901140684411
			6.63498098859316	-5.01901140684411
			6.65399239543726	-5.01901140684411
			6.67300380228137	-5.01901140684411
			6.69201520912547	-5.03802281368821
			6.71102661596958	-5.03802281368821
			6.73003802281369	-5.03802281368821
			6.74904942965779	-5.03802281368821
			6.7680608365019	-5.05703422053232
			6.78707224334601	-5.05703422053232
			6.80608365019011	-5.05703422053232
			6.82509505703422	-5.07604562737643
			6.84410646387833	-5.07604562737643
			6.86311787072243	-5.07604562737643
			6.88212927756654	-5.09505703422053
			6.90114068441065	-5.09505703422053
			6.92015209125475	-5.09505703422053
			6.93916349809886	-5.09505703422053
			6.95817490494297	-5.11406844106464
			6.97718631178707	-5.11406844106464
			6.99619771863118	-5.13307984790875
			7.01520912547528	-5.13307984790875
			7.03422053231939	-5.13307984790875
			7.0532319391635	-5.15209125475285
			7.0722433460076	-5.15209125475285
			7.09125475285171	-5.17110266159696
			7.11026615969582	-5.17110266159696
			7.11026615969582	-5.19011406844106
			7.12927756653992	-5.19011406844106
			7.14828897338403	-5.20912547528517
			7.16730038022814	-5.20912547528517
			7.18631178707224	-5.22813688212928
			7.20532319391635	-5.24714828897338
			7.22433460076046	-5.26615969581749
			7.24334600760456	-5.2851711026616
			7.26235741444867	-5.2851711026616
			7.28136882129278	-5.3041825095057
			7.28136882129278	-5.32319391634981
			7.30038022813688	-5.34220532319392
			7.31939163498099	-5.34220532319392
			7.31939163498099	-5.36121673003802
			7.33840304182509	-5.38022813688213
			7.33840304182509	-5.39923954372624
			7.3574144486692	-5.41825095057034
			7.3574144486692	-5.43726235741445
			7.3574144486692	-5.45627376425855
			7.37642585551331	-5.47528517110266
			7.37642585551331	-5.49429657794677
			7.37642585551331	-5.51330798479087
			7.37642585551331	-5.53231939163498
			7.39543726235741	-5.55133079847909
			7.39543726235741	-5.57034220532319
			7.39543726235741	-5.5893536121673
			7.39543726235741	-5.60836501901141
			7.41444866920152	-5.62737642585551
			7.41444866920152	-5.64638783269962
			7.41444866920152	-5.66539923954373
			7.41444866920152	-5.68441064638783
			7.43346007604563	-5.70342205323194
			7.43346007604563	-5.72243346007605
			7.43346007604563	-5.74144486692015
			7.43346007604563	-5.76045627376426
			7.45247148288973	-5.77946768060836
			7.45247148288973	-5.79847908745247
			7.45247148288973	-5.81749049429658
			7.47148288973384	-5.83650190114068
			7.47148288973384	-5.85551330798479
			7.47148288973384	-5.8745247148289
			7.47148288973384	-5.893536121673
			7.49049429657795	-5.91254752851711
			7.49049429657795	-5.93155893536122
			7.49049429657795	-5.95057034220532
			7.49049429657795	-5.96958174904943
			7.50950570342205	-5.98859315589354
			7.50950570342205	-6.00760456273764
			7.50950570342205	-6.02661596958175
			7.50950570342205	-6.04562737642586
			7.50950570342205	-6.06463878326996
			7.52851711026616	-6.08365019011407
			7.52851711026616	-6.10266159695817
			7.52851711026616	-6.12167300380228
			7.52851711026616	-6.14068441064639
			7.54752851711027	-6.15969581749049
			7.54752851711027	-6.1787072243346
			7.54752851711027	-6.19771863117871
			7.54752851711027	-6.21673003802281
			7.54752851711027	-6.23574144486692
			7.56653992395437	-6.25475285171103
			7.56653992395437	-6.27376425855513
			7.56653992395437	-6.29277566539924
			7.56653992395437	-6.31178707224335
			7.56653992395437	-6.33079847908745
			7.58555133079848	-6.34980988593156
			7.58555133079848	-6.36882129277567
			7.58555133079848	-6.38783269961977
			7.58555133079848	-6.40684410646388
			7.58555133079848	-6.42585551330798
			7.60456273764259	-6.44486692015209
			7.60456273764259	-6.4638783269962
			7.60456273764259	-6.4828897338403
			7.60456273764259	-6.50190114068441
			7.62357414448669	-6.52091254752852
			7.62357414448669	-6.53992395437262
			7.62357414448669	-6.55893536121673
			7.6425855513308	-6.57794676806084
			7.6425855513308	-6.59695817490494
			7.6425855513308	-6.61596958174905
			7.6425855513308	-6.63498098859316
			7.6425855513308	-6.65399239543726
			7.66159695817491	-6.67300380228137
			7.66159695817491	-6.69201520912547
			7.66159695817491	-6.71102661596958
			7.66159695817491	-6.73003802281369
			7.68060836501901	-6.74904942965779
			7.68060836501901	-6.7680608365019
			7.68060836501901	-6.78707224334601
			7.68060836501901	-6.80608365019011
			7.68060836501901	-6.82509505703422
			7.69961977186312	-6.84410646387833
			7.69961977186312	-6.86311787072243
			7.69961977186312	-6.88212927756654
			7.69961977186312	-6.90114068441065
			7.69961977186312	-6.92015209125475
			7.71863117870722	-6.93916349809886
			7.71863117870722	-6.95817490494297
			7.71863117870722	-6.97718631178707
			7.71863117870722	-6.99619771863118
			7.71863117870722	-7.01520912547528
			7.73764258555133	-7.03422053231939
			7.73764258555133	-7.0532319391635
			7.73764258555133	-7.0722433460076
			7.73764258555133	-7.09125475285171
			7.73764258555133	-7.11026615969582
			7.75665399239544	-7.12927756653992
			7.75665399239544	-7.14828897338403
			7.75665399239544	-7.16730038022814
			7.75665399239544	-7.18631178707224
			7.75665399239544	-7.20532319391635
			7.77566539923954	-7.22433460076046
			7.77566539923954	-7.24334600760456
			7.77566539923954	-7.26235741444867
			7.77566539923954	-7.28136882129278
			7.77566539923954	-7.30038022813688
			7.79467680608365	-7.31939163498099
			7.79467680608365	-7.33840304182509
			7.79467680608365	-7.3574144486692
			7.79467680608365	-7.37642585551331
			7.79467680608365	-7.39543726235741
			7.79467680608365	-7.41444866920152
			7.81368821292776	-7.43346007604563
			7.81368821292776	-7.45247148288973
			7.81368821292776	-7.47148288973384
			7.81368821292776	-7.49049429657795
			7.81368821292776	-7.50950570342205
			7.81368821292776	-7.52851711026616
			7.83269961977186	-7.54752851711027
			7.83269961977186	-7.56653992395437
			7.83269961977186	-7.58555133079848
			7.83269961977186	-7.60456273764259
			7.83269961977186	-7.62357414448669
			7.83269961977186	-7.6425855513308
			7.85171102661597	-7.66159695817491
			7.85171102661597	-7.68060836501901
			7.85171102661597	-7.69961977186312
			7.85171102661597	-7.68060836501901
			7.85171102661597	-7.66159695817491
			7.85171102661597	-7.6425855513308
			7.87072243346008	-7.62357414448669
			7.87072243346008	-7.60456273764259
			7.87072243346008	-7.58555133079848
			7.87072243346008	-7.56653992395437
			7.87072243346008	-7.54752851711027
			7.87072243346008	-7.52851711026616
			7.87072243346008	-7.50950570342205
			7.88973384030418	-7.49049429657795
			7.88973384030418	-7.47148288973384
			7.88973384030418	-7.45247148288973
			7.88973384030418	-7.43346007604563
			7.88973384030418	-7.41444866920152
			7.88973384030418	-7.39543726235741
			7.88973384030418	-7.37642585551331
			7.88973384030418	-7.3574144486692
			7.88973384030418	-7.33840304182509
			7.90874524714829	-7.31939163498099
			7.90874524714829	-7.30038022813688
			7.90874524714829	-7.28136882129278
			7.90874524714829	-7.26235741444867
			7.90874524714829	-7.24334600760456
			7.90874524714829	-7.22433460076046
			7.90874524714829	-7.20532319391635
			7.90874524714829	-7.18631178707224
			7.90874524714829	-7.16730038022814
			7.90874524714829	-7.14828897338403
			7.90874524714829	-7.12927756653992
			7.90874524714829	-7.11026615969582
			7.90874524714829	-7.09125475285171
			7.90874524714829	-7.0722433460076
			7.90874524714829	-7.0532319391635
			7.90874524714829	-7.03422053231939
			7.92775665399239	-7.01520912547528
			7.92775665399239	-6.99619771863118
			7.92775665399239	-6.97718631178707
			7.92775665399239	-6.95817490494297
			7.92775665399239	-6.93916349809886
			7.92775665399239	-6.92015209125475
			7.92775665399239	-6.90114068441065
			7.92775665399239	-6.88212927756654
			7.92775665399239	-6.86311787072243
			7.92775665399239	-6.84410646387833
			7.92775665399239	-6.82509505703422
			7.92775665399239	-6.80608365019011
			7.92775665399239	-6.78707224334601
			7.92775665399239	-6.7680608365019
			7.92775665399239	-6.74904942965779
			7.92775665399239	-6.73003802281369
			7.92775665399239	-6.71102661596958
			7.92775665399239	-6.69201520912547
			7.92775665399239	-6.67300380228137
			7.92775665399239	-6.65399239543726
			7.92775665399239	-6.63498098859316
			7.92775665399239	-6.61596958174905
			7.92775665399239	-6.59695817490494
			7.92775665399239	-6.57794676806084
			7.92775665399239	-6.55893536121673
			7.92775665399239	-6.53992395437262
			7.92775665399239	-6.52091254752852
			7.92775665399239	-6.50190114068441
			7.92775665399239	-6.4828897338403
			7.92775665399239	-6.4638783269962
			7.92775665399239	-6.44486692015209
			7.92775665399239	-6.42585551330798
			7.92775665399239	-6.40684410646388
			7.92775665399239	-6.38783269961977
			7.92775665399239	-6.36882129277567
			7.92775665399239	-6.34980988593156
			7.92775665399239	-6.33079847908745
			7.92775665399239	-6.31178707224335
			7.92775665399239	-6.29277566539924
			7.92775665399239	-6.27376425855513
			7.92775665399239	-6.25475285171103
			7.92775665399239	-6.23574144486692
			7.92775665399239	-6.21673003802281
			7.92775665399239	-6.19771863117871
			7.92775665399239	-6.1787072243346
			7.92775665399239	-6.15969581749049
			7.92775665399239	-6.14068441064639
			7.92775665399239	-6.12167300380228
			7.92775665399239	-6.10266159695817
			7.92775665399239	-6.08365019011407
			7.92775665399239	-6.06463878326996
			7.92775665399239	-6.04562737642586
			7.92775665399239	-6.02661596958175
			7.92775665399239	-6.00760456273764
			7.92775665399239	-5.98859315589354
			7.92775665399239	-5.96958174904943
			7.92775665399239	-5.95057034220532
			7.92775665399239	-5.93155893536122
			7.92775665399239	-5.91254752851711
			7.92775665399239	-5.893536121673
			7.92775665399239	-5.8745247148289
			7.92775665399239	-5.85551330798479
			7.92775665399239	-5.83650190114068
			7.92775665399239	-5.81749049429658
			7.92775665399239	-5.79847908745247
			7.92775665399239	-5.77946768060836
			7.90874524714829	-5.76045627376426
			7.90874524714829	-5.74144486692015
			7.90874524714829	-5.72243346007605
			7.90874524714829	-5.70342205323194
			7.90874524714829	-5.68441064638783
			7.90874524714829	-5.66539923954373
			7.90874524714829	-5.64638783269962
			7.90874524714829	-5.62737642585551
			7.90874524714829	-5.60836501901141
			7.90874524714829	-5.5893536121673
			7.90874524714829	-5.57034220532319
			7.90874524714829	-5.55133079847909
			7.90874524714829	-5.53231939163498
			7.90874524714829	-5.51330798479087
			7.90874524714829	-5.49429657794677
			7.90874524714829	-5.47528517110266
			7.90874524714829	-5.45627376425855
			7.90874524714829	-5.43726235741445
			7.90874524714829	-5.41825095057034
			7.90874524714829	-5.39923954372624
			7.90874524714829	-5.38022813688213
			7.90874524714829	-5.36121673003802
			7.90874524714829	-5.34220532319392
			7.90874524714829	-5.32319391634981
			7.90874524714829	-5.3041825095057
			7.90874524714829	-5.2851711026616
			7.88973384030418	-5.26615969581749
			7.88973384030418	-5.24714828897338
			7.88973384030418	-5.22813688212928
			7.88973384030418	-5.20912547528517
			7.88973384030418	-5.19011406844106
			7.88973384030418	-5.17110266159696
			7.88973384030418	-5.15209125475285
			7.88973384030418	-5.13307984790875
			7.88973384030418	-5.11406844106464
			7.88973384030418	-5.09505703422053
			7.88973384030418	-5.07604562737643
		</posterior>
	</curves.scaled>
	<ruler.points type=matrix rownames=TRUE colnames=FALSE nrow=2 ncol=2 as.numeric=TRUE >
		Ruler point 1	34	469
		Ruler point 2	297	469
	</ruler.points>
</shapes>

