<shapes type=list>
	<scaling type=logical names=FALSE length=1 as.numeric=FALSE >NA</scaling>
	<landmarks.pixel type=matrix rownames=TRUE colnames=FALSE nrow=16 ncol=2 as.numeric=TRUE >
		LM1	312	47
		LM2	312	135
		LM3	312	317
		LM4	312	387
		LM5	409	260
		LM6	410	301
		LM7	419	347
		LM8	407	196
		LM9	425	289
		LM10	312	47
		LM11	429	325
		LM12	518	361
		LM13	312	47
		LM14	457	247
		LM15	607	387
		LM16	536	667
	</landmarks.pixel>
	<curves.control type=list>
		<glabella type=matrix rownames=FALSE colnames=FALSE nrow=19 ncol=2 as.numeric=TRUE >
			312	135
			367	136
			384	186
			385	189
			382	188
			377	189
			382	195
			387	202
			386	207
			384	209
			388	213
			406	234
			410	246
			413	257
			410	266
			403	277
			409	292
			432	330
			419	347
		</glabella>
		<suture type=matrix rownames=FALSE colnames=FALSE nrow=29 ncol=2 as.numeric=TRUE >
			312	47
			330	45
			349	66
			357	74
			368	78
			376	82
			381	91
			385	97
			399	106
			417	118
			395	182
			392	193
			395	201
			400	209
			408	214
			445	219
			448	250
			447	280
			425	284
			417	288
			420	300
			423	313
			428	321
			431	327
			443	330
			450	330
			467	332
			496	336
			518	361
		</suture>
		<anterior type=matrix rownames=FALSE colnames=FALSE nrow=11 ncol=2 as.numeric=TRUE >
			312	47
			330	45
			349	66
			357	74
			368	78
			395	91
			432	106
			471	124
			506	151
			595	227
			607	387
		</anterior>
		<posterior type=matrix rownames=FALSE colnames=FALSE nrow=37 ncol=2 as.numeric=TRUE >
			312	387
			381	393
			416	349
			419	345
			422	349
			425	352
			449	350
			466	349
			480	356
			489	359
			532	365
			553	369
			552	388
			551	393
			559	423
			560	428
			560	433
			566	526
			536	637
			533	651
			534	665
			536	669
			539	666
			545	657
			547	650
			547	648
			551	640
			565	621
			571	595
			572	591
			577	581
			584	563
			590	538
			591	535
			593	530
			612	499
			607	387
		</posterior>
	</curves.control>
	<curves.pixel type=list>
		<glabella type=matrix rownames=FALSE colnames=FALSE nrow=256 ncol=2 as.numeric=TRUE >
			312	135
			313	135
			314	135
			315	135
			316	135
			317	135
			318	135
			319	135
			320	135
			321	135
			322	136
			323	136
			324	136
			325	136
			326	136
			327	136
			328	137
			329	137
			330	137
			331	137
			332	137
			333	138
			334	138
			335	138
			336	138
			337	139
			338	139
			339	139
			340	139
			341	140
			342	140
			343	141
			344	141
			345	142
			346	142
			347	142
			348	143
			349	143
			350	144
			351	144
			352	145
			353	146
			354	146
			355	147
			356	147
			357	148
			358	148
			359	149
			360	150
			361	151
			362	152
			363	153
			364	154
			365	155
			366	155
			367	156
			368	157
			369	158
			370	159
			370	160
			371	161
			372	162
			372	163
			373	163
			373	164
			374	165
			374	166
			375	167
			376	168
			376	169
			377	170
			377	171
			378	172
			378	173
			379	174
			379	175
			380	175
			380	176
			381	177
			381	178
			381	179
			382	180
			382	181
			383	182
			383	183
			383	184
			384	185
			384	186
			384	187
			384	188
			383	188
			382	188
			381	188
			380	189
			380	190
			380	191
			380	192
			381	193
			381	194
			382	195
			383	196
			383	197
			384	198
			384	199
			385	200
			385	201
			386	202
			386	203
			386	204
			386	205
			386	206
			386	207
			385	208
			385	209
			386	210
			386	211
			387	212
			388	213
			389	214
			390	215
			391	216
			392	217
			392	218
			393	219
			394	220
			394	221
			395	222
			396	223
			397	224
			398	225
			399	226
			399	227
			400	228
			401	229
			401	230
			402	231
			403	232
			403	233
			404	234
			405	235
			405	236
			406	237
			407	238
			407	239
			408	240
			408	241
			408	242
			409	243
			409	244
			409	245
			410	245
			410	246
			410	247
			410	248
			411	248
			411	249
			411	250
			411	251
			411	252
			411	253
			411	254
			411	255
			411	256
			411	257
			411	258
			411	259
			411	260
			411	261
			411	262
			411	263
			411	264
			410	264
			410	265
			410	266
			409	267
			409	268
			408	269
			408	270
			408	271
			407	272
			407	273
			407	274
			407	275
			406	276
			406	277
			406	278
			406	279
			406	280
			406	281
			406	282
			407	283
			407	284
			407	285
			407	286
			407	287
			408	288
			408	289
			408	290
			409	291
			409	292
			410	293
			410	294
			411	295
			411	296
			412	297
			412	298
			413	299
			414	300
			414	301
			415	302
			415	303
			416	304
			416	305
			417	306
			417	307
			418	308
			418	309
			418	310
			419	311
			419	312
			420	313
			420	314
			420	315
			421	316
			421	317
			421	318
			422	319
			422	320
			422	321
			422	322
			423	323
			423	324
			423	325
			423	326
			423	327
			423	328
			424	329
			424	330
			424	331
			424	332
			424	333
			424	334
			424	335
			423	336
			423	337
			423	338
			423	339
			423	340
			422	341
			422	342
			421	343
			421	344
			421	345
			420	345
			420	346
			419	347
		</glabella>
		<suture type=matrix rownames=FALSE colnames=FALSE nrow=449 ncol=2 as.numeric=TRUE >
			312	47
			313	47
			314	47
			315	47
			316	47
			317	47
			318	47
			319	47
			320	47
			321	47
			322	48
			323	48
			324	48
			325	48
			325	49
			326	49
			327	49
			328	50
			329	50
			330	51
			331	51
			332	52
			333	52
			334	53
			335	53
			336	54
			337	55
			338	56
			339	56
			340	57
			341	58
			342	59
			343	60
			344	60
			345	61
			345	62
			346	63
			347	64
			348	65
			349	66
			350	67
			351	68
			352	69
			353	70
			354	71
			355	71
			356	72
			357	73
			358	73
			359	74
			360	74
			361	75
			362	76
			363	76
			364	76
			365	77
			366	77
			367	78
			368	78
			369	79
			370	79
			371	80
			372	81
			373	81
			374	82
			375	83
			376	84
			377	85
			378	86
			378	87
			379	87
			379	88
			380	89
			381	90
			381	91
			382	92
			382	93
			383	93
			383	94
			384	95
			385	95
			386	96
			387	97
			388	98
			389	99
			390	100
			391	100
			392	101
			393	102
			394	103
			395	103
			396	104
			397	104
			398	105
			398	106
			399	106
			400	107
			401	107
			401	108
			402	109
			403	109
			403	110
			404	111
			404	112
			405	113
			405	114
			405	115
			406	115
			406	116
			406	117
			406	118
			406	119
			407	120
			407	121
			407	122
			407	123
			407	124
			407	125
			407	126
			407	127
			407	128
			407	129
			407	130
			407	131
			407	132
			407	133
			407	134
			407	135
			407	136
			406	137
			406	138
			406	139
			406	140
			406	141
			406	142
			406	143
			405	144
			405	145
			405	146
			405	147
			405	148
			405	149
			404	149
			404	150
			404	151
			404	152
			404	153
			403	154
			403	155
			403	156
			403	157
			402	158
			402	159
			402	160
			401	161
			401	162
			401	163
			401	164
			400	165
			400	166
			400	167
			399	168
			399	169
			399	170
			399	171
			398	172
			398	173
			398	174
			397	175
			397	176
			397	177
			396	178
			396	179
			396	180
			395	181
			395	182
			395	183
			395	184
			394	185
			394	186
			394	187
			394	188
			394	189
			394	190
			394	191
			394	192
			394	193
			394	194
			394	195
			394	196
			394	197
			394	198
			394	199
			395	200
			395	201
			395	202
			396	202
			396	203
			397	204
			398	205
			398	206
			399	206
			400	207
			400	208
			401	208
			402	209
			402	210
			403	210
			404	211
			405	212
			406	213
			407	213
			408	214
			409	214
			410	214
			411	214
			412	215
			413	215
			414	215
			415	215
			416	215
			417	216
			418	216
			419	216
			420	217
			421	217
			422	217
			423	218
			424	218
			425	218
			426	219
			427	219
			428	220
			429	220
			430	221
			431	222
			432	222
			433	223
			434	223
			435	224
			436	225
			437	226
			438	227
			439	228
			440	229
			441	230
			441	231
			442	232
			443	233
			443	234
			444	235
			444	236
			445	237
			445	238
			445	239
			446	239
			446	240
			446	241
			446	242
			447	242
			447	243
			447	244
			447	245
			447	246
			448	246
			448	247
			448	248
			448	249
			448	250
			448	251
			448	252
			448	253
			448	254
			448	255
			448	256
			447	257
			447	258
			447	259
			447	260
			447	261
			446	262
			446	263
			446	264
			446	265
			445	266
			445	267
			445	268
			444	269
			444	270
			443	271
			443	272
			442	273
			442	274
			441	275
			440	275
			440	276
			439	277
			438	277
			438	278
			437	279
			436	279
			435	280
			434	281
			433	281
			432	282
			431	282
			430	283
			429	283
			428	283
			427	284
			426	284
			425	284
			424	284
			424	285
			423	285
			423	286
			422	286
			422	287
			421	287
			421	288
			420	289
			420	290
			419	291
			419	292
			419	293
			419	294
			419	295
			419	296
			419	297
			420	298
			420	299
			420	300
			420	301
			420	302
			421	303
			421	304
			421	305
			422	306
			422	307
			422	308
			423	309
			423	310
			423	311
			424	312
			424	313
			424	314
			425	315
			425	316
			426	316
			426	317
			426	318
			427	319
			427	320
			428	320
			428	321
			428	322
			429	322
			429	323
			430	324
			431	324
			432	325
			433	326
			434	327
			435	327
			436	328
			437	328
			438	329
			439	329
			440	329
			441	329
			442	330
			443	330
			444	330
			445	330
			446	330
			447	330
			448	330
			449	330
			450	330
			451	330
			452	330
			453	331
			454	331
			455	331
			456	331
			457	331
			458	331
			459	331
			460	331
			461	331
			462	331
			463	332
			464	332
			465	332
			466	332
			467	332
			468	332
			469	332
			470	332
			471	333
			472	333
			473	333
			474	333
			475	333
			476	334
			477	334
			478	334
			479	335
			480	335
			481	335
			482	336
			483	336
			484	336
			485	337
			486	337
			487	338
			488	338
			489	338
			490	339
			491	339
			492	340
			493	341
			494	341
			495	342
			496	343
			497	343
			498	344
			499	345
			500	345
			501	345
			501	346
			502	346
			503	347
			504	348
			505	348
			506	349
			507	350
			508	351
			509	352
			510	353
			511	354
			512	355
			513	356
			514	357
			515	358
			516	358
			516	359
			517	360
			518	361
		</suture>
		<anterior type=matrix rownames=FALSE colnames=FALSE nrow=443 ncol=2 as.numeric=TRUE >
			312	47
			313	47
			314	47
			315	47
			316	47
			317	47
			318	47
			319	47
			320	47
			321	48
			322	48
			323	48
			324	48
			325	49
			326	49
			327	49
			328	50
			329	50
			330	50
			330	51
			331	51
			332	52
			333	52
			333	53
			334	53
			335	54
			336	54
			337	55
			338	56
			339	57
			340	57
			341	58
			342	59
			343	60
			344	61
			345	62
			346	63
			347	64
			348	65
			349	66
			350	67
			351	68
			352	69
			353	70
			354	70
			355	71
			356	72
			357	73
			358	73
			359	74
			360	74
			361	75
			362	75
			363	76
			364	76
			365	77
			366	77
			367	78
			368	78
			369	79
			370	79
			371	80
			372	80
			373	81
			374	81
			375	81
			376	82
			377	82
			378	83
			379	83
			380	84
			381	84
			382	84
			382	85
			383	85
			384	86
			385	86
			386	86
			387	87
			388	87
			389	88
			390	88
			391	89
			392	89
			393	90
			394	90
			395	91
			396	91
			397	91
			398	92
			399	92
			400	93
			401	93
			402	94
			403	94
			404	94
			404	95
			405	95
			406	95
			407	96
			408	96
			409	97
			410	97
			411	97
			412	98
			413	98
			414	99
			415	99
			416	99
			417	100
			418	100
			419	101
			420	101
			421	102
			422	102
			423	102
			424	103
			425	103
			426	104
			427	104
			428	104
			429	105
			430	105
			431	106
			432	106
			433	107
			434	107
			435	107
			436	108
			437	108
			438	109
			439	109
			440	110
			441	110
			442	111
			443	111
			444	112
			445	112
			446	113
			447	113
			448	114
			449	114
			450	115
			451	115
			452	116
			453	116
			453	117
			454	117
			455	118
			456	118
			457	119
			458	119
			459	120
			460	120
			461	121
			462	121
			463	122
			464	122
			465	123
			466	124
			467	125
			468	125
			469	126
			470	126
			471	127
			472	128
			473	128
			474	129
			475	129
			476	130
			477	131
			478	131
			479	132
			480	132
			481	133
			482	134
			483	134
			484	135
			485	136
			486	137
			487	138
			488	138
			489	138
			489	139
			490	139
			491	140
			492	141
			493	142
			494	142
			495	143
			496	143
			497	144
			498	145
			499	146
			500	146
			501	147
			502	148
			503	149
			504	149
			505	150
			506	151
			507	152
			508	153
			509	154
			510	154
			511	155
			511	156
			512	157
			513	157
			514	158
			515	159
			516	160
			517	161
			518	162
			519	163
			520	164
			521	165
			522	166
			523	167
			524	168
			525	169
			526	170
			527	171
			527	172
			528	173
			529	174
			530	175
			531	176
			532	177
			533	178
			534	179
			535	180
			535	181
			536	182
			537	183
			538	184
			539	185
			540	186
			540	187
			541	188
			542	189
			543	190
			543	191
			544	192
			545	193
			546	194
			546	195
			547	196
			548	197
			548	198
			549	198
			549	199
			550	200
			550	201
			551	202
			551	203
			552	203
			553	204
			553	205
			554	206
			554	207
			555	208
			556	209
			556	210
			557	211
			558	212
			558	213
			559	214
			559	215
			560	216
			560	217
			561	218
			561	219
			562	220
			562	221
			563	221
			563	222
			564	223
			564	224
			565	225
			565	226
			566	227
			566	228
			567	229
			567	230
			568	231
			568	232
			569	233
			569	234
			570	235
			570	236
			571	237
			571	238
			572	239
			572	240
			572	241
			573	242
			573	243
			574	244
			574	245
			575	246
			575	247
			576	248
			576	249
			576	250
			577	251
			577	252
			578	253
			578	254
			579	255
			579	256
			579	257
			580	258
			580	259
			581	260
			581	261
			581	262
			582	263
			582	264
			583	265
			583	266
			583	267
			584	268
			584	269
			584	270
			585	271
			585	272
			585	273
			586	274
			586	275
			586	276
			586	277
			587	277
			587	278
			587	279
			587	280
			588	281
			588	282
			589	283
			589	284
			589	285
			589	286
			590	287
			590	288
			590	289
			591	290
			591	291
			591	292
			591	293
			592	294
			592	295
			592	296
			592	297
			593	298
			593	299
			593	300
			593	301
			594	302
			594	303
			594	304
			594	305
			595	306
			595	307
			595	308
			595	309
			596	310
			596	311
			596	312
			596	313
			597	314
			597	315
			597	316
			597	317
			597	318
			598	319
			598	320
			598	321
			598	322
			599	323
			599	324
			599	325
			599	326
			599	327
			599	328
			600	329
			600	330
			600	331
			600	332
			600	333
			601	334
			601	335
			601	336
			601	337
			601	338
			601	339
			601	340
			602	341
			602	342
			602	343
			602	344
			602	345
			602	346
			603	347
			603	348
			603	349
			603	350
			603	351
			603	352
			603	353
			604	354
			604	355
			604	356
			604	357
			604	358
			604	359
			604	360
			605	361
			605	362
			605	363
			605	364
			605	365
			605	366
			605	367
			605	368
			605	369
			605	370
			606	371
			606	372
			606	373
			606	374
			606	375
			606	376
			606	377
			606	378
			606	379
			606	380
			607	381
			607	382
			607	383
			607	384
			607	385
			607	386
			607	387
		</anterior>
		<posterior type=matrix rownames=FALSE colnames=FALSE nrow=833 ncol=2 as.numeric=TRUE >
			312	387
			313	387
			314	387
			315	387
			316	387
			317	387
			318	387
			319	387
			320	388
			321	388
			322	388
			323	388
			324	388
			325	388
			326	388
			327	388
			328	388
			329	388
			330	388
			331	388
			332	388
			333	388
			334	388
			335	388
			336	388
			337	387
			338	387
			339	387
			340	387
			341	387
			342	387
			343	387
			344	387
			345	387
			346	387
			347	387
			348	386
			349	386
			350	386
			351	386
			352	386
			353	386
			354	386
			355	385
			356	385
			357	385
			358	385
			359	384
			360	384
			361	384
			362	384
			363	383
			364	383
			365	383
			366	383
			367	382
			368	382
			369	382
			370	381
			371	381
			372	381
			373	380
			374	380
			375	379
			376	379
			377	379
			378	378
			379	378
			380	377
			381	377
			382	376
			383	376
			384	376
			385	375
			386	375
			387	374
			388	373
			389	372
			390	372
			391	371
			392	371
			393	370
			394	370
			395	369
			396	368
			397	367
			398	367
			398	366
			399	366
			400	365
			401	365
			401	364
			402	364
			403	363
			403	362
			404	362
			405	361
			406	360
			407	359
			408	358
			409	357
			409	356
			410	356
			411	355
			412	354
			412	353
			413	352
			414	352
			415	351
			415	350
			416	349
			416	348
			417	348
			418	347
			419	347
			420	347
			421	348
			422	349
			423	350
			424	350
			425	350
			426	350
			427	351
			428	351
			429	351
			430	351
			431	351
			432	351
			433	351
			434	351
			435	351
			436	351
			437	351
			438	351
			439	351
			440	351
			441	351
			442	350
			443	350
			444	350
			445	350
			446	350
			447	350
			448	350
			449	350
			450	350
			451	350
			452	350
			453	350
			454	350
			455	350
			456	350
			457	350
			458	350
			459	350
			460	350
			461	350
			462	351
			463	351
			464	351
			465	351
			466	351
			467	351
			468	352
			469	352
			470	352
			471	352
			472	353
			473	353
			474	353
			475	354
			476	354
			477	355
			478	355
			479	356
			480	356
			481	356
			482	357
			483	357
			484	357
			485	357
			486	358
			487	358
			488	358
			489	358
			490	358
			491	359
			492	359
			493	359
			494	359
			495	359
			496	359
			497	360
			498	360
			499	360
			500	360
			501	360
			502	360
			502	361
			503	361
			504	361
			505	361
			506	361
			507	361
			508	362
			509	362
			510	362
			511	362
			512	362
			513	362
			514	362
			515	363
			516	363
			517	363
			518	363
			519	363
			520	363
			521	363
			522	364
			523	364
			524	364
			525	364
			526	364
			527	364
			528	364
			528	365
			529	365
			530	365
			531	365
			532	365
			533	365
			534	365
			535	366
			536	366
			537	366
			538	367
			539	367
			540	367
			541	368
			542	368
			543	369
			544	370
			545	370
			546	371
			547	372
			548	373
			549	374
			549	375
			550	376
			550	377
			551	378
			551	379
			551	380
			551	381
			552	382
			552	383
			552	384
			552	385
			552	386
			552	387
			552	388
			552	389
			552	390
			552	391
			552	392
			552	393
			552	394
			552	395
			553	396
			553	397
			553	398
			553	399
			553	400
			554	401
			554	402
			554	403
			554	404
			555	405
			555	406
			555	407
			555	408
			555	409
			556	410
			556	411
			556	412
			557	413
			557	414
			557	415
			557	416
			558	417
			558	418
			558	419
			558	420
			558	421
			559	422
			559	423
			559	424
			559	425
			560	426
			560	427
			560	428
			560	429
			560	430
			560	431
			560	432
			560	433
			560	434
			560	435
			560	436
			560	437
			560	438
			560	439
			560	440
			560	441
			560	442
			561	443
			561	444
			561	445
			561	446
			561	447
			561	448
			561	449
			561	450
			561	451
			561	452
			561	453
			561	454
			561	455
			561	456
			561	457
			561	458
			561	459
			561	460
			561	461
			561	462
			561	463
			561	464
			561	465
			561	466
			561	467
			561	468
			561	469
			561	470
			561	471
			561	472
			561	473
			561	474
			561	475
			561	476
			561	477
			561	478
			561	479
			561	480
			561	481
			561	482
			561	483
			561	484
			561	485
			561	486
			561	487
			560	488
			560	489
			560	490
			560	491
			560	492
			560	493
			560	494
			560	495
			560	496
			560	497
			560	498
			560	499
			560	500
			560	501
			560	502
			560	503
			560	504
			559	505
			559	506
			559	507
			559	508
			559	509
			559	510
			559	511
			559	512
			559	513
			559	514
			559	515
			559	516
			558	517
			558	518
			558	519
			558	520
			558	521
			558	522
			558	523
			558	524
			558	525
			557	526
			557	527
			557	528
			557	529
			557	530
			557	531
			557	532
			557	533
			557	534
			556	535
			556	536
			556	537
			556	538
			556	539
			556	540
			556	541
			556	542
			555	542
			555	543
			555	544
			555	545
			555	546
			555	547
			555	548
			555	549
			554	550
			554	551
			554	552
			554	553
			554	554
			554	555
			554	556
			553	556
			553	557
			553	558
			553	559
			553	560
			553	561
			553	562
			552	563
			552	564
			552	565
			552	566
			552	567
			551	568
			551	569
			551	570
			551	571
			551	572
			551	573
			550	574
			550	575
			550	576
			550	577
			550	578
			550	579
			549	580
			549	581
			549	582
			549	583
			549	584
			548	585
			548	586
			548	587
			548	588
			548	589
			547	589
			547	590
			547	591
			547	592
			547	593
			546	594
			546	595
			546	596
			546	597
			545	598
			545	599
			545	600
			545	601
			545	602
			544	603
			544	604
			544	605
			544	606
			543	607
			543	608
			543	609
			543	610
			543	611
			542	612
			542	613
			542	614
			542	615
			541	616
			541	617
			541	618
			541	619
			540	620
			540	621
			540	622
			540	623
			539	624
			539	625
			539	626
			539	627
			538	628
			538	629
			538	630
			538	631
			537	632
			537	633
			537	634
			537	635
			536	636
			536	637
			536	638
			536	639
			535	640
			535	641
			535	642
			535	643
			535	644
			535	645
			534	646
			534	647
			534	648
			534	649
			534	650
			534	651
			534	652
			534	653
			534	654
			534	655
			534	656
			534	657
			534	658
			534	659
			534	660
			534	661
			534	662
			534	663
			534	664
			534	665
			534	666
			535	666
			535	667
			536	667
			537	667
			538	667
			539	666
			540	665
			541	664
			541	663
			542	662
			542	661
			543	660
			543	659
			544	658
			544	657
			545	656
			545	655
			545	654
			546	654
			546	653
			546	652
			547	651
			547	650
			547	649
			547	648
			548	647
			548	646
			549	645
			549	644
			549	643
			550	642
			551	641
			551	640
			552	639
			553	638
			553	637
			554	636
			554	635
			555	635
			555	634
			556	633
			556	632
			557	631
			558	630
			558	629
			559	628
			559	627
			560	626
			560	625
			561	624
			561	623
			562	622
			562	621
			563	620
			563	619
			563	618
			564	618
			564	617
			564	616
			565	616
			565	615
			565	614
			566	613
			566	612
			566	611
			567	610
			567	609
			567	608
			568	607
			568	606
			568	605
			569	604
			569	603
			569	602
			570	601
			570	600
			570	599
			570	598
			571	597
			571	596
			571	595
			571	594
			571	593
			572	593
			572	592
			573	591
			573	590
			573	589
			574	588
			574	587
			575	586
			575	585
			576	584
			576	583
			577	582
			577	581
			577	580
			578	579
			578	578
			579	577
			579	576
			579	575
			580	574
			580	573
			580	572
			581	571
			581	570
			581	569
			582	568
			582	567
			582	566
			583	565
			583	564
			583	563
			584	562
			584	561
			584	560
			584	559
			585	558
			585	557
			585	556
			586	555
			586	554
			586	553
			586	552
			587	551
			587	550
			587	549
			588	548
			588	547
			588	546
			588	545
			589	544
			589	543
			589	542
			589	541
			590	540
			590	539
			590	538
			590	537
			591	536
			591	535
			592	534
			592	533
			592	532
			592	531
			593	531
			593	530
			594	529
			594	528
			595	527
			595	526
			596	525
			596	524
			597	523
			597	522
			597	521
			598	520
			598	519
			598	518
			599	517
			599	516
			599	515
			600	514
			600	513
			600	512
			601	511
			601	510
			601	509
			601	508
			602	507
			602	506
			602	505
			602	504
			603	503
			603	502
			603	501
			603	500
			603	499
			603	498
			604	497
			604	496
			604	495
			604	494
			604	493
			604	492
			605	491
			605	490
			605	489
			605	488
			605	487
			605	486
			605	485
			605	484
			606	483
			606	482
			606	481
			606	480
			606	479
			606	478
			606	477
			606	476
			606	475
			606	474
			607	473
			607	472
			607	471
			607	470
			607	469
			607	468
			607	467
			607	466
			607	465
			607	464
			607	463
			607	462
			607	461
			607	460
			607	459
			607	458
			608	457
			608	456
			608	455
			608	454
			608	453
			608	452
			608	451
			608	450
			608	449
			608	448
			608	447
			608	446
			608	445
			608	444
			608	443
			608	442
			608	441
			608	440
			608	439
			608	438
			608	437
			608	436
			608	435
			608	434
			608	433
			608	432
			608	431
			608	430
			608	429
			608	428
			608	427
			608	426
			608	425
			608	424
			608	423
			608	422
			608	421
			608	420
			608	419
			608	418
			608	417
			608	416
			608	415
			608	414
			608	413
			608	412
			608	411
			608	410
			608	409
			608	408
			608	407
			608	406
			608	405
			608	404
			608	403
			608	402
			608	401
			608	400
			607	399
			607	398
			607	397
			607	396
			607	395
			607	394
			607	393
			607	392
			607	391
			607	390
			607	389
			607	388
			607	387
		</posterior>
	</curves.pixel>
</shapes>

