<shapes type=list>
	<ruler.pixel type=vector names=FALSE length=1 as.numeric=TRUE >262</ruler.pixel>
	<ruler.interval type=vector names=FALSE length=1 as.numeric=TRUE >5</ruler.interval>
	<scaling.units type=vector names=FALSE length=1 as.numeric=FALSE >mm</scaling.units>
	<scaling type=vector names=FALSE length=1 as.numeric=TRUE >0.0190839694656489</scaling>
	<landmarks.pixel type=matrix rownames=TRUE colnames=FALSE nrow=16 ncol=2 as.numeric=TRUE >
		LM1	206	21
		LM2	206	65
		LM3	206	222
		LM4	206	265
		LM5	278	172
		LM6	271	224
		LM7	278	257
		LM8	271	124
		LM9	285	216
		LM10	206	21
		LM11	323	240
		LM12	359	265
		LM13	206	21
		LM14	331	166
		LM15	414	265
		LM16	414	403
	</landmarks.pixel>
	<landmarks.scaled type=matrix rownames=TRUE colnames=FALSE nrow=16 ncol=2 as.numeric=TRUE >
		LM1	3.93129770992366	-0.400763358778626
		LM2	3.93129770992366	-1.24045801526718
		LM3	3.93129770992366	-4.23664122137405
		LM4	3.93129770992366	-5.05725190839695
		LM5	5.30534351145038	-3.2824427480916
		LM6	5.17175572519084	-4.27480916030534
		LM7	5.30534351145038	-4.90458015267176
		LM8	5.17175572519084	-2.36641221374046
		LM9	5.43893129770992	-4.12213740458015
		LM10	3.93129770992366	-0.400763358778626
		LM11	6.16412213740458	-4.58015267175573
		LM12	6.85114503816794	-5.05725190839695
		LM13	3.93129770992366	-0.400763358778626
		LM14	6.31679389312977	-3.16793893129771
		LM15	7.90076335877863	-5.05725190839695
		LM16	7.90076335877863	-7.69083969465649
	</landmarks.scaled>
	<curves.control type=list>
		<glabella type=matrix rownames=FALSE colnames=FALSE nrow=13 ncol=2 as.numeric=TRUE >
			206	65
			229	66
			242	72
			254	82
			262	100
			268	114
			264	129
			266	140
			274	158
			282	172
			265	217
			285	234
			278	257
		</glabella>
		<suture type=matrix rownames=FALSE colnames=FALSE nrow=23 ncol=2 as.numeric=TRUE >
			206	21
			237	24
			264	32
			286	44
			292	54
			307	68
			290	91
			283	101
			272	112
			264	119
			271	123
			288	129
			298	135
			322	150
			317	183
			314	196
			302	207
			293	215
			277	220
			273	227
			288	234
			332	235
			359	265
		</suture>
		<anterior type=matrix rownames=FALSE colnames=FALSE nrow=5 ncol=2 as.numeric=TRUE >
			206	21
			237	23
			265	32
			388	88
			414	265
		</anterior>
		<posterior type=matrix rownames=FALSE colnames=FALSE nrow=13 ncol=2 as.numeric=TRUE >
			206	265
			220	269
			278	258
			324	257
			359	266
			378	272
			384	283
			392	307
			398	333
			405	362
			414	405
			427	346
			414	265
		</posterior>
	</curves.control>
	<curves.pixel type=list>
		<glabella type=matrix rownames=FALSE colnames=FALSE nrow=227 ncol=2 as.numeric=TRUE >
			206	65
			207	65
			208	65
			209	65
			210	65
			211	65
			212	65
			213	65
			214	66
			215	66
			216	66
			217	66
			218	66
			219	66
			220	66
			221	66
			222	66
			222	67
			223	67
			224	67
			225	67
			226	67
			227	67
			228	68
			229	68
			230	68
			231	68
			232	68
			233	69
			234	69
			235	69
			236	70
			237	70
			238	70
			239	71
			240	71
			241	71
			241	72
			242	72
			243	73
			244	74
			245	75
			246	76
			247	77
			248	77
			249	78
			249	79
			250	80
			251	81
			252	82
			252	83
			253	84
			254	85
			254	86
			255	87
			256	88
			257	89
			257	90
			258	91
			258	92
			259	93
			259	94
			259	95
			260	96
			260	97
			261	98
			262	99
			262	100
			263	101
			263	102
			263	103
			264	104
			264	105
			264	106
			264	107
			265	108
			265	109
			265	110
			265	111
			265	112
			265	113
			265	114
			266	115
			266	116
			266	117
			266	118
			266	119
			265	120
			265	121
			265	122
			265	123
			265	124
			265	125
			265	126
			264	127
			264	128
			264	129
			264	130
			264	131
			265	132
			265	133
			265	134
			265	135
			266	136
			266	137
			266	138
			267	139
			267	140
			267	141
			268	142
			268	143
			268	144
			268	145
			269	145
			269	146
			270	147
			270	148
			270	149
			271	150
			271	151
			271	152
			272	153
			272	154
			273	155
			273	156
			274	157
			274	158
			274	159
			275	160
			275	161
			276	162
			276	163
			276	164
			276	165
			276	166
			276	167
			276	168
			277	169
			277	170
			277	171
			277	172
			276	173
			276	174
			276	175
			276	176
			276	177
			276	178
			276	179
			276	180
			275	181
			275	182
			275	183
			275	184
			275	185
			275	186
			274	187
			274	188
			274	189
			274	190
			273	191
			273	192
			273	193
			273	194
			272	195
			272	196
			272	197
			272	198
			271	199
			271	200
			271	201
			270	202
			270	203
			270	204
			269	205
			269	206
			269	207
			268	208
			268	209
			268	210
			267	211
			267	212
			266	213
			266	214
			266	215
			265	216
			265	217
			266	218
			267	219
			268	220
			269	221
			270	222
			271	223
			272	224
			273	225
			274	226
			274	227
			275	228
			275	229
			276	230
			277	231
			277	232
			278	233
			278	234
			278	235
			278	236
			279	237
			279	238
			279	239
			279	240
			279	241
			280	241
			280	242
			280	243
			280	244
			280	245
			280	246
			280	247
			280	248
			280	249
			279	250
			279	251
			279	252
			279	253
			279	254
			279	255
			278	256
			278	257
		</glabella>
		<suture type=matrix rownames=FALSE colnames=FALSE nrow=394 ncol=2 as.numeric=TRUE >
			206	21
			207	21
			208	21
			209	21
			210	21
			211	22
			212	22
			213	22
			214	22
			215	22
			216	22
			217	22
			218	22
			219	22
			219	23
			220	23
			221	23
			222	23
			223	23
			224	23
			225	23
			226	24
			227	24
			228	24
			229	24
			230	24
			231	24
			232	24
			233	25
			234	25
			235	25
			236	25
			237	25
			237	26
			238	26
			239	26
			240	26
			241	26
			242	26
			243	27
			244	27
			245	27
			246	27
			247	28
			248	28
			249	28
			250	28
			251	28
			252	29
			253	29
			254	29
			255	30
			256	30
			257	30
			258	30
			259	31
			260	31
			261	31
			262	31
			262	32
			263	32
			264	32
			265	32
			265	33
			266	33
			267	34
			268	34
			269	35
			270	36
			271	36
			272	37
			273	37
			274	38
			275	39
			276	39
			277	40
			278	41
			279	41
			279	42
			280	42
			281	42
			281	43
			282	43
			282	44
			283	44
			283	45
			284	45
			285	46
			286	47
			287	48
			288	49
			289	50
			290	51
			291	52
			292	53
			292	54
			293	55
			294	56
			295	57
			295	58
			296	59
			297	60
			297	61
			298	62
			298	63
			298	64
			298	65
			299	66
			299	67
			299	68
			299	69
			299	70
			299	71
			299	72
			299	73
			298	74
			298	75
			298	76
			298	77
			297	78
			297	79
			297	80
			296	81
			295	82
			295	83
			294	84
			294	85
			293	86
			293	87
			292	88
			292	89
			291	90
			290	91
			290	92
			289	93
			288	93
			288	94
			287	95
			286	96
			286	97
			285	98
			284	99
			283	100
			282	101
			281	102
			280	103
			280	104
			279	104
			279	105
			278	106
			277	106
			277	107
			276	108
			275	109
			274	110
			273	111
			272	112
			271	113
			270	114
			269	115
			269	116
			268	117
			268	118
			268	119
			268	120
			269	121
			269	122
			270	122
			271	123
			272	124
			273	124
			274	124
			275	124
			276	125
			277	125
			278	126
			279	126
			280	126
			281	127
			282	127
			283	128
			284	128
			285	128
			285	129
			286	129
			287	129
			288	130
			289	130
			290	131
			291	131
			292	132
			293	132
			294	133
			295	133
			296	134
			297	134
			297	135
			298	135
			299	136
			300	136
			301	137
			302	138
			303	139
			304	140
			305	140
			306	141
			307	142
			308	143
			308	144
			309	145
			310	146
			311	147
			311	148
			312	149
			312	150
			313	151
			314	152
			314	153
			315	154
			315	155
			315	156
			316	157
			316	158
			316	159
			317	160
			317	161
			317	162
			317	163
			317	164
			317	165
			317	166
			318	166
			318	167
			318	168
			318	169
			318	170
			318	171
			318	172
			318	173
			318	174
			318	175
			318	176
			318	177
			318	178
			318	179
			317	180
			317	181
			317	182
			317	183
			317	184
			317	185
			316	186
			316	187
			315	188
			315	189
			315	190
			314	191
			314	192
			313	193
			313	194
			312	195
			312	196
			311	196
			311	197
			310	198
			309	199
			309	200
			308	200
			308	201
			307	202
			306	203
			305	204
			304	205
			303	206
			302	207
			301	208
			300	208
			300	209
			299	210
			298	210
			297	211
			296	212
			295	212
			294	213
			293	213
			292	214
			291	214
			290	215
			289	215
			288	216
			287	216
			286	217
			285	217
			284	217
			284	218
			283	218
			282	218
			281	219
			280	219
			279	219
			278	220
			277	220
			277	221
			276	222
			276	223
			276	224
			277	225
			277	226
			278	227
			279	228
			280	229
			281	230
			282	231
			283	232
			284	232
			285	233
			286	233
			287	234
			288	234
			289	234
			290	234
			291	234
			292	234
			293	234
			294	234
			295	234
			296	234
			297	235
			298	235
			299	235
			300	235
			301	235
			302	235
			303	235
			304	235
			305	236
			306	236
			307	236
			308	236
			309	236
			310	236
			310	237
			311	237
			312	237
			313	237
			314	238
			315	238
			316	238
			317	238
			318	239
			319	239
			320	239
			321	240
			322	240
			323	240
			323	241
			324	241
			325	241
			326	242
			327	242
			328	242
			329	243
			330	243
			331	244
			332	244
			333	245
			334	245
			335	246
			336	246
			337	247
			338	247
			339	248
			340	249
			341	249
			341	250
			342	250
			343	251
			344	252
			345	252
			346	253
			347	254
			348	254
			348	255
			349	256
			350	256
			351	257
			352	258
			353	259
			354	260
			355	261
			356	262
			357	263
			358	264
			359	265
		</suture>
		<anterior type=matrix rownames=FALSE colnames=FALSE nrow=326 ncol=2 as.numeric=TRUE >
			206	21
			207	21
			208	21
			209	21
			210	21
			211	21
			212	21
			213	22
			214	22
			215	22
			216	22
			217	22
			218	22
			219	22
			220	22
			221	22
			222	23
			223	23
			224	23
			225	23
			226	23
			227	23
			228	23
			229	24
			230	24
			231	24
			232	24
			233	24
			234	24
			235	25
			236	25
			237	25
			238	25
			239	25
			240	25
			241	26
			242	26
			243	26
			244	26
			245	26
			246	27
			247	27
			248	27
			249	27
			249	28
			250	28
			251	28
			252	28
			253	29
			254	29
			255	29
			256	29
			257	30
			258	30
			259	30
			260	30
			261	31
			262	31
			263	31
			264	32
			265	32
			266	33
			267	33
			268	34
			269	34
			270	34
			270	35
			271	35
			272	35
			273	36
			274	36
			275	37
			276	38
			277	38
			278	38
			279	39
			280	40
			281	40
			282	40
			283	41
			284	41
			284	42
			285	42
			286	43
			287	43
			288	44
			289	44
			289	45
			290	45
			291	46
			292	46
			293	47
			294	47
			294	48
			295	49
			296	49
			297	50
			298	50
			298	51
			299	51
			300	52
			301	52
			302	53
			303	54
			304	55
			305	55
			306	56
			307	57
			308	57
			309	58
			310	59
			311	60
			312	60
			313	61
			313	62
			314	62
			315	63
			316	64
			317	65
			318	65
			319	66
			320	67
			321	68
			322	69
			323	70
			324	71
			325	72
			326	73
			327	74
			328	75
			329	76
			330	77
			331	78
			332	79
			333	80
			334	81
			335	82
			336	83
			337	84
			338	85
			339	86
			340	87
			341	88
			342	89
			343	90
			344	91
			345	92
			346	93
			346	94
			347	95
			348	96
			349	97
			350	98
			350	99
			351	100
			351	101
			352	102
			353	102
			353	103
			354	104
			355	105
			355	106
			356	107
			357	108
			358	109
			358	110
			359	111
			360	112
			361	113
			361	114
			362	115
			362	116
			363	117
			364	118
			364	119
			365	120
			365	121
			366	122
			367	123
			367	124
			368	125
			369	126
			369	127
			370	128
			370	129
			371	130
			371	131
			372	132
			372	133
			373	134
			374	135
			374	136
			375	137
			375	138
			376	139
			376	140
			377	141
			377	142
			378	143
			378	144
			379	145
			379	146
			380	147
			380	148
			381	149
			381	150
			382	151
			382	152
			383	153
			383	154
			384	155
			384	156
			384	157
			385	158
			385	159
			386	160
			386	161
			387	162
			387	163
			387	164
			388	164
			388	165
			388	166
			388	167
			389	167
			389	168
			389	169
			390	170
			390	171
			390	172
			391	172
			391	173
			391	174
			392	175
			392	176
			393	177
			393	178
			393	179
			394	180
			394	181
			394	182
			395	183
			395	184
			395	185
			396	186
			396	187
			396	188
			397	189
			397	190
			397	191
			398	192
			398	193
			398	194
			399	195
			399	196
			399	197
			399	198
			400	198
			400	199
			400	200
			400	201
			401	202
			401	203
			401	204
			401	205
			402	206
			402	207
			402	208
			403	209
			403	210
			403	211
			403	212
			404	213
			404	214
			404	215
			404	216
			405	217
			405	218
			405	219
			405	220
			406	221
			406	222
			406	223
			406	224
			406	225
			407	226
			407	227
			407	228
			407	229
			408	230
			408	231
			408	232
			408	233
			409	234
			409	235
			409	236
			409	237
			409	238
			410	239
			410	240
			410	241
			410	242
			410	243
			410	244
			411	245
			411	246
			411	247
			411	248
			411	249
			411	250
			412	250
			412	251
			412	252
			412	253
			412	254
			412	255
			413	256
			413	257
			413	258
			413	259
			413	260
			413	261
			414	262
			414	263
			414	264
			414	265
		</anterior>
		<posterior type=matrix rownames=FALSE colnames=FALSE nrow=450 ncol=2 as.numeric=TRUE >
			206	265
			207	265
			208	265
			209	266
			210	266
			211	266
			212	266
			213	266
			214	266
			215	266
			216	266
			217	266
			218	266
			219	266
			220	266
			221	266
			222	266
			223	266
			224	266
			225	266
			226	266
			227	266
			228	266
			229	265
			230	265
			231	265
			232	265
			233	265
			234	265
			235	265
			236	265
			237	265
			238	264
			239	264
			240	264
			241	264
			242	264
			243	264
			244	264
			245	264
			246	263
			247	263
			248	263
			249	263
			250	263
			251	263
			252	263
			252	262
			253	262
			254	262
			255	262
			256	262
			257	262
			258	262
			259	261
			260	261
			261	261
			262	261
			263	261
			264	261
			265	260
			266	260
			267	260
			268	260
			269	260
			270	260
			271	259
			272	259
			273	259
			274	259
			275	259
			276	258
			277	258
			278	258
			279	258
			280	258
			281	258
			282	258
			283	258
			284	258
			285	258
			286	258
			287	258
			288	258
			289	258
			290	258
			291	258
			292	258
			293	258
			294	258
			295	258
			296	258
			297	258
			298	258
			299	258
			300	258
			301	258
			302	258
			303	258
			304	258
			305	258
			306	258
			307	258
			308	258
			309	259
			310	259
			311	259
			312	259
			313	259
			314	259
			315	259
			316	259
			317	259
			318	259
			319	259
			320	259
			321	260
			322	260
			323	260
			324	260
			325	260
			326	260
			327	260
			328	260
			329	260
			330	260
			331	261
			332	261
			333	261
			334	261
			335	261
			336	261
			337	262
			338	262
			339	262
			340	262
			341	262
			342	262
			343	262
			344	263
			345	263
			346	263
			347	263
			348	264
			349	264
			350	264
			351	264
			352	264
			353	265
			354	265
			355	265
			356	265
			357	265
			357	266
			358	266
			359	266
			360	266
			361	267
			362	267
			363	267
			364	268
			365	268
			366	269
			367	269
			368	270
			369	270
			370	270
			371	271
			372	271
			372	272
			373	272
			374	273
			375	273
			376	274
			377	275
			378	276
			379	277
			380	278
			381	278
			381	279
			382	280
			382	281
			383	281
			383	282
			384	283
			384	284
			385	285
			385	286
			385	287
			386	288
			386	289
			386	290
			387	291
			387	292
			387	293
			388	294
			388	295
			388	296
			388	297
			389	297
			389	298
			389	299
			389	300
			390	301
			390	302
			390	303
			391	304
			391	305
			391	306
			391	307
			392	308
			392	309
			392	310
			392	311
			393	312
			393	313
			393	314
			394	315
			394	316
			394	317
			394	318
			395	319
			395	320
			395	321
			395	322
			396	323
			396	324
			396	325
			396	326
			397	327
			397	328
			397	329
			397	330
			398	331
			398	332
			398	333
			398	334
			399	335
			399	336
			399	337
			399	338
			399	339
			400	340
			400	341
			400	342
			400	343
			401	344
			401	345
			401	346
			401	347
			401	348
			402	349
			402	350
			402	351
			403	352
			403	353
			403	354
			403	355
			403	356
			404	357
			404	358
			404	359
			404	360
			404	361
			405	361
			405	362
			405	363
			405	364
			405	365
			406	366
			406	367
			406	368
			406	369
			407	370
			407	371
			407	372
			407	373
			407	374
			408	375
			408	376
			408	377
			408	378
			408	379
			409	379
			409	380
			409	381
			409	382
			409	383
			410	384
			410	385
			410	386
			410	387
			410	388
			411	389
			411	390
			411	391
			411	392
			412	393
			412	394
			412	395
			412	396
			412	397
			413	398
			413	399
			413	400
			413	401
			413	402
			414	403
			414	404
			414	405
			414	404
			415	403
			415	402
			415	401
			415	400
			415	399
			415	398
			416	397
			416	396
			416	395
			416	394
			416	393
			417	392
			417	391
			417	390
			417	389
			417	388
			417	387
			417	386
			418	385
			418	384
			418	383
			418	382
			418	381
			418	380
			418	379
			418	378
			419	377
			419	376
			419	375
			419	374
			419	373
			419	372
			419	371
			419	370
			419	369
			419	368
			420	367
			420	366
			420	365
			420	364
			420	363
			420	362
			420	361
			420	360
			420	359
			420	358
			420	357
			420	356
			420	355
			420	354
			420	353
			420	352
			420	351
			420	350
			420	349
			420	348
			420	347
			420	346
			420	345
			420	344
			420	343
			420	342
			420	341
			420	340
			420	339
			420	338
			420	337
			420	336
			420	335
			420	334
			420	333
			420	332
			420	331
			420	330
			420	329
			420	328
			420	327
			420	326
			420	325
			420	324
			420	323
			420	322
			420	321
			420	320
			420	319
			420	318
			420	317
			420	316
			420	315
			420	314
			420	313
			419	312
			419	311
			419	310
			419	309
			419	308
			419	307
			419	306
			419	305
			419	304
			419	303
			419	302
			419	301
			418	300
			418	299
			418	298
			418	297
			418	296
			418	295
			418	294
			418	293
			418	292
			418	291
			417	290
			417	289
			417	288
			417	287
			417	286
			417	285
			417	284
			417	283
			416	282
			416	281
			416	280
			416	279
			416	278
			416	277
			416	276
			416	275
			415	274
			415	273
			415	272
			415	271
			415	270
			415	269
			414	268
			414	267
			414	266
			414	265
		</posterior>
	</curves.pixel>
	<curves.scaled type=list>
		<glabella type=matrix rownames=FALSE colnames=FALSE nrow=227 ncol=2 as.numeric=TRUE >
			3.93129770992366	-1.24045801526718
			3.95038167938931	-1.24045801526718
			3.96946564885496	-1.24045801526718
			3.98854961832061	-1.24045801526718
			4.00763358778626	-1.24045801526718
			4.02671755725191	-1.24045801526718
			4.04580152671756	-1.24045801526718
			4.06488549618321	-1.24045801526718
			4.08396946564886	-1.25954198473282
			4.1030534351145	-1.25954198473282
			4.12213740458015	-1.25954198473282
			4.1412213740458	-1.25954198473282
			4.16030534351145	-1.25954198473282
			4.1793893129771	-1.25954198473282
			4.19847328244275	-1.25954198473282
			4.2175572519084	-1.25954198473282
			4.23664122137405	-1.25954198473282
			4.23664122137405	-1.27862595419847
			4.2557251908397	-1.27862595419847
			4.27480916030534	-1.27862595419847
			4.29389312977099	-1.27862595419847
			4.31297709923664	-1.27862595419847
			4.33206106870229	-1.27862595419847
			4.35114503816794	-1.29770992366412
			4.37022900763359	-1.29770992366412
			4.38931297709924	-1.29770992366412
			4.40839694656489	-1.29770992366412
			4.42748091603053	-1.29770992366412
			4.44656488549618	-1.31679389312977
			4.46564885496183	-1.31679389312977
			4.48473282442748	-1.31679389312977
			4.50381679389313	-1.33587786259542
			4.52290076335878	-1.33587786259542
			4.54198473282443	-1.33587786259542
			4.56106870229008	-1.35496183206107
			4.58015267175573	-1.35496183206107
			4.59923664122137	-1.35496183206107
			4.59923664122137	-1.37404580152672
			4.61832061068702	-1.37404580152672
			4.63740458015267	-1.39312977099237
			4.65648854961832	-1.41221374045802
			4.67557251908397	-1.43129770992366
			4.69465648854962	-1.45038167938931
			4.71374045801527	-1.46946564885496
			4.73282442748092	-1.46946564885496
			4.75190839694656	-1.48854961832061
			4.75190839694656	-1.50763358778626
			4.77099236641221	-1.52671755725191
			4.79007633587786	-1.54580152671756
			4.80916030534351	-1.56488549618321
			4.80916030534351	-1.58396946564885
			4.82824427480916	-1.6030534351145
			4.84732824427481	-1.62213740458015
			4.84732824427481	-1.6412213740458
			4.86641221374046	-1.66030534351145
			4.88549618320611	-1.6793893129771
			4.90458015267176	-1.69847328244275
			4.90458015267176	-1.7175572519084
			4.9236641221374	-1.73664122137405
			4.9236641221374	-1.75572519083969
			4.94274809160305	-1.77480916030534
			4.94274809160305	-1.79389312977099
			4.94274809160305	-1.81297709923664
			4.9618320610687	-1.83206106870229
			4.9618320610687	-1.85114503816794
			4.98091603053435	-1.87022900763359
			5	-1.88931297709924
			5	-1.90839694656489
			5.01908396946565	-1.92748091603053
			5.01908396946565	-1.94656488549618
			5.01908396946565	-1.96564885496183
			5.0381679389313	-1.98473282442748
			5.0381679389313	-2.00381679389313
			5.0381679389313	-2.02290076335878
			5.0381679389313	-2.04198473282443
			5.05725190839695	-2.06106870229008
			5.05725190839695	-2.08015267175573
			5.05725190839695	-2.09923664122137
			5.05725190839695	-2.11832061068702
			5.05725190839695	-2.13740458015267
			5.05725190839695	-2.15648854961832
			5.05725190839695	-2.17557251908397
			5.0763358778626	-2.19465648854962
			5.0763358778626	-2.21374045801527
			5.0763358778626	-2.23282442748092
			5.0763358778626	-2.25190839694656
			5.0763358778626	-2.27099236641221
			5.05725190839695	-2.29007633587786
			5.05725190839695	-2.30916030534351
			5.05725190839695	-2.32824427480916
			5.05725190839695	-2.34732824427481
			5.05725190839695	-2.36641221374046
			5.05725190839695	-2.38549618320611
			5.05725190839695	-2.40458015267176
			5.0381679389313	-2.4236641221374
			5.0381679389313	-2.44274809160305
			5.0381679389313	-2.4618320610687
			5.0381679389313	-2.48091603053435
			5.0381679389313	-2.5
			5.05725190839695	-2.51908396946565
			5.05725190839695	-2.5381679389313
			5.05725190839695	-2.55725190839695
			5.05725190839695	-2.5763358778626
			5.0763358778626	-2.59541984732824
			5.0763358778626	-2.61450381679389
			5.0763358778626	-2.63358778625954
			5.09541984732824	-2.65267175572519
			5.09541984732824	-2.67175572519084
			5.09541984732824	-2.69083969465649
			5.11450381679389	-2.70992366412214
			5.11450381679389	-2.72900763358779
			5.11450381679389	-2.74809160305344
			5.11450381679389	-2.76717557251908
			5.13358778625954	-2.76717557251908
			5.13358778625954	-2.78625954198473
			5.15267175572519	-2.80534351145038
			5.15267175572519	-2.82442748091603
			5.15267175572519	-2.84351145038168
			5.17175572519084	-2.86259541984733
			5.17175572519084	-2.88167938931298
			5.17175572519084	-2.90076335877863
			5.19083969465649	-2.91984732824427
			5.19083969465649	-2.93893129770992
			5.20992366412214	-2.95801526717557
			5.20992366412214	-2.97709923664122
			5.22900763358779	-2.99618320610687
			5.22900763358779	-3.01526717557252
			5.22900763358779	-3.03435114503817
			5.24809160305344	-3.05343511450382
			5.24809160305344	-3.07251908396947
			5.26717557251908	-3.09160305343511
			5.26717557251908	-3.11068702290076
			5.26717557251908	-3.12977099236641
			5.26717557251908	-3.14885496183206
			5.26717557251908	-3.16793893129771
			5.26717557251908	-3.18702290076336
			5.26717557251908	-3.20610687022901
			5.28625954198473	-3.22519083969466
			5.28625954198473	-3.24427480916031
			5.28625954198473	-3.26335877862595
			5.28625954198473	-3.2824427480916
			5.26717557251908	-3.30152671755725
			5.26717557251908	-3.3206106870229
			5.26717557251908	-3.33969465648855
			5.26717557251908	-3.3587786259542
			5.26717557251908	-3.37786259541985
			5.26717557251908	-3.3969465648855
			5.26717557251908	-3.41603053435115
			5.26717557251908	-3.43511450381679
			5.24809160305344	-3.45419847328244
			5.24809160305344	-3.47328244274809
			5.24809160305344	-3.49236641221374
			5.24809160305344	-3.51145038167939
			5.24809160305344	-3.53053435114504
			5.24809160305344	-3.54961832061069
			5.22900763358779	-3.56870229007634
			5.22900763358779	-3.58778625954198
			5.22900763358779	-3.60687022900763
			5.22900763358779	-3.62595419847328
			5.20992366412214	-3.64503816793893
			5.20992366412214	-3.66412213740458
			5.20992366412214	-3.68320610687023
			5.20992366412214	-3.70229007633588
			5.19083969465649	-3.72137404580153
			5.19083969465649	-3.74045801526718
			5.19083969465649	-3.75954198473282
			5.19083969465649	-3.77862595419847
			5.17175572519084	-3.79770992366412
			5.17175572519084	-3.81679389312977
			5.17175572519084	-3.83587786259542
			5.15267175572519	-3.85496183206107
			5.15267175572519	-3.87404580152672
			5.15267175572519	-3.89312977099237
			5.13358778625954	-3.91221374045802
			5.13358778625954	-3.93129770992366
			5.13358778625954	-3.95038167938931
			5.11450381679389	-3.96946564885496
			5.11450381679389	-3.98854961832061
			5.11450381679389	-4.00763358778626
			5.09541984732824	-4.02671755725191
			5.09541984732824	-4.04580152671756
			5.0763358778626	-4.06488549618321
			5.0763358778626	-4.08396946564886
			5.0763358778626	-4.1030534351145
			5.05725190839695	-4.12213740458015
			5.05725190839695	-4.1412213740458
			5.0763358778626	-4.16030534351145
			5.09541984732824	-4.1793893129771
			5.11450381679389	-4.19847328244275
			5.13358778625954	-4.2175572519084
			5.15267175572519	-4.23664122137405
			5.17175572519084	-4.2557251908397
			5.19083969465649	-4.27480916030534
			5.20992366412214	-4.29389312977099
			5.22900763358779	-4.31297709923664
			5.22900763358779	-4.33206106870229
			5.24809160305344	-4.35114503816794
			5.24809160305344	-4.37022900763359
			5.26717557251908	-4.38931297709924
			5.28625954198473	-4.40839694656489
			5.28625954198473	-4.42748091603053
			5.30534351145038	-4.44656488549618
			5.30534351145038	-4.46564885496183
			5.30534351145038	-4.48473282442748
			5.30534351145038	-4.50381679389313
			5.32442748091603	-4.52290076335878
			5.32442748091603	-4.54198473282443
			5.32442748091603	-4.56106870229008
			5.32442748091603	-4.58015267175573
			5.32442748091603	-4.59923664122137
			5.34351145038168	-4.59923664122137
			5.34351145038168	-4.61832061068702
			5.34351145038168	-4.63740458015267
			5.34351145038168	-4.65648854961832
			5.34351145038168	-4.67557251908397
			5.34351145038168	-4.69465648854962
			5.34351145038168	-4.71374045801527
			5.34351145038168	-4.73282442748092
			5.34351145038168	-4.75190839694656
			5.32442748091603	-4.77099236641221
			5.32442748091603	-4.79007633587786
			5.32442748091603	-4.80916030534351
			5.32442748091603	-4.82824427480916
			5.32442748091603	-4.84732824427481
			5.32442748091603	-4.86641221374046
			5.30534351145038	-4.88549618320611
			5.30534351145038	-4.90458015267176
		</glabella>
		<suture type=matrix rownames=FALSE colnames=FALSE nrow=394 ncol=2 as.numeric=TRUE >
			3.93129770992366	-0.400763358778626
			3.95038167938931	-0.400763358778626
			3.96946564885496	-0.400763358778626
			3.98854961832061	-0.400763358778626
			4.00763358778626	-0.400763358778626
			4.02671755725191	-0.419847328244275
			4.04580152671756	-0.419847328244275
			4.06488549618321	-0.419847328244275
			4.08396946564886	-0.419847328244275
			4.1030534351145	-0.419847328244275
			4.12213740458015	-0.419847328244275
			4.1412213740458	-0.419847328244275
			4.16030534351145	-0.419847328244275
			4.1793893129771	-0.419847328244275
			4.1793893129771	-0.438931297709924
			4.19847328244275	-0.438931297709924
			4.2175572519084	-0.438931297709924
			4.23664122137405	-0.438931297709924
			4.2557251908397	-0.438931297709924
			4.27480916030534	-0.438931297709924
			4.29389312977099	-0.438931297709924
			4.31297709923664	-0.458015267175573
			4.33206106870229	-0.458015267175573
			4.35114503816794	-0.458015267175573
			4.37022900763359	-0.458015267175573
			4.38931297709924	-0.458015267175573
			4.40839694656489	-0.458015267175573
			4.42748091603053	-0.458015267175573
			4.44656488549618	-0.477099236641221
			4.46564885496183	-0.477099236641221
			4.48473282442748	-0.477099236641221
			4.50381679389313	-0.477099236641221
			4.52290076335878	-0.477099236641221
			4.52290076335878	-0.49618320610687
			4.54198473282443	-0.49618320610687
			4.56106870229008	-0.49618320610687
			4.58015267175573	-0.49618320610687
			4.59923664122137	-0.49618320610687
			4.61832061068702	-0.49618320610687
			4.63740458015267	-0.515267175572519
			4.65648854961832	-0.515267175572519
			4.67557251908397	-0.515267175572519
			4.69465648854962	-0.515267175572519
			4.71374045801527	-0.534351145038168
			4.73282442748092	-0.534351145038168
			4.75190839694656	-0.534351145038168
			4.77099236641221	-0.534351145038168
			4.79007633587786	-0.534351145038168
			4.80916030534351	-0.553435114503817
			4.82824427480916	-0.553435114503817
			4.84732824427481	-0.553435114503817
			4.86641221374046	-0.572519083969466
			4.88549618320611	-0.572519083969466
			4.90458015267176	-0.572519083969466
			4.9236641221374	-0.572519083969466
			4.94274809160305	-0.591603053435115
			4.9618320610687	-0.591603053435115
			4.98091603053435	-0.591603053435115
			5	-0.591603053435115
			5	-0.610687022900763
			5.01908396946565	-0.610687022900763
			5.0381679389313	-0.610687022900763
			5.05725190839695	-0.610687022900763
			5.05725190839695	-0.629770992366412
			5.0763358778626	-0.629770992366412
			5.09541984732824	-0.648854961832061
			5.11450381679389	-0.648854961832061
			5.13358778625954	-0.66793893129771
			5.15267175572519	-0.687022900763359
			5.17175572519084	-0.687022900763359
			5.19083969465649	-0.706106870229008
			5.20992366412214	-0.706106870229008
			5.22900763358779	-0.725190839694656
			5.24809160305344	-0.744274809160305
			5.26717557251908	-0.744274809160305
			5.28625954198473	-0.763358778625954
			5.30534351145038	-0.782442748091603
			5.32442748091603	-0.782442748091603
			5.32442748091603	-0.801526717557252
			5.34351145038168	-0.801526717557252
			5.36259541984733	-0.801526717557252
			5.36259541984733	-0.820610687022901
			5.38167938931298	-0.820610687022901
			5.38167938931298	-0.83969465648855
			5.40076335877863	-0.83969465648855
			5.40076335877863	-0.858778625954199
			5.41984732824428	-0.858778625954199
			5.43893129770992	-0.877862595419847
			5.45801526717557	-0.896946564885496
			5.47709923664122	-0.916030534351145
			5.49618320610687	-0.935114503816794
			5.51526717557252	-0.954198473282443
			5.53435114503817	-0.973282442748092
			5.55343511450382	-0.99236641221374
			5.57251908396947	-1.01145038167939
			5.57251908396947	-1.03053435114504
			5.59160305343512	-1.04961832061069
			5.61068702290076	-1.06870229007634
			5.62977099236641	-1.08778625954198
			5.62977099236641	-1.10687022900763
			5.64885496183206	-1.12595419847328
			5.66793893129771	-1.14503816793893
			5.66793893129771	-1.16412213740458
			5.68702290076336	-1.18320610687023
			5.68702290076336	-1.20229007633588
			5.68702290076336	-1.22137404580153
			5.68702290076336	-1.24045801526718
			5.70610687022901	-1.25954198473282
			5.70610687022901	-1.27862595419847
			5.70610687022901	-1.29770992366412
			5.70610687022901	-1.31679389312977
			5.70610687022901	-1.33587786259542
			5.70610687022901	-1.35496183206107
			5.70610687022901	-1.37404580152672
			5.70610687022901	-1.39312977099237
			5.68702290076336	-1.41221374045802
			5.68702290076336	-1.43129770992366
			5.68702290076336	-1.45038167938931
			5.68702290076336	-1.46946564885496
			5.66793893129771	-1.48854961832061
			5.66793893129771	-1.50763358778626
			5.66793893129771	-1.52671755725191
			5.64885496183206	-1.54580152671756
			5.62977099236641	-1.56488549618321
			5.62977099236641	-1.58396946564885
			5.61068702290076	-1.6030534351145
			5.61068702290076	-1.62213740458015
			5.59160305343512	-1.6412213740458
			5.59160305343512	-1.66030534351145
			5.57251908396947	-1.6793893129771
			5.57251908396947	-1.69847328244275
			5.55343511450382	-1.7175572519084
			5.53435114503817	-1.73664122137405
			5.53435114503817	-1.75572519083969
			5.51526717557252	-1.77480916030534
			5.49618320610687	-1.77480916030534
			5.49618320610687	-1.79389312977099
			5.47709923664122	-1.81297709923664
			5.45801526717557	-1.83206106870229
			5.45801526717557	-1.85114503816794
			5.43893129770992	-1.87022900763359
			5.41984732824428	-1.88931297709924
			5.40076335877863	-1.90839694656489
			5.38167938931298	-1.92748091603053
			5.36259541984733	-1.94656488549618
			5.34351145038168	-1.96564885496183
			5.34351145038168	-1.98473282442748
			5.32442748091603	-1.98473282442748
			5.32442748091603	-2.00381679389313
			5.30534351145038	-2.02290076335878
			5.28625954198473	-2.02290076335878
			5.28625954198473	-2.04198473282443
			5.26717557251908	-2.06106870229008
			5.24809160305344	-2.08015267175573
			5.22900763358779	-2.09923664122137
			5.20992366412214	-2.11832061068702
			5.19083969465649	-2.13740458015267
			5.17175572519084	-2.15648854961832
			5.15267175572519	-2.17557251908397
			5.13358778625954	-2.19465648854962
			5.13358778625954	-2.21374045801527
			5.11450381679389	-2.23282442748092
			5.11450381679389	-2.25190839694656
			5.11450381679389	-2.27099236641221
			5.11450381679389	-2.29007633587786
			5.13358778625954	-2.30916030534351
			5.13358778625954	-2.32824427480916
			5.15267175572519	-2.32824427480916
			5.17175572519084	-2.34732824427481
			5.19083969465649	-2.36641221374046
			5.20992366412214	-2.36641221374046
			5.22900763358779	-2.36641221374046
			5.24809160305344	-2.36641221374046
			5.26717557251908	-2.38549618320611
			5.28625954198473	-2.38549618320611
			5.30534351145038	-2.40458015267176
			5.32442748091603	-2.40458015267176
			5.34351145038168	-2.40458015267176
			5.36259541984733	-2.4236641221374
			5.38167938931298	-2.4236641221374
			5.40076335877863	-2.44274809160305
			5.41984732824428	-2.44274809160305
			5.43893129770992	-2.44274809160305
			5.43893129770992	-2.4618320610687
			5.45801526717557	-2.4618320610687
			5.47709923664122	-2.4618320610687
			5.49618320610687	-2.48091603053435
			5.51526717557252	-2.48091603053435
			5.53435114503817	-2.5
			5.55343511450382	-2.5
			5.57251908396947	-2.51908396946565
			5.59160305343512	-2.51908396946565
			5.61068702290076	-2.5381679389313
			5.62977099236641	-2.5381679389313
			5.64885496183206	-2.55725190839695
			5.66793893129771	-2.55725190839695
			5.66793893129771	-2.5763358778626
			5.68702290076336	-2.5763358778626
			5.70610687022901	-2.59541984732824
			5.72519083969466	-2.59541984732824
			5.74427480916031	-2.61450381679389
			5.76335877862595	-2.63358778625954
			5.7824427480916	-2.65267175572519
			5.80152671755725	-2.67175572519084
			5.8206106870229	-2.67175572519084
			5.83969465648855	-2.69083969465649
			5.8587786259542	-2.70992366412214
			5.87786259541985	-2.72900763358779
			5.87786259541985	-2.74809160305344
			5.8969465648855	-2.76717557251908
			5.91603053435114	-2.78625954198473
			5.93511450381679	-2.80534351145038
			5.93511450381679	-2.82442748091603
			5.95419847328244	-2.84351145038168
			5.95419847328244	-2.86259541984733
			5.97328244274809	-2.88167938931298
			5.99236641221374	-2.90076335877863
			5.99236641221374	-2.91984732824427
			6.01145038167939	-2.93893129770992
			6.01145038167939	-2.95801526717557
			6.01145038167939	-2.97709923664122
			6.03053435114504	-2.99618320610687
			6.03053435114504	-3.01526717557252
			6.03053435114504	-3.03435114503817
			6.04961832061069	-3.05343511450382
			6.04961832061069	-3.07251908396947
			6.04961832061069	-3.09160305343511
			6.04961832061069	-3.11068702290076
			6.04961832061069	-3.12977099236641
			6.04961832061069	-3.14885496183206
			6.04961832061069	-3.16793893129771
			6.06870229007634	-3.16793893129771
			6.06870229007634	-3.18702290076336
			6.06870229007634	-3.20610687022901
			6.06870229007634	-3.22519083969466
			6.06870229007634	-3.24427480916031
			6.06870229007634	-3.26335877862595
			6.06870229007634	-3.2824427480916
			6.06870229007634	-3.30152671755725
			6.06870229007634	-3.3206106870229
			6.06870229007634	-3.33969465648855
			6.06870229007634	-3.3587786259542
			6.06870229007634	-3.37786259541985
			6.06870229007634	-3.3969465648855
			6.06870229007634	-3.41603053435115
			6.04961832061069	-3.43511450381679
			6.04961832061069	-3.45419847328244
			6.04961832061069	-3.47328244274809
			6.04961832061069	-3.49236641221374
			6.04961832061069	-3.51145038167939
			6.04961832061069	-3.53053435114504
			6.03053435114504	-3.54961832061069
			6.03053435114504	-3.56870229007634
			6.01145038167939	-3.58778625954198
			6.01145038167939	-3.60687022900763
			6.01145038167939	-3.62595419847328
			5.99236641221374	-3.64503816793893
			5.99236641221374	-3.66412213740458
			5.97328244274809	-3.68320610687023
			5.97328244274809	-3.70229007633588
			5.95419847328244	-3.72137404580153
			5.95419847328244	-3.74045801526718
			5.93511450381679	-3.74045801526718
			5.93511450381679	-3.75954198473282
			5.91603053435114	-3.77862595419847
			5.8969465648855	-3.79770992366412
			5.8969465648855	-3.81679389312977
			5.87786259541985	-3.81679389312977
			5.87786259541985	-3.83587786259542
			5.8587786259542	-3.85496183206107
			5.83969465648855	-3.87404580152672
			5.8206106870229	-3.89312977099237
			5.80152671755725	-3.91221374045802
			5.7824427480916	-3.93129770992366
			5.76335877862595	-3.95038167938931
			5.74427480916031	-3.96946564885496
			5.72519083969466	-3.96946564885496
			5.72519083969466	-3.98854961832061
			5.70610687022901	-4.00763358778626
			5.68702290076336	-4.00763358778626
			5.66793893129771	-4.02671755725191
			5.64885496183206	-4.04580152671756
			5.62977099236641	-4.04580152671756
			5.61068702290076	-4.06488549618321
			5.59160305343512	-4.06488549618321
			5.57251908396947	-4.08396946564886
			5.55343511450382	-4.08396946564886
			5.53435114503817	-4.1030534351145
			5.51526717557252	-4.1030534351145
			5.49618320610687	-4.12213740458015
			5.47709923664122	-4.12213740458015
			5.45801526717557	-4.1412213740458
			5.43893129770992	-4.1412213740458
			5.41984732824428	-4.1412213740458
			5.41984732824428	-4.16030534351145
			5.40076335877863	-4.16030534351145
			5.38167938931298	-4.16030534351145
			5.36259541984733	-4.1793893129771
			5.34351145038168	-4.1793893129771
			5.32442748091603	-4.1793893129771
			5.30534351145038	-4.19847328244275
			5.28625954198473	-4.19847328244275
			5.28625954198473	-4.2175572519084
			5.26717557251908	-4.23664122137405
			5.26717557251908	-4.2557251908397
			5.26717557251908	-4.27480916030534
			5.28625954198473	-4.29389312977099
			5.28625954198473	-4.31297709923664
			5.30534351145038	-4.33206106870229
			5.32442748091603	-4.35114503816794
			5.34351145038168	-4.37022900763359
			5.36259541984733	-4.38931297709924
			5.38167938931298	-4.40839694656489
			5.40076335877863	-4.42748091603053
			5.41984732824428	-4.42748091603053
			5.43893129770992	-4.44656488549618
			5.45801526717557	-4.44656488549618
			5.47709923664122	-4.46564885496183
			5.49618320610687	-4.46564885496183
			5.51526717557252	-4.46564885496183
			5.53435114503817	-4.46564885496183
			5.55343511450382	-4.46564885496183
			5.57251908396947	-4.46564885496183
			5.59160305343512	-4.46564885496183
			5.61068702290076	-4.46564885496183
			5.62977099236641	-4.46564885496183
			5.64885496183206	-4.46564885496183
			5.66793893129771	-4.48473282442748
			5.68702290076336	-4.48473282442748
			5.70610687022901	-4.48473282442748
			5.72519083969466	-4.48473282442748
			5.74427480916031	-4.48473282442748
			5.76335877862595	-4.48473282442748
			5.7824427480916	-4.48473282442748
			5.80152671755725	-4.48473282442748
			5.8206106870229	-4.50381679389313
			5.83969465648855	-4.50381679389313
			5.8587786259542	-4.50381679389313
			5.87786259541985	-4.50381679389313
			5.8969465648855	-4.50381679389313
			5.91603053435114	-4.50381679389313
			5.91603053435114	-4.52290076335878
			5.93511450381679	-4.52290076335878
			5.95419847328244	-4.52290076335878
			5.97328244274809	-4.52290076335878
			5.99236641221374	-4.54198473282443
			6.01145038167939	-4.54198473282443
			6.03053435114504	-4.54198473282443
			6.04961832061069	-4.54198473282443
			6.06870229007634	-4.56106870229008
			6.08778625954198	-4.56106870229008
			6.10687022900763	-4.56106870229008
			6.12595419847328	-4.58015267175573
			6.14503816793893	-4.58015267175573
			6.16412213740458	-4.58015267175573
			6.16412213740458	-4.59923664122137
			6.18320610687023	-4.59923664122137
			6.20229007633588	-4.59923664122137
			6.22137404580153	-4.61832061068702
			6.24045801526718	-4.61832061068702
			6.25954198473282	-4.61832061068702
			6.27862595419847	-4.63740458015267
			6.29770992366412	-4.63740458015267
			6.31679389312977	-4.65648854961832
			6.33587786259542	-4.65648854961832
			6.35496183206107	-4.67557251908397
			6.37404580152672	-4.67557251908397
			6.39312977099237	-4.69465648854962
			6.41221374045802	-4.69465648854962
			6.43129770992366	-4.71374045801527
			6.45038167938931	-4.71374045801527
			6.46946564885496	-4.73282442748092
			6.48854961832061	-4.75190839694656
			6.50763358778626	-4.75190839694656
			6.50763358778626	-4.77099236641221
			6.52671755725191	-4.77099236641221
			6.54580152671756	-4.79007633587786
			6.56488549618321	-4.80916030534351
			6.58396946564886	-4.80916030534351
			6.6030534351145	-4.82824427480916
			6.62213740458015	-4.84732824427481
			6.6412213740458	-4.84732824427481
			6.6412213740458	-4.86641221374046
			6.66030534351145	-4.88549618320611
			6.6793893129771	-4.88549618320611
			6.69847328244275	-4.90458015267176
			6.7175572519084	-4.9236641221374
			6.73664122137405	-4.94274809160305
			6.7557251908397	-4.9618320610687
			6.77480916030534	-4.98091603053435
			6.79389312977099	-5
			6.81297709923664	-5.01908396946565
			6.83206106870229	-5.0381679389313
			6.85114503816794	-5.05725190839695
		</suture>
		<anterior type=matrix rownames=FALSE colnames=FALSE nrow=326 ncol=2 as.numeric=TRUE >
			3.93129770992366	-0.400763358778626
			3.95038167938931	-0.400763358778626
			3.96946564885496	-0.400763358778626
			3.98854961832061	-0.400763358778626
			4.00763358778626	-0.400763358778626
			4.02671755725191	-0.400763358778626
			4.04580152671756	-0.400763358778626
			4.06488549618321	-0.419847328244275
			4.08396946564886	-0.419847328244275
			4.1030534351145	-0.419847328244275
			4.12213740458015	-0.419847328244275
			4.1412213740458	-0.419847328244275
			4.16030534351145	-0.419847328244275
			4.1793893129771	-0.419847328244275
			4.19847328244275	-0.419847328244275
			4.2175572519084	-0.419847328244275
			4.23664122137405	-0.438931297709924
			4.2557251908397	-0.438931297709924
			4.27480916030534	-0.438931297709924
			4.29389312977099	-0.438931297709924
			4.31297709923664	-0.438931297709924
			4.33206106870229	-0.438931297709924
			4.35114503816794	-0.438931297709924
			4.37022900763359	-0.458015267175573
			4.38931297709924	-0.458015267175573
			4.40839694656489	-0.458015267175573
			4.42748091603053	-0.458015267175573
			4.44656488549618	-0.458015267175573
			4.46564885496183	-0.458015267175573
			4.48473282442748	-0.477099236641221
			4.50381679389313	-0.477099236641221
			4.52290076335878	-0.477099236641221
			4.54198473282443	-0.477099236641221
			4.56106870229008	-0.477099236641221
			4.58015267175573	-0.477099236641221
			4.59923664122137	-0.49618320610687
			4.61832061068702	-0.49618320610687
			4.63740458015267	-0.49618320610687
			4.65648854961832	-0.49618320610687
			4.67557251908397	-0.49618320610687
			4.69465648854962	-0.515267175572519
			4.71374045801527	-0.515267175572519
			4.73282442748092	-0.515267175572519
			4.75190839694656	-0.515267175572519
			4.75190839694656	-0.534351145038168
			4.77099236641221	-0.534351145038168
			4.79007633587786	-0.534351145038168
			4.80916030534351	-0.534351145038168
			4.82824427480916	-0.553435114503817
			4.84732824427481	-0.553435114503817
			4.86641221374046	-0.553435114503817
			4.88549618320611	-0.553435114503817
			4.90458015267176	-0.572519083969466
			4.9236641221374	-0.572519083969466
			4.94274809160305	-0.572519083969466
			4.9618320610687	-0.572519083969466
			4.98091603053435	-0.591603053435115
			5	-0.591603053435115
			5.01908396946565	-0.591603053435115
			5.0381679389313	-0.610687022900763
			5.05725190839695	-0.610687022900763
			5.0763358778626	-0.629770992366412
			5.09541984732824	-0.629770992366412
			5.11450381679389	-0.648854961832061
			5.13358778625954	-0.648854961832061
			5.15267175572519	-0.648854961832061
			5.15267175572519	-0.66793893129771
			5.17175572519084	-0.66793893129771
			5.19083969465649	-0.66793893129771
			5.20992366412214	-0.687022900763359
			5.22900763358779	-0.687022900763359
			5.24809160305344	-0.706106870229008
			5.26717557251908	-0.725190839694656
			5.28625954198473	-0.725190839694656
			5.30534351145038	-0.725190839694656
			5.32442748091603	-0.744274809160305
			5.34351145038168	-0.763358778625954
			5.36259541984733	-0.763358778625954
			5.38167938931298	-0.763358778625954
			5.40076335877863	-0.782442748091603
			5.41984732824428	-0.782442748091603
			5.41984732824428	-0.801526717557252
			5.43893129770992	-0.801526717557252
			5.45801526717557	-0.820610687022901
			5.47709923664122	-0.820610687022901
			5.49618320610687	-0.83969465648855
			5.51526717557252	-0.83969465648855
			5.51526717557252	-0.858778625954199
			5.53435114503817	-0.858778625954199
			5.55343511450382	-0.877862595419847
			5.57251908396947	-0.877862595419847
			5.59160305343512	-0.896946564885496
			5.61068702290076	-0.896946564885496
			5.61068702290076	-0.916030534351145
			5.62977099236641	-0.935114503816794
			5.64885496183206	-0.935114503816794
			5.66793893129771	-0.954198473282443
			5.68702290076336	-0.954198473282443
			5.68702290076336	-0.973282442748092
			5.70610687022901	-0.973282442748092
			5.72519083969466	-0.99236641221374
			5.74427480916031	-0.99236641221374
			5.76335877862595	-1.01145038167939
			5.7824427480916	-1.03053435114504
			5.80152671755725	-1.04961832061069
			5.8206106870229	-1.04961832061069
			5.83969465648855	-1.06870229007634
			5.8587786259542	-1.08778625954198
			5.87786259541985	-1.08778625954198
			5.8969465648855	-1.10687022900763
			5.91603053435114	-1.12595419847328
			5.93511450381679	-1.14503816793893
			5.95419847328244	-1.14503816793893
			5.97328244274809	-1.16412213740458
			5.97328244274809	-1.18320610687023
			5.99236641221374	-1.18320610687023
			6.01145038167939	-1.20229007633588
			6.03053435114504	-1.22137404580153
			6.04961832061069	-1.24045801526718
			6.06870229007634	-1.24045801526718
			6.08778625954198	-1.25954198473282
			6.10687022900763	-1.27862595419847
			6.12595419847328	-1.29770992366412
			6.14503816793893	-1.31679389312977
			6.16412213740458	-1.33587786259542
			6.18320610687023	-1.35496183206107
			6.20229007633588	-1.37404580152672
			6.22137404580153	-1.39312977099237
			6.24045801526718	-1.41221374045802
			6.25954198473282	-1.43129770992366
			6.27862595419847	-1.45038167938931
			6.29770992366412	-1.46946564885496
			6.31679389312977	-1.48854961832061
			6.33587786259542	-1.50763358778626
			6.35496183206107	-1.52671755725191
			6.37404580152672	-1.54580152671756
			6.39312977099237	-1.56488549618321
			6.41221374045802	-1.58396946564885
			6.43129770992366	-1.6030534351145
			6.45038167938931	-1.62213740458015
			6.46946564885496	-1.6412213740458
			6.48854961832061	-1.66030534351145
			6.50763358778626	-1.6793893129771
			6.52671755725191	-1.69847328244275
			6.54580152671756	-1.7175572519084
			6.56488549618321	-1.73664122137405
			6.58396946564886	-1.75572519083969
			6.6030534351145	-1.77480916030534
			6.6030534351145	-1.79389312977099
			6.62213740458015	-1.81297709923664
			6.6412213740458	-1.83206106870229
			6.66030534351145	-1.85114503816794
			6.6793893129771	-1.87022900763359
			6.6793893129771	-1.88931297709924
			6.69847328244275	-1.90839694656489
			6.69847328244275	-1.92748091603053
			6.7175572519084	-1.94656488549618
			6.73664122137405	-1.94656488549618
			6.73664122137405	-1.96564885496183
			6.7557251908397	-1.98473282442748
			6.77480916030534	-2.00381679389313
			6.77480916030534	-2.02290076335878
			6.79389312977099	-2.04198473282443
			6.81297709923664	-2.06106870229008
			6.83206106870229	-2.08015267175573
			6.83206106870229	-2.09923664122137
			6.85114503816794	-2.11832061068702
			6.87022900763359	-2.13740458015267
			6.88931297709924	-2.15648854961832
			6.88931297709924	-2.17557251908397
			6.90839694656489	-2.19465648854962
			6.90839694656489	-2.21374045801527
			6.92748091603053	-2.23282442748092
			6.94656488549618	-2.25190839694656
			6.94656488549618	-2.27099236641221
			6.96564885496183	-2.29007633587786
			6.96564885496183	-2.30916030534351
			6.98473282442748	-2.32824427480916
			7.00381679389313	-2.34732824427481
			7.00381679389313	-2.36641221374046
			7.02290076335878	-2.38549618320611
			7.04198473282443	-2.40458015267176
			7.04198473282443	-2.4236641221374
			7.06106870229008	-2.44274809160305
			7.06106870229008	-2.4618320610687
			7.08015267175573	-2.48091603053435
			7.08015267175573	-2.5
			7.09923664122137	-2.51908396946565
			7.09923664122137	-2.5381679389313
			7.11832061068702	-2.55725190839695
			7.13740458015267	-2.5763358778626
			7.13740458015267	-2.59541984732824
			7.15648854961832	-2.61450381679389
			7.15648854961832	-2.63358778625954
			7.17557251908397	-2.65267175572519
			7.17557251908397	-2.67175572519084
			7.19465648854962	-2.69083969465649
			7.19465648854962	-2.70992366412214
			7.21374045801527	-2.72900763358779
			7.21374045801527	-2.74809160305344
			7.23282442748092	-2.76717557251908
			7.23282442748092	-2.78625954198473
			7.25190839694656	-2.80534351145038
			7.25190839694656	-2.82442748091603
			7.27099236641221	-2.84351145038168
			7.27099236641221	-2.86259541984733
			7.29007633587786	-2.88167938931298
			7.29007633587786	-2.90076335877863
			7.30916030534351	-2.91984732824427
			7.30916030534351	-2.93893129770992
			7.32824427480916	-2.95801526717557
			7.32824427480916	-2.97709923664122
			7.32824427480916	-2.99618320610687
			7.34732824427481	-3.01526717557252
			7.34732824427481	-3.03435114503817
			7.36641221374046	-3.05343511450382
			7.36641221374046	-3.07251908396947
			7.38549618320611	-3.09160305343511
			7.38549618320611	-3.11068702290076
			7.38549618320611	-3.12977099236641
			7.40458015267176	-3.12977099236641
			7.40458015267176	-3.14885496183206
			7.40458015267176	-3.16793893129771
			7.40458015267176	-3.18702290076336
			7.4236641221374	-3.18702290076336
			7.4236641221374	-3.20610687022901
			7.4236641221374	-3.22519083969466
			7.44274809160305	-3.24427480916031
			7.44274809160305	-3.26335877862595
			7.44274809160305	-3.2824427480916
			7.4618320610687	-3.2824427480916
			7.4618320610687	-3.30152671755725
			7.4618320610687	-3.3206106870229
			7.48091603053435	-3.33969465648855
			7.48091603053435	-3.3587786259542
			7.5	-3.37786259541985
			7.5	-3.3969465648855
			7.5	-3.41603053435115
			7.51908396946565	-3.43511450381679
			7.51908396946565	-3.45419847328244
			7.51908396946565	-3.47328244274809
			7.5381679389313	-3.49236641221374
			7.5381679389313	-3.51145038167939
			7.5381679389313	-3.53053435114504
			7.55725190839695	-3.54961832061069
			7.55725190839695	-3.56870229007634
			7.55725190839695	-3.58778625954198
			7.5763358778626	-3.60687022900763
			7.5763358778626	-3.62595419847328
			7.5763358778626	-3.64503816793893
			7.59541984732824	-3.66412213740458
			7.59541984732824	-3.68320610687023
			7.59541984732824	-3.70229007633588
			7.61450381679389	-3.72137404580153
			7.61450381679389	-3.74045801526718
			7.61450381679389	-3.75954198473282
			7.61450381679389	-3.77862595419847
			7.63358778625954	-3.77862595419847
			7.63358778625954	-3.79770992366412
			7.63358778625954	-3.81679389312977
			7.63358778625954	-3.83587786259542
			7.65267175572519	-3.85496183206107
			7.65267175572519	-3.87404580152672
			7.65267175572519	-3.89312977099237
			7.65267175572519	-3.91221374045802
			7.67175572519084	-3.93129770992366
			7.67175572519084	-3.95038167938931
			7.67175572519084	-3.96946564885496
			7.69083969465649	-3.98854961832061
			7.69083969465649	-4.00763358778626
			7.69083969465649	-4.02671755725191
			7.69083969465649	-4.04580152671756
			7.70992366412214	-4.06488549618321
			7.70992366412214	-4.08396946564886
			7.70992366412214	-4.1030534351145
			7.70992366412214	-4.12213740458015
			7.72900763358779	-4.1412213740458
			7.72900763358779	-4.16030534351145
			7.72900763358779	-4.1793893129771
			7.72900763358779	-4.19847328244275
			7.74809160305344	-4.2175572519084
			7.74809160305344	-4.23664122137405
			7.74809160305344	-4.2557251908397
			7.74809160305344	-4.27480916030534
			7.74809160305344	-4.29389312977099
			7.76717557251908	-4.31297709923664
			7.76717557251908	-4.33206106870229
			7.76717557251908	-4.35114503816794
			7.76717557251908	-4.37022900763359
			7.78625954198473	-4.38931297709924
			7.78625954198473	-4.40839694656489
			7.78625954198473	-4.42748091603053
			7.78625954198473	-4.44656488549618
			7.80534351145038	-4.46564885496183
			7.80534351145038	-4.48473282442748
			7.80534351145038	-4.50381679389313
			7.80534351145038	-4.52290076335878
			7.80534351145038	-4.54198473282443
			7.82442748091603	-4.56106870229008
			7.82442748091603	-4.58015267175573
			7.82442748091603	-4.59923664122137
			7.82442748091603	-4.61832061068702
			7.82442748091603	-4.63740458015267
			7.82442748091603	-4.65648854961832
			7.84351145038168	-4.67557251908397
			7.84351145038168	-4.69465648854962
			7.84351145038168	-4.71374045801527
			7.84351145038168	-4.73282442748092
			7.84351145038168	-4.75190839694656
			7.84351145038168	-4.77099236641221
			7.86259541984733	-4.77099236641221
			7.86259541984733	-4.79007633587786
			7.86259541984733	-4.80916030534351
			7.86259541984733	-4.82824427480916
			7.86259541984733	-4.84732824427481
			7.86259541984733	-4.86641221374046
			7.88167938931298	-4.88549618320611
			7.88167938931298	-4.90458015267176
			7.88167938931298	-4.9236641221374
			7.88167938931298	-4.94274809160305
			7.88167938931298	-4.9618320610687
			7.88167938931298	-4.98091603053435
			7.90076335877863	-5
			7.90076335877863	-5.01908396946565
			7.90076335877863	-5.0381679389313
			7.90076335877863	-5.05725190839695
		</anterior>
		<posterior type=matrix rownames=FALSE colnames=FALSE nrow=450 ncol=2 as.numeric=TRUE >
			3.93129770992366	-5.05725190839695
			3.95038167938931	-5.05725190839695
			3.96946564885496	-5.05725190839695
			3.98854961832061	-5.0763358778626
			4.00763358778626	-5.0763358778626
			4.02671755725191	-5.0763358778626
			4.04580152671756	-5.0763358778626
			4.06488549618321	-5.0763358778626
			4.08396946564886	-5.0763358778626
			4.1030534351145	-5.0763358778626
			4.12213740458015	-5.0763358778626
			4.1412213740458	-5.0763358778626
			4.16030534351145	-5.0763358778626
			4.1793893129771	-5.0763358778626
			4.19847328244275	-5.0763358778626
			4.2175572519084	-5.0763358778626
			4.23664122137405	-5.0763358778626
			4.2557251908397	-5.0763358778626
			4.27480916030534	-5.0763358778626
			4.29389312977099	-5.0763358778626
			4.31297709923664	-5.0763358778626
			4.33206106870229	-5.0763358778626
			4.35114503816794	-5.0763358778626
			4.37022900763359	-5.05725190839695
			4.38931297709924	-5.05725190839695
			4.40839694656489	-5.05725190839695
			4.42748091603053	-5.05725190839695
			4.44656488549618	-5.05725190839695
			4.46564885496183	-5.05725190839695
			4.48473282442748	-5.05725190839695
			4.50381679389313	-5.05725190839695
			4.52290076335878	-5.05725190839695
			4.54198473282443	-5.0381679389313
			4.56106870229008	-5.0381679389313
			4.58015267175573	-5.0381679389313
			4.59923664122137	-5.0381679389313
			4.61832061068702	-5.0381679389313
			4.63740458015267	-5.0381679389313
			4.65648854961832	-5.0381679389313
			4.67557251908397	-5.0381679389313
			4.69465648854962	-5.01908396946565
			4.71374045801527	-5.01908396946565
			4.73282442748092	-5.01908396946565
			4.75190839694656	-5.01908396946565
			4.77099236641221	-5.01908396946565
			4.79007633587786	-5.01908396946565
			4.80916030534351	-5.01908396946565
			4.80916030534351	-5
			4.82824427480916	-5
			4.84732824427481	-5
			4.86641221374046	-5
			4.88549618320611	-5
			4.90458015267176	-5
			4.9236641221374	-5
			4.94274809160305	-4.98091603053435
			4.9618320610687	-4.98091603053435
			4.98091603053435	-4.98091603053435
			5	-4.98091603053435
			5.01908396946565	-4.98091603053435
			5.0381679389313	-4.98091603053435
			5.05725190839695	-4.9618320610687
			5.0763358778626	-4.9618320610687
			5.09541984732824	-4.9618320610687
			5.11450381679389	-4.9618320610687
			5.13358778625954	-4.9618320610687
			5.15267175572519	-4.9618320610687
			5.17175572519084	-4.94274809160305
			5.19083969465649	-4.94274809160305
			5.20992366412214	-4.94274809160305
			5.22900763358779	-4.94274809160305
			5.24809160305344	-4.94274809160305
			5.26717557251908	-4.9236641221374
			5.28625954198473	-4.9236641221374
			5.30534351145038	-4.9236641221374
			5.32442748091603	-4.9236641221374
			5.34351145038168	-4.9236641221374
			5.36259541984733	-4.9236641221374
			5.38167938931298	-4.9236641221374
			5.40076335877863	-4.9236641221374
			5.41984732824428	-4.9236641221374
			5.43893129770992	-4.9236641221374
			5.45801526717557	-4.9236641221374
			5.47709923664122	-4.9236641221374
			5.49618320610687	-4.9236641221374
			5.51526717557252	-4.9236641221374
			5.53435114503817	-4.9236641221374
			5.55343511450382	-4.9236641221374
			5.57251908396947	-4.9236641221374
			5.59160305343512	-4.9236641221374
			5.61068702290076	-4.9236641221374
			5.62977099236641	-4.9236641221374
			5.64885496183206	-4.9236641221374
			5.66793893129771	-4.9236641221374
			5.68702290076336	-4.9236641221374
			5.70610687022901	-4.9236641221374
			5.72519083969466	-4.9236641221374
			5.74427480916031	-4.9236641221374
			5.76335877862595	-4.9236641221374
			5.7824427480916	-4.9236641221374
			5.80152671755725	-4.9236641221374
			5.8206106870229	-4.9236641221374
			5.83969465648855	-4.9236641221374
			5.8587786259542	-4.9236641221374
			5.87786259541985	-4.9236641221374
			5.8969465648855	-4.94274809160305
			5.91603053435114	-4.94274809160305
			5.93511450381679	-4.94274809160305
			5.95419847328244	-4.94274809160305
			5.97328244274809	-4.94274809160305
			5.99236641221374	-4.94274809160305
			6.01145038167939	-4.94274809160305
			6.03053435114504	-4.94274809160305
			6.04961832061069	-4.94274809160305
			6.06870229007634	-4.94274809160305
			6.08778625954198	-4.94274809160305
			6.10687022900763	-4.94274809160305
			6.12595419847328	-4.9618320610687
			6.14503816793893	-4.9618320610687
			6.16412213740458	-4.9618320610687
			6.18320610687023	-4.9618320610687
			6.20229007633588	-4.9618320610687
			6.22137404580153	-4.9618320610687
			6.24045801526718	-4.9618320610687
			6.25954198473282	-4.9618320610687
			6.27862595419847	-4.9618320610687
			6.29770992366412	-4.9618320610687
			6.31679389312977	-4.98091603053435
			6.33587786259542	-4.98091603053435
			6.35496183206107	-4.98091603053435
			6.37404580152672	-4.98091603053435
			6.39312977099237	-4.98091603053435
			6.41221374045802	-4.98091603053435
			6.43129770992366	-5
			6.45038167938931	-5
			6.46946564885496	-5
			6.48854961832061	-5
			6.50763358778626	-5
			6.52671755725191	-5
			6.54580152671756	-5
			6.56488549618321	-5.01908396946565
			6.58396946564886	-5.01908396946565
			6.6030534351145	-5.01908396946565
			6.62213740458015	-5.01908396946565
			6.6412213740458	-5.0381679389313
			6.66030534351145	-5.0381679389313
			6.6793893129771	-5.0381679389313
			6.69847328244275	-5.0381679389313
			6.7175572519084	-5.0381679389313
			6.73664122137405	-5.05725190839695
			6.7557251908397	-5.05725190839695
			6.77480916030534	-5.05725190839695
			6.79389312977099	-5.05725190839695
			6.81297709923664	-5.05725190839695
			6.81297709923664	-5.0763358778626
			6.83206106870229	-5.0763358778626
			6.85114503816794	-5.0763358778626
			6.87022900763359	-5.0763358778626
			6.88931297709924	-5.09541984732824
			6.90839694656489	-5.09541984732824
			6.92748091603053	-5.09541984732824
			6.94656488549618	-5.11450381679389
			6.96564885496183	-5.11450381679389
			6.98473282442748	-5.13358778625954
			7.00381679389313	-5.13358778625954
			7.02290076335878	-5.15267175572519
			7.04198473282443	-5.15267175572519
			7.06106870229008	-5.15267175572519
			7.08015267175573	-5.17175572519084
			7.09923664122137	-5.17175572519084
			7.09923664122137	-5.19083969465649
			7.11832061068702	-5.19083969465649
			7.13740458015267	-5.20992366412214
			7.15648854961832	-5.20992366412214
			7.17557251908397	-5.22900763358779
			7.19465648854962	-5.24809160305344
			7.21374045801527	-5.26717557251908
			7.23282442748092	-5.28625954198473
			7.25190839694656	-5.30534351145038
			7.27099236641221	-5.30534351145038
			7.27099236641221	-5.32442748091603
			7.29007633587786	-5.34351145038168
			7.29007633587786	-5.36259541984733
			7.30916030534351	-5.36259541984733
			7.30916030534351	-5.38167938931298
			7.32824427480916	-5.40076335877863
			7.32824427480916	-5.41984732824428
			7.34732824427481	-5.43893129770992
			7.34732824427481	-5.45801526717557
			7.34732824427481	-5.47709923664122
			7.36641221374046	-5.49618320610687
			7.36641221374046	-5.51526717557252
			7.36641221374046	-5.53435114503817
			7.38549618320611	-5.55343511450382
			7.38549618320611	-5.57251908396947
			7.38549618320611	-5.59160305343512
			7.40458015267176	-5.61068702290076
			7.40458015267176	-5.62977099236641
			7.40458015267176	-5.64885496183206
			7.40458015267176	-5.66793893129771
			7.4236641221374	-5.66793893129771
			7.4236641221374	-5.68702290076336
			7.4236641221374	-5.70610687022901
			7.4236641221374	-5.72519083969466
			7.44274809160305	-5.74427480916031
			7.44274809160305	-5.76335877862595
			7.44274809160305	-5.7824427480916
			7.4618320610687	-5.80152671755725
			7.4618320610687	-5.8206106870229
			7.4618320610687	-5.83969465648855
			7.4618320610687	-5.8587786259542
			7.48091603053435	-5.87786259541985
			7.48091603053435	-5.8969465648855
			7.48091603053435	-5.91603053435114
			7.48091603053435	-5.93511450381679
			7.5	-5.95419847328244
			7.5	-5.97328244274809
			7.5	-5.99236641221374
			7.51908396946565	-6.01145038167939
			7.51908396946565	-6.03053435114504
			7.51908396946565	-6.04961832061069
			7.51908396946565	-6.06870229007634
			7.5381679389313	-6.08778625954198
			7.5381679389313	-6.10687022900763
			7.5381679389313	-6.12595419847328
			7.5381679389313	-6.14503816793893
			7.55725190839695	-6.16412213740458
			7.55725190839695	-6.18320610687023
			7.55725190839695	-6.20229007633588
			7.55725190839695	-6.22137404580153
			7.5763358778626	-6.24045801526718
			7.5763358778626	-6.25954198473282
			7.5763358778626	-6.27862595419847
			7.5763358778626	-6.29770992366412
			7.59541984732824	-6.31679389312977
			7.59541984732824	-6.33587786259542
			7.59541984732824	-6.35496183206107
			7.59541984732824	-6.37404580152672
			7.61450381679389	-6.39312977099237
			7.61450381679389	-6.41221374045802
			7.61450381679389	-6.43129770992366
			7.61450381679389	-6.45038167938931
			7.61450381679389	-6.46946564885496
			7.63358778625954	-6.48854961832061
			7.63358778625954	-6.50763358778626
			7.63358778625954	-6.52671755725191
			7.63358778625954	-6.54580152671756
			7.65267175572519	-6.56488549618321
			7.65267175572519	-6.58396946564886
			7.65267175572519	-6.6030534351145
			7.65267175572519	-6.62213740458015
			7.65267175572519	-6.6412213740458
			7.67175572519084	-6.66030534351145
			7.67175572519084	-6.6793893129771
			7.67175572519084	-6.69847328244275
			7.69083969465649	-6.7175572519084
			7.69083969465649	-6.73664122137405
			7.69083969465649	-6.7557251908397
			7.69083969465649	-6.77480916030534
			7.69083969465649	-6.79389312977099
			7.70992366412214	-6.81297709923664
			7.70992366412214	-6.83206106870229
			7.70992366412214	-6.85114503816794
			7.70992366412214	-6.87022900763359
			7.70992366412214	-6.88931297709924
			7.72900763358779	-6.88931297709924
			7.72900763358779	-6.90839694656489
			7.72900763358779	-6.92748091603053
			7.72900763358779	-6.94656488549618
			7.72900763358779	-6.96564885496183
			7.74809160305344	-6.98473282442748
			7.74809160305344	-7.00381679389313
			7.74809160305344	-7.02290076335878
			7.74809160305344	-7.04198473282443
			7.76717557251908	-7.06106870229008
			7.76717557251908	-7.08015267175573
			7.76717557251908	-7.09923664122137
			7.76717557251908	-7.11832061068702
			7.76717557251908	-7.13740458015267
			7.78625954198473	-7.15648854961832
			7.78625954198473	-7.17557251908397
			7.78625954198473	-7.19465648854962
			7.78625954198473	-7.21374045801527
			7.78625954198473	-7.23282442748092
			7.80534351145038	-7.23282442748092
			7.80534351145038	-7.25190839694656
			7.80534351145038	-7.27099236641221
			7.80534351145038	-7.29007633587786
			7.80534351145038	-7.30916030534351
			7.82442748091603	-7.32824427480916
			7.82442748091603	-7.34732824427481
			7.82442748091603	-7.36641221374046
			7.82442748091603	-7.38549618320611
			7.82442748091603	-7.40458015267176
			7.84351145038168	-7.4236641221374
			7.84351145038168	-7.44274809160305
			7.84351145038168	-7.4618320610687
			7.84351145038168	-7.48091603053435
			7.86259541984733	-7.5
			7.86259541984733	-7.51908396946565
			7.86259541984733	-7.5381679389313
			7.86259541984733	-7.55725190839695
			7.86259541984733	-7.5763358778626
			7.88167938931298	-7.59541984732824
			7.88167938931298	-7.61450381679389
			7.88167938931298	-7.63358778625954
			7.88167938931298	-7.65267175572519
			7.88167938931298	-7.67175572519084
			7.90076335877863	-7.69083969465649
			7.90076335877863	-7.70992366412214
			7.90076335877863	-7.72900763358779
			7.90076335877863	-7.70992366412214
			7.91984732824428	-7.69083969465649
			7.91984732824428	-7.67175572519084
			7.91984732824428	-7.65267175572519
			7.91984732824428	-7.63358778625954
			7.91984732824428	-7.61450381679389
			7.91984732824428	-7.59541984732824
			7.93893129770992	-7.5763358778626
			7.93893129770992	-7.55725190839695
			7.93893129770992	-7.5381679389313
			7.93893129770992	-7.51908396946565
			7.93893129770992	-7.5
			7.95801526717557	-7.48091603053435
			7.95801526717557	-7.4618320610687
			7.95801526717557	-7.44274809160305
			7.95801526717557	-7.4236641221374
			7.95801526717557	-7.40458015267176
			7.95801526717557	-7.38549618320611
			7.95801526717557	-7.36641221374046
			7.97709923664122	-7.34732824427481
			7.97709923664122	-7.32824427480916
			7.97709923664122	-7.30916030534351
			7.97709923664122	-7.29007633587786
			7.97709923664122	-7.27099236641221
			7.97709923664122	-7.25190839694656
			7.97709923664122	-7.23282442748092
			7.97709923664122	-7.21374045801527
			7.99618320610687	-7.19465648854962
			7.99618320610687	-7.17557251908397
			7.99618320610687	-7.15648854961832
			7.99618320610687	-7.13740458015267
			7.99618320610687	-7.11832061068702
			7.99618320610687	-7.09923664122137
			7.99618320610687	-7.08015267175573
			7.99618320610687	-7.06106870229008
			7.99618320610687	-7.04198473282443
			7.99618320610687	-7.02290076335878
			8.01526717557252	-7.00381679389313
			8.01526717557252	-6.98473282442748
			8.01526717557252	-6.96564885496183
			8.01526717557252	-6.94656488549618
			8.01526717557252	-6.92748091603053
			8.01526717557252	-6.90839694656489
			8.01526717557252	-6.88931297709924
			8.01526717557252	-6.87022900763359
			8.01526717557252	-6.85114503816794
			8.01526717557252	-6.83206106870229
			8.01526717557252	-6.81297709923664
			8.01526717557252	-6.79389312977099
			8.01526717557252	-6.77480916030534
			8.01526717557252	-6.7557251908397
			8.01526717557252	-6.73664122137405
			8.01526717557252	-6.7175572519084
			8.01526717557252	-6.69847328244275
			8.01526717557252	-6.6793893129771
			8.01526717557252	-6.66030534351145
			8.01526717557252	-6.6412213740458
			8.01526717557252	-6.62213740458015
			8.01526717557252	-6.6030534351145
			8.01526717557252	-6.58396946564886
			8.01526717557252	-6.56488549618321
			8.01526717557252	-6.54580152671756
			8.01526717557252	-6.52671755725191
			8.01526717557252	-6.50763358778626
			8.01526717557252	-6.48854961832061
			8.01526717557252	-6.46946564885496
			8.01526717557252	-6.45038167938931
			8.01526717557252	-6.43129770992366
			8.01526717557252	-6.41221374045802
			8.01526717557252	-6.39312977099237
			8.01526717557252	-6.37404580152672
			8.01526717557252	-6.35496183206107
			8.01526717557252	-6.33587786259542
			8.01526717557252	-6.31679389312977
			8.01526717557252	-6.29770992366412
			8.01526717557252	-6.27862595419847
			8.01526717557252	-6.25954198473282
			8.01526717557252	-6.24045801526718
			8.01526717557252	-6.22137404580153
			8.01526717557252	-6.20229007633588
			8.01526717557252	-6.18320610687023
			8.01526717557252	-6.16412213740458
			8.01526717557252	-6.14503816793893
			8.01526717557252	-6.12595419847328
			8.01526717557252	-6.10687022900763
			8.01526717557252	-6.08778625954198
			8.01526717557252	-6.06870229007634
			8.01526717557252	-6.04961832061069
			8.01526717557252	-6.03053435114504
			8.01526717557252	-6.01145038167939
			8.01526717557252	-5.99236641221374
			8.01526717557252	-5.97328244274809
			7.99618320610687	-5.95419847328244
			7.99618320610687	-5.93511450381679
			7.99618320610687	-5.91603053435114
			7.99618320610687	-5.8969465648855
			7.99618320610687	-5.87786259541985
			7.99618320610687	-5.8587786259542
			7.99618320610687	-5.83969465648855
			7.99618320610687	-5.8206106870229
			7.99618320610687	-5.80152671755725
			7.99618320610687	-5.7824427480916
			7.99618320610687	-5.76335877862595
			7.99618320610687	-5.74427480916031
			7.97709923664122	-5.72519083969466
			7.97709923664122	-5.70610687022901
			7.97709923664122	-5.68702290076336
			7.97709923664122	-5.66793893129771
			7.97709923664122	-5.64885496183206
			7.97709923664122	-5.62977099236641
			7.97709923664122	-5.61068702290076
			7.97709923664122	-5.59160305343512
			7.97709923664122	-5.57251908396947
			7.97709923664122	-5.55343511450382
			7.95801526717557	-5.53435114503817
			7.95801526717557	-5.51526717557252
			7.95801526717557	-5.49618320610687
			7.95801526717557	-5.47709923664122
			7.95801526717557	-5.45801526717557
			7.95801526717557	-5.43893129770992
			7.95801526717557	-5.41984732824428
			7.95801526717557	-5.40076335877863
			7.93893129770992	-5.38167938931298
			7.93893129770992	-5.36259541984733
			7.93893129770992	-5.34351145038168
			7.93893129770992	-5.32442748091603
			7.93893129770992	-5.30534351145038
			7.93893129770992	-5.28625954198473
			7.93893129770992	-5.26717557251908
			7.93893129770992	-5.24809160305344
			7.91984732824428	-5.22900763358779
			7.91984732824428	-5.20992366412214
			7.91984732824428	-5.19083969465649
			7.91984732824428	-5.17175572519084
			7.91984732824428	-5.15267175572519
			7.91984732824428	-5.13358778625954
			7.90076335877863	-5.11450381679389
			7.90076335877863	-5.09541984732824
			7.90076335877863	-5.0763358778626
			7.90076335877863	-5.05725190839695
		</posterior>
	</curves.scaled>
	<ruler.points type=matrix rownames=TRUE colnames=FALSE nrow=2 ncol=2 as.numeric=TRUE >
		Ruler point 1	34	469
		Ruler point 2	296	469
	</ruler.points>
</shapes>

