<shapes type=list>
	<scaling type=logical names=FALSE length=1 as.numeric=FALSE >NA</scaling>
	<landmarks.pixel type=matrix rownames=TRUE colnames=FALSE nrow=16 ncol=2 as.numeric=TRUE >
		LM1	313	48
		LM2	313	135
		LM3	313	318
		LM4	313	388
		LM5	408	252
		LM6	412	306
		LM7	418	346
		LM8	399	194
		LM9	423	290
		LM10	313	48
		LM11	435	325
		LM12	520	362
		LM13	313	48
		LM14	457	247
		LM15	608	388
		LM16	536	667
	</landmarks.pixel>
	<curves.control type=list>
		<glabella type=matrix rownames=FALSE colnames=FALSE nrow=15 ncol=2 as.numeric=TRUE >
			313	135
			363	134
			385	185
			386	187
			384	188
			380	190
			385	202
			396	224
			400	231
			415	258
			407	282
			405	285
			406	291
			429	324
			418	346
		</glabella>
		<suture type=matrix rownames=FALSE colnames=FALSE nrow=31 ncol=2 as.numeric=TRUE >
			313	48
			329	46
			341	59
			351	71
			371	80
			376	81
			379	87
			383	96
			393	102
			407	109
			407	130
			407	140
			394	183
			391	194
			395	201
			402	210
			408	214
			409	215
			412	215
			446	220
			448	249
			450	280
			422	287
			419	287
			419	294
			421	313
			431	323
			439	328
			452	329
			475	331
			520	362
		</suture>
		<anterior type=matrix rownames=FALSE colnames=FALSE nrow=11 ncol=2 as.numeric=TRUE >
			313	48
			329	46
			341	59
			351	71
			371	80
			408	96
			438	109
			506	140
			542	189
			598	270
			608	388
		</anterior>
		<posterior type=matrix rownames=FALSE colnames=FALSE nrow=35 ncol=2 as.numeric=TRUE >
			313	388
			362	390
			385	376
			408	363
			418	346
			420	343
			420	348
			420	351
			440	350
			470	349
			479	355
			487	359
			520	362
			551	366
			551	383
			551	388
			552	392
			572	467
			543	600
			537	626
			535	640
			534	653
			534	666
			535	669
			538	666
			546	654
			549	643
			550	639
			552	636
			583	579
			591	542
			592	538
			594	530
			613	489
			608	388
		</posterior>
	</curves.control>
	<curves.pixel type=list>
		<glabella type=matrix rownames=FALSE colnames=FALSE nrow=256 ncol=2 as.numeric=TRUE >
			313	135
			314	135
			315	135
			316	135
			317	135
			318	135
			319	135
			320	135
			321	135
			322	135
			323	135
			324	135
			325	136
			326	136
			327	136
			328	136
			329	136
			330	136
			331	136
			332	137
			333	137
			334	137
			335	137
			336	138
			337	138
			338	138
			339	139
			340	139
			341	139
			342	140
			343	140
			344	141
			345	141
			346	141
			347	142
			348	142
			349	143
			350	143
			351	144
			352	144
			352	145
			353	145
			354	146
			355	146
			356	147
			357	147
			358	148
			358	149
			359	149
			360	150
			361	151
			362	151
			362	152
			363	153
			364	153
			365	154
			365	155
			366	156
			367	157
			368	157
			368	158
			369	159
			370	160
			371	161
			372	162
			373	163
			373	164
			374	165
			375	166
			376	167
			376	168
			377	169
			377	170
			378	171
			378	172
			379	173
			379	174
			380	175
			381	176
			381	177
			382	178
			382	179
			383	180
			383	181
			384	182
			384	183
			385	184
			385	185
			385	186
			385	187
			384	188
			383	189
			382	190
			382	191
			382	192
			382	193
			382	194
			383	195
			383	196
			383	197
			383	198
			384	199
			384	200
			384	201
			385	202
			386	203
			386	204
			387	205
			387	206
			388	207
			388	208
			389	209
			389	210
			389	211
			390	211
			390	212
			390	213
			391	213
			391	214
			391	215
			392	215
			392	216
			392	217
			393	217
			393	218
			394	219
			394	220
			395	221
			395	222
			396	223
			396	224
			397	225
			397	226
			398	227
			398	228
			399	229
			399	230
			400	231
			400	232
			401	233
			402	234
			402	235
			402	236
			403	237
			403	238
			404	238
			404	239
			404	240
			405	241
			405	242
			405	243
			406	244
			406	245
			407	246
			407	247
			407	248
			408	249
			408	250
			408	251
			408	252
			409	253
			409	254
			409	255
			409	256
			409	257
			409	258
			410	259
			410	260
			410	261
			410	262
			410	263
			410	264
			410	265
			410	266
			410	267
			410	268
			410	269
			410	270
			409	271
			409	272
			409	273
			409	274
			409	275
			409	276
			408	277
			408	278
			408	279
			408	280
			407	281
			407	282
			406	283
			406	284
			406	285
			406	286
			406	287
			406	288
			406	289
			406	290
			406	291
			407	292
			408	293
			408	294
			409	295
			409	296
			410	296
			410	297
			411	298
			411	299
			412	300
			412	301
			413	302
			413	303
			414	304
			414	305
			415	306
			415	307
			416	307
			416	308
			416	309
			417	310
			417	311
			418	312
			418	313
			419	314
			419	315
			419	316
			419	317
			420	318
			420	319
			420	320
			420	321
			421	322
			421	323
			421	324
			421	325
			421	326
			421	327
			421	328
			422	329
			422	330
			422	331
			422	332
			421	333
			421	334
			421	335
			421	336
			421	337
			421	338
			421	339
			420	340
			420	341
			420	342
			419	343
			419	344
			418	345
			418	346
		</glabella>
		<suture type=matrix rownames=FALSE colnames=FALSE nrow=443 ncol=2 as.numeric=TRUE >
			313	48
			314	48
			315	48
			316	48
			317	48
			318	48
			319	48
			320	48
			321	48
			322	48
			323	48
			324	48
			325	49
			326	49
			327	49
			328	50
			329	50
			330	51
			331	51
			332	52
			333	52
			334	53
			335	54
			336	54
			337	55
			337	56
			338	56
			339	57
			340	58
			341	59
			342	60
			343	61
			343	62
			344	63
			345	63
			346	64
			347	65
			347	66
			348	66
			349	67
			350	68
			351	68
			352	69
			353	70
			354	71
			355	71
			356	72
			357	73
			358	73
			359	74
			360	75
			361	75
			362	76
			363	76
			364	77
			365	77
			366	78
			367	78
			368	78
			369	79
			370	79
			370	80
			371	80
			372	80
			373	81
			374	81
			375	82
			376	83
			377	84
			378	85
			379	86
			379	87
			380	88
			380	89
			381	90
			381	91
			382	92
			383	93
			384	94
			384	95
			385	96
			386	96
			386	97
			387	98
			388	98
			389	99
			390	100
			391	101
			392	101
			393	102
			394	102
			395	103
			396	103
			396	104
			397	105
			398	105
			399	106
			400	107
			400	108
			401	108
			402	109
			402	110
			403	111
			403	112
			404	113
			404	114
			405	115
			405	116
			405	117
			406	118
			406	119
			406	120
			406	121
			406	122
			407	123
			407	124
			407	125
			407	126
			407	127
			407	128
			407	129
			407	130
			407	131
			407	132
			407	133
			407	134
			407	135
			406	136
			406	137
			406	138
			406	139
			406	140
			405	141
			405	142
			405	143
			405	144
			404	145
			404	146
			404	147
			404	148
			404	149
			403	150
			403	151
			403	152
			402	153
			402	154
			402	155
			402	156
			401	157
			401	158
			401	159
			401	160
			400	161
			400	162
			400	163
			400	164
			399	165
			399	166
			399	167
			398	168
			398	169
			398	170
			398	171
			397	172
			397	173
			397	174
			396	175
			396	176
			396	177
			396	178
			395	178
			395	179
			395	180
			395	181
			394	182
			394	183
			394	184
			394	185
			393	186
			393	187
			393	188
			393	189
			393	190
			393	191
			393	192
			393	193
			393	194
			393	195
			393	196
			393	197
			394	198
			394	199
			394	200
			395	201
			396	202
			397	203
			397	204
			398	205
			399	206
			400	207
			401	208
			402	209
			403	210
			404	211
			405	212
			406	213
			407	214
			408	214
			409	215
			410	215
			411	215
			412	215
			413	215
			414	215
			415	216
			416	216
			417	216
			418	216
			419	216
			420	217
			421	217
			422	217
			423	217
			423	218
			424	218
			425	218
			426	219
			427	219
			428	220
			429	220
			430	220
			431	221
			432	221
			433	222
			434	223
			435	224
			436	224
			437	225
			438	226
			439	227
			440	228
			441	229
			442	230
			442	231
			443	232
			444	233
			444	234
			444	235
			445	236
			445	237
			446	238
			446	239
			446	240
			447	241
			447	242
			447	243
			447	244
			448	245
			448	246
			448	247
			448	248
			448	249
			448	250
			448	251
			448	252
			448	253
			448	254
			448	255
			448	256
			448	257
			448	258
			448	259
			448	260
			447	261
			447	262
			447	263
			447	264
			447	265
			446	266
			446	267
			446	268
			445	269
			445	270
			445	271
			444	271
			444	272
			443	273
			443	274
			442	274
			442	275
			441	276
			441	277
			440	277
			439	278
			439	279
			438	279
			437	280
			436	281
			435	282
			434	282
			433	283
			432	283
			431	284
			430	284
			429	285
			428	285
			427	285
			427	286
			426	286
			425	286
			424	286
			424	287
			423	287
			422	287
			421	287
			420	288
			420	289
			419	290
			419	291
			419	292
			419	293
			419	294
			419	295
			419	296
			419	297
			420	298
			420	299
			420	300
			420	301
			420	302
			421	303
			421	304
			421	305
			421	306
			422	307
			422	308
			422	309
			423	310
			423	311
			424	312
			424	313
			425	314
			425	315
			426	316
			426	317
			427	318
			427	319
			428	319
			429	320
			429	321
			430	322
			431	323
			432	323
			433	324
			434	325
			435	325
			436	326
			437	326
			438	326
			439	327
			440	327
			441	327
			442	328
			443	328
			444	328
			445	328
			446	328
			447	328
			448	329
			449	329
			450	329
			451	329
			452	329
			453	329
			454	329
			455	329
			456	330
			457	330
			458	330
			459	330
			460	330
			461	331
			462	331
			463	331
			464	331
			465	332
			466	332
			467	333
			468	333
			469	333
			470	334
			471	334
			472	334
			473	335
			474	335
			475	336
			476	336
			477	337
			478	337
			479	338
			480	338
			481	339
			482	339
			483	340
			484	340
			485	340
			486	341
			487	341
			487	342
			488	342
			489	343
			490	343
			491	344
			492	344
			493	345
			494	345
			494	346
			495	346
			496	347
			497	347
			498	348
			499	348
			500	349
			501	350
			502	350
			503	351
			504	351
			505	352
			506	353
			507	353
			508	354
			509	354
			510	355
			511	356
			512	356
			513	357
			514	358
			515	358
			516	359
			517	360
			518	361
			519	361
			520	362
		</suture>
		<anterior type=matrix rownames=FALSE colnames=FALSE nrow=449 ncol=2 as.numeric=TRUE >
			313	48
			314	48
			315	48
			316	48
			317	48
			318	48
			319	48
			320	48
			321	48
			322	48
			323	48
			324	48
			324	49
			325	49
			326	49
			327	49
			328	50
			329	50
			330	51
			331	51
			332	52
			333	52
			334	53
			335	54
			336	54
			337	55
			338	56
			339	57
			340	58
			341	59
			342	60
			343	61
			344	62
			345	63
			346	64
			347	65
			348	66
			349	67
			350	68
			351	68
			352	69
			353	70
			354	71
			355	71
			356	72
			357	72
			358	73
			359	74
			360	74
			361	75
			362	76
			363	76
			364	77
			365	77
			366	78
			367	78
			368	79
			369	79
			370	79
			371	80
			372	81
			373	81
			374	81
			375	82
			376	82
			377	83
			378	83
			379	83
			380	84
			381	84
			382	85
			383	85
			384	86
			385	86
			386	86
			387	87
			388	87
			388	88
			389	88
			390	88
			391	89
			392	89
			393	90
			394	90
			395	90
			396	91
			397	91
			398	92
			399	92
			400	92
			400	93
			401	93
			402	94
			403	94
			404	94
			405	95
			406	95
			407	95
			408	96
			409	97
			410	97
			411	98
			412	98
			413	98
			414	99
			415	99
			416	100
			417	100
			418	100
			419	101
			420	101
			421	102
			422	102
			423	102
			424	103
			425	103
			425	104
			426	104
			427	104
			428	105
			429	105
			430	105
			431	106
			432	107
			433	107
			434	107
			435	108
			436	108
			437	109
			438	109
			439	109
			440	110
			441	110
			442	111
			443	111
			444	112
			445	112
			446	113
			447	113
			448	114
			449	114
			450	115
			451	115
			452	116
			453	116
			453	117
			454	117
			455	117
			456	118
			457	118
			458	119
			459	119
			460	120
			461	120
			462	121
			463	122
			464	122
			465	123
			466	123
			467	124
			468	124
			469	125
			470	126
			471	126
			472	127
			473	127
			473	128
			474	128
			475	129
			476	129
			477	130
			478	131
			479	131
			480	132
			481	132
			482	133
			483	134
			484	135
			485	135
			486	136
			487	137
			488	137
			489	138
			490	139
			491	139
			492	140
			493	141
			494	141
			495	142
			496	143
			497	144
			498	144
			499	145
			500	146
			501	147
			502	148
			503	149
			504	149
			504	150
			505	150
			506	151
			507	152
			508	153
			509	154
			510	154
			511	155
			512	156
			513	157
			514	158
			515	159
			516	159
			517	160
			517	161
			518	162
			519	163
			520	163
			521	164
			522	165
			522	166
			523	167
			524	168
			525	168
			525	169
			526	170
			527	171
			528	172
			529	173
			530	174
			531	175
			532	176
			533	177
			534	178
			535	179
			535	180
			536	181
			536	182
			537	182
			537	183
			538	184
			539	185
			540	186
			541	187
			541	188
			542	189
			542	190
			543	191
			544	192
			545	193
			546	194
			546	195
			547	196
			547	197
			548	197
			548	198
			549	199
			549	200
			550	201
			551	202
			551	203
			552	204
			552	205
			553	206
			554	207
			554	208
			555	209
			555	210
			556	211
			556	212
			557	213
			558	214
			558	215
			559	216
			559	217
			560	218
			560	219
			561	220
			561	221
			562	222
			563	223
			563	224
			564	225
			564	226
			565	227
			565	228
			566	229
			566	230
			567	231
			567	232
			568	233
			568	234
			569	235
			569	236
			570	237
			570	238
			571	239
			571	240
			572	241
			572	242
			572	243
			573	244
			573	245
			574	246
			574	247
			575	248
			575	249
			576	250
			576	251
			576	252
			577	253
			577	254
			577	255
			578	256
			578	257
			579	258
			579	259
			579	260
			580	261
			580	262
			581	263
			581	264
			582	265
			582	266
			582	267
			582	268
			583	268
			583	269
			583	270
			584	271
			584	272
			584	273
			585	274
			585	275
			585	276
			586	277
			586	278
			587	279
			587	280
			587	281
			588	282
			588	283
			588	284
			588	285
			589	286
			589	287
			589	288
			590	289
			590	290
			590	291
			591	292
			591	293
			591	294
			591	295
			592	295
			592	296
			592	297
			592	298
			592	299
			593	299
			593	300
			593	301
			593	302
			594	303
			594	304
			594	305
			594	306
			595	307
			595	308
			595	309
			595	310
			596	311
			596	312
			596	313
			596	314
			597	315
			597	316
			597	317
			597	318
			597	319
			598	320
			598	321
			598	322
			598	323
			599	324
			599	325
			599	326
			599	327
			599	328
			600	329
			600	330
			600	331
			600	332
			600	333
			601	334
			601	335
			601	336
			601	337
			601	338
			602	339
			602	340
			602	341
			602	342
			602	343
			602	344
			603	345
			603	346
			603	347
			603	348
			603	349
			603	350
			604	351
			604	352
			604	353
			604	354
			604	355
			604	356
			604	357
			605	357
			605	358
			605	359
			605	360
			605	361
			605	362
			605	363
			605	364
			606	365
			606	366
			606	367
			606	368
			606	369
			606	370
			606	371
			606	372
			606	373
			607	373
			607	374
			607	375
			607	376
			607	377
			607	378
			607	379
			607	380
			607	381
			607	382
			608	383
			608	384
			608	385
			608	386
			608	387
			608	388
		</anterior>
		<posterior type=matrix rownames=FALSE colnames=FALSE nrow=839 ncol=2 as.numeric=TRUE >
			313	388
			314	388
			315	388
			316	388
			317	388
			318	388
			319	388
			320	388
			321	388
			322	388
			323	388
			324	388
			325	388
			326	388
			327	388
			328	388
			329	388
			330	388
			331	388
			332	388
			333	388
			334	388
			335	388
			336	388
			337	388
			338	388
			339	388
			340	388
			341	388
			342	388
			343	388
			344	387
			345	387
			346	387
			347	387
			348	387
			349	387
			350	387
			351	387
			352	387
			352	386
			353	386
			354	386
			355	386
			356	386
			357	386
			358	386
			359	385
			360	385
			361	385
			362	385
			363	384
			364	384
			365	384
			366	384
			367	383
			368	383
			369	383
			370	383
			371	382
			372	382
			373	382
			374	381
			375	381
			376	380
			377	380
			378	379
			379	379
			380	379
			381	378
			382	378
			383	377
			384	377
			385	376
			386	376
			386	375
			387	375
			388	374
			389	374
			390	373
			391	373
			391	372
			392	372
			393	371
			394	371
			394	370
			395	370
			396	369
			397	369
			397	368
			398	368
			399	367
			399	366
			400	366
			401	365
			402	364
			403	363
			404	363
			405	362
			406	361
			407	360
			408	359
			409	358
			409	357
			410	357
			411	356
			412	355
			412	354
			413	353
			414	352
			414	351
			415	350
			416	350
			416	349
			417	348
			417	347
			418	346
			418	345
			419	345
			420	345
			420	346
			420	347
			420	348
			421	349
			422	350
			423	350
			424	350
			425	350
			426	350
			427	350
			428	350
			429	350
			430	350
			431	350
			432	350
			433	350
			434	350
			435	350
			436	350
			437	350
			438	350
			439	350
			440	350
			441	350
			442	350
			443	350
			444	350
			445	350
			446	350
			447	350
			448	350
			449	350
			450	350
			451	350
			452	350
			453	350
			454	350
			455	350
			456	350
			457	350
			458	350
			459	350
			460	350
			461	350
			462	350
			463	351
			464	351
			465	351
			466	351
			467	351
			468	351
			469	351
			470	352
			471	352
			472	352
			473	352
			474	353
			475	353
			476	353
			477	354
			478	354
			478	355
			479	355
			480	355
			480	356
			481	356
			482	356
			483	356
			484	357
			485	357
			486	357
			487	358
			488	358
			489	358
			490	358
			491	358
			492	359
			493	359
			494	359
			495	359
			496	359
			497	359
			498	360
			499	360
			500	360
			501	360
			502	360
			503	360
			504	360
			505	360
			506	361
			507	361
			508	361
			509	361
			510	361
			511	361
			512	361
			513	361
			514	361
			515	362
			516	362
			517	362
			518	362
			519	362
			520	362
			521	362
			522	362
			523	362
			524	363
			525	363
			526	363
			527	363
			528	363
			529	363
			529	364
			530	364
			531	364
			532	364
			533	365
			534	365
			535	365
			536	366
			537	366
			538	366
			539	367
			540	367
			541	368
			542	368
			543	369
			544	370
			545	371
			546	372
			547	373
			548	374
			549	375
			550	376
			550	377
			550	378
			550	379
			551	380
			551	381
			551	382
			551	383
			551	384
			551	385
			551	386
			551	387
			551	388
			551	389
			552	390
			552	391
			552	392
			552	393
			553	394
			553	395
			553	396
			553	397
			553	398
			554	398
			554	399
			554	400
			554	401
			554	402
			555	403
			555	404
			555	405
			555	406
			555	407
			555	408
			556	408
			556	409
			556	410
			556	411
			556	412
			556	413
			557	414
			557	415
			557	416
			557	417
			557	418
			557	419
			558	420
			558	421
			558	422
			558	423
			558	424
			558	425
			558	426
			558	427
			558	428
			559	429
			559	430
			559	431
			559	432
			559	433
			559	434
			559	435
			559	436
			559	437
			559	438
			559	439
			559	440
			560	441
			560	442
			560	443
			560	444
			560	445
			560	446
			560	447
			560	448
			560	449
			560	450
			560	451
			560	452
			560	453
			560	454
			560	455
			560	456
			560	457
			560	458
			560	459
			560	460
			560	461
			560	462
			560	463
			560	464
			560	465
			560	466
			560	467
			560	468
			560	469
			560	470
			560	471
			560	472
			560	473
			560	474
			560	475
			560	476
			560	477
			560	478
			560	479
			560	480
			560	481
			560	482
			560	483
			560	484
			560	485
			560	486
			559	487
			559	488
			559	489
			559	490
			559	491
			559	492
			559	493
			559	494
			559	495
			559	496
			559	497
			559	498
			559	499
			559	500
			559	501
			558	502
			558	503
			558	504
			558	505
			558	506
			558	507
			558	508
			558	509
			558	510
			558	511
			558	512
			557	513
			557	514
			557	515
			557	516
			557	517
			557	518
			557	519
			557	520
			556	521
			556	522
			556	523
			556	524
			556	525
			556	526
			556	527
			556	528
			555	529
			555	530
			555	531
			555	532
			555	533
			555	534
			555	535
			555	536
			554	537
			554	538
			554	539
			554	540
			554	541
			554	542
			554	543
			553	544
			553	545
			553	546
			553	547
			553	548
			553	549
			552	550
			552	551
			552	552
			552	553
			552	554
			552	555
			552	556
			551	557
			551	558
			551	559
			551	560
			551	561
			550	562
			550	563
			550	564
			550	565
			550	566
			550	567
			549	568
			549	569
			549	570
			549	571
			549	572
			548	573
			548	574
			548	575
			548	576
			548	577
			547	578
			547	579
			547	580
			547	581
			547	582
			546	583
			546	584
			546	585
			546	586
			546	587
			545	588
			545	589
			545	590
			545	591
			545	592
			544	593
			544	594
			544	595
			544	596
			544	597
			543	598
			543	599
			543	600
			543	601
			543	602
			542	603
			542	604
			542	605
			542	606
			541	607
			541	608
			541	609
			541	610
			541	611
			540	612
			540	613
			540	614
			540	615
			540	616
			539	616
			539	617
			539	618
			539	619
			539	620
			538	621
			538	622
			538	623
			538	624
			538	625
			537	626
			537	627
			537	628
			537	629
			537	630
			536	631
			536	632
			536	633
			536	634
			536	635
			536	636
			535	637
			535	638
			535	639
			535	640
			535	641
			535	642
			535	643
			535	644
			535	645
			535	646
			535	647
			534	648
			534	649
			534	650
			534	651
			534	652
			534	653
			534	654
			534	655
			534	656
			534	657
			534	658
			534	659
			534	660
			534	661
			534	662
			534	663
			534	664
			534	665
			534	666
			534	667
			535	667
			536	667
			537	667
			538	666
			539	665
			539	664
			540	663
			541	662
			541	661
			542	660
			542	659
			543	658
			543	657
			544	656
			545	655
			545	654
			545	653
			546	652
			546	651
			547	650
			547	649
			548	648
			548	647
			548	646
			549	645
			549	644
			549	643
			549	642
			550	641
			550	640
			550	639
			551	638
			551	637
			552	637
			552	636
			552	635
			553	634
			554	633
			554	632
			555	631
			555	630
			556	629
			556	628
			557	627
			557	626
			558	625
			558	624
			559	623
			559	622
			560	622
			560	621
			561	620
			561	619
			561	618
			562	617
			562	616
			563	615
			563	614
			564	614
			564	613
			565	612
			565	611
			565	610
			566	609
			566	608
			567	608
			567	607
			567	606
			568	605
			568	604
			569	603
			569	602
			570	601
			570	600
			571	599
			571	598
			572	597
			572	596
			573	595
			573	594
			573	593
			574	592
			574	591
			575	590
			575	589
			576	588
			576	587
			576	586
			577	585
			577	584
			577	583
			578	582
			579	581
			579	580
			579	579
			580	578
			580	577
			581	576
			581	575
			581	574
			581	573
			582	573
			582	572
			582	571
			583	570
			583	569
			583	568
			584	567
			584	566
			584	565
			585	564
			585	563
			586	562
			586	561
			586	560
			587	559
			587	558
			587	557
			587	556
			588	555
			588	554
			588	553
			589	552
			589	551
			589	550
			589	549
			590	548
			590	547
			590	546
			590	545
			591	544
			591	543
			591	542
			591	541
			591	540
			592	539
			592	538
			592	537
			593	536
			593	535
			593	534
			593	533
			593	532
			594	531
			594	530
			594	529
			595	528
			595	527
			596	526
			596	525
			596	524
			597	523
			597	522
			598	521
			598	520
			598	519
			599	518
			599	517
			599	516
			600	515
			600	514
			600	513
			600	512
			601	511
			601	510
			601	509
			601	508
			602	508
			602	507
			602	506
			602	505
			602	504
			603	503
			603	502
			603	501
			603	500
			603	499
			604	498
			604	497
			604	496
			604	495
			604	494
			604	493
			605	493
			605	492
			605	491
			605	490
			605	489
			605	488
			605	487
			606	486
			606	485
			606	484
			606	483
			606	482
			606	481
			606	480
			607	479
			607	478
			607	477
			607	476
			607	475
			607	474
			607	473
			607	472
			607	471
			607	470
			607	469
			608	468
			608	467
			608	466
			608	465
			608	464
			608	463
			608	462
			608	461
			608	460
			608	459
			608	458
			608	457
			608	456
			608	455
			608	454
			608	453
			609	452
			609	451
			609	450
			609	449
			609	448
			609	447
			609	446
			609	445
			609	444
			609	443
			609	442
			609	441
			609	440
			609	439
			609	438
			609	437
			609	436
			609	435
			609	434
			609	433
			609	432
			609	431
			609	430
			609	429
			609	428
			609	427
			609	426
			609	425
			609	424
			609	423
			609	422
			609	421
			609	420
			609	419
			609	418
			609	417
			609	416
			609	415
			609	414
			609	413
			609	412
			609	411
			609	410
			609	409
			609	408
			609	407
			609	406
			609	405
			609	404
			609	403
			609	402
			609	401
			609	400
			608	399
			608	398
			608	397
			608	396
			608	395
			608	394
			608	393
			608	392
			608	391
			608	390
			608	389
			608	388
		</posterior>
	</curves.pixel>
</shapes>

