<shapes type=list>
	<ruler.pixel type=vector names=FALSE length=1 as.numeric=TRUE >66</ruler.pixel>
	<ruler.interval type=vector names=FALSE length=1 as.numeric=TRUE >5</ruler.interval>
	<scaling.units type=vector names=FALSE length=1 as.numeric=FALSE >mm</scaling.units>
	<scaling type=vector names=FALSE length=1 as.numeric=TRUE >0.0757575757575758</scaling>
	<landmarks.pixel type=matrix rownames=TRUE colnames=FALSE nrow=7 ncol=2 as.numeric=TRUE >
		LM1	157	27
		LM2	157	197
		LM3	157	197
		LM4	157	209
		LM5	217	42
		LM6	299	74
		LM7	306	83
	</landmarks.pixel>
	<landmarks.scaled type=matrix rownames=TRUE colnames=FALSE nrow=7 ncol=2 as.numeric=TRUE >
		LM1	11.8939393939394	-2.04545454545455
		LM2	11.8939393939394	-14.9242424242424
		LM3	11.8939393939394	-14.9242424242424
		LM4	11.8939393939394	-15.8333333333333
		LM5	16.4393939393939	-3.18181818181818
		LM6	22.6515151515152	-5.60606060606061
		LM7	23.1818181818182	-6.28787878787879
	</landmarks.scaled>
	<curves.control type=list>
		<axis type=matrix rownames=FALSE colnames=FALSE nrow=9 ncol=2 as.numeric=TRUE >
			157	27
			184	26
			218	42
			212	75
			206	114
			198	157
			180	188
			171	198
			157	197
		</axis>
		<border type=matrix rownames=FALSE colnames=FALSE nrow=7 ncol=2 as.numeric=TRUE >
			157	197
			182	202
			219	179
			247	162
			262	142
			287	110
			299	74
		</border>
		<margin type=matrix rownames=FALSE colnames=FALSE nrow=11 ncol=2 as.numeric=TRUE >
			157	209
			180	212
			219	198
			258	179
			282	150
			304	118
			309	84
			298	62
			285	51
			265	28
			217	42
		</margin>
	</curves.control>
	<curves.pixel type=list>
		<axis type=matrix rownames=FALSE colnames=FALSE nrow=235 ncol=2 as.numeric=TRUE >
			157	27
			158	27
			159	27
			160	27
			161	27
			162	27
			163	27
			164	27
			165	27
			166	27
			167	27
			168	27
			169	27
			170	27
			170	28
			171	28
			172	28
			173	28
			174	28
			175	28
			176	28
			177	28
			178	29
			179	29
			180	29
			181	29
			182	29
			183	30
			184	30
			185	30
			186	30
			187	31
			188	31
			189	31
			190	31
			191	32
			192	32
			193	32
			194	33
			195	33
			196	33
			197	33
			198	34
			199	34
			200	34
			200	35
			201	35
			202	35
			203	36
			204	36
			205	37
			206	37
			207	37
			208	38
			209	38
			210	39
			211	39
			212	39
			213	40
			214	40
			215	41
			216	41
			217	42
			218	42
			218	43
			218	44
			217	45
			217	46
			217	47
			217	48
			217	49
			217	50
			216	51
			216	52
			216	53
			216	54
			216	55
			215	56
			215	57
			215	58
			215	59
			215	60
			215	61
			214	62
			214	63
			214	64
			214	65
			214	66
			214	67
			213	68
			213	69
			213	70
			213	71
			213	72
			213	73
			212	74
			212	75
			212	76
			212	77
			212	78
			212	79
			211	80
			211	81
			211	82
			211	83
			211	84
			211	85
			210	86
			210	87
			210	88
			210	89
			210	90
			210	91
			209	92
			209	93
			209	94
			209	95
			209	96
			209	97
			208	98
			208	99
			208	100
			208	101
			208	102
			208	103
			208	104
			207	105
			207	106
			207	107
			207	108
			207	109
			207	110
			206	111
			206	112
			206	113
			206	114
			206	115
			206	116
			205	117
			205	118
			205	119
			205	120
			205	121
			204	122
			204	123
			204	124
			204	125
			204	126
			203	127
			203	128
			203	129
			203	130
			202	131
			202	132
			202	133
			201	134
			201	135
			201	136
			201	137
			200	138
			200	139
			200	140
			200	141
			199	142
			199	143
			199	144
			198	145
			198	146
			198	147
			198	148
			197	149
			197	150
			196	151
			196	152
			196	153
			196	154
			195	154
			195	155
			195	156
			194	157
			194	158
			194	159
			193	160
			193	161
			193	162
			192	162
			192	163
			192	164
			191	165
			191	166
			190	167
			190	168
			190	169
			189	170
			189	171
			188	172
			188	173
			187	174
			187	175
			186	176
			186	177
			185	178
			185	179
			184	180
			184	181
			183	182
			183	183
			182	184
			182	185
			181	186
			181	187
			180	188
			179	189
			178	190
			177	191
			176	192
			175	193
			174	193
			173	194
			172	194
			171	195
			170	195
			169	196
			168	196
			167	196
			166	196
			165	197
			164	197
			163	197
			162	197
			161	197
			160	197
			159	197
			158	197
			157	197
		</axis>
		<border type=matrix rownames=FALSE colnames=FALSE nrow=188 ncol=2 as.numeric=TRUE >
			157	197
			158	197
			159	197
			160	197
			161	198
			162	198
			163	198
			164	198
			165	198
			166	198
			167	198
			168	198
			169	198
			170	198
			171	198
			172	198
			173	198
			174	197
			175	197
			176	197
			177	197
			178	197
			179	197
			180	196
			181	196
			182	196
			183	195
			184	195
			185	195
			186	195
			187	194
			188	194
			189	194
			190	193
			191	193
			192	193
			193	192
			194	192
			195	191
			196	191
			197	190
			198	190
			199	190
			200	189
			201	189
			202	188
			203	188
			204	187
			205	187
			206	187
			206	186
			207	186
			208	185
			209	185
			210	184
			211	184
			212	183
			213	183
			214	182
			215	181
			216	181
			217	180
			218	180
			219	179
			220	179
			220	178
			221	178
			222	177
			223	177
			223	176
			224	176
			225	175
			226	175
			226	174
			227	174
			228	173
			229	173
			230	172
			231	171
			232	170
			233	170
			234	169
			235	168
			236	167
			237	167
			238	166
			239	165
			240	165
			240	164
			241	163
			242	163
			243	162
			244	161
			245	160
			246	160
			246	159
			247	158
			248	158
			249	157
			249	156
			250	155
			251	155
			252	154
			252	153
			253	152
			254	152
			255	151
			255	150
			256	149
			257	149
			257	148
			258	147
			258	146
			259	146
			260	145
			260	144
			261	143
			262	143
			262	142
			263	141
			264	140
			264	139
			265	138
			266	137
			267	136
			267	135
			268	134
			269	133
			269	132
			270	131
			270	130
			271	130
			272	129
			272	128
			273	127
			274	126
			274	125
			275	124
			275	123
			276	122
			277	121
			277	120
			278	119
			279	118
			279	117
			280	116
			280	115
			281	114
			281	113
			282	112
			283	111
			283	110
			284	109
			284	108
			285	107
			285	106
			286	105
			286	104
			287	103
			287	102
			288	101
			288	100
			289	99
			289	98
			290	97
			290	96
			291	95
			291	94
			292	93
			292	92
			293	91
			293	90
			293	89
			294	88
			294	87
			295	86
			295	85
			295	84
			296	83
			296	82
			297	81
			297	80
			297	79
			298	78
			298	77
			298	76
			299	75
			299	74
		</border>
		<margin type=matrix rownames=FALSE colnames=FALSE nrow=307 ncol=2 as.numeric=TRUE >
			157	209
			158	209
			159	209
			160	209
			161	209
			162	209
			163	209
			164	210
			165	210
			166	210
			167	210
			168	210
			168	209
			169	209
			170	209
			171	209
			172	209
			173	209
			174	209
			175	209
			176	209
			177	209
			178	209
			179	208
			180	208
			181	208
			182	208
			183	208
			184	208
			185	208
			186	207
			187	207
			188	207
			189	207
			190	207
			190	206
			191	206
			192	206
			193	206
			194	206
			195	205
			196	205
			197	205
			198	205
			199	204
			200	204
			201	204
			202	203
			203	203
			204	203
			205	203
			206	202
			207	202
			208	202
			209	201
			210	201
			211	201
			212	201
			213	200
			214	200
			215	199
			216	199
			217	199
			218	198
			219	198
			220	197
			221	197
			222	196
			223	196
			224	196
			225	195
			226	194
			227	194
			228	193
			229	193
			230	192
			231	192
			232	191
			233	190
			234	190
			235	189
			236	189
			237	188
			238	187
			239	187
			240	187
			240	186
			241	186
			242	185
			243	185
			244	184
			245	183
			246	182
			247	181
			248	181
			249	180
			250	180
			250	179
			251	179
			252	178
			253	177
			254	176
			255	176
			256	175
			257	175
			257	174
			258	173
			259	173
			260	172
			261	171
			262	170
			263	169
			264	169
			265	168
			266	167
			267	166
			267	165
			268	165
			269	164
			270	163
			271	162
			272	161
			273	160
			274	159
			275	158
			276	157
			277	156
			278	155
			279	154
			280	153
			281	152
			282	151
			282	150
			283	149
			283	148
			284	147
			285	146
			285	145
			286	144
			287	143
			287	142
			288	141
			289	140
			289	139
			290	138
			290	137
			291	136
			292	135
			292	134
			293	133
			293	132
			294	131
			294	130
			294	129
			295	128
			296	127
			296	126
			296	125
			297	124
			297	123
			298	122
			298	121
			299	120
			299	119
			299	118
			300	118
			300	117
			300	116
			301	115
			301	114
			302	113
			302	112
			302	111
			302	110
			303	109
			303	108
			304	107
			304	106
			304	105
			305	104
			305	103
			305	102
			306	101
			306	100
			306	99
			306	98
			306	97
			307	97
			307	96
			307	95
			307	94
			307	93
			308	92
			308	91
			308	90
			308	89
			308	88
			309	87
			309	86
			309	85
			309	84
			308	83
			308	82
			307	81
			307	80
			306	79
			306	78
			305	77
			305	76
			304	75
			304	74
			303	73
			302	72
			302	71
			301	70
			300	69
			300	68
			299	67
			298	66
			297	65
			297	64
			296	63
			295	62
			295	61
			294	60
			293	59
			292	58
			291	57
			290	56
			289	55
			288	54
			287	53
			287	52
			286	52
			285	51
			284	50
			283	49
			282	48
			281	47
			280	46
			279	45
			278	45
			277	44
			276	43
			275	43
			274	42
			273	41
			272	41
			271	41
			270	41
			270	40
			269	40
			268	40
			268	39
			267	39
			266	39
			265	39
			264	39
			264	38
			263	38
			262	38
			261	38
			260	38
			260	37
			259	37
			258	37
			257	37
			256	37
			255	37
			254	37
			253	37
			252	37
			251	37
			250	37
			249	37
			248	37
			247	37
			246	37
			245	37
			244	37
			243	37
			242	37
			241	37
			240	37
			239	37
			238	37
			237	38
			236	38
			235	38
			234	38
			233	38
			232	38
			231	39
			230	39
			229	39
			228	39
			227	39
			226	40
			225	40
			224	40
			223	40
			222	41
			221	41
			220	41
			219	42
			218	42
			217	42
		</margin>
	</curves.pixel>
	<curves.scaled type=list>
		<axis type=matrix rownames=FALSE colnames=FALSE nrow=235 ncol=2 as.numeric=TRUE >
			11.8939393939394	-2.04545454545455
			11.969696969697	-2.04545454545455
			12.0454545454545	-2.04545454545455
			12.1212121212121	-2.04545454545455
			12.1969696969697	-2.04545454545455
			12.2727272727273	-2.04545454545455
			12.3484848484848	-2.04545454545455
			12.4242424242424	-2.04545454545455
			12.5	-2.04545454545455
			12.5757575757576	-2.04545454545455
			12.6515151515152	-2.04545454545455
			12.7272727272727	-2.04545454545455
			12.8030303030303	-2.04545454545455
			12.8787878787879	-2.04545454545455
			12.8787878787879	-2.12121212121212
			12.9545454545455	-2.12121212121212
			13.030303030303	-2.12121212121212
			13.1060606060606	-2.12121212121212
			13.1818181818182	-2.12121212121212
			13.2575757575758	-2.12121212121212
			13.3333333333333	-2.12121212121212
			13.4090909090909	-2.12121212121212
			13.4848484848485	-2.1969696969697
			13.5606060606061	-2.1969696969697
			13.6363636363636	-2.1969696969697
			13.7121212121212	-2.1969696969697
			13.7878787878788	-2.1969696969697
			13.8636363636364	-2.27272727272727
			13.9393939393939	-2.27272727272727
			14.0151515151515	-2.27272727272727
			14.0909090909091	-2.27272727272727
			14.1666666666667	-2.34848484848485
			14.2424242424242	-2.34848484848485
			14.3181818181818	-2.34848484848485
			14.3939393939394	-2.34848484848485
			14.469696969697	-2.42424242424242
			14.5454545454545	-2.42424242424242
			14.6212121212121	-2.42424242424242
			14.6969696969697	-2.5
			14.7727272727273	-2.5
			14.8484848484848	-2.5
			14.9242424242424	-2.5
			15	-2.57575757575758
			15.0757575757576	-2.57575757575758
			15.1515151515152	-2.57575757575758
			15.1515151515152	-2.65151515151515
			15.2272727272727	-2.65151515151515
			15.3030303030303	-2.65151515151515
			15.3787878787879	-2.72727272727273
			15.4545454545455	-2.72727272727273
			15.530303030303	-2.8030303030303
			15.6060606060606	-2.8030303030303
			15.6818181818182	-2.8030303030303
			15.7575757575758	-2.87878787878788
			15.8333333333333	-2.87878787878788
			15.9090909090909	-2.95454545454545
			15.9848484848485	-2.95454545454545
			16.0606060606061	-2.95454545454545
			16.1363636363636	-3.03030303030303
			16.2121212121212	-3.03030303030303
			16.2878787878788	-3.10606060606061
			16.3636363636364	-3.10606060606061
			16.4393939393939	-3.18181818181818
			16.5151515151515	-3.18181818181818
			16.5151515151515	-3.25757575757576
			16.5151515151515	-3.33333333333333
			16.4393939393939	-3.40909090909091
			16.4393939393939	-3.48484848484848
			16.4393939393939	-3.56060606060606
			16.4393939393939	-3.63636363636364
			16.4393939393939	-3.71212121212121
			16.4393939393939	-3.78787878787879
			16.3636363636364	-3.86363636363636
			16.3636363636364	-3.93939393939394
			16.3636363636364	-4.01515151515152
			16.3636363636364	-4.09090909090909
			16.3636363636364	-4.16666666666667
			16.2878787878788	-4.24242424242424
			16.2878787878788	-4.31818181818182
			16.2878787878788	-4.39393939393939
			16.2878787878788	-4.46969696969697
			16.2878787878788	-4.54545454545455
			16.2878787878788	-4.62121212121212
			16.2121212121212	-4.6969696969697
			16.2121212121212	-4.77272727272727
			16.2121212121212	-4.84848484848485
			16.2121212121212	-4.92424242424242
			16.2121212121212	-5
			16.2121212121212	-5.07575757575758
			16.1363636363636	-5.15151515151515
			16.1363636363636	-5.22727272727273
			16.1363636363636	-5.3030303030303
			16.1363636363636	-5.37878787878788
			16.1363636363636	-5.45454545454546
			16.1363636363636	-5.53030303030303
			16.0606060606061	-5.60606060606061
			16.0606060606061	-5.68181818181818
			16.0606060606061	-5.75757575757576
			16.0606060606061	-5.83333333333333
			16.0606060606061	-5.90909090909091
			16.0606060606061	-5.98484848484849
			15.9848484848485	-6.06060606060606
			15.9848484848485	-6.13636363636364
			15.9848484848485	-6.21212121212121
			15.9848484848485	-6.28787878787879
			15.9848484848485	-6.36363636363636
			15.9848484848485	-6.43939393939394
			15.9090909090909	-6.51515151515152
			15.9090909090909	-6.59090909090909
			15.9090909090909	-6.66666666666667
			15.9090909090909	-6.74242424242424
			15.9090909090909	-6.81818181818182
			15.9090909090909	-6.89393939393939
			15.8333333333333	-6.96969696969697
			15.8333333333333	-7.04545454545455
			15.8333333333333	-7.12121212121212
			15.8333333333333	-7.1969696969697
			15.8333333333333	-7.27272727272727
			15.8333333333333	-7.34848484848485
			15.7575757575758	-7.42424242424242
			15.7575757575758	-7.5
			15.7575757575758	-7.57575757575758
			15.7575757575758	-7.65151515151515
			15.7575757575758	-7.72727272727273
			15.7575757575758	-7.8030303030303
			15.7575757575758	-7.87878787878788
			15.6818181818182	-7.95454545454546
			15.6818181818182	-8.03030303030303
			15.6818181818182	-8.10606060606061
			15.6818181818182	-8.18181818181818
			15.6818181818182	-8.25757575757576
			15.6818181818182	-8.33333333333333
			15.6060606060606	-8.40909090909091
			15.6060606060606	-8.48484848484848
			15.6060606060606	-8.56060606060606
			15.6060606060606	-8.63636363636364
			15.6060606060606	-8.71212121212121
			15.6060606060606	-8.78787878787879
			15.530303030303	-8.86363636363636
			15.530303030303	-8.93939393939394
			15.530303030303	-9.01515151515152
			15.530303030303	-9.09090909090909
			15.530303030303	-9.16666666666667
			15.4545454545455	-9.24242424242424
			15.4545454545455	-9.31818181818182
			15.4545454545455	-9.39393939393939
			15.4545454545455	-9.46969696969697
			15.4545454545455	-9.54545454545454
			15.3787878787879	-9.62121212121212
			15.3787878787879	-9.6969696969697
			15.3787878787879	-9.77272727272727
			15.3787878787879	-9.84848484848485
			15.3030303030303	-9.92424242424242
			15.3030303030303	-10
			15.3030303030303	-10.0757575757576
			15.2272727272727	-10.1515151515152
			15.2272727272727	-10.2272727272727
			15.2272727272727	-10.3030303030303
			15.2272727272727	-10.3787878787879
			15.1515151515152	-10.4545454545455
			15.1515151515152	-10.530303030303
			15.1515151515152	-10.6060606060606
			15.1515151515152	-10.6818181818182
			15.0757575757576	-10.7575757575758
			15.0757575757576	-10.8333333333333
			15.0757575757576	-10.9090909090909
			15	-10.9848484848485
			15	-11.0606060606061
			15	-11.1363636363636
			15	-11.2121212121212
			14.9242424242424	-11.2878787878788
			14.9242424242424	-11.3636363636364
			14.8484848484848	-11.4393939393939
			14.8484848484848	-11.5151515151515
			14.8484848484848	-11.5909090909091
			14.8484848484848	-11.6666666666667
			14.7727272727273	-11.6666666666667
			14.7727272727273	-11.7424242424242
			14.7727272727273	-11.8181818181818
			14.6969696969697	-11.8939393939394
			14.6969696969697	-11.969696969697
			14.6969696969697	-12.0454545454545
			14.6212121212121	-12.1212121212121
			14.6212121212121	-12.1969696969697
			14.6212121212121	-12.2727272727273
			14.5454545454545	-12.2727272727273
			14.5454545454545	-12.3484848484848
			14.5454545454545	-12.4242424242424
			14.469696969697	-12.5
			14.469696969697	-12.5757575757576
			14.3939393939394	-12.6515151515152
			14.3939393939394	-12.7272727272727
			14.3939393939394	-12.8030303030303
			14.3181818181818	-12.8787878787879
			14.3181818181818	-12.9545454545455
			14.2424242424242	-13.030303030303
			14.2424242424242	-13.1060606060606
			14.1666666666667	-13.1818181818182
			14.1666666666667	-13.2575757575758
			14.0909090909091	-13.3333333333333
			14.0909090909091	-13.4090909090909
			14.0151515151515	-13.4848484848485
			14.0151515151515	-13.5606060606061
			13.9393939393939	-13.6363636363636
			13.9393939393939	-13.7121212121212
			13.8636363636364	-13.7878787878788
			13.8636363636364	-13.8636363636364
			13.7878787878788	-13.9393939393939
			13.7878787878788	-14.0151515151515
			13.7121212121212	-14.0909090909091
			13.7121212121212	-14.1666666666667
			13.6363636363636	-14.2424242424242
			13.5606060606061	-14.3181818181818
			13.4848484848485	-14.3939393939394
			13.4090909090909	-14.469696969697
			13.3333333333333	-14.5454545454545
			13.2575757575758	-14.6212121212121
			13.1818181818182	-14.6212121212121
			13.1060606060606	-14.6969696969697
			13.030303030303	-14.6969696969697
			12.9545454545455	-14.7727272727273
			12.8787878787879	-14.7727272727273
			12.8030303030303	-14.8484848484848
			12.7272727272727	-14.8484848484848
			12.6515151515152	-14.8484848484848
			12.5757575757576	-14.8484848484848
			12.5	-14.9242424242424
			12.4242424242424	-14.9242424242424
			12.3484848484848	-14.9242424242424
			12.2727272727273	-14.9242424242424
			12.1969696969697	-14.9242424242424
			12.1212121212121	-14.9242424242424
			12.0454545454545	-14.9242424242424
			11.969696969697	-14.9242424242424
			11.8939393939394	-14.9242424242424
		</axis>
		<border type=matrix rownames=FALSE colnames=FALSE nrow=188 ncol=2 as.numeric=TRUE >
			11.8939393939394	-14.9242424242424
			11.969696969697	-14.9242424242424
			12.0454545454545	-14.9242424242424
			12.1212121212121	-14.9242424242424
			12.1969696969697	-15
			12.2727272727273	-15
			12.3484848484848	-15
			12.4242424242424	-15
			12.5	-15
			12.5757575757576	-15
			12.6515151515152	-15
			12.7272727272727	-15
			12.8030303030303	-15
			12.8787878787879	-15
			12.9545454545455	-15
			13.030303030303	-15
			13.1060606060606	-15
			13.1818181818182	-14.9242424242424
			13.2575757575758	-14.9242424242424
			13.3333333333333	-14.9242424242424
			13.4090909090909	-14.9242424242424
			13.4848484848485	-14.9242424242424
			13.5606060606061	-14.9242424242424
			13.6363636363636	-14.8484848484848
			13.7121212121212	-14.8484848484848
			13.7878787878788	-14.8484848484848
			13.8636363636364	-14.7727272727273
			13.9393939393939	-14.7727272727273
			14.0151515151515	-14.7727272727273
			14.0909090909091	-14.7727272727273
			14.1666666666667	-14.6969696969697
			14.2424242424242	-14.6969696969697
			14.3181818181818	-14.6969696969697
			14.3939393939394	-14.6212121212121
			14.469696969697	-14.6212121212121
			14.5454545454545	-14.6212121212121
			14.6212121212121	-14.5454545454545
			14.6969696969697	-14.5454545454545
			14.7727272727273	-14.469696969697
			14.8484848484848	-14.469696969697
			14.9242424242424	-14.3939393939394
			15	-14.3939393939394
			15.0757575757576	-14.3939393939394
			15.1515151515152	-14.3181818181818
			15.2272727272727	-14.3181818181818
			15.3030303030303	-14.2424242424242
			15.3787878787879	-14.2424242424242
			15.4545454545455	-14.1666666666667
			15.530303030303	-14.1666666666667
			15.6060606060606	-14.1666666666667
			15.6060606060606	-14.0909090909091
			15.6818181818182	-14.0909090909091
			15.7575757575758	-14.0151515151515
			15.8333333333333	-14.0151515151515
			15.9090909090909	-13.9393939393939
			15.9848484848485	-13.9393939393939
			16.0606060606061	-13.8636363636364
			16.1363636363636	-13.8636363636364
			16.2121212121212	-13.7878787878788
			16.2878787878788	-13.7121212121212
			16.3636363636364	-13.7121212121212
			16.4393939393939	-13.6363636363636
			16.5151515151515	-13.6363636363636
			16.5909090909091	-13.5606060606061
			16.6666666666667	-13.5606060606061
			16.6666666666667	-13.4848484848485
			16.7424242424242	-13.4848484848485
			16.8181818181818	-13.4090909090909
			16.8939393939394	-13.4090909090909
			16.8939393939394	-13.3333333333333
			16.969696969697	-13.3333333333333
			17.0454545454545	-13.2575757575758
			17.1212121212121	-13.2575757575758
			17.1212121212121	-13.1818181818182
			17.1969696969697	-13.1818181818182
			17.2727272727273	-13.1060606060606
			17.3484848484848	-13.1060606060606
			17.4242424242424	-13.030303030303
			17.5	-12.9545454545455
			17.5757575757576	-12.8787878787879
			17.6515151515152	-12.8787878787879
			17.7272727272727	-12.8030303030303
			17.8030303030303	-12.7272727272727
			17.8787878787879	-12.6515151515152
			17.9545454545455	-12.6515151515152
			18.030303030303	-12.5757575757576
			18.1060606060606	-12.5
			18.1818181818182	-12.5
			18.1818181818182	-12.4242424242424
			18.2575757575758	-12.3484848484848
			18.3333333333333	-12.3484848484848
			18.4090909090909	-12.2727272727273
			18.4848484848485	-12.1969696969697
			18.5606060606061	-12.1212121212121
			18.6363636363636	-12.1212121212121
			18.6363636363636	-12.0454545454545
			18.7121212121212	-11.969696969697
			18.7878787878788	-11.969696969697
			18.8636363636364	-11.8939393939394
			18.8636363636364	-11.8181818181818
			18.9393939393939	-11.7424242424242
			19.0151515151515	-11.7424242424242
			19.0909090909091	-11.6666666666667
			19.0909090909091	-11.5909090909091
			19.1666666666667	-11.5151515151515
			19.2424242424242	-11.5151515151515
			19.3181818181818	-11.4393939393939
			19.3181818181818	-11.3636363636364
			19.3939393939394	-11.2878787878788
			19.469696969697	-11.2878787878788
			19.469696969697	-11.2121212121212
			19.5454545454545	-11.1363636363636
			19.5454545454545	-11.0606060606061
			19.6212121212121	-11.0606060606061
			19.6969696969697	-10.9848484848485
			19.6969696969697	-10.9090909090909
			19.7727272727273	-10.8333333333333
			19.8484848484848	-10.8333333333333
			19.8484848484848	-10.7575757575758
			19.9242424242424	-10.6818181818182
			20	-10.6060606060606
			20	-10.530303030303
			20.0757575757576	-10.4545454545455
			20.1515151515152	-10.3787878787879
			20.2272727272727	-10.3030303030303
			20.2272727272727	-10.2272727272727
			20.3030303030303	-10.1515151515152
			20.3787878787879	-10.0757575757576
			20.3787878787879	-10
			20.4545454545455	-9.92424242424242
			20.4545454545455	-9.84848484848485
			20.530303030303	-9.84848484848485
			20.6060606060606	-9.77272727272727
			20.6060606060606	-9.6969696969697
			20.6818181818182	-9.62121212121212
			20.7575757575758	-9.54545454545454
			20.7575757575758	-9.46969696969697
			20.8333333333333	-9.39393939393939
			20.8333333333333	-9.31818181818182
			20.9090909090909	-9.24242424242424
			20.9848484848485	-9.16666666666667
			20.9848484848485	-9.09090909090909
			21.0606060606061	-9.01515151515152
			21.1363636363636	-8.93939393939394
			21.1363636363636	-8.86363636363636
			21.2121212121212	-8.78787878787879
			21.2121212121212	-8.71212121212121
			21.2878787878788	-8.63636363636364
			21.2878787878788	-8.56060606060606
			21.3636363636364	-8.48484848484848
			21.4393939393939	-8.40909090909091
			21.4393939393939	-8.33333333333333
			21.5151515151515	-8.25757575757576
			21.5151515151515	-8.18181818181818
			21.5909090909091	-8.10606060606061
			21.5909090909091	-8.03030303030303
			21.6666666666667	-7.95454545454546
			21.6666666666667	-7.87878787878788
			21.7424242424242	-7.8030303030303
			21.7424242424242	-7.72727272727273
			21.8181818181818	-7.65151515151515
			21.8181818181818	-7.57575757575758
			21.8939393939394	-7.5
			21.8939393939394	-7.42424242424242
			21.969696969697	-7.34848484848485
			21.969696969697	-7.27272727272727
			22.0454545454545	-7.1969696969697
			22.0454545454545	-7.12121212121212
			22.1212121212121	-7.04545454545455
			22.1212121212121	-6.96969696969697
			22.1969696969697	-6.89393939393939
			22.1969696969697	-6.81818181818182
			22.1969696969697	-6.74242424242424
			22.2727272727273	-6.66666666666667
			22.2727272727273	-6.59090909090909
			22.3484848484848	-6.51515151515152
			22.3484848484848	-6.43939393939394
			22.3484848484848	-6.36363636363636
			22.4242424242424	-6.28787878787879
			22.4242424242424	-6.21212121212121
			22.5	-6.13636363636364
			22.5	-6.06060606060606
			22.5	-5.98484848484849
			22.5757575757576	-5.90909090909091
			22.5757575757576	-5.83333333333333
			22.5757575757576	-5.75757575757576
			22.6515151515152	-5.68181818181818
			22.6515151515152	-5.60606060606061
		</border>
		<margin type=matrix rownames=FALSE colnames=FALSE nrow=307 ncol=2 as.numeric=TRUE >
			11.8939393939394	-15.8333333333333
			11.969696969697	-15.8333333333333
			12.0454545454545	-15.8333333333333
			12.1212121212121	-15.8333333333333
			12.1969696969697	-15.8333333333333
			12.2727272727273	-15.8333333333333
			12.3484848484848	-15.8333333333333
			12.4242424242424	-15.9090909090909
			12.5	-15.9090909090909
			12.5757575757576	-15.9090909090909
			12.6515151515152	-15.9090909090909
			12.7272727272727	-15.9090909090909
			12.7272727272727	-15.8333333333333
			12.8030303030303	-15.8333333333333
			12.8787878787879	-15.8333333333333
			12.9545454545455	-15.8333333333333
			13.030303030303	-15.8333333333333
			13.1060606060606	-15.8333333333333
			13.1818181818182	-15.8333333333333
			13.2575757575758	-15.8333333333333
			13.3333333333333	-15.8333333333333
			13.4090909090909	-15.8333333333333
			13.4848484848485	-15.8333333333333
			13.5606060606061	-15.7575757575758
			13.6363636363636	-15.7575757575758
			13.7121212121212	-15.7575757575758
			13.7878787878788	-15.7575757575758
			13.8636363636364	-15.7575757575758
			13.9393939393939	-15.7575757575758
			14.0151515151515	-15.7575757575758
			14.0909090909091	-15.6818181818182
			14.1666666666667	-15.6818181818182
			14.2424242424242	-15.6818181818182
			14.3181818181818	-15.6818181818182
			14.3939393939394	-15.6818181818182
			14.3939393939394	-15.6060606060606
			14.469696969697	-15.6060606060606
			14.5454545454545	-15.6060606060606
			14.6212121212121	-15.6060606060606
			14.6969696969697	-15.6060606060606
			14.7727272727273	-15.530303030303
			14.8484848484848	-15.530303030303
			14.9242424242424	-15.530303030303
			15	-15.530303030303
			15.0757575757576	-15.4545454545455
			15.1515151515152	-15.4545454545455
			15.2272727272727	-15.4545454545455
			15.3030303030303	-15.3787878787879
			15.3787878787879	-15.3787878787879
			15.4545454545455	-15.3787878787879
			15.530303030303	-15.3787878787879
			15.6060606060606	-15.3030303030303
			15.6818181818182	-15.3030303030303
			15.7575757575758	-15.3030303030303
			15.8333333333333	-15.2272727272727
			15.9090909090909	-15.2272727272727
			15.9848484848485	-15.2272727272727
			16.0606060606061	-15.2272727272727
			16.1363636363636	-15.1515151515152
			16.2121212121212	-15.1515151515152
			16.2878787878788	-15.0757575757576
			16.3636363636364	-15.0757575757576
			16.4393939393939	-15.0757575757576
			16.5151515151515	-15
			16.5909090909091	-15
			16.6666666666667	-14.9242424242424
			16.7424242424242	-14.9242424242424
			16.8181818181818	-14.8484848484848
			16.8939393939394	-14.8484848484848
			16.969696969697	-14.8484848484848
			17.0454545454545	-14.7727272727273
			17.1212121212121	-14.6969696969697
			17.1969696969697	-14.6969696969697
			17.2727272727273	-14.6212121212121
			17.3484848484848	-14.6212121212121
			17.4242424242424	-14.5454545454545
			17.5	-14.5454545454545
			17.5757575757576	-14.469696969697
			17.6515151515152	-14.3939393939394
			17.7272727272727	-14.3939393939394
			17.8030303030303	-14.3181818181818
			17.8787878787879	-14.3181818181818
			17.9545454545455	-14.2424242424242
			18.030303030303	-14.1666666666667
			18.1060606060606	-14.1666666666667
			18.1818181818182	-14.1666666666667
			18.1818181818182	-14.0909090909091
			18.2575757575758	-14.0909090909091
			18.3333333333333	-14.0151515151515
			18.4090909090909	-14.0151515151515
			18.4848484848485	-13.9393939393939
			18.5606060606061	-13.8636363636364
			18.6363636363636	-13.7878787878788
			18.7121212121212	-13.7121212121212
			18.7878787878788	-13.7121212121212
			18.8636363636364	-13.6363636363636
			18.9393939393939	-13.6363636363636
			18.9393939393939	-13.5606060606061
			19.0151515151515	-13.5606060606061
			19.0909090909091	-13.4848484848485
			19.1666666666667	-13.4090909090909
			19.2424242424242	-13.3333333333333
			19.3181818181818	-13.3333333333333
			19.3939393939394	-13.2575757575758
			19.469696969697	-13.2575757575758
			19.469696969697	-13.1818181818182
			19.5454545454545	-13.1060606060606
			19.6212121212121	-13.1060606060606
			19.6969696969697	-13.030303030303
			19.7727272727273	-12.9545454545455
			19.8484848484848	-12.8787878787879
			19.9242424242424	-12.8030303030303
			20	-12.8030303030303
			20.0757575757576	-12.7272727272727
			20.1515151515152	-12.6515151515152
			20.2272727272727	-12.5757575757576
			20.2272727272727	-12.5
			20.3030303030303	-12.5
			20.3787878787879	-12.4242424242424
			20.4545454545455	-12.3484848484848
			20.530303030303	-12.2727272727273
			20.6060606060606	-12.1969696969697
			20.6818181818182	-12.1212121212121
			20.7575757575758	-12.0454545454545
			20.8333333333333	-11.969696969697
			20.9090909090909	-11.8939393939394
			20.9848484848485	-11.8181818181818
			21.0606060606061	-11.7424242424242
			21.1363636363636	-11.6666666666667
			21.2121212121212	-11.5909090909091
			21.2878787878788	-11.5151515151515
			21.3636363636364	-11.4393939393939
			21.3636363636364	-11.3636363636364
			21.4393939393939	-11.2878787878788
			21.4393939393939	-11.2121212121212
			21.5151515151515	-11.1363636363636
			21.5909090909091	-11.0606060606061
			21.5909090909091	-10.9848484848485
			21.6666666666667	-10.9090909090909
			21.7424242424242	-10.8333333333333
			21.7424242424242	-10.7575757575758
			21.8181818181818	-10.6818181818182
			21.8939393939394	-10.6060606060606
			21.8939393939394	-10.530303030303
			21.969696969697	-10.4545454545455
			21.969696969697	-10.3787878787879
			22.0454545454545	-10.3030303030303
			22.1212121212121	-10.2272727272727
			22.1212121212121	-10.1515151515152
			22.1969696969697	-10.0757575757576
			22.1969696969697	-10
			22.2727272727273	-9.92424242424242
			22.2727272727273	-9.84848484848485
			22.2727272727273	-9.77272727272727
			22.3484848484848	-9.6969696969697
			22.4242424242424	-9.62121212121212
			22.4242424242424	-9.54545454545454
			22.4242424242424	-9.46969696969697
			22.5	-9.39393939393939
			22.5	-9.31818181818182
			22.5757575757576	-9.24242424242424
			22.5757575757576	-9.16666666666667
			22.6515151515152	-9.09090909090909
			22.6515151515152	-9.01515151515152
			22.6515151515152	-8.93939393939394
			22.7272727272727	-8.93939393939394
			22.7272727272727	-8.86363636363636
			22.7272727272727	-8.78787878787879
			22.8030303030303	-8.71212121212121
			22.8030303030303	-8.63636363636364
			22.8787878787879	-8.56060606060606
			22.8787878787879	-8.48484848484848
			22.8787878787879	-8.40909090909091
			22.8787878787879	-8.33333333333333
			22.9545454545455	-8.25757575757576
			22.9545454545455	-8.18181818181818
			23.030303030303	-8.10606060606061
			23.030303030303	-8.03030303030303
			23.030303030303	-7.95454545454546
			23.1060606060606	-7.87878787878788
			23.1060606060606	-7.8030303030303
			23.1060606060606	-7.72727272727273
			23.1818181818182	-7.65151515151515
			23.1818181818182	-7.57575757575758
			23.1818181818182	-7.5
			23.1818181818182	-7.42424242424242
			23.1818181818182	-7.34848484848485
			23.2575757575758	-7.34848484848485
			23.2575757575758	-7.27272727272727
			23.2575757575758	-7.1969696969697
			23.2575757575758	-7.12121212121212
			23.2575757575758	-7.04545454545455
			23.3333333333333	-6.96969696969697
			23.3333333333333	-6.89393939393939
			23.3333333333333	-6.81818181818182
			23.3333333333333	-6.74242424242424
			23.3333333333333	-6.66666666666667
			23.4090909090909	-6.59090909090909
			23.4090909090909	-6.51515151515152
			23.4090909090909	-6.43939393939394
			23.4090909090909	-6.36363636363636
			23.3333333333333	-6.28787878787879
			23.3333333333333	-6.21212121212121
			23.2575757575758	-6.13636363636364
			23.2575757575758	-6.06060606060606
			23.1818181818182	-5.98484848484849
			23.1818181818182	-5.90909090909091
			23.1060606060606	-5.83333333333333
			23.1060606060606	-5.75757575757576
			23.030303030303	-5.68181818181818
			23.030303030303	-5.60606060606061
			22.9545454545455	-5.53030303030303
			22.8787878787879	-5.45454545454546
			22.8787878787879	-5.37878787878788
			22.8030303030303	-5.3030303030303
			22.7272727272727	-5.22727272727273
			22.7272727272727	-5.15151515151515
			22.6515151515152	-5.07575757575758
			22.5757575757576	-5
			22.5	-4.92424242424242
			22.5	-4.84848484848485
			22.4242424242424	-4.77272727272727
			22.3484848484848	-4.6969696969697
			22.3484848484848	-4.62121212121212
			22.2727272727273	-4.54545454545455
			22.1969696969697	-4.46969696969697
			22.1212121212121	-4.39393939393939
			22.0454545454545	-4.31818181818182
			21.969696969697	-4.24242424242424
			21.8939393939394	-4.16666666666667
			21.8181818181818	-4.09090909090909
			21.7424242424242	-4.01515151515152
			21.7424242424242	-3.93939393939394
			21.6666666666667	-3.93939393939394
			21.5909090909091	-3.86363636363636
			21.5151515151515	-3.78787878787879
			21.4393939393939	-3.71212121212121
			21.3636363636364	-3.63636363636364
			21.2878787878788	-3.56060606060606
			21.2121212121212	-3.48484848484848
			21.1363636363636	-3.40909090909091
			21.0606060606061	-3.40909090909091
			20.9848484848485	-3.33333333333333
			20.9090909090909	-3.25757575757576
			20.8333333333333	-3.25757575757576
			20.7575757575758	-3.18181818181818
			20.6818181818182	-3.10606060606061
			20.6060606060606	-3.10606060606061
			20.530303030303	-3.10606060606061
			20.4545454545455	-3.10606060606061
			20.4545454545455	-3.03030303030303
			20.3787878787879	-3.03030303030303
			20.3030303030303	-3.03030303030303
			20.3030303030303	-2.95454545454545
			20.2272727272727	-2.95454545454545
			20.1515151515152	-2.95454545454545
			20.0757575757576	-2.95454545454545
			20	-2.95454545454545
			20	-2.87878787878788
			19.9242424242424	-2.87878787878788
			19.8484848484848	-2.87878787878788
			19.7727272727273	-2.87878787878788
			19.6969696969697	-2.87878787878788
			19.6969696969697	-2.8030303030303
			19.6212121212121	-2.8030303030303
			19.5454545454545	-2.8030303030303
			19.469696969697	-2.8030303030303
			19.3939393939394	-2.8030303030303
			19.3181818181818	-2.8030303030303
			19.2424242424242	-2.8030303030303
			19.1666666666667	-2.8030303030303
			19.0909090909091	-2.8030303030303
			19.0151515151515	-2.8030303030303
			18.9393939393939	-2.8030303030303
			18.8636363636364	-2.8030303030303
			18.7878787878788	-2.8030303030303
			18.7121212121212	-2.8030303030303
			18.6363636363636	-2.8030303030303
			18.5606060606061	-2.8030303030303
			18.4848484848485	-2.8030303030303
			18.4090909090909	-2.8030303030303
			18.3333333333333	-2.8030303030303
			18.2575757575758	-2.8030303030303
			18.1818181818182	-2.8030303030303
			18.1060606060606	-2.8030303030303
			18.030303030303	-2.8030303030303
			17.9545454545455	-2.87878787878788
			17.8787878787879	-2.87878787878788
			17.8030303030303	-2.87878787878788
			17.7272727272727	-2.87878787878788
			17.6515151515152	-2.87878787878788
			17.5757575757576	-2.87878787878788
			17.5	-2.95454545454545
			17.4242424242424	-2.95454545454545
			17.3484848484848	-2.95454545454545
			17.2727272727273	-2.95454545454545
			17.1969696969697	-2.95454545454545
			17.1212121212121	-3.03030303030303
			17.0454545454545	-3.03030303030303
			16.969696969697	-3.03030303030303
			16.8939393939394	-3.03030303030303
			16.8181818181818	-3.10606060606061
			16.7424242424242	-3.10606060606061
			16.6666666666667	-3.10606060606061
			16.5909090909091	-3.18181818181818
			16.5151515151515	-3.18181818181818
			16.4393939393939	-3.18181818181818
		</margin>
	</curves.scaled>
	<ruler.points type=matrix rownames=TRUE colnames=FALSE nrow=2 ncol=2 as.numeric=TRUE >
		Ruler point 1	4	192
		Ruler point 2	70	192
	</ruler.points>
</shapes>

