<shapes type=list>
	<ruler.pixel type=vector names=FALSE length=1 as.numeric=TRUE >408</ruler.pixel>
	<ruler.interval type=vector names=FALSE length=1 as.numeric=TRUE >5.3</ruler.interval>
	<scaling.units type=vector names=FALSE length=1 as.numeric=FALSE >mm</scaling.units>
	<scaling type=vector names=FALSE length=1 as.numeric=TRUE >0.0129901960784314</scaling>
	<landmarks.pixel type=matrix rownames=TRUE colnames=FALSE nrow=7 ncol=2 as.numeric=TRUE >
		LM1	235	310
		LM2	235	535
		LM3	235	591
		LM4	235	591
		LM5	285	344
		LM6	396	405
		LM7	396	405
	</landmarks.pixel>
	<landmarks.scaled type=matrix rownames=TRUE colnames=FALSE nrow=7 ncol=2 as.numeric=TRUE >
		LM1	3.05269607843137	-4.02696078431372
		LM2	3.05269607843137	-6.94975490196078
		LM3	3.05269607843137	-7.67720588235294
		LM4	3.05269607843137	-7.67720588235294
		LM5	3.70220588235294	-4.46862745098039
		LM6	5.14411764705882	-5.26102941176471
		LM7	5.14411764705882	-5.26102941176471
	</landmarks.scaled>
	<curves.control type=list>
		<axis type=matrix rownames=FALSE colnames=FALSE nrow=5 ncol=2 as.numeric=TRUE >
			235	310
			267	318
			285	344
			271	535
			235	535
		</axis>
		<border type=matrix rownames=FALSE colnames=FALSE nrow=5 ncol=2 as.numeric=TRUE >
			235	591
			314	595
			358	527
			380	474
			396	405
		</border>
		<margin type=matrix rownames=FALSE colnames=FALSE nrow=7 ncol=2 as.numeric=TRUE >
			235	591
			314	595
			358	528
			380	474
			396	404
			342	330
			285	344
		</margin>
	</curves.control>
	<curves.pixel type=list>
		<axis type=matrix rownames=FALSE colnames=FALSE nrow=256 ncol=2 as.numeric=TRUE >
			235	310
			236	310
			237	310
			238	311
			239	311
			240	311
			241	312
			242	312
			243	312
			244	313
			245	313
			246	313
			246	314
			247	314
			248	314
			249	315
			250	315
			251	316
			252	316
			253	316
			254	317
			255	317
			256	318
			257	319
			258	319
			259	320
			260	320
			260	321
			261	321
			262	322
			263	322
			264	323
			265	324
			266	324
			267	325
			268	326
			269	326
			270	327
			271	328
			271	329
			272	329
			273	330
			274	331
			275	332
			276	333
			277	334
			278	335
			279	336
			280	337
			281	338
			281	339
			282	340
			283	341
			284	342
			284	343
			285	344
			285	345
			285	346
			285	347
			285	348
			285	349
			285	350
			285	351
			284	352
			284	353
			284	354
			284	355
			284	356
			284	357
			284	358
			284	359
			284	360
			284	361
			284	362
			284	363
			283	364
			283	365
			283	366
			283	367
			283	368
			283	369
			283	370
			283	371
			283	372
			283	373
			283	374
			282	375
			282	376
			282	377
			282	378
			282	379
			282	380
			282	381
			282	382
			282	383
			282	384
			282	385
			281	386
			281	387
			281	388
			281	389
			281	390
			281	391
			281	392
			281	393
			281	394
			281	395
			280	395
			280	396
			280	397
			280	398
			280	399
			280	400
			280	401
			280	402
			280	403
			280	404
			279	405
			279	406
			279	407
			279	408
			279	409
			279	410
			279	411
			279	412
			278	413
			278	414
			278	415
			278	416
			278	417
			278	418
			278	419
			278	420
			278	421
			277	421
			277	422
			277	423
			277	424
			277	425
			277	426
			277	427
			277	428
			276	429
			276	430
			276	431
			276	432
			276	433
			276	434
			276	435
			275	436
			275	437
			275	438
			275	439
			275	440
			275	441
			275	442
			274	443
			274	444
			274	445
			274	446
			274	447
			274	448
			273	449
			273	450
			273	451
			273	452
			273	453
			273	454
			272	455
			272	456
			272	457
			272	458
			272	459
			271	460
			271	461
			271	462
			271	463
			271	464
			270	465
			270	466
			270	467
			270	468
			270	469
			269	470
			269	471
			269	472
			269	473
			269	474
			268	475
			268	476
			268	477
			268	478
			268	479
			267	480
			267	481
			267	482
			266	483
			266	484
			266	485
			266	486
			265	487
			265	488
			265	489
			265	490
			264	491
			264	492
			264	493
			264	494
			263	495
			263	496
			263	497
			263	498
			262	499
			262	500
			261	501
			261	502
			261	503
			260	504
			260	505
			260	506
			259	507
			259	508
			259	509
			258	510
			258	511
			257	512
			257	513
			256	514
			256	515
			256	516
			255	517
			255	518
			254	519
			253	520
			253	521
			252	522
			252	523
			251	524
			251	525
			250	525
			249	526
			249	527
			248	528
			247	529
			246	530
			245	531
			244	532
			243	532
			242	533
			241	534
			240	534
			239	534
			238	535
			237	535
			236	535
			235	535
		</axis>
		<border type=matrix rownames=FALSE colnames=FALSE nrow=260 ncol=2 as.numeric=TRUE >
			235	591
			236	591
			237	591
			238	591
			239	591
			240	591
			241	591
			242	591
			243	591
			244	591
			245	591
			246	591
			247	591
			248	591
			249	591
			250	591
			251	591
			252	591
			253	591
			254	591
			255	591
			256	591
			257	591
			258	591
			259	591
			259	590
			260	590
			261	590
			262	590
			263	590
			264	590
			265	590
			266	590
			267	589
			268	589
			269	589
			270	589
			271	589
			272	588
			273	588
			274	588
			275	588
			276	588
			277	587
			278	587
			279	587
			280	587
			281	586
			282	586
			283	586
			284	586
			284	585
			285	585
			286	585
			287	585
			288	584
			289	584
			290	584
			291	583
			292	583
			293	582
			294	582
			295	582
			296	581
			297	581
			298	580
			299	580
			300	579
			301	579
			302	579
			303	578
			304	578
			305	577
			306	577
			307	576
			308	575
			309	575
			310	574
			311	574
			312	573
			313	573
			314	572
			315	572
			316	571
			316	570
			317	570
			318	569
			319	569
			320	568
			321	567
			322	567
			323	566
			324	565
			325	564
			326	563
			327	562
			328	561
			329	561
			330	560
			331	559
			332	558
			333	557
			334	556
			335	556
			335	555
			336	554
			337	553
			338	553
			338	552
			339	551
			340	551
			340	550
			341	549
			342	548
			343	547
			344	546
			345	545
			345	544
			346	543
			347	542
			348	541
			349	540
			349	539
			350	538
			351	537
			352	536
			352	535
			353	534
			354	533
			355	532
			355	531
			356	530
			357	529
			358	528
			358	527
			358	526
			359	525
			359	524
			360	523
			360	522
			360	521
			361	521
			361	520
			361	519
			362	518
			362	517
			362	516
			363	515
			363	514
			363	513
			364	513
			364	512
			364	511
			365	510
			365	509
			365	508
			366	507
			366	506
			366	505
			367	504
			367	503
			368	503
			368	502
			368	501
			369	500
			369	499
			369	498
			370	497
			370	496
			370	495
			371	494
			371	493
			371	492
			371	491
			372	490
			372	489
			373	488
			373	487
			373	486
			374	485
			374	484
			374	483
			375	482
			375	481
			375	480
			376	479
			376	478
			376	477
			377	476
			377	475
			377	474
			378	473
			378	472
			378	471
			379	470
			379	469
			379	468
			380	467
			380	466
			380	465
			380	464
			381	463
			381	462
			381	461
			382	460
			382	459
			382	458
			382	457
			383	456
			383	455
			383	454
			384	453
			384	452
			384	451
			385	450
			385	449
			385	448
			385	447
			386	446
			386	445
			386	444
			386	443
			387	442
			387	441
			387	440
			388	439
			388	438
			388	437
			388	436
			389	435
			389	434
			389	433
			389	432
			390	431
			390	430
			390	429
			390	428
			391	427
			391	426
			391	425
			391	424
			392	423
			392	422
			392	421
			392	420
			393	419
			393	418
			393	417
			393	416
			394	415
			394	414
			394	413
			394	412
			395	411
			395	410
			395	409
			395	408
			396	407
			396	406
			396	405
		</border>
		<margin type=matrix rownames=FALSE colnames=FALSE nrow=387 ncol=2 as.numeric=TRUE >
			235	591
			236	591
			237	591
			238	591
			239	591
			240	591
			241	591
			242	591
			243	591
			244	591
			245	591
			246	591
			247	591
			248	591
			249	591
			250	591
			251	591
			252	591
			253	591
			254	591
			255	591
			256	591
			257	591
			258	591
			259	591
			260	590
			261	590
			262	590
			263	590
			264	590
			265	590
			266	590
			267	589
			268	589
			269	589
			270	589
			271	589
			272	589
			273	588
			274	588
			275	588
			276	588
			277	588
			278	587
			279	587
			280	587
			281	586
			282	586
			283	586
			284	586
			285	585
			286	585
			287	585
			288	585
			288	584
			289	584
			290	584
			291	584
			291	583
			292	583
			293	583
			294	582
			295	582
			296	581
			297	581
			298	581
			299	580
			300	580
			301	579
			302	579
			303	578
			304	578
			305	577
			306	577
			307	576
			308	576
			309	575
			310	575
			311	574
			312	573
			313	573
			314	572
			315	572
			316	571
			317	570
			318	570
			319	569
			320	568
			321	568
			322	567
			323	566
			324	566
			324	565
			325	564
			326	564
			327	563
			328	562
			329	561
			330	561
			331	560
			332	559
			332	558
			333	558
			334	557
			335	556
			336	555
			337	554
			338	553
			339	552
			340	551
			341	550
			342	549
			342	548
			343	548
			344	547
			344	546
			345	546
			345	545
			346	544
			347	543
			348	542
			349	541
			350	540
			350	539
			351	538
			351	537
			352	536
			353	536
			353	535
			354	534
			355	533
			355	532
			356	531
			357	530
			357	529
			358	528
			358	527
			359	527
			359	526
			359	525
			359	524
			360	524
			360	523
			360	522
			361	521
			361	520
			362	519
			362	518
			362	517
			363	516
			363	515
			363	514
			364	513
			364	512
			365	511
			365	510
			365	509
			366	508
			366	507
			367	506
			367	505
			367	504
			367	503
			368	503
			368	502
			368	501
			369	500
			369	499
			369	498
			370	497
			370	496
			370	495
			371	494
			371	493
			372	492
			372	491
			372	490
			373	489
			373	488
			373	487
			373	486
			374	485
			374	484
			374	483
			375	482
			375	481
			375	480
			376	479
			376	478
			376	477
			377	476
			377	475
			377	474
			378	473
			378	472
			378	471
			379	470
			379	469
			379	468
			379	467
			380	466
			380	465
			380	464
			381	463
			381	462
			381	461
			382	460
			382	459
			382	458
			382	457
			383	456
			383	455
			383	454
			384	453
			384	452
			384	451
			384	450
			385	449
			385	448
			385	447
			386	446
			386	445
			386	444
			386	443
			387	442
			387	441
			387	440
			387	439
			388	438
			388	437
			388	436
			389	435
			389	434
			389	433
			389	432
			390	431
			390	430
			390	429
			390	428
			390	427
			391	426
			391	425
			391	424
			391	423
			392	423
			392	422
			392	421
			392	420
			393	419
			393	418
			393	417
			393	416
			393	415
			394	414
			394	413
			394	412
			394	411
			395	410
			395	409
			395	408
			395	407
			395	406
			396	406
			396	405
			396	404
			396	403
			395	403
			395	402
			394	401
			393	401
			393	400
			392	399
			391	398
			391	397
			390	396
			389	395
			388	394
			387	393
			387	392
			386	391
			385	390
			384	389
			384	388
			383	387
			382	386
			381	386
			381	385
			380	384
			379	383
			378	382
			377	381
			377	380
			376	380
			375	379
			374	378
			374	377
			373	376
			372	376
			371	375
			371	374
			370	373
			369	373
			368	372
			367	371
			366	370
			365	369
			364	368
			363	367
			362	367
			361	366
			360	365
			359	364
			358	363
			357	362
			356	362
			355	361
			354	360
			353	359
			352	359
			351	358
			350	357
			349	357
			349	356
			348	356
			347	355
			346	355
			345	354
			344	353
			343	353
			342	352
			341	352
			340	351
			339	351
			338	350
			337	350
			336	349
			335	349
			334	348
			333	348
			332	348
			331	347
			330	347
			329	346
			328	346
			327	346
			326	345
			325	345
			324	345
			323	345
			322	344
			321	344
			320	344
			319	344
			318	343
			317	343
			316	343
			315	343
			314	343
			313	343
			312	342
			311	342
			310	342
			309	342
			308	342
			307	342
			306	342
			305	342
			304	342
			303	342
			302	342
			301	342
			300	342
			299	342
			298	342
			297	342
			296	342
			295	342
			294	342
			293	342
			292	343
			291	343
			290	343
			289	343
			288	343
			287	344
			286	344
			285	344
		</margin>
	</curves.pixel>
	<curves.scaled type=list>
		<axis type=matrix rownames=FALSE colnames=FALSE nrow=256 ncol=2 as.numeric=TRUE >
			3.05269607843137	-4.02696078431372
			3.0656862745098	-4.02696078431372
			3.07867647058824	-4.02696078431372
			3.09166666666667	-4.03995098039216
			3.1046568627451	-4.03995098039216
			3.11764705882353	-4.03995098039216
			3.13063725490196	-4.05294117647059
			3.14362745098039	-4.05294117647059
			3.15661764705882	-4.05294117647059
			3.16960784313725	-4.06593137254902
			3.18259803921569	-4.06593137254902
			3.19558823529412	-4.06593137254902
			3.19558823529412	-4.07892156862745
			3.20857843137255	-4.07892156862745
			3.22156862745098	-4.07892156862745
			3.23455882352941	-4.09191176470588
			3.24754901960784	-4.09191176470588
			3.26053921568627	-4.10490196078431
			3.27352941176471	-4.10490196078431
			3.28651960784314	-4.10490196078431
			3.29950980392157	-4.11789215686274
			3.3125	-4.11789215686274
			3.32549019607843	-4.13088235294118
			3.33848039215686	-4.14387254901961
			3.35147058823529	-4.14387254901961
			3.36446078431373	-4.15686274509804
			3.37745098039216	-4.15686274509804
			3.37745098039216	-4.16985294117647
			3.39044117647059	-4.16985294117647
			3.40343137254902	-4.1828431372549
			3.41642156862745	-4.1828431372549
			3.42941176470588	-4.19583333333333
			3.44240196078431	-4.20882352941176
			3.45539215686274	-4.20882352941176
			3.46838235294118	-4.2218137254902
			3.48137254901961	-4.23480392156863
			3.49436274509804	-4.23480392156863
			3.50735294117647	-4.24779411764706
			3.5203431372549	-4.26078431372549
			3.5203431372549	-4.27377450980392
			3.53333333333333	-4.27377450980392
			3.54632352941176	-4.28676470588235
			3.5593137254902	-4.29975490196078
			3.57230392156863	-4.31274509803922
			3.58529411764706	-4.32573529411765
			3.59828431372549	-4.33872549019608
			3.61127450980392	-4.35171568627451
			3.62426470588235	-4.36470588235294
			3.63725490196078	-4.37769607843137
			3.65024509803922	-4.3906862745098
			3.65024509803922	-4.40367647058823
			3.66323529411765	-4.41666666666667
			3.67622549019608	-4.4296568627451
			3.68921568627451	-4.44264705882353
			3.68921568627451	-4.45563725490196
			3.70220588235294	-4.46862745098039
			3.70220588235294	-4.48161764705882
			3.70220588235294	-4.49460784313725
			3.70220588235294	-4.50759803921569
			3.70220588235294	-4.52058823529412
			3.70220588235294	-4.53357843137255
			3.70220588235294	-4.54656862745098
			3.70220588235294	-4.55955882352941
			3.68921568627451	-4.57254901960784
			3.68921568627451	-4.58553921568627
			3.68921568627451	-4.59852941176471
			3.68921568627451	-4.61151960784314
			3.68921568627451	-4.62450980392157
			3.68921568627451	-4.6375
			3.68921568627451	-4.65049019607843
			3.68921568627451	-4.66348039215686
			3.68921568627451	-4.67647058823529
			3.68921568627451	-4.68946078431373
			3.68921568627451	-4.70245098039216
			3.68921568627451	-4.71544117647059
			3.67622549019608	-4.72843137254902
			3.67622549019608	-4.74142156862745
			3.67622549019608	-4.75441176470588
			3.67622549019608	-4.76740196078431
			3.67622549019608	-4.78039215686274
			3.67622549019608	-4.79338235294118
			3.67622549019608	-4.80637254901961
			3.67622549019608	-4.81936274509804
			3.67622549019608	-4.83235294117647
			3.67622549019608	-4.8453431372549
			3.67622549019608	-4.85833333333333
			3.66323529411765	-4.87132352941176
			3.66323529411765	-4.8843137254902
			3.66323529411765	-4.89730392156863
			3.66323529411765	-4.91029411764706
			3.66323529411765	-4.92328431372549
			3.66323529411765	-4.93627450980392
			3.66323529411765	-4.94926470588235
			3.66323529411765	-4.96225490196078
			3.66323529411765	-4.97524509803922
			3.66323529411765	-4.98823529411765
			3.66323529411765	-5.00122549019608
			3.65024509803922	-5.01421568627451
			3.65024509803922	-5.02720588235294
			3.65024509803922	-5.04019607843137
			3.65024509803922	-5.0531862745098
			3.65024509803922	-5.06617647058823
			3.65024509803922	-5.07916666666667
			3.65024509803922	-5.0921568627451
			3.65024509803922	-5.10514705882353
			3.65024509803922	-5.11813725490196
			3.65024509803922	-5.13112745098039
			3.63725490196078	-5.13112745098039
			3.63725490196078	-5.14411764705882
			3.63725490196078	-5.15710784313725
			3.63725490196078	-5.17009803921569
			3.63725490196078	-5.18308823529412
			3.63725490196078	-5.19607843137255
			3.63725490196078	-5.20906862745098
			3.63725490196078	-5.22205882352941
			3.63725490196078	-5.23504901960784
			3.63725490196078	-5.24803921568627
			3.62426470588235	-5.26102941176471
			3.62426470588235	-5.27401960784314
			3.62426470588235	-5.28700980392157
			3.62426470588235	-5.3
			3.62426470588235	-5.31299019607843
			3.62426470588235	-5.32598039215686
			3.62426470588235	-5.33897058823529
			3.62426470588235	-5.35196078431373
			3.61127450980392	-5.36495098039216
			3.61127450980392	-5.37794117647059
			3.61127450980392	-5.39093137254902
			3.61127450980392	-5.40392156862745
			3.61127450980392	-5.41691176470588
			3.61127450980392	-5.42990196078431
			3.61127450980392	-5.44289215686274
			3.61127450980392	-5.45588235294118
			3.61127450980392	-5.46887254901961
			3.59828431372549	-5.46887254901961
			3.59828431372549	-5.48186274509804
			3.59828431372549	-5.49485294117647
			3.59828431372549	-5.5078431372549
			3.59828431372549	-5.52083333333333
			3.59828431372549	-5.53382352941176
			3.59828431372549	-5.5468137254902
			3.59828431372549	-5.55980392156863
			3.58529411764706	-5.57279411764706
			3.58529411764706	-5.58578431372549
			3.58529411764706	-5.59877450980392
			3.58529411764706	-5.61176470588235
			3.58529411764706	-5.62475490196078
			3.58529411764706	-5.63774509803922
			3.58529411764706	-5.65073529411765
			3.57230392156863	-5.66372549019608
			3.57230392156863	-5.67671568627451
			3.57230392156863	-5.68970588235294
			3.57230392156863	-5.70269607843137
			3.57230392156863	-5.7156862745098
			3.57230392156863	-5.72867647058824
			3.57230392156863	-5.74166666666667
			3.5593137254902	-5.7546568627451
			3.5593137254902	-5.76764705882353
			3.5593137254902	-5.78063725490196
			3.5593137254902	-5.79362745098039
			3.5593137254902	-5.80661764705882
			3.5593137254902	-5.81960784313725
			3.54632352941176	-5.83259803921569
			3.54632352941176	-5.84558823529412
			3.54632352941176	-5.85857843137255
			3.54632352941176	-5.87156862745098
			3.54632352941176	-5.88455882352941
			3.54632352941176	-5.89754901960784
			3.53333333333333	-5.91053921568627
			3.53333333333333	-5.92352941176471
			3.53333333333333	-5.93651960784314
			3.53333333333333	-5.94950980392157
			3.53333333333333	-5.9625
			3.5203431372549	-5.97549019607843
			3.5203431372549	-5.98848039215686
			3.5203431372549	-6.00147058823529
			3.5203431372549	-6.01446078431372
			3.5203431372549	-6.02745098039216
			3.50735294117647	-6.04044117647059
			3.50735294117647	-6.05343137254902
			3.50735294117647	-6.06642156862745
			3.50735294117647	-6.07941176470588
			3.50735294117647	-6.09240196078431
			3.49436274509804	-6.10539215686274
			3.49436274509804	-6.11838235294118
			3.49436274509804	-6.13137254901961
			3.49436274509804	-6.14436274509804
			3.49436274509804	-6.15735294117647
			3.48137254901961	-6.1703431372549
			3.48137254901961	-6.18333333333333
			3.48137254901961	-6.19632352941176
			3.48137254901961	-6.2093137254902
			3.48137254901961	-6.22230392156863
			3.46838235294118	-6.23529411764706
			3.46838235294118	-6.24828431372549
			3.46838235294118	-6.26127450980392
			3.45539215686274	-6.27426470588235
			3.45539215686274	-6.28725490196078
			3.45539215686274	-6.30024509803922
			3.45539215686274	-6.31323529411765
			3.44240196078431	-6.32622549019608
			3.44240196078431	-6.33921568627451
			3.44240196078431	-6.35220588235294
			3.44240196078431	-6.36519607843137
			3.42941176470588	-6.3781862745098
			3.42941176470588	-6.39117647058823
			3.42941176470588	-6.40416666666667
			3.42941176470588	-6.4171568627451
			3.41642156862745	-6.43014705882353
			3.41642156862745	-6.44313725490196
			3.41642156862745	-6.45612745098039
			3.41642156862745	-6.46911764705882
			3.40343137254902	-6.48210784313725
			3.40343137254902	-6.49509803921569
			3.39044117647059	-6.50808823529412
			3.39044117647059	-6.52107843137255
			3.39044117647059	-6.53406862745098
			3.37745098039216	-6.54705882352941
			3.37745098039216	-6.56004901960784
			3.37745098039216	-6.57303921568627
			3.36446078431373	-6.5860294117647
			3.36446078431373	-6.59901960784314
			3.36446078431373	-6.61200980392157
			3.35147058823529	-6.625
			3.35147058823529	-6.63799019607843
			3.33848039215686	-6.65098039215686
			3.33848039215686	-6.66397058823529
			3.32549019607843	-6.67696078431373
			3.32549019607843	-6.68995098039216
			3.32549019607843	-6.70294117647059
			3.3125	-6.71593137254902
			3.3125	-6.72892156862745
			3.29950980392157	-6.74191176470588
			3.28651960784314	-6.75490196078431
			3.28651960784314	-6.76789215686274
			3.27352941176471	-6.78088235294118
			3.27352941176471	-6.79387254901961
			3.26053921568627	-6.80686274509804
			3.26053921568627	-6.81985294117647
			3.24754901960784	-6.81985294117647
			3.23455882352941	-6.8328431372549
			3.23455882352941	-6.84583333333333
			3.22156862745098	-6.85882352941176
			3.20857843137255	-6.8718137254902
			3.19558823529412	-6.88480392156863
			3.18259803921569	-6.89779411764706
			3.16960784313725	-6.91078431372549
			3.15661764705882	-6.91078431372549
			3.14362745098039	-6.92377450980392
			3.13063725490196	-6.93676470588235
			3.11764705882353	-6.93676470588235
			3.1046568627451	-6.93676470588235
			3.09166666666667	-6.94975490196078
			3.07867647058824	-6.94975490196078
			3.0656862745098	-6.94975490196078
			3.05269607843137	-6.94975490196078
		</axis>
		<border type=matrix rownames=FALSE colnames=FALSE nrow=260 ncol=2 as.numeric=TRUE >
			3.05269607843137	-7.67720588235294
			3.0656862745098	-7.67720588235294
			3.07867647058824	-7.67720588235294
			3.09166666666667	-7.67720588235294
			3.1046568627451	-7.67720588235294
			3.11764705882353	-7.67720588235294
			3.13063725490196	-7.67720588235294
			3.14362745098039	-7.67720588235294
			3.15661764705882	-7.67720588235294
			3.16960784313725	-7.67720588235294
			3.18259803921569	-7.67720588235294
			3.19558823529412	-7.67720588235294
			3.20857843137255	-7.67720588235294
			3.22156862745098	-7.67720588235294
			3.23455882352941	-7.67720588235294
			3.24754901960784	-7.67720588235294
			3.26053921568627	-7.67720588235294
			3.27352941176471	-7.67720588235294
			3.28651960784314	-7.67720588235294
			3.29950980392157	-7.67720588235294
			3.3125	-7.67720588235294
			3.32549019607843	-7.67720588235294
			3.33848039215686	-7.67720588235294
			3.35147058823529	-7.67720588235294
			3.36446078431373	-7.67720588235294
			3.36446078431373	-7.66421568627451
			3.37745098039216	-7.66421568627451
			3.39044117647059	-7.66421568627451
			3.40343137254902	-7.66421568627451
			3.41642156862745	-7.66421568627451
			3.42941176470588	-7.66421568627451
			3.44240196078431	-7.66421568627451
			3.45539215686274	-7.66421568627451
			3.46838235294118	-7.65122549019608
			3.48137254901961	-7.65122549019608
			3.49436274509804	-7.65122549019608
			3.50735294117647	-7.65122549019608
			3.5203431372549	-7.65122549019608
			3.53333333333333	-7.63823529411765
			3.54632352941176	-7.63823529411765
			3.5593137254902	-7.63823529411765
			3.57230392156863	-7.63823529411765
			3.58529411764706	-7.63823529411765
			3.59828431372549	-7.62524509803922
			3.61127450980392	-7.62524509803922
			3.62426470588235	-7.62524509803922
			3.63725490196078	-7.62524509803922
			3.65024509803922	-7.61225490196078
			3.66323529411765	-7.61225490196078
			3.67622549019608	-7.61225490196078
			3.68921568627451	-7.61225490196078
			3.68921568627451	-7.59926470588235
			3.70220588235294	-7.59926470588235
			3.71519607843137	-7.59926470588235
			3.7281862745098	-7.59926470588235
			3.74117647058823	-7.58627450980392
			3.75416666666667	-7.58627450980392
			3.7671568627451	-7.58627450980392
			3.78014705882353	-7.57328431372549
			3.79313725490196	-7.57328431372549
			3.80612745098039	-7.56029411764706
			3.81911764705882	-7.56029411764706
			3.83210784313725	-7.56029411764706
			3.84509803921569	-7.54730392156863
			3.85808823529412	-7.54730392156863
			3.87107843137255	-7.5343137254902
			3.88406862745098	-7.5343137254902
			3.89705882352941	-7.52132352941176
			3.91004901960784	-7.52132352941176
			3.92303921568627	-7.52132352941176
			3.93602941176471	-7.50833333333333
			3.94901960784314	-7.50833333333333
			3.96200980392157	-7.4953431372549
			3.975	-7.4953431372549
			3.98799019607843	-7.48235294117647
			4.00098039215686	-7.46936274509804
			4.01397058823529	-7.46936274509804
			4.02696078431372	-7.45637254901961
			4.03995098039216	-7.45637254901961
			4.05294117647059	-7.44338235294118
			4.06593137254902	-7.44338235294118
			4.07892156862745	-7.43039215686274
			4.09191176470588	-7.43039215686274
			4.10490196078431	-7.41740196078431
			4.10490196078431	-7.40441176470588
			4.11789215686274	-7.40441176470588
			4.13088235294118	-7.39142156862745
			4.14387254901961	-7.39142156862745
			4.15686274509804	-7.37843137254902
			4.16985294117647	-7.36544117647059
			4.1828431372549	-7.36544117647059
			4.19583333333333	-7.35245098039216
			4.20882352941176	-7.33946078431372
			4.2218137254902	-7.32647058823529
			4.23480392156863	-7.31348039215686
			4.24779411764706	-7.30049019607843
			4.26078431372549	-7.2875
			4.27377450980392	-7.2875
			4.28676470588235	-7.27450980392157
			4.29975490196078	-7.26151960784314
			4.31274509803922	-7.24852941176471
			4.32573529411765	-7.23553921568627
			4.33872549019608	-7.22254901960784
			4.35171568627451	-7.22254901960784
			4.35171568627451	-7.20955882352941
			4.36470588235294	-7.19656862745098
			4.37769607843137	-7.18357843137255
			4.3906862745098	-7.18357843137255
			4.3906862745098	-7.17058823529412
			4.40367647058823	-7.15759803921569
			4.41666666666667	-7.15759803921569
			4.41666666666667	-7.14460784313725
			4.4296568627451	-7.13161764705882
			4.44264705882353	-7.11862745098039
			4.45563725490196	-7.10563725490196
			4.46862745098039	-7.09264705882353
			4.48161764705882	-7.0796568627451
			4.48161764705882	-7.06666666666667
			4.49460784313725	-7.05367647058823
			4.50759803921569	-7.0406862745098
			4.52058823529412	-7.02769607843137
			4.53357843137255	-7.01470588235294
			4.53357843137255	-7.00171568627451
			4.54656862745098	-6.98872549019608
			4.55955882352941	-6.97573529411765
			4.57254901960784	-6.96274509803921
			4.57254901960784	-6.94975490196078
			4.58553921568627	-6.93676470588235
			4.59852941176471	-6.92377450980392
			4.61151960784314	-6.91078431372549
			4.61151960784314	-6.89779411764706
			4.62450980392157	-6.88480392156863
			4.6375	-6.8718137254902
			4.65049019607843	-6.85882352941176
			4.65049019607843	-6.84583333333333
			4.65049019607843	-6.8328431372549
			4.66348039215686	-6.81985294117647
			4.66348039215686	-6.80686274509804
			4.67647058823529	-6.79387254901961
			4.67647058823529	-6.78088235294118
			4.67647058823529	-6.76789215686274
			4.68946078431373	-6.76789215686274
			4.68946078431373	-6.75490196078431
			4.68946078431373	-6.74191176470588
			4.70245098039216	-6.72892156862745
			4.70245098039216	-6.71593137254902
			4.70245098039216	-6.70294117647059
			4.71544117647059	-6.68995098039216
			4.71544117647059	-6.67696078431373
			4.71544117647059	-6.66397058823529
			4.72843137254902	-6.66397058823529
			4.72843137254902	-6.65098039215686
			4.72843137254902	-6.63799019607843
			4.74142156862745	-6.625
			4.74142156862745	-6.61200980392157
			4.74142156862745	-6.59901960784314
			4.75441176470588	-6.5860294117647
			4.75441176470588	-6.57303921568627
			4.75441176470588	-6.56004901960784
			4.76740196078431	-6.54705882352941
			4.76740196078431	-6.53406862745098
			4.78039215686274	-6.53406862745098
			4.78039215686274	-6.52107843137255
			4.78039215686274	-6.50808823529412
			4.79338235294118	-6.49509803921569
			4.79338235294118	-6.48210784313725
			4.79338235294118	-6.46911764705882
			4.80637254901961	-6.45612745098039
			4.80637254901961	-6.44313725490196
			4.80637254901961	-6.43014705882353
			4.81936274509804	-6.4171568627451
			4.81936274509804	-6.40416666666667
			4.81936274509804	-6.39117647058823
			4.81936274509804	-6.3781862745098
			4.83235294117647	-6.36519607843137
			4.83235294117647	-6.35220588235294
			4.8453431372549	-6.33921568627451
			4.8453431372549	-6.32622549019608
			4.8453431372549	-6.31323529411765
			4.85833333333333	-6.30024509803922
			4.85833333333333	-6.28725490196078
			4.85833333333333	-6.27426470588235
			4.87132352941176	-6.26127450980392
			4.87132352941176	-6.24828431372549
			4.87132352941176	-6.23529411764706
			4.8843137254902	-6.22230392156863
			4.8843137254902	-6.2093137254902
			4.8843137254902	-6.19632352941176
			4.89730392156863	-6.18333333333333
			4.89730392156863	-6.1703431372549
			4.89730392156863	-6.15735294117647
			4.91029411764706	-6.14436274509804
			4.91029411764706	-6.13137254901961
			4.91029411764706	-6.11838235294118
			4.92328431372549	-6.10539215686274
			4.92328431372549	-6.09240196078431
			4.92328431372549	-6.07941176470588
			4.93627450980392	-6.06642156862745
			4.93627450980392	-6.05343137254902
			4.93627450980392	-6.04044117647059
			4.93627450980392	-6.02745098039216
			4.94926470588235	-6.01446078431372
			4.94926470588235	-6.00147058823529
			4.94926470588235	-5.98848039215686
			4.96225490196078	-5.97549019607843
			4.96225490196078	-5.9625
			4.96225490196078	-5.94950980392157
			4.96225490196078	-5.93651960784314
			4.97524509803922	-5.92352941176471
			4.97524509803922	-5.91053921568627
			4.97524509803922	-5.89754901960784
			4.98823529411765	-5.88455882352941
			4.98823529411765	-5.87156862745098
			4.98823529411765	-5.85857843137255
			5.00122549019608	-5.84558823529412
			5.00122549019608	-5.83259803921569
			5.00122549019608	-5.81960784313725
			5.00122549019608	-5.80661764705882
			5.01421568627451	-5.79362745098039
			5.01421568627451	-5.78063725490196
			5.01421568627451	-5.76764705882353
			5.01421568627451	-5.7546568627451
			5.02720588235294	-5.74166666666667
			5.02720588235294	-5.72867647058824
			5.02720588235294	-5.7156862745098
			5.04019607843137	-5.70269607843137
			5.04019607843137	-5.68970588235294
			5.04019607843137	-5.67671568627451
			5.04019607843137	-5.66372549019608
			5.0531862745098	-5.65073529411765
			5.0531862745098	-5.63774509803922
			5.0531862745098	-5.62475490196078
			5.0531862745098	-5.61176470588235
			5.06617647058823	-5.59877450980392
			5.06617647058823	-5.58578431372549
			5.06617647058823	-5.57279411764706
			5.06617647058823	-5.55980392156863
			5.07916666666667	-5.5468137254902
			5.07916666666667	-5.53382352941176
			5.07916666666667	-5.52083333333333
			5.07916666666667	-5.5078431372549
			5.0921568627451	-5.49485294117647
			5.0921568627451	-5.48186274509804
			5.0921568627451	-5.46887254901961
			5.0921568627451	-5.45588235294118
			5.10514705882353	-5.44289215686274
			5.10514705882353	-5.42990196078431
			5.10514705882353	-5.41691176470588
			5.10514705882353	-5.40392156862745
			5.11813725490196	-5.39093137254902
			5.11813725490196	-5.37794117647059
			5.11813725490196	-5.36495098039216
			5.11813725490196	-5.35196078431373
			5.13112745098039	-5.33897058823529
			5.13112745098039	-5.32598039215686
			5.13112745098039	-5.31299019607843
			5.13112745098039	-5.3
			5.14411764705882	-5.28700980392157
			5.14411764705882	-5.27401960784314
			5.14411764705882	-5.26102941176471
		</border>
		<margin type=matrix rownames=FALSE colnames=FALSE nrow=387 ncol=2 as.numeric=TRUE >
			3.05269607843137	-7.67720588235294
			3.0656862745098	-7.67720588235294
			3.07867647058824	-7.67720588235294
			3.09166666666667	-7.67720588235294
			3.1046568627451	-7.67720588235294
			3.11764705882353	-7.67720588235294
			3.13063725490196	-7.67720588235294
			3.14362745098039	-7.67720588235294
			3.15661764705882	-7.67720588235294
			3.16960784313725	-7.67720588235294
			3.18259803921569	-7.67720588235294
			3.19558823529412	-7.67720588235294
			3.20857843137255	-7.67720588235294
			3.22156862745098	-7.67720588235294
			3.23455882352941	-7.67720588235294
			3.24754901960784	-7.67720588235294
			3.26053921568627	-7.67720588235294
			3.27352941176471	-7.67720588235294
			3.28651960784314	-7.67720588235294
			3.29950980392157	-7.67720588235294
			3.3125	-7.67720588235294
			3.32549019607843	-7.67720588235294
			3.33848039215686	-7.67720588235294
			3.35147058823529	-7.67720588235294
			3.36446078431373	-7.67720588235294
			3.37745098039216	-7.66421568627451
			3.39044117647059	-7.66421568627451
			3.40343137254902	-7.66421568627451
			3.41642156862745	-7.66421568627451
			3.42941176470588	-7.66421568627451
			3.44240196078431	-7.66421568627451
			3.45539215686274	-7.66421568627451
			3.46838235294118	-7.65122549019608
			3.48137254901961	-7.65122549019608
			3.49436274509804	-7.65122549019608
			3.50735294117647	-7.65122549019608
			3.5203431372549	-7.65122549019608
			3.53333333333333	-7.65122549019608
			3.54632352941176	-7.63823529411765
			3.5593137254902	-7.63823529411765
			3.57230392156863	-7.63823529411765
			3.58529411764706	-7.63823529411765
			3.59828431372549	-7.63823529411765
			3.61127450980392	-7.62524509803922
			3.62426470588235	-7.62524509803922
			3.63725490196078	-7.62524509803922
			3.65024509803922	-7.61225490196078
			3.66323529411765	-7.61225490196078
			3.67622549019608	-7.61225490196078
			3.68921568627451	-7.61225490196078
			3.70220588235294	-7.59926470588235
			3.71519607843137	-7.59926470588235
			3.7281862745098	-7.59926470588235
			3.74117647058823	-7.59926470588235
			3.74117647058823	-7.58627450980392
			3.75416666666667	-7.58627450980392
			3.7671568627451	-7.58627450980392
			3.78014705882353	-7.58627450980392
			3.78014705882353	-7.57328431372549
			3.79313725490196	-7.57328431372549
			3.80612745098039	-7.57328431372549
			3.81911764705882	-7.56029411764706
			3.83210784313725	-7.56029411764706
			3.84509803921569	-7.54730392156863
			3.85808823529412	-7.54730392156863
			3.87107843137255	-7.54730392156863
			3.88406862745098	-7.5343137254902
			3.89705882352941	-7.5343137254902
			3.91004901960784	-7.52132352941176
			3.92303921568627	-7.52132352941176
			3.93602941176471	-7.50833333333333
			3.94901960784314	-7.50833333333333
			3.96200980392157	-7.4953431372549
			3.975	-7.4953431372549
			3.98799019607843	-7.48235294117647
			4.00098039215686	-7.48235294117647
			4.01397058823529	-7.46936274509804
			4.02696078431372	-7.46936274509804
			4.03995098039216	-7.45637254901961
			4.05294117647059	-7.44338235294118
			4.06593137254902	-7.44338235294118
			4.07892156862745	-7.43039215686274
			4.09191176470588	-7.43039215686274
			4.10490196078431	-7.41740196078431
			4.11789215686274	-7.40441176470588
			4.13088235294118	-7.40441176470588
			4.14387254901961	-7.39142156862745
			4.15686274509804	-7.37843137254902
			4.16985294117647	-7.37843137254902
			4.1828431372549	-7.36544117647059
			4.19583333333333	-7.35245098039216
			4.20882352941176	-7.35245098039216
			4.20882352941176	-7.33946078431372
			4.2218137254902	-7.32647058823529
			4.23480392156863	-7.32647058823529
			4.24779411764706	-7.31348039215686
			4.26078431372549	-7.30049019607843
			4.27377450980392	-7.2875
			4.28676470588235	-7.2875
			4.29975490196078	-7.27450980392157
			4.31274509803922	-7.26151960784314
			4.31274509803922	-7.24852941176471
			4.32573529411765	-7.24852941176471
			4.33872549019608	-7.23553921568627
			4.35171568627451	-7.22254901960784
			4.36470588235294	-7.20955882352941
			4.37769607843137	-7.19656862745098
			4.3906862745098	-7.18357843137255
			4.40367647058823	-7.17058823529412
			4.41666666666667	-7.15759803921569
			4.4296568627451	-7.14460784313725
			4.44264705882353	-7.13161764705882
			4.44264705882353	-7.11862745098039
			4.45563725490196	-7.11862745098039
			4.46862745098039	-7.10563725490196
			4.46862745098039	-7.09264705882353
			4.48161764705882	-7.09264705882353
			4.48161764705882	-7.0796568627451
			4.49460784313725	-7.06666666666667
			4.50759803921569	-7.05367647058823
			4.52058823529412	-7.0406862745098
			4.53357843137255	-7.02769607843137
			4.54656862745098	-7.01470588235294
			4.54656862745098	-7.00171568627451
			4.55955882352941	-6.98872549019608
			4.55955882352941	-6.97573529411765
			4.57254901960784	-6.96274509803921
			4.58553921568627	-6.96274509803921
			4.58553921568627	-6.94975490196078
			4.59852941176471	-6.93676470588235
			4.61151960784314	-6.92377450980392
			4.61151960784314	-6.91078431372549
			4.62450980392157	-6.89779411764706
			4.6375	-6.88480392156863
			4.6375	-6.8718137254902
			4.65049019607843	-6.85882352941176
			4.65049019607843	-6.84583333333333
			4.66348039215686	-6.84583333333333
			4.66348039215686	-6.8328431372549
			4.66348039215686	-6.81985294117647
			4.66348039215686	-6.80686274509804
			4.67647058823529	-6.80686274509804
			4.67647058823529	-6.79387254901961
			4.67647058823529	-6.78088235294118
			4.68946078431373	-6.76789215686274
			4.68946078431373	-6.75490196078431
			4.70245098039216	-6.74191176470588
			4.70245098039216	-6.72892156862745
			4.70245098039216	-6.71593137254902
			4.71544117647059	-6.70294117647059
			4.71544117647059	-6.68995098039216
			4.71544117647059	-6.67696078431373
			4.72843137254902	-6.66397058823529
			4.72843137254902	-6.65098039215686
			4.74142156862745	-6.63799019607843
			4.74142156862745	-6.625
			4.74142156862745	-6.61200980392157
			4.75441176470588	-6.59901960784314
			4.75441176470588	-6.5860294117647
			4.76740196078431	-6.57303921568627
			4.76740196078431	-6.56004901960784
			4.76740196078431	-6.54705882352941
			4.76740196078431	-6.53406862745098
			4.78039215686274	-6.53406862745098
			4.78039215686274	-6.52107843137255
			4.78039215686274	-6.50808823529412
			4.79338235294118	-6.49509803921569
			4.79338235294118	-6.48210784313725
			4.79338235294118	-6.46911764705882
			4.80637254901961	-6.45612745098039
			4.80637254901961	-6.44313725490196
			4.80637254901961	-6.43014705882353
			4.81936274509804	-6.4171568627451
			4.81936274509804	-6.40416666666667
			4.83235294117647	-6.39117647058823
			4.83235294117647	-6.3781862745098
			4.83235294117647	-6.36519607843137
			4.8453431372549	-6.35220588235294
			4.8453431372549	-6.33921568627451
			4.8453431372549	-6.32622549019608
			4.8453431372549	-6.31323529411765
			4.85833333333333	-6.30024509803922
			4.85833333333333	-6.28725490196078
			4.85833333333333	-6.27426470588235
			4.87132352941176	-6.26127450980392
			4.87132352941176	-6.24828431372549
			4.87132352941176	-6.23529411764706
			4.8843137254902	-6.22230392156863
			4.8843137254902	-6.2093137254902
			4.8843137254902	-6.19632352941176
			4.89730392156863	-6.18333333333333
			4.89730392156863	-6.1703431372549
			4.89730392156863	-6.15735294117647
			4.91029411764706	-6.14436274509804
			4.91029411764706	-6.13137254901961
			4.91029411764706	-6.11838235294118
			4.92328431372549	-6.10539215686274
			4.92328431372549	-6.09240196078431
			4.92328431372549	-6.07941176470588
			4.92328431372549	-6.06642156862745
			4.93627450980392	-6.05343137254902
			4.93627450980392	-6.04044117647059
			4.93627450980392	-6.02745098039216
			4.94926470588235	-6.01446078431372
			4.94926470588235	-6.00147058823529
			4.94926470588235	-5.98848039215686
			4.96225490196078	-5.97549019607843
			4.96225490196078	-5.9625
			4.96225490196078	-5.94950980392157
			4.96225490196078	-5.93651960784314
			4.97524509803922	-5.92352941176471
			4.97524509803922	-5.91053921568627
			4.97524509803922	-5.89754901960784
			4.98823529411765	-5.88455882352941
			4.98823529411765	-5.87156862745098
			4.98823529411765	-5.85857843137255
			4.98823529411765	-5.84558823529412
			5.00122549019608	-5.83259803921569
			5.00122549019608	-5.81960784313725
			5.00122549019608	-5.80661764705882
			5.01421568627451	-5.79362745098039
			5.01421568627451	-5.78063725490196
			5.01421568627451	-5.76764705882353
			5.01421568627451	-5.7546568627451
			5.02720588235294	-5.74166666666667
			5.02720588235294	-5.72867647058824
			5.02720588235294	-5.7156862745098
			5.02720588235294	-5.70269607843137
			5.04019607843137	-5.68970588235294
			5.04019607843137	-5.67671568627451
			5.04019607843137	-5.66372549019608
			5.0531862745098	-5.65073529411765
			5.0531862745098	-5.63774509803922
			5.0531862745098	-5.62475490196078
			5.0531862745098	-5.61176470588235
			5.06617647058823	-5.59877450980392
			5.06617647058823	-5.58578431372549
			5.06617647058823	-5.57279411764706
			5.06617647058823	-5.55980392156863
			5.06617647058823	-5.5468137254902
			5.07916666666667	-5.53382352941176
			5.07916666666667	-5.52083333333333
			5.07916666666667	-5.5078431372549
			5.07916666666667	-5.49485294117647
			5.0921568627451	-5.49485294117647
			5.0921568627451	-5.48186274509804
			5.0921568627451	-5.46887254901961
			5.0921568627451	-5.45588235294118
			5.10514705882353	-5.44289215686274
			5.10514705882353	-5.42990196078431
			5.10514705882353	-5.41691176470588
			5.10514705882353	-5.40392156862745
			5.10514705882353	-5.39093137254902
			5.11813725490196	-5.37794117647059
			5.11813725490196	-5.36495098039216
			5.11813725490196	-5.35196078431373
			5.11813725490196	-5.33897058823529
			5.13112745098039	-5.32598039215686
			5.13112745098039	-5.31299019607843
			5.13112745098039	-5.3
			5.13112745098039	-5.28700980392157
			5.13112745098039	-5.27401960784314
			5.14411764705882	-5.27401960784314
			5.14411764705882	-5.26102941176471
			5.14411764705882	-5.24803921568627
			5.14411764705882	-5.23504901960784
			5.13112745098039	-5.23504901960784
			5.13112745098039	-5.22205882352941
			5.11813725490196	-5.20906862745098
			5.10514705882353	-5.20906862745098
			5.10514705882353	-5.19607843137255
			5.0921568627451	-5.18308823529412
			5.07916666666667	-5.17009803921569
			5.07916666666667	-5.15710784313725
			5.06617647058823	-5.14411764705882
			5.0531862745098	-5.13112745098039
			5.04019607843137	-5.11813725490196
			5.02720588235294	-5.10514705882353
			5.02720588235294	-5.0921568627451
			5.01421568627451	-5.07916666666667
			5.00122549019608	-5.06617647058823
			4.98823529411765	-5.0531862745098
			4.98823529411765	-5.04019607843137
			4.97524509803922	-5.02720588235294
			4.96225490196078	-5.01421568627451
			4.94926470588235	-5.01421568627451
			4.94926470588235	-5.00122549019608
			4.93627450980392	-4.98823529411765
			4.92328431372549	-4.97524509803922
			4.91029411764706	-4.96225490196078
			4.89730392156863	-4.94926470588235
			4.89730392156863	-4.93627450980392
			4.8843137254902	-4.93627450980392
			4.87132352941176	-4.92328431372549
			4.85833333333333	-4.91029411764706
			4.85833333333333	-4.89730392156863
			4.8453431372549	-4.8843137254902
			4.83235294117647	-4.8843137254902
			4.81936274509804	-4.87132352941176
			4.81936274509804	-4.85833333333333
			4.80637254901961	-4.8453431372549
			4.79338235294118	-4.8453431372549
			4.78039215686274	-4.83235294117647
			4.76740196078431	-4.81936274509804
			4.75441176470588	-4.80637254901961
			4.74142156862745	-4.79338235294118
			4.72843137254902	-4.78039215686274
			4.71544117647059	-4.76740196078431
			4.70245098039216	-4.76740196078431
			4.68946078431373	-4.75441176470588
			4.67647058823529	-4.74142156862745
			4.66348039215686	-4.72843137254902
			4.65049019607843	-4.71544117647059
			4.6375	-4.70245098039216
			4.62450980392157	-4.70245098039216
			4.61151960784314	-4.68946078431373
			4.59852941176471	-4.67647058823529
			4.58553921568627	-4.66348039215686
			4.57254901960784	-4.66348039215686
			4.55955882352941	-4.65049019607843
			4.54656862745098	-4.6375
			4.53357843137255	-4.6375
			4.53357843137255	-4.62450980392157
			4.52058823529412	-4.62450980392157
			4.50759803921569	-4.61151960784314
			4.49460784313725	-4.61151960784314
			4.48161764705882	-4.59852941176471
			4.46862745098039	-4.58553921568627
			4.45563725490196	-4.58553921568627
			4.44264705882353	-4.57254901960784
			4.4296568627451	-4.57254901960784
			4.41666666666667	-4.55955882352941
			4.40367647058823	-4.55955882352941
			4.3906862745098	-4.54656862745098
			4.37769607843137	-4.54656862745098
			4.36470588235294	-4.53357843137255
			4.35171568627451	-4.53357843137255
			4.33872549019608	-4.52058823529412
			4.32573529411765	-4.52058823529412
			4.31274509803922	-4.52058823529412
			4.29975490196078	-4.50759803921569
			4.28676470588235	-4.50759803921569
			4.27377450980392	-4.49460784313725
			4.26078431372549	-4.49460784313725
			4.24779411764706	-4.49460784313725
			4.23480392156863	-4.48161764705882
			4.2218137254902	-4.48161764705882
			4.20882352941176	-4.48161764705882
			4.19583333333333	-4.48161764705882
			4.1828431372549	-4.46862745098039
			4.16985294117647	-4.46862745098039
			4.15686274509804	-4.46862745098039
			4.14387254901961	-4.46862745098039
			4.13088235294118	-4.45563725490196
			4.11789215686274	-4.45563725490196
			4.10490196078431	-4.45563725490196
			4.09191176470588	-4.45563725490196
			4.07892156862745	-4.45563725490196
			4.06593137254902	-4.45563725490196
			4.05294117647059	-4.44264705882353
			4.03995098039216	-4.44264705882353
			4.02696078431372	-4.44264705882353
			4.01397058823529	-4.44264705882353
			4.00098039215686	-4.44264705882353
			3.98799019607843	-4.44264705882353
			3.975	-4.44264705882353
			3.96200980392157	-4.44264705882353
			3.94901960784314	-4.44264705882353
			3.93602941176471	-4.44264705882353
			3.92303921568627	-4.44264705882353
			3.91004901960784	-4.44264705882353
			3.89705882352941	-4.44264705882353
			3.88406862745098	-4.44264705882353
			3.87107843137255	-4.44264705882353
			3.85808823529412	-4.44264705882353
			3.84509803921569	-4.44264705882353
			3.83210784313725	-4.44264705882353
			3.81911764705882	-4.44264705882353
			3.80612745098039	-4.44264705882353
			3.79313725490196	-4.45563725490196
			3.78014705882353	-4.45563725490196
			3.7671568627451	-4.45563725490196
			3.75416666666667	-4.45563725490196
			3.74117647058823	-4.45563725490196
			3.7281862745098	-4.46862745098039
			3.71519607843137	-4.46862745098039
			3.70220588235294	-4.46862745098039
		</margin>
	</curves.scaled>
	<ruler.points type=matrix rownames=TRUE colnames=FALSE nrow=2 ncol=2 as.numeric=TRUE >
		Ruler point 1	22	8
		Ruler point 2	430	8
	</ruler.points>
</shapes>

