<shapes type=list>
	<ruler.pixel type=vector names=FALSE length=1 as.numeric=TRUE >88.0056816347672</ruler.pixel>
	<ruler.interval type=vector names=FALSE length=1 as.numeric=TRUE >16</ruler.interval>
	<scaling.units type=vector names=FALSE length=1 as.numeric=FALSE >mm</scaling.units>
	<scaling type=vector names=FALSE length=1 as.numeric=TRUE >0.181806443661236</scaling>
	<landmarks.pixel type=matrix rownames=TRUE colnames=FALSE nrow=7 ncol=2 as.numeric=TRUE >
		LM1	161	334
		LM2	161	410
		LM3	161	412
		LM4	161	440
		LM5	175	335
		LM6	215	341
		LM7	220	342
	</landmarks.pixel>
	<landmarks.scaled type=matrix rownames=TRUE colnames=FALSE nrow=7 ncol=2 as.numeric=TRUE >
		LM1	29.270837429459	-60.7233521828529
		LM2	29.270837429459	-74.5406419011069
		LM3	29.270837429459	-74.9042547884294
		LM4	29.270837429459	-79.994835210944
		LM5	31.8161276407164	-60.9051586265142
		LM6	39.0883853871658	-61.9959972884816
		LM7	39.997417605472	-62.1778037321428
	</landmarks.scaled>
	<curves.control type=list>
		<axis type=matrix rownames=FALSE colnames=FALSE nrow=7 ncol=2 as.numeric=TRUE >
			161	334
			167	333
			175	335
			173	350
			169	389
			165	413
			161	410
		</axis>
		<border type=matrix rownames=FALSE colnames=FALSE nrow=7 ncol=2 as.numeric=TRUE >
			161	412
			170	409
			176	406
			185	401
			191	394
			211	371
			215	341
		</border>
		<margin type=matrix rownames=FALSE colnames=FALSE nrow=57 ncol=2 as.numeric=TRUE >
			161	440
			165	434
			164	420
			172	417
			175	416
			177	423
			185	472
			188	477
			182	415
			184	412
			191	405
			194	400
			201	411
			212	430
			224	458
			234	490
			239	525
			240	536
			243	529
			236	450
			204	402
			200	396
			205	387
			210	382
			216	383
			226	387
			242	397
			249	402
			253	412
			258	402
			227	381
			219	376
			213	373
			213	369
			215	363
			220	364
			229	365
			241	369
			250	375
			253	380
			256	384
			256	379
			249	370
			238	361
			217	356
			216	352
			218	349
			229	348
			242	354
			249	358
			259	372
			258	367
			250	355
			244	346
			215	341
			193	336
			175	335
		</margin>
	</curves.control>
	<curves.pixel type=list>
		<axis type=matrix rownames=FALSE colnames=FALSE nrow=95 ncol=2 as.numeric=TRUE >
			161	334
			162	334
			163	334
			164	334
			165	334
			166	334
			167	334
			168	334
			169	334
			170	334
			171	334
			172	334
			173	335
			174	335
			175	335
			175	336
			175	337
			175	338
			175	339
			174	340
			174	341
			174	342
			174	343
			174	344
			174	345
			174	346
			173	347
			173	348
			173	349
			173	350
			173	351
			173	352
			173	353
			173	354
			173	355
			173	356
			172	357
			172	358
			172	359
			172	360
			172	361
			172	362
			172	363
			172	364
			172	365
			171	366
			171	367
			171	368
			171	369
			171	370
			171	371
			171	372
			171	373
			171	374
			170	375
			170	376
			170	377
			170	378
			170	379
			170	380
			170	381
			170	382
			170	383
			169	384
			169	385
			169	386
			169	387
			169	388
			169	389
			169	390
			169	391
			168	392
			168	393
			168	394
			168	395
			168	396
			168	397
			167	397
			167	398
			167	399
			167	400
			167	401
			166	402
			166	403
			166	404
			166	405
			165	405
			165	406
			165	407
			164	408
			164	409
			163	409
			163	410
			162	410
			161	410
		</axis>
		<border type=matrix rownames=FALSE colnames=FALSE nrow=87 ncol=2 as.numeric=TRUE >
			161	412
			162	412
			163	411
			164	411
			165	411
			166	410
			167	410
			168	410
			169	409
			170	409
			171	408
			172	408
			173	408
			173	407
			174	407
			175	406
			176	406
			177	406
			178	405
			179	404
			180	404
			181	403
			182	402
			183	401
			184	401
			185	400
			186	399
			187	398
			188	397
			189	397
			189	396
			190	395
			191	394
			192	393
			193	392
			194	391
			195	390
			195	389
			196	388
			197	387
			197	386
			198	386
			198	385
			199	384
			199	383
			200	382
			201	381
			201	380
			202	379
			202	378
			203	377
			204	376
			204	375
			205	374
			205	373
			206	372
			206	371
			207	370
			207	369
			208	368
			208	367
			208	366
			209	365
			209	364
			210	363
			210	362
			210	361
			211	360
			211	359
			211	358
			212	357
			212	356
			212	355
			212	354
			213	353
			213	352
			213	351
			213	350
			214	349
			214	348
			214	347
			214	346
			214	345
			215	344
			215	343
			215	342
			215	341
		</border>
		<margin type=matrix rownames=FALSE colnames=FALSE nrow=803 ncol=2 as.numeric=TRUE >
			161	440
			162	439
			162	438
			162	437
			163	436
			163	435
			163	434
			164	433
			164	432
			164	431
			164	430
			164	429
			164	428
			164	427
			164	426
			164	425
			164	424
			164	423
			164	422
			164	421
			164	420
			165	420
			166	419
			167	419
			168	419
			169	418
			170	418
			171	417
			172	417
			173	417
			174	416
			175	416
			175	417
			176	418
			176	419
			176	420
			176	421
			176	422
			177	423
			177	424
			177	425
			177	426
			177	427
			177	428
			178	429
			178	430
			178	431
			178	432
			178	433
			179	434
			179	435
			179	436
			179	437
			179	438
			179	439
			180	439
			180	440
			180	441
			180	442
			180	443
			180	444
			181	445
			181	446
			181	447
			181	448
			181	449
			181	450
			182	451
			182	452
			182	453
			182	454
			182	455
			182	456
			183	457
			183	458
			183	459
			183	460
			183	461
			183	462
			183	463
			184	463
			184	464
			184	465
			184	466
			184	467
			184	468
			184	469
			185	470
			185	471
			185	472
			186	472
			186	471
			186	470
			186	469
			186	468
			186	467
			186	466
			186	465
			186	464
			186	463
			186	462
			186	461
			186	460
			186	459
			186	458
			186	457
			185	456
			185	455
			185	454
			185	453
			185	452
			185	451
			185	450
			185	449
			185	448
			185	447
			185	446
			185	445
			185	444
			185	443
			184	442
			184	441
			184	440
			184	439
			184	438
			184	437
			184	436
			184	435
			184	434
			184	433
			184	432
			183	431
			183	430
			183	429
			183	428
			183	427
			183	426
			183	425
			183	424
			183	423
			183	422
			183	421
			183	420
			182	420
			182	419
			182	418
			182	417
			182	416
			182	415
			183	414
			183	413
			184	412
			185	411
			186	410
			187	409
			188	408
			189	407
			190	406
			191	405
			191	404
			192	404
			193	403
			194	404
			195	404
			196	405
			197	406
			198	407
			199	408
			200	409
			200	410
			201	411
			202	412
			202	413
			202	414
			203	414
			203	415
			204	416
			204	417
			205	417
			205	418
			205	419
			206	420
			207	421
			207	422
			208	423
			208	424
			209	425
			209	426
			210	427
			210	428
			211	429
			211	430
			212	431
			212	432
			213	433
			213	434
			214	435
			214	436
			215	437
			215	438
			215	439
			216	439
			216	440
			216	441
			217	441
			217	442
			217	443
			218	443
			218	444
			218	445
			219	446
			219	447
			220	448
			220	449
			220	450
			221	450
			221	451
			221	452
			222	453
			222	454
			223	455
			223	456
			223	457
			224	457
			224	458
			224	459
			225	460
			225	461
			225	462
			226	463
			226	464
			226	465
			226	466
			227	467
			227	468
			227	469
			228	470
			228	471
			228	472
			228	473
			229	474
			229	475
			229	476
			229	477
			230	478
			230	479
			230	480
			231	481
			231	482
			231	483
			231	484
			232	485
			232	486
			232	487
			232	488
			232	489
			233	490
			233	491
			233	492
			233	493
			233	494
			234	495
			234	496
			234	497
			234	498
			234	499
			235	500
			235	501
			235	502
			235	503
			235	504
			236	505
			236	506
			236	507
			236	508
			236	509
			237	510
			237	511
			237	512
			237	513
			237	514
			237	515
			238	516
			238	517
			238	518
			238	519
			238	520
			238	521
			238	522
			239	523
			239	524
			239	525
			239	526
			239	527
			239	528
			240	529
			240	530
			240	531
			241	532
			242	531
			242	530
			243	530
			243	529
			243	528
			243	527
			243	526
			243	525
			243	524
			242	523
			242	522
			242	521
			242	520
			242	519
			242	518
			242	517
			242	516
			242	515
			241	514
			241	513
			241	512
			241	511
			241	510
			241	509
			241	508
			241	507
			240	506
			240	505
			240	504
			240	503
			240	502
			240	501
			239	500
			239	499
			239	498
			239	497
			239	496
			239	495
			238	494
			238	493
			238	492
			238	491
			238	490
			237	489
			237	488
			237	487
			237	486
			237	485
			237	484
			236	483
			236	482
			236	481
			236	480
			235	479
			235	478
			235	477
			235	476
			234	475
			234	474
			234	473
			234	472
			233	471
			233	470
			233	469
			233	468
			232	467
			232	466
			232	465
			231	464
			231	463
			231	462
			231	461
			231	460
			230	460
			230	459
			230	458
			230	457
			229	456
			229	455
			229	454
			228	453
			228	452
			228	451
			227	450
			227	449
			227	448
			226	447
			226	446
			225	445
			225	444
			225	443
			224	442
			224	441
			223	440
			223	439
			223	438
			222	437
			222	436
			221	435
			221	434
			221	433
			220	432
			220	431
			219	430
			219	429
			218	428
			218	427
			217	426
			217	425
			217	424
			216	423
			216	422
			215	421
			215	420
			214	419
			214	418
			213	418
			213	417
			212	416
			212	415
			211	414
			211	413
			210	412
			210	411
			209	410
			208	409
			208	408
			207	407
			206	406
			206	405
			205	404
			204	403
			204	402
			204	401
			203	401
			203	400
			203	399
			202	398
			202	397
			202	396
			202	395
			202	394
			203	393
			203	392
			203	391
			204	390
			204	389
			205	388
			205	387
			206	386
			207	385
			208	384
			209	384
			210	384
			211	383
			212	383
			213	383
			214	383
			215	383
			216	383
			217	384
			218	384
			219	384
			220	385
			221	385
			222	386
			223	386
			224	387
			225	387
			226	388
			227	388
			228	389
			229	389
			230	390
			231	390
			232	391
			233	391
			234	392
			235	393
			236	393
			237	394
			238	395
			239	395
			240	396
			241	396
			242	397
			243	398
			244	399
			245	400
			246	401
			247	402
			248	403
			249	404
			249	405
			250	405
			250	406
			251	407
			251	408
			252	409
			252	410
			253	411
			253	412
			254	411
			254	410
			254	409
			254	408
			253	407
			253	406
			253	405
			252	404
			252	403
			251	402
			250	401
			250	400
			249	399
			248	399
			248	398
			247	397
			246	396
			245	395
			244	394
			243	393
			242	392
			241	392
			241	391
			240	390
			239	390
			238	389
			237	388
			236	387
			235	386
			234	386
			233	385
			232	384
			231	384
			231	383
			230	383
			229	382
			228	382
			228	381
			227	381
			226	381
			225	380
			224	379
			223	378
			222	378
			221	377
			220	377
			219	376
			218	375
			217	375
			216	375
			215	374
			214	374
			213	373
			213	372
			213	371
			213	370
			213	369
			214	368
			214	367
			214	366
			214	365
			215	364
			215	363
			216	363
			217	363
			218	364
			219	364
			220	364
			221	364
			222	364
			223	364
			224	364
			225	365
			226	365
			227	365
			228	365
			229	365
			230	365
			231	366
			232	366
			233	366
			233	367
			234	367
			235	367
			236	367
			236	368
			237	368
			238	368
			238	369
			239	369
			240	369
			241	370
			242	370
			243	371
			244	371
			245	372
			246	372
			246	373
			247	373
			248	374
			249	374
			250	375
			251	376
			251	377
			252	378
			253	379
			253	380
			254	381
			254	382
			255	382
			255	383
			256	384
			256	383
			256	382
			256	381
			255	380
			255	379
			254	378
			254	377
			253	376
			253	375
			252	374
			251	373
			250	372
			249	371
			249	370
			248	369
			247	369
			246	368
			245	367
			244	367
			243	366
			242	365
			241	365
			240	364
			239	364
			238	363
			237	362
			236	362
			235	362
			234	362
			234	361
			233	361
			232	361
			231	360
			230	360
			229	359
			228	359
			227	359
			226	358
			225	358
			224	358
			223	357
			222	357
			221	357
			220	357
			219	356
			218	356
			217	356
			217	355
			217	354
			217	353
			217	352
			217	351
			218	350
			219	349
			220	349
			221	349
			222	349
			223	349
			224	349
			225	349
			226	349
			227	349
			228	349
			229	350
			230	350
			231	350
			232	350
			233	351
			234	351
			235	351
			236	352
			237	352
			238	352
			239	353
			240	353
			241	354
			242	354
			243	354
			243	355
			244	355
			245	356
			246	357
			247	358
			248	359
			249	360
			250	361
			251	362
			252	363
			253	364
			254	365
			255	366
			255	367
			256	368
			257	369
			258	370
			258	371
			259	372
			259	371
			258	370
			258	369
			258	368
			257	367
			257	366
			256	365
			256	364
			255	363
			255	362
			254	362
			254	361
			253	360
			253	359
			252	358
			251	357
			251	356
			250	355
			249	354
			248	353
			247	352
			246	351
			245	350
			244	350
			243	349
			242	349
			241	348
			240	348
			239	348
			238	347
			237	347
			236	346
			235	346
			234	345
			233	345
			232	345
			231	345
			230	344
			229	344
			228	344
			227	343
			226	343
			225	343
			224	343
			223	343
			222	342
			221	342
			220	342
			219	342
			218	341
			217	341
			216	341
			215	341
			214	341
			213	341
			212	340
			211	340
			210	340
			209	340
			208	340
			207	339
			206	339
			205	339
			204	339
			203	339
			202	338
			201	338
			200	338
			199	338
			198	338
			197	337
			196	337
			195	337
			194	337
			193	337
			192	337
			191	337
			190	336
			189	336
			188	336
			187	336
			186	336
			185	336
			184	336
			183	336
			182	335
			181	335
			180	335
			179	335
			178	335
			177	335
			176	335
			175	335
		</margin>
	</curves.pixel>
	<curves.scaled type=list>
		<axis type=matrix rownames=FALSE colnames=FALSE nrow=95 ncol=2 as.numeric=TRUE >
			29.270837429459	-60.7233521828529
			29.4526438731203	-60.7233521828529
			29.6344503167815	-60.7233521828529
			29.8162567604428	-60.7233521828529
			29.998063204104	-60.7233521828529
			30.1798696477652	-60.7233521828529
			30.3616760914265	-60.7233521828529
			30.5434825350877	-60.7233521828529
			30.7252889787489	-60.7233521828529
			30.9070954224102	-60.7233521828529
			31.0889018660714	-60.7233521828529
			31.2707083097326	-60.7233521828529
			31.4525147533939	-60.9051586265142
			31.6343211970551	-60.9051586265142
			31.8161276407164	-60.9051586265142
			31.8161276407164	-61.0869650701754
			31.8161276407164	-61.2687715138366
			31.8161276407164	-61.4505779574979
			31.8161276407164	-61.6323844011591
			31.6343211970551	-61.8141908448203
			31.6343211970551	-61.9959972884816
			31.6343211970551	-62.1778037321428
			31.6343211970551	-62.3596101758041
			31.6343211970551	-62.5414166194653
			31.6343211970551	-62.7232230631265
			31.6343211970551	-62.9050295067878
			31.4525147533939	-63.086835950449
			31.4525147533939	-63.2686423941102
			31.4525147533939	-63.4504488377715
			31.4525147533939	-63.6322552814327
			31.4525147533939	-63.8140617250939
			31.4525147533939	-63.9958681687552
			31.4525147533939	-64.1776746124164
			31.4525147533939	-64.3594810560777
			31.4525147533939	-64.5412874997389
			31.4525147533939	-64.7230939434001
			31.2707083097326	-64.9049003870614
			31.2707083097326	-65.0867068307226
			31.2707083097326	-65.2685132743838
			31.2707083097326	-65.4503197180451
			31.2707083097326	-65.6321261617063
			31.2707083097326	-65.8139326053675
			31.2707083097326	-65.9957390490288
			31.2707083097326	-66.17754549269
			31.2707083097326	-66.3593519363512
			31.0889018660714	-66.5411583800125
			31.0889018660714	-66.7229648236737
			31.0889018660714	-66.904771267335
			31.0889018660714	-67.0865777109962
			31.0889018660714	-67.2683841546574
			31.0889018660714	-67.4501905983187
			31.0889018660714	-67.6319970419799
			31.0889018660714	-67.8138034856411
			31.0889018660714	-67.9956099293024
			30.9070954224102	-68.1774163729636
			30.9070954224102	-68.3592228166249
			30.9070954224102	-68.5410292602861
			30.9070954224102	-68.7228357039473
			30.9070954224102	-68.9046421476086
			30.9070954224102	-69.0864485912698
			30.9070954224102	-69.268255034931
			30.9070954224102	-69.4500614785923
			30.9070954224102	-69.6318679222535
			30.7252889787489	-69.8136743659147
			30.7252889787489	-69.995480809576
			30.7252889787489	-70.1772872532372
			30.7252889787489	-70.3590936968985
			30.7252889787489	-70.5409001405597
			30.7252889787489	-70.7227065842209
			30.7252889787489	-70.9045130278822
			30.7252889787489	-71.0863194715434
			30.5434825350877	-71.2681259152046
			30.5434825350877	-71.4499323588659
			30.5434825350877	-71.6317388025271
			30.5434825350877	-71.8135452461883
			30.5434825350877	-71.9953516898496
			30.5434825350877	-72.1771581335108
			30.3616760914265	-72.1771581335108
			30.3616760914265	-72.358964577172
			30.3616760914265	-72.5407710208333
			30.3616760914265	-72.7225774644945
			30.3616760914265	-72.9043839081558
			30.1798696477652	-73.086190351817
			30.1798696477652	-73.2679967954782
			30.1798696477652	-73.4498032391395
			30.1798696477652	-73.6316096828007
			29.998063204104	-73.6316096828007
			29.998063204104	-73.8134161264619
			29.998063204104	-73.9952225701232
			29.8162567604428	-74.1770290137844
			29.8162567604428	-74.3588354574457
			29.6344503167815	-74.3588354574457
			29.6344503167815	-74.5406419011069
			29.4526438731203	-74.5406419011069
			29.270837429459	-74.5406419011069
		</axis>
		<border type=matrix rownames=FALSE colnames=FALSE nrow=87 ncol=2 as.numeric=TRUE >
			29.270837429459	-74.9042547884294
			29.4526438731203	-74.9042547884294
			29.6344503167815	-74.7224483447681
			29.8162567604428	-74.7224483447681
			29.998063204104	-74.7224483447681
			30.1798696477652	-74.5406419011069
			30.3616760914265	-74.5406419011069
			30.5434825350877	-74.5406419011069
			30.7252889787489	-74.3588354574457
			30.9070954224102	-74.3588354574457
			31.0889018660714	-74.1770290137844
			31.2707083097326	-74.1770290137844
			31.4525147533939	-74.1770290137844
			31.4525147533939	-73.9952225701232
			31.6343211970551	-73.9952225701232
			31.8161276407164	-73.8134161264619
			31.9979340843776	-73.8134161264619
			32.1797405280388	-73.8134161264619
			32.3615469717001	-73.6316096828007
			32.5433534153613	-73.4498032391395
			32.7251598590225	-73.4498032391395
			32.9069663026838	-73.2679967954782
			33.088772746345	-73.086190351817
			33.2705791900062	-72.9043839081558
			33.4523856336675	-72.9043839081558
			33.6341920773287	-72.7225774644945
			33.81599852099	-72.5407710208333
			33.9978049646512	-72.358964577172
			34.1796114083124	-72.1771581335108
			34.3614178519737	-72.1771581335108
			34.3614178519737	-71.9953516898496
			34.5432242956349	-71.8135452461883
			34.7250307392961	-71.6317388025271
			34.9068371829574	-71.4499323588659
			35.0886436266186	-71.2681259152046
			35.2704500702798	-71.0863194715434
			35.4522565139411	-70.9045130278822
			35.4522565139411	-70.7227065842209
			35.6340629576023	-70.5409001405597
			35.8158694012635	-70.3590936968985
			35.8158694012635	-70.1772872532372
			35.9976758449248	-70.1772872532372
			35.9976758449248	-69.995480809576
			36.179482288586	-69.8136743659147
			36.179482288586	-69.6318679222535
			36.3612887322473	-69.4500614785923
			36.5430951759085	-69.268255034931
			36.5430951759085	-69.0864485912698
			36.7249016195697	-68.9046421476086
			36.7249016195697	-68.7228357039473
			36.906708063231	-68.5410292602861
			37.0885145068922	-68.3592228166249
			37.0885145068922	-68.1774163729636
			37.2703209505534	-67.9956099293024
			37.2703209505534	-67.8138034856411
			37.4521273942147	-67.6319970419799
			37.4521273942147	-67.4501905983187
			37.6339338378759	-67.2683841546574
			37.6339338378759	-67.0865777109962
			37.8157402815372	-66.904771267335
			37.8157402815372	-66.7229648236737
			37.8157402815372	-66.5411583800125
			37.9975467251984	-66.3593519363512
			37.9975467251984	-66.17754549269
			38.1793531688596	-65.9957390490288
			38.1793531688596	-65.8139326053675
			38.1793531688596	-65.6321261617063
			38.3611596125209	-65.4503197180451
			38.3611596125209	-65.2685132743838
			38.3611596125209	-65.0867068307226
			38.5429660561821	-64.9049003870614
			38.5429660561821	-64.7230939434001
			38.5429660561821	-64.5412874997389
			38.5429660561821	-64.3594810560777
			38.7247724998433	-64.1776746124164
			38.7247724998433	-63.9958681687552
			38.7247724998433	-63.8140617250939
			38.7247724998433	-63.6322552814327
			38.9065789435046	-63.4504488377715
			38.9065789435046	-63.2686423941102
			38.9065789435046	-63.086835950449
			38.9065789435046	-62.9050295067878
			38.9065789435046	-62.7232230631265
			39.0883853871658	-62.5414166194653
			39.0883853871658	-62.3596101758041
			39.0883853871658	-62.1778037321428
			39.0883853871658	-61.9959972884816
		</border>
		<margin type=matrix rownames=FALSE colnames=FALSE nrow=803 ncol=2 as.numeric=TRUE >
			29.270837429459	-79.994835210944
			29.4526438731203	-79.8130287672827
			29.4526438731203	-79.6312223236215
			29.4526438731203	-79.4494158799603
			29.6344503167815	-79.267609436299
			29.6344503167815	-79.0858029926378
			29.6344503167815	-78.9039965489766
			29.8162567604428	-78.7221901053153
			29.8162567604428	-78.5403836616541
			29.8162567604428	-78.3585772179928
			29.8162567604428	-78.1767707743316
			29.8162567604428	-77.9949643306704
			29.8162567604428	-77.8131578870091
			29.8162567604428	-77.6313514433479
			29.8162567604428	-77.4495449996867
			29.8162567604428	-77.2677385560254
			29.8162567604428	-77.0859321123642
			29.8162567604428	-76.904125668703
			29.8162567604428	-76.7223192250417
			29.8162567604428	-76.5405127813805
			29.8162567604428	-76.3587063377192
			29.998063204104	-76.3587063377192
			30.1798696477652	-76.176899894058
			30.3616760914265	-76.176899894058
			30.5434825350877	-76.176899894058
			30.7252889787489	-75.9950934503968
			30.9070954224102	-75.9950934503968
			31.0889018660714	-75.8132870067355
			31.2707083097326	-75.8132870067355
			31.4525147533939	-75.8132870067355
			31.6343211970551	-75.6314805630743
			31.8161276407164	-75.6314805630743
			31.8161276407164	-75.8132870067355
			31.9979340843776	-75.9950934503968
			31.9979340843776	-76.176899894058
			31.9979340843776	-76.3587063377192
			31.9979340843776	-76.5405127813805
			31.9979340843776	-76.7223192250417
			32.1797405280388	-76.904125668703
			32.1797405280388	-77.0859321123642
			32.1797405280388	-77.2677385560254
			32.1797405280388	-77.4495449996867
			32.1797405280388	-77.6313514433479
			32.1797405280388	-77.8131578870091
			32.3615469717001	-77.9949643306704
			32.3615469717001	-78.1767707743316
			32.3615469717001	-78.3585772179928
			32.3615469717001	-78.5403836616541
			32.3615469717001	-78.7221901053153
			32.5433534153613	-78.9039965489766
			32.5433534153613	-79.0858029926378
			32.5433534153613	-79.267609436299
			32.5433534153613	-79.4494158799603
			32.5433534153613	-79.6312223236215
			32.5433534153613	-79.8130287672827
			32.7251598590225	-79.8130287672827
			32.7251598590225	-79.994835210944
			32.7251598590225	-80.1766416546052
			32.7251598590225	-80.3584480982665
			32.7251598590225	-80.5402545419277
			32.7251598590225	-80.7220609855889
			32.9069663026838	-80.9038674292502
			32.9069663026838	-81.0856738729114
			32.9069663026838	-81.2674803165726
			32.9069663026838	-81.4492867602339
			32.9069663026838	-81.6310932038951
			32.9069663026838	-81.8128996475563
			33.088772746345	-81.9947060912176
			33.088772746345	-82.1765125348788
			33.088772746345	-82.35831897854
			33.088772746345	-82.5401254222013
			33.088772746345	-82.7219318658625
			33.088772746345	-82.9037383095237
			33.2705791900062	-83.085544753185
			33.2705791900062	-83.2673511968462
			33.2705791900062	-83.4491576405075
			33.2705791900062	-83.6309640841687
			33.2705791900062	-83.8127705278299
			33.2705791900062	-83.9945769714912
			33.2705791900062	-84.1763834151524
			33.4523856336675	-84.1763834151524
			33.4523856336675	-84.3581898588136
			33.4523856336675	-84.5399963024749
			33.4523856336675	-84.7218027461361
			33.4523856336675	-84.9036091897974
			33.4523856336675	-85.0854156334586
			33.4523856336675	-85.2672220771198
			33.6341920773287	-85.4490285207811
			33.6341920773287	-85.6308349644423
			33.6341920773287	-85.8126414081035
			33.81599852099	-85.8126414081035
			33.81599852099	-85.6308349644423
			33.81599852099	-85.4490285207811
			33.81599852099	-85.2672220771198
			33.81599852099	-85.0854156334586
			33.81599852099	-84.9036091897974
			33.81599852099	-84.7218027461361
			33.81599852099	-84.5399963024749
			33.81599852099	-84.3581898588136
			33.81599852099	-84.1763834151524
			33.81599852099	-83.9945769714912
			33.81599852099	-83.8127705278299
			33.81599852099	-83.6309640841687
			33.81599852099	-83.4491576405075
			33.81599852099	-83.2673511968462
			33.81599852099	-83.085544753185
			33.6341920773287	-82.9037383095237
			33.6341920773287	-82.7219318658625
			33.6341920773287	-82.5401254222013
			33.6341920773287	-82.35831897854
			33.6341920773287	-82.1765125348788
			33.6341920773287	-81.9947060912176
			33.6341920773287	-81.8128996475563
			33.6341920773287	-81.6310932038951
			33.6341920773287	-81.4492867602339
			33.6341920773287	-81.2674803165726
			33.6341920773287	-81.0856738729114
			33.6341920773287	-80.9038674292502
			33.6341920773287	-80.7220609855889
			33.6341920773287	-80.5402545419277
			33.4523856336675	-80.3584480982665
			33.4523856336675	-80.1766416546052
			33.4523856336675	-79.994835210944
			33.4523856336675	-79.8130287672827
			33.4523856336675	-79.6312223236215
			33.4523856336675	-79.4494158799603
			33.4523856336675	-79.267609436299
			33.4523856336675	-79.0858029926378
			33.4523856336675	-78.9039965489766
			33.4523856336675	-78.7221901053153
			33.4523856336675	-78.5403836616541
			33.2705791900062	-78.3585772179928
			33.2705791900062	-78.1767707743316
			33.2705791900062	-77.9949643306704
			33.2705791900062	-77.8131578870091
			33.2705791900062	-77.6313514433479
			33.2705791900062	-77.4495449996867
			33.2705791900062	-77.2677385560254
			33.2705791900062	-77.0859321123642
			33.2705791900062	-76.904125668703
			33.2705791900062	-76.7223192250417
			33.2705791900062	-76.5405127813805
			33.2705791900062	-76.3587063377192
			33.088772746345	-76.3587063377192
			33.088772746345	-76.176899894058
			33.088772746345	-75.9950934503968
			33.088772746345	-75.8132870067355
			33.088772746345	-75.6314805630743
			33.088772746345	-75.4496741194131
			33.2705791900062	-75.2678676757518
			33.2705791900062	-75.0860612320906
			33.4523856336675	-74.9042547884294
			33.6341920773287	-74.7224483447681
			33.81599852099	-74.5406419011069
			33.9978049646512	-74.3588354574457
			34.1796114083124	-74.1770290137844
			34.3614178519737	-73.9952225701232
			34.5432242956349	-73.8134161264619
			34.7250307392961	-73.6316096828007
			34.7250307392961	-73.4498032391395
			34.9068371829574	-73.4498032391395
			35.0886436266186	-73.2679967954782
			35.2704500702798	-73.4498032391395
			35.4522565139411	-73.4498032391395
			35.6340629576023	-73.6316096828007
			35.8158694012635	-73.8134161264619
			35.9976758449248	-73.9952225701232
			36.179482288586	-74.1770290137844
			36.3612887322473	-74.3588354574457
			36.3612887322473	-74.5406419011069
			36.5430951759085	-74.7224483447681
			36.7249016195697	-74.9042547884294
			36.7249016195697	-75.0860612320906
			36.7249016195697	-75.2678676757518
			36.906708063231	-75.2678676757518
			36.906708063231	-75.4496741194131
			37.0885145068922	-75.6314805630743
			37.0885145068922	-75.8132870067355
			37.2703209505534	-75.8132870067355
			37.2703209505534	-75.9950934503968
			37.2703209505534	-76.176899894058
			37.4521273942147	-76.3587063377192
			37.6339338378759	-76.5405127813805
			37.6339338378759	-76.7223192250417
			37.8157402815372	-76.904125668703
			37.8157402815372	-77.0859321123642
			37.9975467251984	-77.2677385560254
			37.9975467251984	-77.4495449996867
			38.1793531688596	-77.6313514433479
			38.1793531688596	-77.8131578870091
			38.3611596125209	-77.9949643306704
			38.3611596125209	-78.1767707743316
			38.5429660561821	-78.3585772179928
			38.5429660561821	-78.5403836616541
			38.7247724998433	-78.7221901053153
			38.7247724998433	-78.9039965489766
			38.9065789435046	-79.0858029926378
			38.9065789435046	-79.267609436299
			39.0883853871658	-79.4494158799603
			39.0883853871658	-79.6312223236215
			39.0883853871658	-79.8130287672827
			39.270191830827	-79.8130287672827
			39.270191830827	-79.994835210944
			39.270191830827	-80.1766416546052
			39.4519982744883	-80.1766416546052
			39.4519982744883	-80.3584480982665
			39.4519982744883	-80.5402545419277
			39.6338047181495	-80.5402545419277
			39.6338047181495	-80.7220609855889
			39.6338047181495	-80.9038674292502
			39.8156111618108	-81.0856738729114
			39.8156111618108	-81.2674803165726
			39.997417605472	-81.4492867602339
			39.997417605472	-81.6310932038951
			39.997417605472	-81.8128996475563
			40.1792240491332	-81.8128996475563
			40.1792240491332	-81.9947060912176
			40.1792240491332	-82.1765125348788
			40.3610304927945	-82.35831897854
			40.3610304927945	-82.5401254222013
			40.5428369364557	-82.7219318658625
			40.5428369364557	-82.9037383095237
			40.5428369364557	-83.085544753185
			40.7246433801169	-83.085544753185
			40.7246433801169	-83.2673511968462
			40.7246433801169	-83.4491576405075
			40.9064498237782	-83.6309640841687
			40.9064498237782	-83.8127705278299
			40.9064498237782	-83.9945769714912
			41.0882562674394	-84.1763834151524
			41.0882562674394	-84.3581898588136
			41.0882562674394	-84.5399963024749
			41.0882562674394	-84.7218027461361
			41.2700627111006	-84.9036091897974
			41.2700627111006	-85.0854156334586
			41.2700627111006	-85.2672220771198
			41.4518691547619	-85.4490285207811
			41.4518691547619	-85.6308349644423
			41.4518691547619	-85.8126414081035
			41.4518691547619	-85.9944478517648
			41.6336755984231	-86.176254295426
			41.6336755984231	-86.3580607390872
			41.6336755984231	-86.5398671827485
			41.6336755984231	-86.7216736264097
			41.8154820420843	-86.903480070071
			41.8154820420843	-87.0852865137322
			41.8154820420843	-87.2670929573934
			41.9972884857456	-87.4488994010547
			41.9972884857456	-87.6307058447159
			41.9972884857456	-87.8125122883771
			41.9972884857456	-87.9943187320384
			42.1790949294068	-88.1761251756996
			42.1790949294068	-88.3579316193608
			42.1790949294068	-88.5397380630221
			42.1790949294068	-88.7215445066833
			42.1790949294068	-88.9033509503445
			42.3609013730681	-89.0851573940058
			42.3609013730681	-89.266963837667
			42.3609013730681	-89.4487702813283
			42.3609013730681	-89.6305767249895
			42.3609013730681	-89.8123831686507
			42.5427078167293	-89.994189612312
			42.5427078167293	-90.1759960559732
			42.5427078167293	-90.3578024996344
			42.5427078167293	-90.5396089432957
			42.5427078167293	-90.7214153869569
			42.7245142603905	-90.9032218306182
			42.7245142603905	-91.0850282742794
			42.7245142603905	-91.2668347179406
			42.7245142603905	-91.4486411616019
			42.7245142603905	-91.6304476052631
			42.9063207040518	-91.8122540489243
			42.9063207040518	-91.9940604925856
			42.9063207040518	-92.1758669362468
			42.9063207040518	-92.357673379908
			42.9063207040518	-92.5394798235693
			43.088127147713	-92.7212862672305
			43.088127147713	-92.9030927108918
			43.088127147713	-93.084899154553
			43.088127147713	-93.2667055982142
			43.088127147713	-93.4485120418755
			43.088127147713	-93.6303184855367
			43.2699335913742	-93.8121249291979
			43.2699335913742	-93.9939313728592
			43.2699335913742	-94.1757378165204
			43.2699335913742	-94.3575442601816
			43.2699335913742	-94.5393507038429
			43.2699335913742	-94.7211571475041
			43.2699335913742	-94.9029635911653
			43.4517400350355	-95.0847700348266
			43.4517400350355	-95.2665764784878
			43.4517400350355	-95.4483829221491
			43.4517400350355	-95.6301893658103
			43.4517400350355	-95.8119958094715
			43.4517400350355	-95.9938022531328
			43.6335464786967	-96.175608696794
			43.6335464786967	-96.3574151404552
			43.6335464786967	-96.5392215841165
			43.8153529223579	-96.7210280277777
			43.9971593660192	-96.5392215841165
			43.9971593660192	-96.3574151404552
			44.1789658096804	-96.3574151404552
			44.1789658096804	-96.175608696794
			44.1789658096804	-95.9938022531328
			44.1789658096804	-95.8119958094715
			44.1789658096804	-95.6301893658103
			44.1789658096804	-95.4483829221491
			44.1789658096804	-95.2665764784878
			43.9971593660192	-95.0847700348266
			43.9971593660192	-94.9029635911653
			43.9971593660192	-94.7211571475041
			43.9971593660192	-94.5393507038429
			43.9971593660192	-94.3575442601816
			43.9971593660192	-94.1757378165204
			43.9971593660192	-93.9939313728592
			43.9971593660192	-93.8121249291979
			43.9971593660192	-93.6303184855367
			43.8153529223579	-93.4485120418755
			43.8153529223579	-93.2667055982142
			43.8153529223579	-93.084899154553
			43.8153529223579	-92.9030927108918
			43.8153529223579	-92.7212862672305
			43.8153529223579	-92.5394798235693
			43.8153529223579	-92.357673379908
			43.8153529223579	-92.1758669362468
			43.6335464786967	-91.9940604925856
			43.6335464786967	-91.8122540489243
			43.6335464786967	-91.6304476052631
			43.6335464786967	-91.4486411616019
			43.6335464786967	-91.2668347179406
			43.6335464786967	-91.0850282742794
			43.4517400350355	-90.9032218306182
			43.4517400350355	-90.7214153869569
			43.4517400350355	-90.5396089432957
			43.4517400350355	-90.3578024996344
			43.4517400350355	-90.1759960559732
			43.4517400350355	-89.994189612312
			43.2699335913742	-89.8123831686507
			43.2699335913742	-89.6305767249895
			43.2699335913742	-89.4487702813283
			43.2699335913742	-89.266963837667
			43.2699335913742	-89.0851573940058
			43.088127147713	-88.9033509503445
			43.088127147713	-88.7215445066833
			43.088127147713	-88.5397380630221
			43.088127147713	-88.3579316193608
			43.088127147713	-88.1761251756996
			43.088127147713	-87.9943187320384
			42.9063207040518	-87.8125122883771
			42.9063207040518	-87.6307058447159
			42.9063207040518	-87.4488994010547
			42.9063207040518	-87.2670929573934
			42.7245142603905	-87.0852865137322
			42.7245142603905	-86.903480070071
			42.7245142603905	-86.7216736264097
			42.7245142603905	-86.5398671827485
			42.5427078167293	-86.3580607390872
			42.5427078167293	-86.176254295426
			42.5427078167293	-85.9944478517648
			42.5427078167293	-85.8126414081035
			42.3609013730681	-85.6308349644423
			42.3609013730681	-85.4490285207811
			42.3609013730681	-85.2672220771198
			42.3609013730681	-85.0854156334586
			42.1790949294068	-84.9036091897974
			42.1790949294068	-84.7218027461361
			42.1790949294068	-84.5399963024749
			41.9972884857456	-84.3581898588136
			41.9972884857456	-84.1763834151524
			41.9972884857456	-83.9945769714912
			41.9972884857456	-83.8127705278299
			41.9972884857456	-83.6309640841687
			41.8154820420843	-83.6309640841687
			41.8154820420843	-83.4491576405075
			41.8154820420843	-83.2673511968462
			41.8154820420843	-83.085544753185
			41.6336755984231	-82.9037383095237
			41.6336755984231	-82.7219318658625
			41.6336755984231	-82.5401254222013
			41.4518691547619	-82.35831897854
			41.4518691547619	-82.1765125348788
			41.4518691547619	-81.9947060912176
			41.2700627111006	-81.8128996475563
			41.2700627111006	-81.6310932038951
			41.2700627111006	-81.4492867602339
			41.0882562674394	-81.2674803165726
			41.0882562674394	-81.0856738729114
			40.9064498237782	-80.9038674292502
			40.9064498237782	-80.7220609855889
			40.9064498237782	-80.5402545419277
			40.7246433801169	-80.3584480982665
			40.7246433801169	-80.1766416546052
			40.5428369364557	-79.994835210944
			40.5428369364557	-79.8130287672827
			40.5428369364557	-79.6312223236215
			40.3610304927945	-79.4494158799603
			40.3610304927945	-79.267609436299
			40.1792240491332	-79.0858029926378
			40.1792240491332	-78.9039965489766
			40.1792240491332	-78.7221901053153
			39.997417605472	-78.5403836616541
			39.997417605472	-78.3585772179928
			39.8156111618108	-78.1767707743316
			39.8156111618108	-77.9949643306704
			39.6338047181495	-77.8131578870091
			39.6338047181495	-77.6313514433479
			39.4519982744883	-77.4495449996867
			39.4519982744883	-77.2677385560254
			39.4519982744883	-77.0859321123642
			39.270191830827	-76.904125668703
			39.270191830827	-76.7223192250417
			39.0883853871658	-76.5405127813805
			39.0883853871658	-76.3587063377192
			38.9065789435046	-76.176899894058
			38.9065789435046	-75.9950934503968
			38.7247724998433	-75.9950934503968
			38.7247724998433	-75.8132870067355
			38.5429660561821	-75.6314805630743
			38.5429660561821	-75.4496741194131
			38.3611596125209	-75.2678676757518
			38.3611596125209	-75.0860612320906
			38.1793531688596	-74.9042547884294
			38.1793531688596	-74.7224483447681
			37.9975467251984	-74.5406419011069
			37.8157402815372	-74.3588354574457
			37.8157402815372	-74.1770290137844
			37.6339338378759	-73.9952225701232
			37.4521273942147	-73.8134161264619
			37.4521273942147	-73.6316096828007
			37.2703209505534	-73.4498032391395
			37.0885145068922	-73.2679967954782
			37.0885145068922	-73.086190351817
			37.0885145068922	-72.9043839081558
			36.906708063231	-72.9043839081558
			36.906708063231	-72.7225774644945
			36.906708063231	-72.5407710208333
			36.7249016195697	-72.358964577172
			36.7249016195697	-72.1771581335108
			36.7249016195697	-71.9953516898496
			36.7249016195697	-71.8135452461883
			36.7249016195697	-71.6317388025271
			36.906708063231	-71.4499323588659
			36.906708063231	-71.2681259152046
			36.906708063231	-71.0863194715434
			37.0885145068922	-70.9045130278822
			37.0885145068922	-70.7227065842209
			37.2703209505534	-70.5409001405597
			37.2703209505534	-70.3590936968985
			37.4521273942147	-70.1772872532372
			37.6339338378759	-69.995480809576
			37.8157402815372	-69.8136743659147
			37.9975467251984	-69.8136743659147
			38.1793531688596	-69.8136743659147
			38.3611596125209	-69.6318679222535
			38.5429660561821	-69.6318679222535
			38.7247724998433	-69.6318679222535
			38.9065789435046	-69.6318679222535
			39.0883853871658	-69.6318679222535
			39.270191830827	-69.6318679222535
			39.4519982744883	-69.8136743659147
			39.6338047181495	-69.8136743659147
			39.8156111618108	-69.8136743659147
			39.997417605472	-69.995480809576
			40.1792240491332	-69.995480809576
			40.3610304927945	-70.1772872532372
			40.5428369364557	-70.1772872532372
			40.7246433801169	-70.3590936968985
			40.9064498237782	-70.3590936968985
			41.0882562674394	-70.5409001405597
			41.2700627111006	-70.5409001405597
			41.4518691547619	-70.7227065842209
			41.6336755984231	-70.7227065842209
			41.8154820420843	-70.9045130278822
			41.9972884857456	-70.9045130278822
			42.1790949294068	-71.0863194715434
			42.3609013730681	-71.0863194715434
			42.5427078167293	-71.2681259152046
			42.7245142603905	-71.4499323588659
			42.9063207040518	-71.4499323588659
			43.088127147713	-71.6317388025271
			43.2699335913742	-71.8135452461883
			43.4517400350355	-71.8135452461883
			43.6335464786967	-71.9953516898496
			43.8153529223579	-71.9953516898496
			43.9971593660192	-72.1771581335108
			44.1789658096804	-72.358964577172
			44.3607722533417	-72.5407710208333
			44.5425786970029	-72.7225774644945
			44.7243851406641	-72.9043839081558
			44.9061915843254	-73.086190351817
			45.0879980279866	-73.2679967954782
			45.2698044716478	-73.4498032391395
			45.2698044716478	-73.6316096828007
			45.4516109153091	-73.6316096828007
			45.4516109153091	-73.8134161264619
			45.6334173589703	-73.9952225701232
			45.6334173589703	-74.1770290137844
			45.8152238026316	-74.3588354574457
			45.8152238026316	-74.5406419011069
			45.9970302462928	-74.7224483447681
			45.9970302462928	-74.9042547884294
			46.178836689954	-74.7224483447681
			46.178836689954	-74.5406419011069
			46.178836689954	-74.3588354574457
			46.178836689954	-74.1770290137844
			45.9970302462928	-73.9952225701232
			45.9970302462928	-73.8134161264619
			45.9970302462928	-73.6316096828007
			45.8152238026316	-73.4498032391395
			45.8152238026316	-73.2679967954782
			45.6334173589703	-73.086190351817
			45.4516109153091	-72.9043839081558
			45.4516109153091	-72.7225774644945
			45.2698044716478	-72.5407710208333
			45.0879980279866	-72.5407710208333
			45.0879980279866	-72.358964577172
			44.9061915843254	-72.1771581335108
			44.7243851406641	-71.9953516898496
			44.5425786970029	-71.8135452461883
			44.3607722533417	-71.6317388025271
			44.1789658096804	-71.4499323588659
			43.9971593660192	-71.2681259152046
			43.8153529223579	-71.2681259152046
			43.8153529223579	-71.0863194715434
			43.6335464786967	-70.9045130278822
			43.4517400350355	-70.9045130278822
			43.2699335913742	-70.7227065842209
			43.088127147713	-70.5409001405597
			42.9063207040518	-70.3590936968985
			42.7245142603905	-70.1772872532372
			42.5427078167293	-70.1772872532372
			42.3609013730681	-69.995480809576
			42.1790949294068	-69.8136743659147
			41.9972884857456	-69.8136743659147
			41.9972884857456	-69.6318679222535
			41.8154820420843	-69.6318679222535
			41.6336755984231	-69.4500614785923
			41.4518691547619	-69.4500614785923
			41.4518691547619	-69.268255034931
			41.2700627111006	-69.268255034931
			41.0882562674394	-69.268255034931
			40.9064498237782	-69.0864485912698
			40.7246433801169	-68.9046421476086
			40.5428369364557	-68.7228357039473
			40.3610304927945	-68.7228357039473
			40.1792240491332	-68.5410292602861
			39.997417605472	-68.5410292602861
			39.8156111618108	-68.3592228166249
			39.6338047181495	-68.1774163729636
			39.4519982744883	-68.1774163729636
			39.270191830827	-68.1774163729636
			39.0883853871658	-67.9956099293024
			38.9065789435046	-67.9956099293024
			38.7247724998433	-67.8138034856411
			38.7247724998433	-67.6319970419799
			38.7247724998433	-67.4501905983187
			38.7247724998433	-67.2683841546574
			38.7247724998433	-67.0865777109962
			38.9065789435046	-66.904771267335
			38.9065789435046	-66.7229648236737
			38.9065789435046	-66.5411583800125
			38.9065789435046	-66.3593519363512
			39.0883853871658	-66.17754549269
			39.0883853871658	-65.9957390490288
			39.270191830827	-65.9957390490288
			39.4519982744883	-65.9957390490288
			39.6338047181495	-66.17754549269
			39.8156111618108	-66.17754549269
			39.997417605472	-66.17754549269
			40.1792240491332	-66.17754549269
			40.3610304927945	-66.17754549269
			40.5428369364557	-66.17754549269
			40.7246433801169	-66.17754549269
			40.9064498237782	-66.3593519363512
			41.0882562674394	-66.3593519363512
			41.2700627111006	-66.3593519363512
			41.4518691547619	-66.3593519363512
			41.6336755984231	-66.3593519363512
			41.8154820420843	-66.3593519363512
			41.9972884857456	-66.5411583800125
			42.1790949294068	-66.5411583800125
			42.3609013730681	-66.5411583800125
			42.3609013730681	-66.7229648236737
			42.5427078167293	-66.7229648236737
			42.7245142603905	-66.7229648236737
			42.9063207040518	-66.7229648236737
			42.9063207040518	-66.904771267335
			43.088127147713	-66.904771267335
			43.2699335913742	-66.904771267335
			43.2699335913742	-67.0865777109962
			43.4517400350355	-67.0865777109962
			43.6335464786967	-67.0865777109962
			43.8153529223579	-67.2683841546574
			43.9971593660192	-67.2683841546574
			44.1789658096804	-67.4501905983187
			44.3607722533417	-67.4501905983187
			44.5425786970029	-67.6319970419799
			44.7243851406641	-67.6319970419799
			44.7243851406641	-67.8138034856411
			44.9061915843254	-67.8138034856411
			45.0879980279866	-67.9956099293024
			45.2698044716478	-67.9956099293024
			45.4516109153091	-68.1774163729636
			45.6334173589703	-68.3592228166249
			45.6334173589703	-68.5410292602861
			45.8152238026316	-68.7228357039473
			45.9970302462928	-68.9046421476086
			45.9970302462928	-69.0864485912698
			46.178836689954	-69.268255034931
			46.178836689954	-69.4500614785923
			46.3606431336153	-69.4500614785923
			46.3606431336153	-69.6318679222535
			46.5424495772765	-69.8136743659147
			46.5424495772765	-69.6318679222535
			46.5424495772765	-69.4500614785923
			46.5424495772765	-69.268255034931
			46.3606431336153	-69.0864485912698
			46.3606431336153	-68.9046421476086
			46.178836689954	-68.7228357039473
			46.178836689954	-68.5410292602861
			45.9970302462928	-68.3592228166249
			45.9970302462928	-68.1774163729636
			45.8152238026316	-67.9956099293024
			45.6334173589703	-67.8138034856411
			45.4516109153091	-67.6319970419799
			45.2698044716478	-67.4501905983187
			45.2698044716478	-67.2683841546574
			45.0879980279866	-67.0865777109962
			44.9061915843254	-67.0865777109962
			44.7243851406641	-66.904771267335
			44.5425786970029	-66.7229648236737
			44.3607722533417	-66.7229648236737
			44.1789658096804	-66.5411583800125
			43.9971593660192	-66.3593519363512
			43.8153529223579	-66.3593519363512
			43.6335464786967	-66.17754549269
			43.4517400350355	-66.17754549269
			43.2699335913742	-65.9957390490288
			43.088127147713	-65.8139326053675
			42.9063207040518	-65.8139326053675
			42.7245142603905	-65.8139326053675
			42.5427078167293	-65.8139326053675
			42.5427078167293	-65.6321261617063
			42.3609013730681	-65.6321261617063
			42.1790949294068	-65.6321261617063
			41.9972884857456	-65.4503197180451
			41.8154820420843	-65.4503197180451
			41.6336755984231	-65.2685132743838
			41.4518691547619	-65.2685132743838
			41.2700627111006	-65.2685132743838
			41.0882562674394	-65.0867068307226
			40.9064498237782	-65.0867068307226
			40.7246433801169	-65.0867068307226
			40.5428369364557	-64.9049003870614
			40.3610304927945	-64.9049003870614
			40.1792240491332	-64.9049003870614
			39.997417605472	-64.9049003870614
			39.8156111618108	-64.7230939434001
			39.6338047181495	-64.7230939434001
			39.4519982744883	-64.7230939434001
			39.4519982744883	-64.5412874997389
			39.4519982744883	-64.3594810560777
			39.4519982744883	-64.1776746124164
			39.4519982744883	-63.9958681687552
			39.4519982744883	-63.8140617250939
			39.6338047181495	-63.6322552814327
			39.8156111618108	-63.4504488377715
			39.997417605472	-63.4504488377715
			40.1792240491332	-63.4504488377715
			40.3610304927945	-63.4504488377715
			40.5428369364557	-63.4504488377715
			40.7246433801169	-63.4504488377715
			40.9064498237782	-63.4504488377715
			41.0882562674394	-63.4504488377715
			41.2700627111006	-63.4504488377715
			41.4518691547619	-63.4504488377715
			41.6336755984231	-63.6322552814327
			41.8154820420843	-63.6322552814327
			41.9972884857456	-63.6322552814327
			42.1790949294068	-63.6322552814327
			42.3609013730681	-63.8140617250939
			42.5427078167293	-63.8140617250939
			42.7245142603905	-63.8140617250939
			42.9063207040518	-63.9958681687552
			43.088127147713	-63.9958681687552
			43.2699335913742	-63.9958681687552
			43.4517400350355	-64.1776746124164
			43.6335464786967	-64.1776746124164
			43.8153529223579	-64.3594810560777
			43.9971593660192	-64.3594810560777
			44.1789658096804	-64.3594810560777
			44.1789658096804	-64.5412874997389
			44.3607722533417	-64.5412874997389
			44.5425786970029	-64.7230939434001
			44.7243851406641	-64.9049003870614
			44.9061915843254	-65.0867068307226
			45.0879980279866	-65.2685132743838
			45.2698044716478	-65.4503197180451
			45.4516109153091	-65.6321261617063
			45.6334173589703	-65.8139326053675
			45.8152238026316	-65.9957390490288
			45.9970302462928	-66.17754549269
			46.178836689954	-66.3593519363512
			46.3606431336153	-66.5411583800125
			46.3606431336153	-66.7229648236737
			46.5424495772765	-66.904771267335
			46.7242560209377	-67.0865777109962
			46.906062464599	-67.2683841546574
			46.906062464599	-67.4501905983187
			47.0878689082602	-67.6319970419799
			47.0878689082602	-67.4501905983187
			46.906062464599	-67.2683841546574
			46.906062464599	-67.0865777109962
			46.906062464599	-66.904771267335
			46.7242560209377	-66.7229648236737
			46.7242560209377	-66.5411583800125
			46.5424495772765	-66.3593519363512
			46.5424495772765	-66.17754549269
			46.3606431336153	-65.9957390490288
			46.3606431336153	-65.8139326053675
			46.178836689954	-65.8139326053675
			46.178836689954	-65.6321261617063
			45.9970302462928	-65.4503197180451
			45.9970302462928	-65.2685132743838
			45.8152238026316	-65.0867068307226
			45.6334173589703	-64.9049003870614
			45.6334173589703	-64.7230939434001
			45.4516109153091	-64.5412874997389
			45.2698044716478	-64.3594810560777
			45.0879980279866	-64.1776746124164
			44.9061915843254	-63.9958681687552
			44.7243851406641	-63.8140617250939
			44.5425786970029	-63.6322552814327
			44.3607722533417	-63.6322552814327
			44.1789658096804	-63.4504488377715
			43.9971593660192	-63.4504488377715
			43.8153529223579	-63.2686423941102
			43.6335464786967	-63.2686423941102
			43.4517400350355	-63.2686423941102
			43.2699335913742	-63.086835950449
			43.088127147713	-63.086835950449
			42.9063207040518	-62.9050295067878
			42.7245142603905	-62.9050295067878
			42.5427078167293	-62.7232230631265
			42.3609013730681	-62.7232230631265
			42.1790949294068	-62.7232230631265
			41.9972884857456	-62.7232230631265
			41.8154820420843	-62.5414166194653
			41.6336755984231	-62.5414166194653
			41.4518691547619	-62.5414166194653
			41.2700627111006	-62.3596101758041
			41.0882562674394	-62.3596101758041
			40.9064498237782	-62.3596101758041
			40.7246433801169	-62.3596101758041
			40.5428369364557	-62.3596101758041
			40.3610304927945	-62.1778037321428
			40.1792240491332	-62.1778037321428
			39.997417605472	-62.1778037321428
			39.8156111618108	-62.1778037321428
			39.6338047181495	-61.9959972884816
			39.4519982744883	-61.9959972884816
			39.270191830827	-61.9959972884816
			39.0883853871658	-61.9959972884816
			38.9065789435046	-61.9959972884816
			38.7247724998433	-61.9959972884816
			38.5429660561821	-61.8141908448203
			38.3611596125209	-61.8141908448203
			38.1793531688596	-61.8141908448203
			37.9975467251984	-61.8141908448203
			37.8157402815372	-61.8141908448203
			37.6339338378759	-61.6323844011591
			37.4521273942147	-61.6323844011591
			37.2703209505534	-61.6323844011591
			37.0885145068922	-61.6323844011591
			36.906708063231	-61.6323844011591
			36.7249016195697	-61.4505779574979
			36.5430951759085	-61.4505779574979
			36.3612887322473	-61.4505779574979
			36.179482288586	-61.4505779574979
			35.9976758449248	-61.4505779574979
			35.8158694012635	-61.2687715138366
			35.6340629576023	-61.2687715138366
			35.4522565139411	-61.2687715138366
			35.2704500702798	-61.2687715138366
			35.0886436266186	-61.2687715138366
			34.9068371829574	-61.2687715138366
			34.7250307392961	-61.2687715138366
			34.5432242956349	-61.0869650701754
			34.3614178519737	-61.0869650701754
			34.1796114083124	-61.0869650701754
			33.9978049646512	-61.0869650701754
			33.81599852099	-61.0869650701754
			33.6341920773287	-61.0869650701754
			33.4523856336675	-61.0869650701754
			33.2705791900062	-61.0869650701754
			33.088772746345	-60.9051586265142
			32.9069663026838	-60.9051586265142
			32.7251598590225	-60.9051586265142
			32.5433534153613	-60.9051586265142
			32.3615469717001	-60.9051586265142
			32.1797405280388	-60.9051586265142
			31.9979340843776	-60.9051586265142
			31.8161276407164	-60.9051586265142
		</margin>
	</curves.scaled>
	<ruler.points type=matrix rownames=TRUE colnames=FALSE nrow=2 ncol=2 as.numeric=TRUE >
		Ruler point 1	16	30
		Ruler point 2	104	29
	</ruler.points>
</shapes>

