<shapes type=list>
	<ruler.pixel type=vector names=FALSE length=1 as.numeric=TRUE >728</ruler.pixel>
	<ruler.interval type=vector names=FALSE length=1 as.numeric=TRUE >7.8</ruler.interval>
	<scaling.units type=vector names=FALSE length=1 as.numeric=FALSE >cm</scaling.units>
	<scaling type=vector names=FALSE length=1 as.numeric=TRUE >0.0107142857142857</scaling>
	<landmarks.pixel type=matrix rownames=TRUE colnames=FALSE nrow=7 ncol=2 as.numeric=TRUE >
		LM1	412	293
		LM2	412	395
		LM3	412	401
		LM4	412	474
		LM5	443	297
		LM6	501	323
		LM7	514	329
	</landmarks.pixel>
	<landmarks.scaled type=matrix rownames=TRUE colnames=FALSE nrow=7 ncol=2 as.numeric=TRUE >
		LM1	4.41428571428571	-3.13928571428571
		LM2	4.41428571428571	-4.23214285714286
		LM3	4.41428571428571	-4.29642857142857
		LM4	4.41428571428571	-5.07857142857143
		LM5	4.74642857142857	-3.18214285714286
		LM6	5.36785714285714	-3.46071428571429
		LM7	5.50714285714286	-3.525
	</landmarks.scaled>
	<curves.control type=list>
		<axis type=matrix rownames=FALSE colnames=FALSE nrow=7 ncol=2 as.numeric=TRUE >
			412	293
			426	295
			443	297
			443	308
			433	374
			430	389
			412	395
		</axis>
		<border type=matrix rownames=FALSE colnames=FALSE nrow=3 ncol=2 as.numeric=TRUE >
			412	401
			462	386
			501	323
		</border>
		<margin type=matrix rownames=FALSE colnames=FALSE nrow=49 ncol=2 as.numeric=TRUE >
			412	474
			423	469
			426	431
			430	419
			434	416
			441	426
			443	459
			448	498
			452	516
			459	513
			460	478
			459	436
			456	409
			460	397
			467	400
			476	414
			492	447
			500	464
			511	496
			513	506
			516	516
			527	480
			479	386
			479	378
			482	372
			488	368
			504	386
			522	410
			553	439
			566	455
			576	481
			579	477
			571	454
			555	418
			503	361
			499	354
			501	347
			513	349
			541	367
			570	382
			598	402
			618	422
			633	442
			638	441
			615	411
			548	345
			514	328
			506	323
			443	297
		</margin>
	</curves.control>
	<curves.pixel type=list>
		<axis type=matrix rownames=FALSE colnames=FALSE nrow=135 ncol=2 as.numeric=TRUE >
			412	293
			413	293
			414	293
			415	293
			416	294
			417	294
			418	294
			419	294
			420	294
			421	294
			422	294
			423	294
			424	295
			425	295
			426	295
			427	295
			428	295
			429	295
			430	295
			431	296
			432	296
			433	296
			434	296
			435	296
			436	296
			437	296
			438	296
			439	296
			440	297
			441	297
			442	297
			443	298
			443	299
			443	300
			443	301
			443	302
			443	303
			443	304
			442	305
			442	306
			442	307
			442	308
			442	309
			442	310
			442	311
			442	312
			442	313
			441	314
			441	315
			441	316
			441	317
			441	318
			441	319
			441	320
			441	321
			440	322
			440	323
			440	324
			440	325
			440	326
			440	327
			440	328
			440	329
			439	330
			439	331
			439	332
			439	333
			439	334
			439	335
			439	336
			438	337
			438	338
			438	339
			438	340
			438	341
			438	342
			438	343
			437	344
			437	345
			437	346
			437	347
			437	348
			437	349
			437	350
			436	351
			436	352
			436	353
			436	354
			436	355
			436	356
			436	357
			435	358
			435	359
			435	360
			435	361
			435	362
			435	363
			435	364
			434	365
			434	366
			434	367
			434	368
			434	369
			434	370
			433	371
			433	372
			433	373
			433	374
			433	375
			433	376
			432	377
			432	378
			431	379
			431	380
			430	381
			430	382
			429	383
			428	384
			428	385
			427	386
			426	387
			425	388
			424	389
			423	389
			422	390
			421	391
			420	392
			419	392
			418	393
			417	393
			416	393
			415	394
			414	394
			413	395
			412	395
		</axis>
		<border type=matrix rownames=FALSE colnames=FALSE nrow=104 ncol=2 as.numeric=TRUE >
			412	401
			413	401
			414	400
			415	400
			416	400
			417	399
			418	399
			419	399
			420	398
			421	398
			422	397
			423	397
			424	397
			425	396
			426	396
			427	395
			428	395
			429	394
			430	394
			431	393
			432	393
			433	393
			434	392
			435	391
			436	390
			437	390
			438	390
			438	389
			439	389
			440	388
			441	388
			442	387
			443	386
			444	386
			445	385
			446	385
			446	384
			447	384
			448	383
			449	382
			450	382
			450	381
			451	381
			452	380
			453	379
			454	378
			455	377
			456	377
			457	376
			458	375
			459	374
			460	374
			461	373
			462	372
			462	371
			463	370
			464	369
			465	369
			466	368
			467	367
			468	366
			469	365
			470	364
			471	363
			471	362
			472	361
			473	360
			474	359
			475	358
			476	357
			477	356
			478	355
			478	354
			479	353
			480	352
			481	351
			482	350
			483	349
			484	348
			484	347
			485	346
			486	345
			487	344
			487	343
			488	342
			489	341
			490	340
			491	339
			491	338
			492	337
			492	336
			493	335
			494	334
			495	333
			495	332
			496	331
			497	330
			497	329
			498	328
			499	327
			499	326
			500	325
			500	324
			501	323
		</border>
		<margin type=matrix rownames=FALSE colnames=FALSE nrow=1199 ncol=2 as.numeric=TRUE >
			412	474
			413	474
			414	473
			414	472
			415	472
			416	471
			417	470
			417	469
			418	468
			418	467
			419	466
			419	465
			420	464
			420	463
			420	462
			421	461
			421	460
			421	459
			422	458
			422	457
			422	456
			423	455
			423	454
			423	453
			423	452
			423	451
			424	450
			424	449
			424	448
			424	447
			424	446
			424	445
			425	444
			425	443
			425	442
			425	441
			425	440
			425	439
			425	438
			426	437
			426	436
			426	435
			426	434
			426	433
			426	432
			426	431
			426	430
			427	429
			427	428
			427	427
			428	426
			428	425
			429	424
			429	423
			430	422
			430	421
			431	420
			431	419
			432	418
			433	417
			434	416
			435	417
			435	418
			436	419
			436	420
			437	421
			437	422
			437	423
			438	424
			438	425
			438	426
			439	427
			439	428
			439	429
			439	430
			439	431
			440	431
			440	432
			440	433
			440	434
			440	435
			441	436
			441	437
			441	438
			441	439
			441	440
			441	441
			441	442
			442	443
			442	444
			442	445
			442	446
			442	447
			442	448
			442	449
			442	450
			442	451
			443	452
			443	453
			443	454
			443	455
			443	456
			443	457
			443	458
			443	459
			443	460
			443	461
			443	462
			444	463
			444	464
			444	465
			444	466
			444	467
			444	468
			444	469
			444	470
			445	471
			445	472
			445	473
			445	474
			445	475
			445	476
			445	477
			446	478
			446	479
			446	480
			446	481
			446	482
			446	483
			446	484
			447	485
			447	486
			447	487
			447	488
			447	489
			447	490
			447	491
			448	491
			448	492
			448	493
			448	494
			448	495
			448	496
			448	497
			449	498
			449	499
			449	500
			449	501
			449	502
			450	503
			450	504
			450	505
			450	506
			450	507
			450	508
			451	509
			451	510
			451	511
			451	512
			451	513
			452	514
			452	515
			452	516
			453	516
			453	515
			454	515
			454	514
			455	513
			455	512
			456	511
			456	510
			456	509
			457	508
			457	507
			457	506
			457	505
			458	504
			458	503
			458	502
			458	501
			458	500
			458	499
			459	498
			459	497
			459	496
			459	495
			459	494
			459	493
			459	492
			459	491
			459	490
			460	489
			460	488
			460	487
			460	486
			460	485
			460	484
			460	483
			460	482
			460	481
			460	480
			460	479
			460	478
			460	477
			460	476
			460	475
			460	474
			460	473
			460	472
			460	471
			460	470
			460	469
			460	468
			460	467
			460	466
			460	465
			460	464
			460	463
			460	462
			459	461
			459	460
			459	459
			459	458
			459	457
			459	456
			459	455
			459	454
			459	453
			459	452
			459	451
			459	450
			459	449
			459	448
			459	447
			459	446
			459	445
			459	444
			459	443
			459	442
			459	441
			459	440
			458	439
			458	438
			458	437
			458	436
			458	435
			458	434
			458	433
			458	432
			458	431
			458	430
			458	429
			458	428
			458	427
			458	426
			458	425
			457	424
			457	423
			457	422
			457	421
			457	420
			457	419
			457	418
			457	417
			457	416
			457	415
			457	414
			456	413
			456	412
			456	411
			456	410
			456	409
			456	408
			457	407
			457	406
			458	405
			458	404
			459	403
			459	402
			460	401
			461	400
			462	400
			463	400
			464	399
			465	399
			466	400
			467	400
			468	401
			468	402
			469	403
			469	404
			470	405
			471	406
			471	407
			472	408
			472	409
			473	410
			474	411
			474	412
			475	413
			475	414
			476	415
			476	416
			477	417
			477	418
			478	419
			478	420
			479	421
			480	422
			480	423
			481	424
			481	425
			481	426
			482	426
			482	427
			482	428
			483	429
			484	430
			484	431
			485	432
			485	433
			486	434
			486	435
			487	436
			487	437
			487	438
			488	439
			488	440
			489	441
			490	442
			490	443
			490	444
			491	445
			492	446
			492	447
			492	448
			493	449
			493	450
			494	450
			494	451
			494	452
			495	453
			495	454
			495	455
			496	456
			496	457
			497	457
			497	458
			497	459
			498	460
			498	461
			499	462
			499	463
			499	464
			500	465
			500	466
			500	467
			501	467
			501	468
			501	469
			502	470
			502	471
			502	472
			503	473
			503	474
			503	475
			504	476
			504	477
			505	478
			505	479
			505	480
			506	481
			506	482
			506	483
			507	483
			507	484
			507	485
			508	486
			508	487
			508	488
			508	489
			509	489
			509	490
			509	491
			510	492
			510	493
			510	494
			511	495
			511	496
			511	497
			511	498
			512	499
			512	500
			512	501
			512	502
			512	503
			513	503
			513	504
			513	505
			513	506
			514	507
			514	508
			514	509
			514	510
			514	511
			515	511
			515	512
			515	513
			515	514
			516	515
			517	514
			517	513
			517	512
			517	511
			517	510
			518	509
			518	508
			518	507
			518	506
			518	505
			518	504
			518	503
			518	502
			518	501
			518	500
			518	499
			518	498
			518	497
			518	496
			518	495
			518	494
			518	493
			518	492
			517	491
			517	490
			517	489
			517	488
			517	487
			517	486
			517	485
			516	484
			516	483
			516	482
			516	481
			516	480
			516	479
			515	478
			515	477
			515	476
			515	475
			515	474
			514	474
			514	473
			514	472
			514	471
			514	470
			513	469
			513	468
			513	467
			512	466
			512	465
			512	464
			511	463
			511	462
			511	461
			511	460
			510	460
			510	459
			510	458
			510	457
			509	456
			509	455
			509	454
			508	453
			508	452
			508	451
			507	450
			507	449
			507	448
			506	447
			506	446
			505	445
			505	444
			505	443
			504	442
			504	441
			503	440
			503	439
			503	438
			503	437
			502	437
			502	436
			502	435
			501	434
			501	433
			500	432
			500	431
			500	430
			499	430
			499	429
			499	428
			498	427
			498	426
			497	425
			497	424
			497	423
			496	422
			496	421
			495	420
			495	419
			494	418
			494	417
			493	416
			493	415
			493	414
			492	413
			492	412
			491	411
			491	410
			490	409
			490	408
			489	407
			489	406
			488	405
			488	404
			487	403
			487	402
			487	401
			486	401
			486	400
			486	399
			485	399
			485	398
			485	397
			484	397
			484	396
			484	395
			483	395
			483	394
			483	393
			482	393
			482	392
			482	391
			481	391
			481	390
			481	389
			480	389
			480	388
			480	387
			479	387
			479	386
			479	385
			479	384
			479	383
			479	382
			479	381
			480	380
			480	379
			480	378
			480	377
			480	376
			481	375
			481	374
			481	373
			482	372
			483	371
			484	371
			485	371
			486	371
			486	372
			487	372
			488	372
			489	373
			490	373
			491	374
			492	374
			492	375
			493	375
			494	376
			495	377
			496	378
			497	379
			498	380
			499	381
			500	382
			501	383
			502	384
			503	385
			504	386
			505	387
			505	388
			506	389
			507	390
			508	391
			509	392
			509	393
			510	394
			511	395
			512	396
			513	397
			514	398
			515	399
			516	400
			516	401
			517	402
			518	403
			519	404
			520	405
			520	406
			521	407
			522	408
			523	408
			523	409
			524	410
			525	411
			526	412
			526	413
			527	413
			528	414
			529	415
			530	416
			530	417
			531	417
			532	418
			533	419
			534	420
			534	421
			535	422
			536	423
			537	423
			538	424
			539	425
			539	426
			540	427
			541	428
			542	429
			543	429
			544	430
			545	431
			546	432
			547	433
			547	434
			548	435
			549	436
			550	436
			551	437
			552	438
			553	439
			553	440
			554	440
			554	441
			555	441
			555	442
			556	443
			557	444
			557	445
			558	446
			559	447
			560	448
			560	449
			561	450
			562	451
			562	452
			562	453
			563	453
			563	454
			564	455
			564	456
			565	456
			565	457
			565	458
			566	459
			566	460
			567	460
			567	461
			568	462
			568	463
			568	464
			569	464
			569	465
			570	466
			570	467
			570	468
			571	469
			571	470
			572	470
			572	471
			572	472
			573	473
			573	474
			574	475
			574	476
			574	477
			575	478
			575	479
			575	480
			576	481
			576	480
			577	480
			577	479
			577	478
			577	477
			577	476
			577	475
			577	474
			576	473
			576	472
			576	471
			576	470
			576	469
			575	468
			575	467
			575	466
			575	465
			574	464
			574	463
			574	462
			573	461
			573	460
			573	459
			572	458
			572	457
			572	456
			571	455
			571	454
			570	453
			570	452
			570	451
			569	450
			569	449
			568	448
			568	447
			567	446
			567	445
			566	445
			566	444
			565	443
			565	442
			564	441
			564	440
			563	439
			563	438
			562	437
			562	436
			561	435
			560	434
			560	433
			559	432
			559	431
			558	430
			557	429
			557	428
			556	427
			555	426
			555	425
			554	424
			553	423
			552	422
			552	421
			551	420
			550	419
			550	418
			549	417
			548	416
			547	415
			547	414
			546	413
			546	412
			545	411
			544	411
			544	410
			543	409
			543	408
			542	407
			541	407
			541	406
			540	405
			539	404
			539	403
			538	402
			537	401
			536	400
			535	399
			534	398
			534	397
			533	396
			532	395
			531	394
			531	393
			530	392
			529	391
			528	390
			527	389
			527	388
			526	387
			525	387
			525	386
			524	385
			524	384
			523	384
			522	383
			522	382
			521	381
			520	380
			519	379
			518	378
			517	377
			516	376
			515	375
			515	374
			514	373
			513	372
			512	371
			511	370
			510	369
			509	368
			509	367
			508	366
			507	365
			506	364
			505	363
			504	362
			503	361
			502	360
			502	359
			502	358
			501	357
			501	356
			501	355
			501	354
			500	353
			500	352
			500	351
			500	350
			501	349
			501	348
			501	347
			502	347
			503	347
			504	348
			505	348
			506	348
			507	349
			508	349
			509	349
			510	350
			511	350
			512	351
			513	351
			514	351
			514	352
			515	352
			516	352
			517	353
			518	354
			519	354
			520	354
			521	355
			522	356
			523	356
			524	357
			525	357
			526	358
			527	358
			528	359
			529	360
			530	360
			531	361
			532	362
			533	362
			534	363
			535	363
			535	364
			536	364
			537	364
			538	365
			539	366
			540	366
			541	367
			542	367
			543	368
			544	368
			545	369
			546	370
			547	370
			548	371
			549	371
			549	372
			550	372
			551	372
			551	373
			552	373
			553	373
			553	374
			554	374
			555	374
			555	375
			556	375
			557	376
			558	376
			559	377
			560	378
			561	378
			562	378
			563	379
			564	380
			565	380
			566	381
			567	382
			568	382
			569	383
			570	383
			571	384
			572	384
			573	385
			574	386
			575	386
			575	387
			576	387
			577	388
			578	389
			579	389
			580	390
			581	390
			582	391
			583	392
			584	392
			585	393
			586	394
			587	394
			588	395
			589	395
			589	396
			590	397
			591	397
			592	398
			593	399
			594	399
			595	400
			596	401
			597	401
			598	402
			599	403
			600	404
			601	405
			602	406
			603	407
			603	408
			604	408
			605	409
			606	410
			607	411
			607	412
			608	412
			609	413
			610	414
			610	415
			611	416
			612	416
			612	417
			613	418
			614	419
			615	420
			616	421
			617	422
			618	423
			618	424
			619	425
			620	426
			621	427
			622	428
			622	429
			623	430
			624	431
			625	432
			626	433
			627	434
			628	435
			628	436
			629	437
			630	438
			631	439
			632	440
			632	441
			633	442
			634	442
			634	441
			634	440
			634	439
			633	438
			633	437
			632	436
			632	435
			631	434
			631	433
			630	432
			629	431
			629	430
			628	429
			627	428
			627	427
			626	426
			625	425
			625	424
			624	423
			623	422
			622	421
			622	420
			621	419
			620	418
			619	417
			619	416
			618	416
			618	415
			617	414
			617	413
			616	413
			616	412
			615	411
			614	410
			613	409
			612	408
			611	407
			610	406
			609	405
			608	404
			607	403
			606	402
			605	401
			604	400
			603	399
			602	398
			601	398
			600	397
			599	396
			598	395
			597	394
			596	393
			595	392
			594	391
			593	390
			592	389
			592	388
			591	388
			590	387
			589	386
			588	385
			587	384
			586	383
			585	382
			584	382
			583	381
			582	380
			581	379
			581	378
			580	378
			579	377
			578	376
			577	375
			576	374
			575	374
			574	373
			574	372
			573	371
			572	371
			571	370
			570	369
			569	368
			568	367
			567	366
			566	365
			565	364
			564	364
			563	363
			562	362
			561	361
			560	360
			559	359
			558	359
			557	358
			556	357
			555	356
			554	356
			553	355
			552	354
			552	353
			551	353
			550	352
			549	351
			548	351
			547	350
			546	349
			545	349
			544	348
			544	347
			543	347
			542	346
			541	345
			540	345
			539	344
			538	343
			537	342
			536	342
			535	341
			534	340
			533	340
			532	339
			531	338
			530	338
			529	337
			528	336
			527	335
			526	335
			525	334
			524	333
			523	333
			522	332
			521	332
			520	331
			519	330
			518	330
			517	329
			516	329
			515	328
			514	328
			513	327
			512	327
			511	326
			510	326
			509	325
			508	325
			507	324
			506	324
			505	324
			504	323
			503	323
			502	322
			501	322
			500	321
			499	321
			498	320
			497	320
			496	319
			495	319
			494	319
			493	318
			492	318
			492	317
			491	317
			490	317
			489	316
			488	316
			487	316
			486	315
			485	314
			484	314
			483	314
			482	313
			481	313
			480	313
			479	312
			478	312
			477	311
			476	311
			475	310
			474	310
			473	309
			472	309
			471	309
			470	308
			469	308
			468	307
			467	307
			466	307
			465	306
			464	306
			463	305
			462	305
			461	305
			461	304
			460	304
			459	304
			458	303
			457	303
			456	302
			455	302
			454	302
			453	301
			452	301
			451	300
			450	300
			449	299
			448	299
			447	299
			447	298
			446	298
			445	298
			444	297
			443	297
		</margin>
	</curves.pixel>
	<curves.scaled type=list>
		<axis type=matrix rownames=FALSE colnames=FALSE nrow=135 ncol=2 as.numeric=TRUE >
			4.41428571428571	-3.13928571428571
			4.425	-3.13928571428571
			4.43571428571429	-3.13928571428571
			4.44642857142857	-3.13928571428571
			4.45714285714286	-3.15
			4.46785714285714	-3.15
			4.47857142857143	-3.15
			4.48928571428571	-3.15
			4.5	-3.15
			4.51071428571429	-3.15
			4.52142857142857	-3.15
			4.53214285714286	-3.15
			4.54285714285714	-3.16071428571429
			4.55357142857143	-3.16071428571429
			4.56428571428571	-3.16071428571429
			4.575	-3.16071428571429
			4.58571428571429	-3.16071428571429
			4.59642857142857	-3.16071428571429
			4.60714285714286	-3.16071428571429
			4.61785714285714	-3.17142857142857
			4.62857142857143	-3.17142857142857
			4.63928571428571	-3.17142857142857
			4.65	-3.17142857142857
			4.66071428571429	-3.17142857142857
			4.67142857142857	-3.17142857142857
			4.68214285714286	-3.17142857142857
			4.69285714285714	-3.17142857142857
			4.70357142857143	-3.17142857142857
			4.71428571428571	-3.18214285714286
			4.725	-3.18214285714286
			4.73571428571429	-3.18214285714286
			4.74642857142857	-3.19285714285714
			4.74642857142857	-3.20357142857143
			4.74642857142857	-3.21428571428571
			4.74642857142857	-3.225
			4.74642857142857	-3.23571428571429
			4.74642857142857	-3.24642857142857
			4.74642857142857	-3.25714285714286
			4.73571428571429	-3.26785714285714
			4.73571428571429	-3.27857142857143
			4.73571428571429	-3.28928571428571
			4.73571428571429	-3.3
			4.73571428571429	-3.31071428571429
			4.73571428571429	-3.32142857142857
			4.73571428571429	-3.33214285714286
			4.73571428571429	-3.34285714285714
			4.73571428571429	-3.35357142857143
			4.725	-3.36428571428571
			4.725	-3.375
			4.725	-3.38571428571429
			4.725	-3.39642857142857
			4.725	-3.40714285714286
			4.725	-3.41785714285714
			4.725	-3.42857142857143
			4.725	-3.43928571428571
			4.71428571428571	-3.45
			4.71428571428571	-3.46071428571429
			4.71428571428571	-3.47142857142857
			4.71428571428571	-3.48214285714286
			4.71428571428571	-3.49285714285714
			4.71428571428571	-3.50357142857143
			4.71428571428571	-3.51428571428571
			4.71428571428571	-3.525
			4.70357142857143	-3.53571428571429
			4.70357142857143	-3.54642857142857
			4.70357142857143	-3.55714285714286
			4.70357142857143	-3.56785714285714
			4.70357142857143	-3.57857142857143
			4.70357142857143	-3.58928571428571
			4.70357142857143	-3.6
			4.69285714285714	-3.61071428571429
			4.69285714285714	-3.62142857142857
			4.69285714285714	-3.63214285714286
			4.69285714285714	-3.64285714285714
			4.69285714285714	-3.65357142857143
			4.69285714285714	-3.66428571428571
			4.69285714285714	-3.675
			4.68214285714286	-3.68571428571429
			4.68214285714286	-3.69642857142857
			4.68214285714286	-3.70714285714286
			4.68214285714286	-3.71785714285714
			4.68214285714286	-3.72857142857143
			4.68214285714286	-3.73928571428571
			4.68214285714286	-3.75
			4.67142857142857	-3.76071428571429
			4.67142857142857	-3.77142857142857
			4.67142857142857	-3.78214285714286
			4.67142857142857	-3.79285714285714
			4.67142857142857	-3.80357142857143
			4.67142857142857	-3.81428571428571
			4.67142857142857	-3.825
			4.66071428571429	-3.83571428571429
			4.66071428571429	-3.84642857142857
			4.66071428571429	-3.85714285714286
			4.66071428571429	-3.86785714285714
			4.66071428571429	-3.87857142857143
			4.66071428571429	-3.88928571428571
			4.66071428571429	-3.9
			4.65	-3.91071428571429
			4.65	-3.92142857142857
			4.65	-3.93214285714286
			4.65	-3.94285714285714
			4.65	-3.95357142857143
			4.65	-3.96428571428571
			4.63928571428571	-3.975
			4.63928571428571	-3.98571428571429
			4.63928571428571	-3.99642857142857
			4.63928571428571	-4.00714285714286
			4.63928571428571	-4.01785714285714
			4.63928571428571	-4.02857142857143
			4.62857142857143	-4.03928571428571
			4.62857142857143	-4.05
			4.61785714285714	-4.06071428571429
			4.61785714285714	-4.07142857142857
			4.60714285714286	-4.08214285714286
			4.60714285714286	-4.09285714285714
			4.59642857142857	-4.10357142857143
			4.58571428571429	-4.11428571428571
			4.58571428571429	-4.125
			4.575	-4.13571428571429
			4.56428571428571	-4.14642857142857
			4.55357142857143	-4.15714285714286
			4.54285714285714	-4.16785714285714
			4.53214285714286	-4.16785714285714
			4.52142857142857	-4.17857142857143
			4.51071428571429	-4.18928571428571
			4.5	-4.2
			4.48928571428571	-4.2
			4.47857142857143	-4.21071428571429
			4.46785714285714	-4.21071428571429
			4.45714285714286	-4.21071428571429
			4.44642857142857	-4.22142857142857
			4.43571428571429	-4.22142857142857
			4.425	-4.23214285714286
			4.41428571428571	-4.23214285714286
		</axis>
		<border type=matrix rownames=FALSE colnames=FALSE nrow=104 ncol=2 as.numeric=TRUE >
			4.41428571428571	-4.29642857142857
			4.425	-4.29642857142857
			4.43571428571429	-4.28571428571429
			4.44642857142857	-4.28571428571429
			4.45714285714286	-4.28571428571429
			4.46785714285714	-4.275
			4.47857142857143	-4.275
			4.48928571428571	-4.275
			4.5	-4.26428571428571
			4.51071428571429	-4.26428571428571
			4.52142857142857	-4.25357142857143
			4.53214285714286	-4.25357142857143
			4.54285714285714	-4.25357142857143
			4.55357142857143	-4.24285714285714
			4.56428571428571	-4.24285714285714
			4.575	-4.23214285714286
			4.58571428571429	-4.23214285714286
			4.59642857142857	-4.22142857142857
			4.60714285714286	-4.22142857142857
			4.61785714285714	-4.21071428571429
			4.62857142857143	-4.21071428571429
			4.63928571428571	-4.21071428571429
			4.65	-4.2
			4.66071428571429	-4.18928571428571
			4.67142857142857	-4.17857142857143
			4.68214285714286	-4.17857142857143
			4.69285714285714	-4.17857142857143
			4.69285714285714	-4.16785714285714
			4.70357142857143	-4.16785714285714
			4.71428571428571	-4.15714285714286
			4.725	-4.15714285714286
			4.73571428571429	-4.14642857142857
			4.74642857142857	-4.13571428571429
			4.75714285714286	-4.13571428571429
			4.76785714285714	-4.125
			4.77857142857143	-4.125
			4.77857142857143	-4.11428571428571
			4.78928571428571	-4.11428571428571
			4.8	-4.10357142857143
			4.81071428571429	-4.09285714285714
			4.82142857142857	-4.09285714285714
			4.82142857142857	-4.08214285714286
			4.83214285714286	-4.08214285714286
			4.84285714285714	-4.07142857142857
			4.85357142857143	-4.06071428571429
			4.86428571428571	-4.05
			4.875	-4.03928571428571
			4.88571428571429	-4.03928571428571
			4.89642857142857	-4.02857142857143
			4.90714285714286	-4.01785714285714
			4.91785714285714	-4.00714285714286
			4.92857142857143	-4.00714285714286
			4.93928571428571	-3.99642857142857
			4.95	-3.98571428571429
			4.95	-3.975
			4.96071428571429	-3.96428571428571
			4.97142857142857	-3.95357142857143
			4.98214285714286	-3.95357142857143
			4.99285714285714	-3.94285714285714
			5.00357142857143	-3.93214285714286
			5.01428571428571	-3.92142857142857
			5.025	-3.91071428571429
			5.03571428571429	-3.9
			5.04642857142857	-3.88928571428571
			5.04642857142857	-3.87857142857143
			5.05714285714286	-3.86785714285714
			5.06785714285714	-3.85714285714286
			5.07857142857143	-3.84642857142857
			5.08928571428571	-3.83571428571429
			5.1	-3.825
			5.11071428571429	-3.81428571428571
			5.12142857142857	-3.80357142857143
			5.12142857142857	-3.79285714285714
			5.13214285714286	-3.78214285714286
			5.14285714285714	-3.77142857142857
			5.15357142857143	-3.76071428571429
			5.16428571428571	-3.75
			5.175	-3.73928571428571
			5.18571428571429	-3.72857142857143
			5.18571428571429	-3.71785714285714
			5.19642857142857	-3.70714285714286
			5.20714285714286	-3.69642857142857
			5.21785714285714	-3.68571428571429
			5.21785714285714	-3.675
			5.22857142857143	-3.66428571428571
			5.23928571428571	-3.65357142857143
			5.25	-3.64285714285714
			5.26071428571429	-3.63214285714286
			5.26071428571429	-3.62142857142857
			5.27142857142857	-3.61071428571429
			5.27142857142857	-3.6
			5.28214285714286	-3.58928571428571
			5.29285714285714	-3.57857142857143
			5.30357142857143	-3.56785714285714
			5.30357142857143	-3.55714285714286
			5.31428571428571	-3.54642857142857
			5.325	-3.53571428571429
			5.325	-3.525
			5.33571428571429	-3.51428571428571
			5.34642857142857	-3.50357142857143
			5.34642857142857	-3.49285714285714
			5.35714285714286	-3.48214285714286
			5.35714285714286	-3.47142857142857
			5.36785714285714	-3.46071428571429
		</border>
		<margin type=matrix rownames=FALSE colnames=FALSE nrow=1199 ncol=2 as.numeric=TRUE >
			4.41428571428571	-5.07857142857143
			4.425	-5.07857142857143
			4.43571428571429	-5.06785714285714
			4.43571428571429	-5.05714285714286
			4.44642857142857	-5.05714285714286
			4.45714285714286	-5.04642857142857
			4.46785714285714	-5.03571428571429
			4.46785714285714	-5.025
			4.47857142857143	-5.01428571428571
			4.47857142857143	-5.00357142857143
			4.48928571428571	-4.99285714285714
			4.48928571428571	-4.98214285714286
			4.5	-4.97142857142857
			4.5	-4.96071428571429
			4.5	-4.95
			4.51071428571429	-4.93928571428571
			4.51071428571429	-4.92857142857143
			4.51071428571429	-4.91785714285714
			4.52142857142857	-4.90714285714286
			4.52142857142857	-4.89642857142857
			4.52142857142857	-4.88571428571429
			4.53214285714286	-4.875
			4.53214285714286	-4.86428571428571
			4.53214285714286	-4.85357142857143
			4.53214285714286	-4.84285714285714
			4.53214285714286	-4.83214285714286
			4.54285714285714	-4.82142857142857
			4.54285714285714	-4.81071428571429
			4.54285714285714	-4.8
			4.54285714285714	-4.78928571428571
			4.54285714285714	-4.77857142857143
			4.54285714285714	-4.76785714285714
			4.55357142857143	-4.75714285714286
			4.55357142857143	-4.74642857142857
			4.55357142857143	-4.73571428571429
			4.55357142857143	-4.725
			4.55357142857143	-4.71428571428571
			4.55357142857143	-4.70357142857143
			4.55357142857143	-4.69285714285714
			4.56428571428571	-4.68214285714286
			4.56428571428571	-4.67142857142857
			4.56428571428571	-4.66071428571429
			4.56428571428571	-4.65
			4.56428571428571	-4.63928571428571
			4.56428571428571	-4.62857142857143
			4.56428571428571	-4.61785714285714
			4.56428571428571	-4.60714285714286
			4.575	-4.59642857142857
			4.575	-4.58571428571429
			4.575	-4.575
			4.58571428571429	-4.56428571428571
			4.58571428571429	-4.55357142857143
			4.59642857142857	-4.54285714285714
			4.59642857142857	-4.53214285714286
			4.60714285714286	-4.52142857142857
			4.60714285714286	-4.51071428571429
			4.61785714285714	-4.5
			4.61785714285714	-4.48928571428571
			4.62857142857143	-4.47857142857143
			4.63928571428571	-4.46785714285714
			4.65	-4.45714285714286
			4.66071428571429	-4.46785714285714
			4.66071428571429	-4.47857142857143
			4.67142857142857	-4.48928571428571
			4.67142857142857	-4.5
			4.68214285714286	-4.51071428571429
			4.68214285714286	-4.52142857142857
			4.68214285714286	-4.53214285714286
			4.69285714285714	-4.54285714285714
			4.69285714285714	-4.55357142857143
			4.69285714285714	-4.56428571428571
			4.70357142857143	-4.575
			4.70357142857143	-4.58571428571429
			4.70357142857143	-4.59642857142857
			4.70357142857143	-4.60714285714286
			4.70357142857143	-4.61785714285714
			4.71428571428571	-4.61785714285714
			4.71428571428571	-4.62857142857143
			4.71428571428571	-4.63928571428571
			4.71428571428571	-4.65
			4.71428571428571	-4.66071428571429
			4.725	-4.67142857142857
			4.725	-4.68214285714286
			4.725	-4.69285714285714
			4.725	-4.70357142857143
			4.725	-4.71428571428571
			4.725	-4.725
			4.725	-4.73571428571429
			4.73571428571429	-4.74642857142857
			4.73571428571429	-4.75714285714286
			4.73571428571429	-4.76785714285714
			4.73571428571429	-4.77857142857143
			4.73571428571429	-4.78928571428571
			4.73571428571429	-4.8
			4.73571428571429	-4.81071428571429
			4.73571428571429	-4.82142857142857
			4.73571428571429	-4.83214285714286
			4.74642857142857	-4.84285714285714
			4.74642857142857	-4.85357142857143
			4.74642857142857	-4.86428571428571
			4.74642857142857	-4.875
			4.74642857142857	-4.88571428571429
			4.74642857142857	-4.89642857142857
			4.74642857142857	-4.90714285714286
			4.74642857142857	-4.91785714285714
			4.74642857142857	-4.92857142857143
			4.74642857142857	-4.93928571428571
			4.74642857142857	-4.95
			4.75714285714286	-4.96071428571429
			4.75714285714286	-4.97142857142857
			4.75714285714286	-4.98214285714286
			4.75714285714286	-4.99285714285714
			4.75714285714286	-5.00357142857143
			4.75714285714286	-5.01428571428571
			4.75714285714286	-5.025
			4.75714285714286	-5.03571428571429
			4.76785714285714	-5.04642857142857
			4.76785714285714	-5.05714285714286
			4.76785714285714	-5.06785714285714
			4.76785714285714	-5.07857142857143
			4.76785714285714	-5.08928571428571
			4.76785714285714	-5.1
			4.76785714285714	-5.11071428571429
			4.77857142857143	-5.12142857142857
			4.77857142857143	-5.13214285714286
			4.77857142857143	-5.14285714285714
			4.77857142857143	-5.15357142857143
			4.77857142857143	-5.16428571428571
			4.77857142857143	-5.175
			4.77857142857143	-5.18571428571429
			4.78928571428571	-5.19642857142857
			4.78928571428571	-5.20714285714286
			4.78928571428571	-5.21785714285714
			4.78928571428571	-5.22857142857143
			4.78928571428571	-5.23928571428571
			4.78928571428571	-5.25
			4.78928571428571	-5.26071428571429
			4.8	-5.26071428571429
			4.8	-5.27142857142857
			4.8	-5.28214285714286
			4.8	-5.29285714285714
			4.8	-5.30357142857143
			4.8	-5.31428571428571
			4.8	-5.325
			4.81071428571429	-5.33571428571429
			4.81071428571429	-5.34642857142857
			4.81071428571429	-5.35714285714286
			4.81071428571429	-5.36785714285714
			4.81071428571429	-5.37857142857143
			4.82142857142857	-5.38928571428571
			4.82142857142857	-5.4
			4.82142857142857	-5.41071428571429
			4.82142857142857	-5.42142857142857
			4.82142857142857	-5.43214285714286
			4.82142857142857	-5.44285714285714
			4.83214285714286	-5.45357142857143
			4.83214285714286	-5.46428571428571
			4.83214285714286	-5.475
			4.83214285714286	-5.48571428571429
			4.83214285714286	-5.49642857142857
			4.84285714285714	-5.50714285714286
			4.84285714285714	-5.51785714285714
			4.84285714285714	-5.52857142857143
			4.85357142857143	-5.52857142857143
			4.85357142857143	-5.51785714285714
			4.86428571428571	-5.51785714285714
			4.86428571428571	-5.50714285714286
			4.875	-5.49642857142857
			4.875	-5.48571428571429
			4.88571428571429	-5.475
			4.88571428571429	-5.46428571428571
			4.88571428571429	-5.45357142857143
			4.89642857142857	-5.44285714285714
			4.89642857142857	-5.43214285714286
			4.89642857142857	-5.42142857142857
			4.89642857142857	-5.41071428571429
			4.90714285714286	-5.4
			4.90714285714286	-5.38928571428571
			4.90714285714286	-5.37857142857143
			4.90714285714286	-5.36785714285714
			4.90714285714286	-5.35714285714286
			4.90714285714286	-5.34642857142857
			4.91785714285714	-5.33571428571429
			4.91785714285714	-5.325
			4.91785714285714	-5.31428571428571
			4.91785714285714	-5.30357142857143
			4.91785714285714	-5.29285714285714
			4.91785714285714	-5.28214285714286
			4.91785714285714	-5.27142857142857
			4.91785714285714	-5.26071428571429
			4.91785714285714	-5.25
			4.92857142857143	-5.23928571428571
			4.92857142857143	-5.22857142857143
			4.92857142857143	-5.21785714285714
			4.92857142857143	-5.20714285714286
			4.92857142857143	-5.19642857142857
			4.92857142857143	-5.18571428571429
			4.92857142857143	-5.175
			4.92857142857143	-5.16428571428571
			4.92857142857143	-5.15357142857143
			4.92857142857143	-5.14285714285714
			4.92857142857143	-5.13214285714286
			4.92857142857143	-5.12142857142857
			4.92857142857143	-5.11071428571429
			4.92857142857143	-5.1
			4.92857142857143	-5.08928571428571
			4.92857142857143	-5.07857142857143
			4.92857142857143	-5.06785714285714
			4.92857142857143	-5.05714285714286
			4.92857142857143	-5.04642857142857
			4.92857142857143	-5.03571428571429
			4.92857142857143	-5.025
			4.92857142857143	-5.01428571428571
			4.92857142857143	-5.00357142857143
			4.92857142857143	-4.99285714285714
			4.92857142857143	-4.98214285714286
			4.92857142857143	-4.97142857142857
			4.92857142857143	-4.96071428571429
			4.92857142857143	-4.95
			4.91785714285714	-4.93928571428571
			4.91785714285714	-4.92857142857143
			4.91785714285714	-4.91785714285714
			4.91785714285714	-4.90714285714286
			4.91785714285714	-4.89642857142857
			4.91785714285714	-4.88571428571429
			4.91785714285714	-4.875
			4.91785714285714	-4.86428571428571
			4.91785714285714	-4.85357142857143
			4.91785714285714	-4.84285714285714
			4.91785714285714	-4.83214285714286
			4.91785714285714	-4.82142857142857
			4.91785714285714	-4.81071428571429
			4.91785714285714	-4.8
			4.91785714285714	-4.78928571428571
			4.91785714285714	-4.77857142857143
			4.91785714285714	-4.76785714285714
			4.91785714285714	-4.75714285714286
			4.91785714285714	-4.74642857142857
			4.91785714285714	-4.73571428571429
			4.91785714285714	-4.725
			4.91785714285714	-4.71428571428571
			4.90714285714286	-4.70357142857143
			4.90714285714286	-4.69285714285714
			4.90714285714286	-4.68214285714286
			4.90714285714286	-4.67142857142857
			4.90714285714286	-4.66071428571429
			4.90714285714286	-4.65
			4.90714285714286	-4.63928571428571
			4.90714285714286	-4.62857142857143
			4.90714285714286	-4.61785714285714
			4.90714285714286	-4.60714285714286
			4.90714285714286	-4.59642857142857
			4.90714285714286	-4.58571428571429
			4.90714285714286	-4.575
			4.90714285714286	-4.56428571428571
			4.90714285714286	-4.55357142857143
			4.89642857142857	-4.54285714285714
			4.89642857142857	-4.53214285714286
			4.89642857142857	-4.52142857142857
			4.89642857142857	-4.51071428571429
			4.89642857142857	-4.5
			4.89642857142857	-4.48928571428571
			4.89642857142857	-4.47857142857143
			4.89642857142857	-4.46785714285714
			4.89642857142857	-4.45714285714286
			4.89642857142857	-4.44642857142857
			4.89642857142857	-4.43571428571429
			4.88571428571429	-4.425
			4.88571428571429	-4.41428571428571
			4.88571428571429	-4.40357142857143
			4.88571428571429	-4.39285714285714
			4.88571428571429	-4.38214285714286
			4.88571428571429	-4.37142857142857
			4.89642857142857	-4.36071428571429
			4.89642857142857	-4.35
			4.90714285714286	-4.33928571428571
			4.90714285714286	-4.32857142857143
			4.91785714285714	-4.31785714285714
			4.91785714285714	-4.30714285714286
			4.92857142857143	-4.29642857142857
			4.93928571428571	-4.28571428571429
			4.95	-4.28571428571429
			4.96071428571429	-4.28571428571429
			4.97142857142857	-4.275
			4.98214285714286	-4.275
			4.99285714285714	-4.28571428571429
			5.00357142857143	-4.28571428571429
			5.01428571428571	-4.29642857142857
			5.01428571428571	-4.30714285714286
			5.025	-4.31785714285714
			5.025	-4.32857142857143
			5.03571428571429	-4.33928571428571
			5.04642857142857	-4.35
			5.04642857142857	-4.36071428571429
			5.05714285714286	-4.37142857142857
			5.05714285714286	-4.38214285714286
			5.06785714285714	-4.39285714285714
			5.07857142857143	-4.40357142857143
			5.07857142857143	-4.41428571428571
			5.08928571428571	-4.425
			5.08928571428571	-4.43571428571429
			5.1	-4.44642857142857
			5.1	-4.45714285714286
			5.11071428571429	-4.46785714285714
			5.11071428571429	-4.47857142857143
			5.12142857142857	-4.48928571428571
			5.12142857142857	-4.5
			5.13214285714286	-4.51071428571429
			5.14285714285714	-4.52142857142857
			5.14285714285714	-4.53214285714286
			5.15357142857143	-4.54285714285714
			5.15357142857143	-4.55357142857143
			5.15357142857143	-4.56428571428571
			5.16428571428571	-4.56428571428571
			5.16428571428571	-4.575
			5.16428571428571	-4.58571428571429
			5.175	-4.59642857142857
			5.18571428571429	-4.60714285714286
			5.18571428571429	-4.61785714285714
			5.19642857142857	-4.62857142857143
			5.19642857142857	-4.63928571428571
			5.20714285714286	-4.65
			5.20714285714286	-4.66071428571429
			5.21785714285714	-4.67142857142857
			5.21785714285714	-4.68214285714286
			5.21785714285714	-4.69285714285714
			5.22857142857143	-4.70357142857143
			5.22857142857143	-4.71428571428571
			5.23928571428571	-4.725
			5.25	-4.73571428571429
			5.25	-4.74642857142857
			5.25	-4.75714285714286
			5.26071428571429	-4.76785714285714
			5.27142857142857	-4.77857142857143
			5.27142857142857	-4.78928571428571
			5.27142857142857	-4.8
			5.28214285714286	-4.81071428571429
			5.28214285714286	-4.82142857142857
			5.29285714285714	-4.82142857142857
			5.29285714285714	-4.83214285714286
			5.29285714285714	-4.84285714285714
			5.30357142857143	-4.85357142857143
			5.30357142857143	-4.86428571428571
			5.30357142857143	-4.875
			5.31428571428571	-4.88571428571429
			5.31428571428571	-4.89642857142857
			5.325	-4.89642857142857
			5.325	-4.90714285714286
			5.325	-4.91785714285714
			5.33571428571429	-4.92857142857143
			5.33571428571429	-4.93928571428571
			5.34642857142857	-4.95
			5.34642857142857	-4.96071428571429
			5.34642857142857	-4.97142857142857
			5.35714285714286	-4.98214285714286
			5.35714285714286	-4.99285714285714
			5.35714285714286	-5.00357142857143
			5.36785714285714	-5.00357142857143
			5.36785714285714	-5.01428571428571
			5.36785714285714	-5.025
			5.37857142857143	-5.03571428571429
			5.37857142857143	-5.04642857142857
			5.37857142857143	-5.05714285714286
			5.38928571428571	-5.06785714285714
			5.38928571428571	-5.07857142857143
			5.38928571428571	-5.08928571428571
			5.4	-5.1
			5.4	-5.11071428571429
			5.41071428571429	-5.12142857142857
			5.41071428571429	-5.13214285714286
			5.41071428571429	-5.14285714285714
			5.42142857142857	-5.15357142857143
			5.42142857142857	-5.16428571428571
			5.42142857142857	-5.175
			5.43214285714286	-5.175
			5.43214285714286	-5.18571428571429
			5.43214285714286	-5.19642857142857
			5.44285714285714	-5.20714285714286
			5.44285714285714	-5.21785714285714
			5.44285714285714	-5.22857142857143
			5.44285714285714	-5.23928571428571
			5.45357142857143	-5.23928571428571
			5.45357142857143	-5.25
			5.45357142857143	-5.26071428571429
			5.46428571428571	-5.27142857142857
			5.46428571428571	-5.28214285714286
			5.46428571428571	-5.29285714285714
			5.475	-5.30357142857143
			5.475	-5.31428571428571
			5.475	-5.325
			5.475	-5.33571428571429
			5.48571428571429	-5.34642857142857
			5.48571428571429	-5.35714285714286
			5.48571428571429	-5.36785714285714
			5.48571428571429	-5.37857142857143
			5.48571428571429	-5.38928571428571
			5.49642857142857	-5.38928571428571
			5.49642857142857	-5.4
			5.49642857142857	-5.41071428571429
			5.49642857142857	-5.42142857142857
			5.50714285714286	-5.43214285714286
			5.50714285714286	-5.44285714285714
			5.50714285714286	-5.45357142857143
			5.50714285714286	-5.46428571428571
			5.50714285714286	-5.475
			5.51785714285714	-5.475
			5.51785714285714	-5.48571428571429
			5.51785714285714	-5.49642857142857
			5.51785714285714	-5.50714285714286
			5.52857142857143	-5.51785714285714
			5.53928571428571	-5.50714285714286
			5.53928571428571	-5.49642857142857
			5.53928571428571	-5.48571428571429
			5.53928571428571	-5.475
			5.53928571428571	-5.46428571428571
			5.55	-5.45357142857143
			5.55	-5.44285714285714
			5.55	-5.43214285714286
			5.55	-5.42142857142857
			5.55	-5.41071428571429
			5.55	-5.4
			5.55	-5.38928571428571
			5.55	-5.37857142857143
			5.55	-5.36785714285714
			5.55	-5.35714285714286
			5.55	-5.34642857142857
			5.55	-5.33571428571429
			5.55	-5.325
			5.55	-5.31428571428571
			5.55	-5.30357142857143
			5.55	-5.29285714285714
			5.55	-5.28214285714286
			5.55	-5.27142857142857
			5.53928571428571	-5.26071428571429
			5.53928571428571	-5.25
			5.53928571428571	-5.23928571428571
			5.53928571428571	-5.22857142857143
			5.53928571428571	-5.21785714285714
			5.53928571428571	-5.20714285714286
			5.53928571428571	-5.19642857142857
			5.52857142857143	-5.18571428571429
			5.52857142857143	-5.175
			5.52857142857143	-5.16428571428571
			5.52857142857143	-5.15357142857143
			5.52857142857143	-5.14285714285714
			5.52857142857143	-5.13214285714286
			5.51785714285714	-5.12142857142857
			5.51785714285714	-5.11071428571429
			5.51785714285714	-5.1
			5.51785714285714	-5.08928571428571
			5.51785714285714	-5.07857142857143
			5.50714285714286	-5.07857142857143
			5.50714285714286	-5.06785714285714
			5.50714285714286	-5.05714285714286
			5.50714285714286	-5.04642857142857
			5.50714285714286	-5.03571428571429
			5.49642857142857	-5.025
			5.49642857142857	-5.01428571428571
			5.49642857142857	-5.00357142857143
			5.48571428571429	-4.99285714285714
			5.48571428571429	-4.98214285714286
			5.48571428571429	-4.97142857142857
			5.475	-4.96071428571429
			5.475	-4.95
			5.475	-4.93928571428571
			5.475	-4.92857142857143
			5.46428571428571	-4.92857142857143
			5.46428571428571	-4.91785714285714
			5.46428571428571	-4.90714285714286
			5.46428571428571	-4.89642857142857
			5.45357142857143	-4.88571428571429
			5.45357142857143	-4.875
			5.45357142857143	-4.86428571428571
			5.44285714285714	-4.85357142857143
			5.44285714285714	-4.84285714285714
			5.44285714285714	-4.83214285714286
			5.43214285714286	-4.82142857142857
			5.43214285714286	-4.81071428571429
			5.43214285714286	-4.8
			5.42142857142857	-4.78928571428571
			5.42142857142857	-4.77857142857143
			5.41071428571429	-4.76785714285714
			5.41071428571429	-4.75714285714286
			5.41071428571429	-4.74642857142857
			5.4	-4.73571428571429
			5.4	-4.725
			5.38928571428571	-4.71428571428571
			5.38928571428571	-4.70357142857143
			5.38928571428571	-4.69285714285714
			5.38928571428571	-4.68214285714286
			5.37857142857143	-4.68214285714286
			5.37857142857143	-4.67142857142857
			5.37857142857143	-4.66071428571429
			5.36785714285714	-4.65
			5.36785714285714	-4.63928571428571
			5.35714285714286	-4.62857142857143
			5.35714285714286	-4.61785714285714
			5.35714285714286	-4.60714285714286
			5.34642857142857	-4.60714285714286
			5.34642857142857	-4.59642857142857
			5.34642857142857	-4.58571428571429
			5.33571428571429	-4.575
			5.33571428571429	-4.56428571428571
			5.325	-4.55357142857143
			5.325	-4.54285714285714
			5.325	-4.53214285714286
			5.31428571428571	-4.52142857142857
			5.31428571428571	-4.51071428571429
			5.30357142857143	-4.5
			5.30357142857143	-4.48928571428571
			5.29285714285714	-4.47857142857143
			5.29285714285714	-4.46785714285714
			5.28214285714286	-4.45714285714286
			5.28214285714286	-4.44642857142857
			5.28214285714286	-4.43571428571429
			5.27142857142857	-4.425
			5.27142857142857	-4.41428571428571
			5.26071428571429	-4.40357142857143
			5.26071428571429	-4.39285714285714
			5.25	-4.38214285714286
			5.25	-4.37142857142857
			5.23928571428571	-4.36071428571429
			5.23928571428571	-4.35
			5.22857142857143	-4.33928571428571
			5.22857142857143	-4.32857142857143
			5.21785714285714	-4.31785714285714
			5.21785714285714	-4.30714285714286
			5.21785714285714	-4.29642857142857
			5.20714285714286	-4.29642857142857
			5.20714285714286	-4.28571428571429
			5.20714285714286	-4.275
			5.19642857142857	-4.275
			5.19642857142857	-4.26428571428571
			5.19642857142857	-4.25357142857143
			5.18571428571429	-4.25357142857143
			5.18571428571429	-4.24285714285714
			5.18571428571429	-4.23214285714286
			5.175	-4.23214285714286
			5.175	-4.22142857142857
			5.175	-4.21071428571429
			5.16428571428571	-4.21071428571429
			5.16428571428571	-4.2
			5.16428571428571	-4.18928571428571
			5.15357142857143	-4.18928571428571
			5.15357142857143	-4.17857142857143
			5.15357142857143	-4.16785714285714
			5.14285714285714	-4.16785714285714
			5.14285714285714	-4.15714285714286
			5.14285714285714	-4.14642857142857
			5.13214285714286	-4.14642857142857
			5.13214285714286	-4.13571428571429
			5.13214285714286	-4.125
			5.13214285714286	-4.11428571428571
			5.13214285714286	-4.10357142857143
			5.13214285714286	-4.09285714285714
			5.13214285714286	-4.08214285714286
			5.14285714285714	-4.07142857142857
			5.14285714285714	-4.06071428571429
			5.14285714285714	-4.05
			5.14285714285714	-4.03928571428571
			5.14285714285714	-4.02857142857143
			5.15357142857143	-4.01785714285714
			5.15357142857143	-4.00714285714286
			5.15357142857143	-3.99642857142857
			5.16428571428571	-3.98571428571429
			5.175	-3.975
			5.18571428571429	-3.975
			5.19642857142857	-3.975
			5.20714285714286	-3.975
			5.20714285714286	-3.98571428571429
			5.21785714285714	-3.98571428571429
			5.22857142857143	-3.98571428571429
			5.23928571428571	-3.99642857142857
			5.25	-3.99642857142857
			5.26071428571429	-4.00714285714286
			5.27142857142857	-4.00714285714286
			5.27142857142857	-4.01785714285714
			5.28214285714286	-4.01785714285714
			5.29285714285714	-4.02857142857143
			5.30357142857143	-4.03928571428571
			5.31428571428571	-4.05
			5.325	-4.06071428571429
			5.33571428571429	-4.07142857142857
			5.34642857142857	-4.08214285714286
			5.35714285714286	-4.09285714285714
			5.36785714285714	-4.10357142857143
			5.37857142857143	-4.11428571428571
			5.38928571428571	-4.125
			5.4	-4.13571428571429
			5.41071428571429	-4.14642857142857
			5.41071428571429	-4.15714285714286
			5.42142857142857	-4.16785714285714
			5.43214285714286	-4.17857142857143
			5.44285714285714	-4.18928571428571
			5.45357142857143	-4.2
			5.45357142857143	-4.21071428571429
			5.46428571428571	-4.22142857142857
			5.475	-4.23214285714286
			5.48571428571429	-4.24285714285714
			5.49642857142857	-4.25357142857143
			5.50714285714286	-4.26428571428571
			5.51785714285714	-4.275
			5.52857142857143	-4.28571428571429
			5.52857142857143	-4.29642857142857
			5.53928571428571	-4.30714285714286
			5.55	-4.31785714285714
			5.56071428571429	-4.32857142857143
			5.57142857142857	-4.33928571428571
			5.57142857142857	-4.35
			5.58214285714286	-4.36071428571429
			5.59285714285714	-4.37142857142857
			5.60357142857143	-4.37142857142857
			5.60357142857143	-4.38214285714286
			5.61428571428571	-4.39285714285714
			5.625	-4.40357142857143
			5.63571428571429	-4.41428571428571
			5.63571428571429	-4.425
			5.64642857142857	-4.425
			5.65714285714286	-4.43571428571429
			5.66785714285714	-4.44642857142857
			5.67857142857143	-4.45714285714286
			5.67857142857143	-4.46785714285714
			5.68928571428571	-4.46785714285714
			5.7	-4.47857142857143
			5.71071428571429	-4.48928571428571
			5.72142857142857	-4.5
			5.72142857142857	-4.51071428571429
			5.73214285714286	-4.52142857142857
			5.74285714285714	-4.53214285714286
			5.75357142857143	-4.53214285714286
			5.76428571428571	-4.54285714285714
			5.775	-4.55357142857143
			5.775	-4.56428571428571
			5.78571428571429	-4.575
			5.79642857142857	-4.58571428571429
			5.80714285714286	-4.59642857142857
			5.81785714285714	-4.59642857142857
			5.82857142857143	-4.60714285714286
			5.83928571428571	-4.61785714285714
			5.85	-4.62857142857143
			5.86071428571429	-4.63928571428571
			5.86071428571429	-4.65
			5.87142857142857	-4.66071428571429
			5.88214285714286	-4.67142857142857
			5.89285714285714	-4.67142857142857
			5.90357142857143	-4.68214285714286
			5.91428571428571	-4.69285714285714
			5.925	-4.70357142857143
			5.925	-4.71428571428571
			5.93571428571429	-4.71428571428571
			5.93571428571429	-4.725
			5.94642857142857	-4.725
			5.94642857142857	-4.73571428571429
			5.95714285714286	-4.74642857142857
			5.96785714285714	-4.75714285714286
			5.96785714285714	-4.76785714285714
			5.97857142857143	-4.77857142857143
			5.98928571428571	-4.78928571428571
			6	-4.8
			6	-4.81071428571429
			6.01071428571429	-4.82142857142857
			6.02142857142857	-4.83214285714286
			6.02142857142857	-4.84285714285714
			6.02142857142857	-4.85357142857143
			6.03214285714286	-4.85357142857143
			6.03214285714286	-4.86428571428571
			6.04285714285714	-4.875
			6.04285714285714	-4.88571428571429
			6.05357142857143	-4.88571428571429
			6.05357142857143	-4.89642857142857
			6.05357142857143	-4.90714285714286
			6.06428571428571	-4.91785714285714
			6.06428571428571	-4.92857142857143
			6.075	-4.92857142857143
			6.075	-4.93928571428571
			6.08571428571429	-4.95
			6.08571428571429	-4.96071428571429
			6.08571428571429	-4.97142857142857
			6.09642857142857	-4.97142857142857
			6.09642857142857	-4.98214285714286
			6.10714285714286	-4.99285714285714
			6.10714285714286	-5.00357142857143
			6.10714285714286	-5.01428571428571
			6.11785714285714	-5.025
			6.11785714285714	-5.03571428571429
			6.12857142857143	-5.03571428571429
			6.12857142857143	-5.04642857142857
			6.12857142857143	-5.05714285714286
			6.13928571428571	-5.06785714285714
			6.13928571428571	-5.07857142857143
			6.15	-5.08928571428571
			6.15	-5.1
			6.15	-5.11071428571429
			6.16071428571429	-5.12142857142857
			6.16071428571429	-5.13214285714286
			6.16071428571429	-5.14285714285714
			6.17142857142857	-5.15357142857143
			6.17142857142857	-5.14285714285714
			6.18214285714286	-5.14285714285714
			6.18214285714286	-5.13214285714286
			6.18214285714286	-5.12142857142857
			6.18214285714286	-5.11071428571429
			6.18214285714286	-5.1
			6.18214285714286	-5.08928571428571
			6.18214285714286	-5.07857142857143
			6.17142857142857	-5.06785714285714
			6.17142857142857	-5.05714285714286
			6.17142857142857	-5.04642857142857
			6.17142857142857	-5.03571428571429
			6.17142857142857	-5.025
			6.16071428571429	-5.01428571428571
			6.16071428571429	-5.00357142857143
			6.16071428571429	-4.99285714285714
			6.16071428571429	-4.98214285714286
			6.15	-4.97142857142857
			6.15	-4.96071428571429
			6.15	-4.95
			6.13928571428571	-4.93928571428571
			6.13928571428571	-4.92857142857143
			6.13928571428571	-4.91785714285714
			6.12857142857143	-4.90714285714286
			6.12857142857143	-4.89642857142857
			6.12857142857143	-4.88571428571429
			6.11785714285714	-4.875
			6.11785714285714	-4.86428571428571
			6.10714285714286	-4.85357142857143
			6.10714285714286	-4.84285714285714
			6.10714285714286	-4.83214285714286
			6.09642857142857	-4.82142857142857
			6.09642857142857	-4.81071428571429
			6.08571428571429	-4.8
			6.08571428571429	-4.78928571428571
			6.075	-4.77857142857143
			6.075	-4.76785714285714
			6.06428571428571	-4.76785714285714
			6.06428571428571	-4.75714285714286
			6.05357142857143	-4.74642857142857
			6.05357142857143	-4.73571428571429
			6.04285714285714	-4.725
			6.04285714285714	-4.71428571428571
			6.03214285714286	-4.70357142857143
			6.03214285714286	-4.69285714285714
			6.02142857142857	-4.68214285714286
			6.02142857142857	-4.67142857142857
			6.01071428571429	-4.66071428571429
			6	-4.65
			6	-4.63928571428571
			5.98928571428571	-4.62857142857143
			5.98928571428571	-4.61785714285714
			5.97857142857143	-4.60714285714286
			5.96785714285714	-4.59642857142857
			5.96785714285714	-4.58571428571429
			5.95714285714286	-4.575
			5.94642857142857	-4.56428571428571
			5.94642857142857	-4.55357142857143
			5.93571428571429	-4.54285714285714
			5.925	-4.53214285714286
			5.91428571428571	-4.52142857142857
			5.91428571428571	-4.51071428571429
			5.90357142857143	-4.5
			5.89285714285714	-4.48928571428571
			5.89285714285714	-4.47857142857143
			5.88214285714286	-4.46785714285714
			5.87142857142857	-4.45714285714286
			5.86071428571429	-4.44642857142857
			5.86071428571429	-4.43571428571429
			5.85	-4.425
			5.85	-4.41428571428571
			5.83928571428571	-4.40357142857143
			5.82857142857143	-4.40357142857143
			5.82857142857143	-4.39285714285714
			5.81785714285714	-4.38214285714286
			5.81785714285714	-4.37142857142857
			5.80714285714286	-4.36071428571429
			5.79642857142857	-4.36071428571429
			5.79642857142857	-4.35
			5.78571428571429	-4.33928571428571
			5.775	-4.32857142857143
			5.775	-4.31785714285714
			5.76428571428571	-4.30714285714286
			5.75357142857143	-4.29642857142857
			5.74285714285714	-4.28571428571429
			5.73214285714286	-4.275
			5.72142857142857	-4.26428571428571
			5.72142857142857	-4.25357142857143
			5.71071428571429	-4.24285714285714
			5.7	-4.23214285714286
			5.68928571428571	-4.22142857142857
			5.68928571428571	-4.21071428571429
			5.67857142857143	-4.2
			5.66785714285714	-4.18928571428571
			5.65714285714286	-4.17857142857143
			5.64642857142857	-4.16785714285714
			5.64642857142857	-4.15714285714286
			5.63571428571429	-4.14642857142857
			5.625	-4.14642857142857
			5.625	-4.13571428571429
			5.61428571428571	-4.125
			5.61428571428571	-4.11428571428571
			5.60357142857143	-4.11428571428571
			5.59285714285714	-4.10357142857143
			5.59285714285714	-4.09285714285714
			5.58214285714286	-4.08214285714286
			5.57142857142857	-4.07142857142857
			5.56071428571429	-4.06071428571429
			5.55	-4.05
			5.53928571428571	-4.03928571428571
			5.52857142857143	-4.02857142857143
			5.51785714285714	-4.01785714285714
			5.51785714285714	-4.00714285714286
			5.50714285714286	-3.99642857142857
			5.49642857142857	-3.98571428571429
			5.48571428571429	-3.975
			5.475	-3.96428571428571
			5.46428571428571	-3.95357142857143
			5.45357142857143	-3.94285714285714
			5.45357142857143	-3.93214285714286
			5.44285714285714	-3.92142857142857
			5.43214285714286	-3.91071428571429
			5.42142857142857	-3.9
			5.41071428571429	-3.88928571428571
			5.4	-3.87857142857143
			5.38928571428571	-3.86785714285714
			5.37857142857143	-3.85714285714286
			5.37857142857143	-3.84642857142857
			5.37857142857143	-3.83571428571429
			5.36785714285714	-3.825
			5.36785714285714	-3.81428571428571
			5.36785714285714	-3.80357142857143
			5.36785714285714	-3.79285714285714
			5.35714285714286	-3.78214285714286
			5.35714285714286	-3.77142857142857
			5.35714285714286	-3.76071428571429
			5.35714285714286	-3.75
			5.36785714285714	-3.73928571428571
			5.36785714285714	-3.72857142857143
			5.36785714285714	-3.71785714285714
			5.37857142857143	-3.71785714285714
			5.38928571428571	-3.71785714285714
			5.4	-3.72857142857143
			5.41071428571429	-3.72857142857143
			5.42142857142857	-3.72857142857143
			5.43214285714286	-3.73928571428571
			5.44285714285714	-3.73928571428571
			5.45357142857143	-3.73928571428571
			5.46428571428571	-3.75
			5.475	-3.75
			5.48571428571429	-3.76071428571429
			5.49642857142857	-3.76071428571429
			5.50714285714286	-3.76071428571429
			5.50714285714286	-3.77142857142857
			5.51785714285714	-3.77142857142857
			5.52857142857143	-3.77142857142857
			5.53928571428571	-3.78214285714286
			5.55	-3.79285714285714
			5.56071428571429	-3.79285714285714
			5.57142857142857	-3.79285714285714
			5.58214285714286	-3.80357142857143
			5.59285714285714	-3.81428571428571
			5.60357142857143	-3.81428571428571
			5.61428571428571	-3.825
			5.625	-3.825
			5.63571428571429	-3.83571428571429
			5.64642857142857	-3.83571428571429
			5.65714285714286	-3.84642857142857
			5.66785714285714	-3.85714285714286
			5.67857142857143	-3.85714285714286
			5.68928571428571	-3.86785714285714
			5.7	-3.87857142857143
			5.71071428571429	-3.87857142857143
			5.72142857142857	-3.88928571428571
			5.73214285714286	-3.88928571428571
			5.73214285714286	-3.9
			5.74285714285714	-3.9
			5.75357142857143	-3.9
			5.76428571428571	-3.91071428571429
			5.775	-3.92142857142857
			5.78571428571429	-3.92142857142857
			5.79642857142857	-3.93214285714286
			5.80714285714286	-3.93214285714286
			5.81785714285714	-3.94285714285714
			5.82857142857143	-3.94285714285714
			5.83928571428571	-3.95357142857143
			5.85	-3.96428571428571
			5.86071428571429	-3.96428571428571
			5.87142857142857	-3.975
			5.88214285714286	-3.975
			5.88214285714286	-3.98571428571429
			5.89285714285714	-3.98571428571429
			5.90357142857143	-3.98571428571429
			5.90357142857143	-3.99642857142857
			5.91428571428571	-3.99642857142857
			5.925	-3.99642857142857
			5.925	-4.00714285714286
			5.93571428571429	-4.00714285714286
			5.94642857142857	-4.00714285714286
			5.94642857142857	-4.01785714285714
			5.95714285714286	-4.01785714285714
			5.96785714285714	-4.02857142857143
			5.97857142857143	-4.02857142857143
			5.98928571428571	-4.03928571428571
			6	-4.05
			6.01071428571429	-4.05
			6.02142857142857	-4.05
			6.03214285714286	-4.06071428571429
			6.04285714285714	-4.07142857142857
			6.05357142857143	-4.07142857142857
			6.06428571428571	-4.08214285714286
			6.075	-4.09285714285714
			6.08571428571429	-4.09285714285714
			6.09642857142857	-4.10357142857143
			6.10714285714286	-4.10357142857143
			6.11785714285714	-4.11428571428571
			6.12857142857143	-4.11428571428571
			6.13928571428571	-4.125
			6.15	-4.13571428571429
			6.16071428571429	-4.13571428571429
			6.16071428571429	-4.14642857142857
			6.17142857142857	-4.14642857142857
			6.18214285714286	-4.15714285714286
			6.19285714285714	-4.16785714285714
			6.20357142857143	-4.16785714285714
			6.21428571428571	-4.17857142857143
			6.225	-4.17857142857143
			6.23571428571429	-4.18928571428571
			6.24642857142857	-4.2
			6.25714285714286	-4.2
			6.26785714285714	-4.21071428571429
			6.27857142857143	-4.22142857142857
			6.28928571428571	-4.22142857142857
			6.3	-4.23214285714286
			6.31071428571429	-4.23214285714286
			6.31071428571429	-4.24285714285714
			6.32142857142857	-4.25357142857143
			6.33214285714286	-4.25357142857143
			6.34285714285714	-4.26428571428571
			6.35357142857143	-4.275
			6.36428571428571	-4.275
			6.375	-4.28571428571429
			6.38571428571429	-4.29642857142857
			6.39642857142857	-4.29642857142857
			6.40714285714286	-4.30714285714286
			6.41785714285714	-4.31785714285714
			6.42857142857143	-4.32857142857143
			6.43928571428571	-4.33928571428571
			6.45	-4.35
			6.46071428571429	-4.36071428571429
			6.46071428571429	-4.37142857142857
			6.47142857142857	-4.37142857142857
			6.48214285714286	-4.38214285714286
			6.49285714285714	-4.39285714285714
			6.50357142857143	-4.40357142857143
			6.50357142857143	-4.41428571428571
			6.51428571428571	-4.41428571428571
			6.525	-4.425
			6.53571428571429	-4.43571428571429
			6.53571428571429	-4.44642857142857
			6.54642857142857	-4.45714285714286
			6.55714285714286	-4.45714285714286
			6.55714285714286	-4.46785714285714
			6.56785714285714	-4.47857142857143
			6.57857142857143	-4.48928571428571
			6.58928571428571	-4.5
			6.6	-4.51071428571429
			6.61071428571429	-4.52142857142857
			6.62142857142857	-4.53214285714286
			6.62142857142857	-4.54285714285714
			6.63214285714286	-4.55357142857143
			6.64285714285714	-4.56428571428571
			6.65357142857143	-4.575
			6.66428571428571	-4.58571428571429
			6.66428571428571	-4.59642857142857
			6.675	-4.60714285714286
			6.68571428571429	-4.61785714285714
			6.69642857142857	-4.62857142857143
			6.70714285714286	-4.63928571428571
			6.71785714285714	-4.65
			6.72857142857143	-4.66071428571429
			6.72857142857143	-4.67142857142857
			6.73928571428571	-4.68214285714286
			6.75	-4.69285714285714
			6.76071428571429	-4.70357142857143
			6.77142857142857	-4.71428571428571
			6.77142857142857	-4.725
			6.78214285714286	-4.73571428571429
			6.79285714285714	-4.73571428571429
			6.79285714285714	-4.725
			6.79285714285714	-4.71428571428571
			6.79285714285714	-4.70357142857143
			6.78214285714286	-4.69285714285714
			6.78214285714286	-4.68214285714286
			6.77142857142857	-4.67142857142857
			6.77142857142857	-4.66071428571429
			6.76071428571429	-4.65
			6.76071428571429	-4.63928571428571
			6.75	-4.62857142857143
			6.73928571428571	-4.61785714285714
			6.73928571428571	-4.60714285714286
			6.72857142857143	-4.59642857142857
			6.71785714285714	-4.58571428571429
			6.71785714285714	-4.575
			6.70714285714286	-4.56428571428571
			6.69642857142857	-4.55357142857143
			6.69642857142857	-4.54285714285714
			6.68571428571429	-4.53214285714286
			6.675	-4.52142857142857
			6.66428571428571	-4.51071428571429
			6.66428571428571	-4.5
			6.65357142857143	-4.48928571428571
			6.64285714285714	-4.47857142857143
			6.63214285714286	-4.46785714285714
			6.63214285714286	-4.45714285714286
			6.62142857142857	-4.45714285714286
			6.62142857142857	-4.44642857142857
			6.61071428571429	-4.43571428571429
			6.61071428571429	-4.425
			6.6	-4.425
			6.6	-4.41428571428571
			6.58928571428571	-4.40357142857143
			6.57857142857143	-4.39285714285714
			6.56785714285714	-4.38214285714286
			6.55714285714286	-4.37142857142857
			6.54642857142857	-4.36071428571429
			6.53571428571429	-4.35
			6.525	-4.33928571428571
			6.51428571428571	-4.32857142857143
			6.50357142857143	-4.31785714285714
			6.49285714285714	-4.30714285714286
			6.48214285714286	-4.29642857142857
			6.47142857142857	-4.28571428571429
			6.46071428571429	-4.275
			6.45	-4.26428571428571
			6.43928571428571	-4.26428571428571
			6.42857142857143	-4.25357142857143
			6.41785714285714	-4.24285714285714
			6.40714285714286	-4.23214285714286
			6.39642857142857	-4.22142857142857
			6.38571428571429	-4.21071428571429
			6.375	-4.2
			6.36428571428571	-4.18928571428571
			6.35357142857143	-4.17857142857143
			6.34285714285714	-4.16785714285714
			6.34285714285714	-4.15714285714286
			6.33214285714286	-4.15714285714286
			6.32142857142857	-4.14642857142857
			6.31071428571429	-4.13571428571429
			6.3	-4.125
			6.28928571428571	-4.11428571428571
			6.27857142857143	-4.10357142857143
			6.26785714285714	-4.09285714285714
			6.25714285714286	-4.09285714285714
			6.24642857142857	-4.08214285714286
			6.23571428571429	-4.07142857142857
			6.225	-4.06071428571429
			6.225	-4.05
			6.21428571428571	-4.05
			6.20357142857143	-4.03928571428571
			6.19285714285714	-4.02857142857143
			6.18214285714286	-4.01785714285714
			6.17142857142857	-4.00714285714286
			6.16071428571429	-4.00714285714286
			6.15	-3.99642857142857
			6.15	-3.98571428571429
			6.13928571428571	-3.975
			6.12857142857143	-3.975
			6.11785714285714	-3.96428571428571
			6.10714285714286	-3.95357142857143
			6.09642857142857	-3.94285714285714
			6.08571428571429	-3.93214285714286
			6.075	-3.92142857142857
			6.06428571428571	-3.91071428571429
			6.05357142857143	-3.9
			6.04285714285714	-3.9
			6.03214285714286	-3.88928571428571
			6.02142857142857	-3.87857142857143
			6.01071428571429	-3.86785714285714
			6	-3.85714285714286
			5.98928571428571	-3.84642857142857
			5.97857142857143	-3.84642857142857
			5.96785714285714	-3.83571428571429
			5.95714285714286	-3.825
			5.94642857142857	-3.81428571428571
			5.93571428571429	-3.81428571428571
			5.925	-3.80357142857143
			5.91428571428571	-3.79285714285714
			5.91428571428571	-3.78214285714286
			5.90357142857143	-3.78214285714286
			5.89285714285714	-3.77142857142857
			5.88214285714286	-3.76071428571429
			5.87142857142857	-3.76071428571429
			5.86071428571429	-3.75
			5.85	-3.73928571428571
			5.83928571428571	-3.73928571428571
			5.82857142857143	-3.72857142857143
			5.82857142857143	-3.71785714285714
			5.81785714285714	-3.71785714285714
			5.80714285714286	-3.70714285714286
			5.79642857142857	-3.69642857142857
			5.78571428571429	-3.69642857142857
			5.775	-3.68571428571429
			5.76428571428571	-3.675
			5.75357142857143	-3.66428571428571
			5.74285714285714	-3.66428571428571
			5.73214285714286	-3.65357142857143
			5.72142857142857	-3.64285714285714
			5.71071428571429	-3.64285714285714
			5.7	-3.63214285714286
			5.68928571428571	-3.62142857142857
			5.67857142857143	-3.62142857142857
			5.66785714285714	-3.61071428571429
			5.65714285714286	-3.6
			5.64642857142857	-3.58928571428571
			5.63571428571429	-3.58928571428571
			5.625	-3.57857142857143
			5.61428571428571	-3.56785714285714
			5.60357142857143	-3.56785714285714
			5.59285714285714	-3.55714285714286
			5.58214285714286	-3.55714285714286
			5.57142857142857	-3.54642857142857
			5.56071428571429	-3.53571428571429
			5.55	-3.53571428571429
			5.53928571428571	-3.525
			5.52857142857143	-3.525
			5.51785714285714	-3.51428571428571
			5.50714285714286	-3.51428571428571
			5.49642857142857	-3.50357142857143
			5.48571428571429	-3.50357142857143
			5.475	-3.49285714285714
			5.46428571428571	-3.49285714285714
			5.45357142857143	-3.48214285714286
			5.44285714285714	-3.48214285714286
			5.43214285714286	-3.47142857142857
			5.42142857142857	-3.47142857142857
			5.41071428571429	-3.47142857142857
			5.4	-3.46071428571429
			5.38928571428571	-3.46071428571429
			5.37857142857143	-3.45
			5.36785714285714	-3.45
			5.35714285714286	-3.43928571428571
			5.34642857142857	-3.43928571428571
			5.33571428571429	-3.42857142857143
			5.325	-3.42857142857143
			5.31428571428571	-3.41785714285714
			5.30357142857143	-3.41785714285714
			5.29285714285714	-3.41785714285714
			5.28214285714286	-3.40714285714286
			5.27142857142857	-3.40714285714286
			5.27142857142857	-3.39642857142857
			5.26071428571429	-3.39642857142857
			5.25	-3.39642857142857
			5.23928571428571	-3.38571428571429
			5.22857142857143	-3.38571428571429
			5.21785714285714	-3.38571428571429
			5.20714285714286	-3.375
			5.19642857142857	-3.36428571428571
			5.18571428571429	-3.36428571428571
			5.175	-3.36428571428571
			5.16428571428571	-3.35357142857143
			5.15357142857143	-3.35357142857143
			5.14285714285714	-3.35357142857143
			5.13214285714286	-3.34285714285714
			5.12142857142857	-3.34285714285714
			5.11071428571429	-3.33214285714286
			5.1	-3.33214285714286
			5.08928571428571	-3.32142857142857
			5.07857142857143	-3.32142857142857
			5.06785714285714	-3.31071428571429
			5.05714285714286	-3.31071428571429
			5.04642857142857	-3.31071428571429
			5.03571428571429	-3.3
			5.025	-3.3
			5.01428571428571	-3.28928571428571
			5.00357142857143	-3.28928571428571
			4.99285714285714	-3.28928571428571
			4.98214285714286	-3.27857142857143
			4.97142857142857	-3.27857142857143
			4.96071428571429	-3.26785714285714
			4.95	-3.26785714285714
			4.93928571428571	-3.26785714285714
			4.93928571428571	-3.25714285714286
			4.92857142857143	-3.25714285714286
			4.91785714285714	-3.25714285714286
			4.90714285714286	-3.24642857142857
			4.89642857142857	-3.24642857142857
			4.88571428571429	-3.23571428571429
			4.875	-3.23571428571429
			4.86428571428571	-3.23571428571429
			4.85357142857143	-3.225
			4.84285714285714	-3.225
			4.83214285714286	-3.21428571428571
			4.82142857142857	-3.21428571428571
			4.81071428571429	-3.20357142857143
			4.8	-3.20357142857143
			4.78928571428571	-3.20357142857143
			4.78928571428571	-3.19285714285714
			4.77857142857143	-3.19285714285714
			4.76785714285714	-3.19285714285714
			4.75714285714286	-3.18214285714286
			4.74642857142857	-3.18214285714286
		</margin>
	</curves.scaled>
	<ruler.points type=matrix rownames=TRUE colnames=FALSE nrow=2 ncol=2 as.numeric=TRUE >
		Ruler point 1	6	553
		Ruler point 2	734	553
	</ruler.points>
</shapes>

