<shapes type=list>
	<ruler.pixel type=vector names=FALSE length=1 as.numeric=TRUE >50</ruler.pixel>
	<ruler.interval type=vector names=FALSE length=1 as.numeric=TRUE >2</ruler.interval>
	<scaling.units type=vector names=FALSE length=1 as.numeric=FALSE >mm</scaling.units>
	<scaling type=vector names=FALSE length=1 as.numeric=TRUE >0.04</scaling>
	<landmarks.pixel type=matrix rownames=TRUE colnames=FALSE nrow=7 ncol=2 as.numeric=TRUE >
		LM1	150	9
		LM2	150	180
		LM3	150	204
		LM4	150	216
		LM5	207	38
		LM6	311	65
		LM7	324	76
	</landmarks.pixel>
	<landmarks.scaled type=matrix rownames=TRUE colnames=FALSE nrow=7 ncol=2 as.numeric=TRUE >
		LM1	6	-0.36
		LM2	6	-7.2
		LM3	6	-8.16
		LM4	6	-8.64
		LM5	8.28	-1.52
		LM6	12.44	-2.6
		LM7	12.96	-3.04
	</landmarks.scaled>
	<curves.control type=list>
		<axis type=matrix rownames=FALSE colnames=FALSE nrow=11 ncol=2 as.numeric=TRUE >
			150	9
			176	10
			202	21
			207	42
			203	58
			197	92
			186	128
			181	148
			170	171
			162	182
			150	180
		</axis>
		<border type=matrix rownames=FALSE colnames=FALSE nrow=7 ncol=2 as.numeric=TRUE >
			150	204
			192	209
			234	173
			265	139
			287	108
			302	87
			311	65
		</border>
		<margin type=matrix rownames=FALSE colnames=FALSE nrow=11 ncol=2 as.numeric=TRUE >
			150	216
			182	223
			234	195
			269	170
			292	135
			313	104
			324	76
			303	54
			276	42
			229	28
			207	38
		</margin>
	</curves.control>
	<curves.pixel type=list>
		<axis type=matrix rownames=FALSE colnames=FALSE nrow=231 ncol=2 as.numeric=TRUE >
			150	9
			151	9
			152	9
			153	9
			154	9
			155	9
			156	9
			157	9
			158	10
			159	10
			160	10
			161	10
			162	10
			163	10
			164	10
			165	10
			166	11
			167	11
			168	11
			169	11
			170	11
			171	11
			172	12
			173	12
			174	12
			175	12
			176	12
			177	13
			178	13
			179	13
			180	13
			181	14
			182	14
			183	14
			184	15
			185	15
			186	15
			187	16
			188	16
			189	16
			190	16
			191	17
			192	17
			193	18
			194	18
			195	18
			196	19
			197	19
			198	19
			199	20
			200	20
			201	21
			202	21
			202	22
			202	23
			203	24
			203	25
			203	26
			203	27
			203	28
			204	29
			204	30
			204	31
			204	32
			204	33
			204	34
			204	35
			204	36
			205	37
			205	38
			205	39
			205	40
			205	41
			205	42
			205	43
			205	44
			205	45
			205	46
			205	47
			205	48
			204	49
			204	50
			204	51
			204	52
			204	53
			204	54
			204	55
			203	56
			203	57
			203	58
			203	59
			203	60
			202	61
			202	62
			202	63
			202	64
			202	65
			202	66
			201	67
			201	68
			201	69
			201	70
			201	71
			200	72
			200	73
			200	74
			200	75
			199	76
			199	77
			199	78
			199	79
			199	80
			198	81
			198	82
			198	83
			198	84
			198	85
			197	86
			197	87
			197	88
			197	89
			196	90
			196	91
			196	92
			196	93
			195	94
			195	95
			195	96
			195	97
			195	98
			194	98
			194	99
			194	100
			194	101
			193	102
			193	103
			193	104
			193	105
			192	106
			192	107
			192	108
			191	109
			191	110
			191	111
			191	112
			190	113
			190	114
			190	115
			190	116
			189	117
			189	118
			189	119
			188	120
			188	121
			188	122
			187	123
			187	124
			187	125
			187	126
			186	127
			186	128
			186	129
			185	130
			185	131
			185	132
			185	133
			184	134
			184	135
			184	136
			183	137
			183	138
			183	139
			183	140
			182	141
			182	142
			181	143
			181	144
			181	145
			180	146
			180	147
			180	148
			179	149
			179	150
			179	151
			178	152
			178	153
			177	154
			177	155
			177	156
			176	157
			176	158
			175	159
			175	160
			174	161
			174	162
			174	163
			173	164
			173	165
			172	166
			172	167
			172	168
			171	168
			171	169
			171	170
			170	170
			170	171
			170	172
			169	172
			169	173
			168	173
			168	174
			167	174
			167	175
			166	175
			166	176
			165	176
			164	177
			163	178
			162	178
			161	179
			160	179
			159	180
			158	180
			157	180
			156	180
			155	180
			154	180
			153	180
			152	180
			151	180
			150	180
		</axis>
		<border type=matrix rownames=FALSE colnames=FALSE nrow=206 ncol=2 as.numeric=TRUE >
			150	204
			151	204
			152	204
			153	204
			154	204
			155	204
			156	204
			156	205
			157	205
			158	205
			159	205
			160	205
			161	205
			162	205
			163	205
			164	205
			165	204
			166	204
			167	204
			168	204
			169	204
			170	204
			171	204
			172	204
			173	204
			174	204
			175	203
			176	203
			177	203
			178	203
			179	203
			180	202
			181	202
			182	202
			183	201
			184	201
			185	201
			186	201
			187	200
			188	200
			189	200
			190	199
			191	199
			192	199
			193	198
			194	198
			195	197
			196	197
			197	197
			198	196
			199	196
			200	195
			201	195
			202	194
			203	194
			204	193
			205	193
			206	192
			207	192
			208	191
			209	191
			210	190
			211	189
			212	189
			213	188
			214	188
			215	187
			216	186
			217	186
			218	185
			219	184
			220	184
			221	183
			222	182
			223	181
			224	181
			225	180
			226	179
			227	178
			228	178
			229	177
			230	176
			231	175
			232	174
			233	174
			234	173
			235	172
			236	171
			236	170
			237	169
			238	169
			239	168
			239	167
			240	166
			241	165
			242	165
			242	164
			243	163
			244	162
			244	161
			245	161
			246	160
			246	159
			247	158
			248	157
			249	157
			249	156
			250	155
			251	154
			252	153
			253	152
			254	151
			254	150
			255	149
			256	148
			257	147
			257	146
			258	145
			259	144
			260	143
			261	142
			261	141
			262	141
			263	140
			264	139
			264	138
			265	137
			266	136
			267	135
			267	134
			268	133
			269	132
			270	131
			270	130
			271	129
			272	129
			272	128
			273	127
			274	126
			275	125
			275	124
			276	123
			277	122
			277	121
			278	120
			279	119
			280	118
			281	117
			281	116
			282	115
			283	114
			284	113
			284	112
			285	111
			285	110
			286	110
			286	109
			287	108
			288	107
			288	106
			289	105
			290	104
			291	103
			291	102
			292	101
			293	100
			293	99
			294	98
			295	97
			295	96
			296	95
			296	94
			297	94
			297	93
			297	92
			298	92
			298	91
			298	90
			299	90
			299	89
			300	88
			301	87
			301	86
			301	85
			302	84
			303	83
			303	82
			304	81
			304	80
			305	79
			305	78
			305	77
			306	76
			306	75
			307	74
			308	73
			308	72
			308	71
			309	71
			309	70
			309	69
			310	69
			310	68
			310	67
			311	66
			311	65
		</border>
		<margin type=matrix rownames=FALSE colnames=FALSE nrow=348 ncol=2 as.numeric=TRUE >
			150	216
			151	216
			152	216
			153	217
			154	217
			155	217
			156	217
			157	217
			158	217
			159	217
			160	217
			161	217
			162	217
			163	217
			164	217
			165	217
			166	217
			167	217
			168	217
			169	217
			170	217
			171	217
			172	217
			173	217
			174	217
			175	217
			176	216
			177	216
			178	216
			179	216
			180	216
			181	216
			182	215
			183	215
			184	215
			185	215
			186	214
			187	214
			188	214
			189	214
			190	213
			191	213
			192	213
			193	212
			194	212
			195	212
			196	212
			197	211
			198	211
			199	211
			200	210
			201	210
			202	210
			203	209
			204	209
			205	208
			206	208
			207	208
			208	207
			209	207
			210	206
			211	206
			212	206
			213	205
			214	205
			215	204
			216	204
			217	203
			218	203
			219	202
			220	202
			221	202
			222	201
			223	201
			224	200
			225	199
			226	199
			227	198
			228	198
			229	198
			229	197
			230	197
			231	197
			231	196
			232	196
			233	196
			233	195
			234	195
			235	194
			236	194
			237	193
			237	192
			238	192
			239	191
			240	191
			241	190
			242	189
			243	189
			243	188
			244	187
			245	187
			246	186
			247	185
			248	185
			248	184
			249	183
			250	183
			251	182
			252	181
			252	180
			253	180
			254	179
			255	178
			256	178
			256	177
			257	176
			258	175
			259	175
			259	174
			260	173
			261	173
			262	172
			262	171
			263	170
			264	170
			265	169
			265	168
			266	167
			267	167
			268	166
			268	165
			269	164
			270	164
			270	163
			271	162
			272	161
			273	160
			274	159
			275	158
			276	157
			276	156
			277	155
			278	154
			279	153
			280	152
			280	151
			281	150
			282	149
			283	148
			283	147
			284	146
			285	145
			286	144
			286	143
			287	142
			288	141
			289	140
			289	139
			290	138
			291	137
			291	136
			292	135
			293	134
			293	133
			294	132
			295	131
			295	130
			296	129
			296	128
			297	127
			298	126
			298	125
			299	125
			299	124
			300	123
			301	122
			301	121
			302	120
			302	119
			303	118
			303	117
			304	116
			304	115
			305	115
			306	114
			306	113
			307	112
			307	111
			308	110
			308	109
			309	108
			309	107
			310	106
			311	105
			311	104
			312	103
			312	102
			312	101
			313	101
			313	100
			313	99
			314	99
			314	98
			314	97
			315	97
			315	96
			316	95
			316	94
			317	93
			317	92
			317	91
			318	91
			318	90
			318	89
			319	88
			319	87
			320	86
			320	85
			321	84
			321	83
			321	82
			322	82
			322	81
			322	80
			323	79
			323	78
			324	77
			324	76
			323	75
			322	74
			321	73
			320	72
			319	71
			318	70
			317	69
			316	68
			315	67
			314	66
			313	65
			312	65
			311	64
			310	63
			309	62
			308	61
			307	60
			306	60
			305	59
			304	58
			303	58
			303	57
			302	57
			301	56
			300	55
			299	55
			298	54
			297	54
			296	53
			296	52
			295	52
			294	51
			293	51
			292	50
			291	50
			291	49
			290	49
			289	49
			288	48
			287	48
			286	47
			285	46
			284	46
			283	45
			282	45
			281	44
			280	44
			279	43
			278	43
			277	42
			276	42
			275	42
			274	41
			273	41
			272	41
			271	41
			270	40
			269	40
			268	40
			267	39
			266	39
			265	39
			264	39
			263	38
			262	38
			261	38
			260	38
			259	38
			258	37
			257	37
			256	37
			255	37
			254	36
			253	36
			252	36
			251	36
			250	36
			249	36
			248	35
			247	35
			246	35
			245	35
			244	35
			243	35
			242	35
			241	34
			240	34
			239	34
			238	34
			237	34
			236	34
			235	34
			234	34
			233	34
			232	34
			231	34
			230	34
			229	34
			228	34
			227	34
			226	34
			225	34
			224	34
			223	34
			222	34
			221	34
			220	34
			219	35
			218	35
			217	35
			216	35
			215	35
			214	36
			213	36
			212	36
			211	36
			210	37
			209	37
			208	38
			207	38
		</margin>
	</curves.pixel>
	<curves.scaled type=list>
		<axis type=matrix rownames=FALSE colnames=FALSE nrow=231 ncol=2 as.numeric=TRUE >
			6	-0.36
			6.04	-0.36
			6.08	-0.36
			6.12	-0.36
			6.16	-0.36
			6.2	-0.36
			6.24	-0.36
			6.28	-0.36
			6.32	-0.4
			6.36	-0.4
			6.4	-0.4
			6.44	-0.4
			6.48	-0.4
			6.52	-0.4
			6.56	-0.4
			6.6	-0.4
			6.64	-0.44
			6.68	-0.44
			6.72	-0.44
			6.76	-0.44
			6.8	-0.44
			6.84	-0.44
			6.88	-0.48
			6.92	-0.48
			6.96	-0.48
			7	-0.48
			7.04	-0.48
			7.08	-0.52
			7.12	-0.52
			7.16	-0.52
			7.2	-0.52
			7.24	-0.56
			7.28	-0.56
			7.32	-0.56
			7.36	-0.6
			7.4	-0.6
			7.44	-0.6
			7.48	-0.64
			7.52	-0.64
			7.56	-0.64
			7.6	-0.64
			7.64	-0.68
			7.68	-0.68
			7.72	-0.72
			7.76	-0.72
			7.8	-0.72
			7.84	-0.76
			7.88	-0.76
			7.92	-0.76
			7.96	-0.8
			8	-0.8
			8.04	-0.84
			8.08	-0.84
			8.08	-0.88
			8.08	-0.92
			8.12	-0.96
			8.12	-1
			8.12	-1.04
			8.12	-1.08
			8.12	-1.12
			8.16	-1.16
			8.16	-1.2
			8.16	-1.24
			8.16	-1.28
			8.16	-1.32
			8.16	-1.36
			8.16	-1.4
			8.16	-1.44
			8.2	-1.48
			8.2	-1.52
			8.2	-1.56
			8.2	-1.6
			8.2	-1.64
			8.2	-1.68
			8.2	-1.72
			8.2	-1.76
			8.2	-1.8
			8.2	-1.84
			8.2	-1.88
			8.2	-1.92
			8.16	-1.96
			8.16	-2
			8.16	-2.04
			8.16	-2.08
			8.16	-2.12
			8.16	-2.16
			8.16	-2.2
			8.12	-2.24
			8.12	-2.28
			8.12	-2.32
			8.12	-2.36
			8.12	-2.4
			8.08	-2.44
			8.08	-2.48
			8.08	-2.52
			8.08	-2.56
			8.08	-2.6
			8.08	-2.64
			8.04	-2.68
			8.04	-2.72
			8.04	-2.76
			8.04	-2.8
			8.04	-2.84
			8	-2.88
			8	-2.92
			8	-2.96
			8	-3
			7.96	-3.04
			7.96	-3.08
			7.96	-3.12
			7.96	-3.16
			7.96	-3.2
			7.92	-3.24
			7.92	-3.28
			7.92	-3.32
			7.92	-3.36
			7.92	-3.4
			7.88	-3.44
			7.88	-3.48
			7.88	-3.52
			7.88	-3.56
			7.84	-3.6
			7.84	-3.64
			7.84	-3.68
			7.84	-3.72
			7.8	-3.76
			7.8	-3.8
			7.8	-3.84
			7.8	-3.88
			7.8	-3.92
			7.76	-3.92
			7.76	-3.96
			7.76	-4
			7.76	-4.04
			7.72	-4.08
			7.72	-4.12
			7.72	-4.16
			7.72	-4.2
			7.68	-4.24
			7.68	-4.28
			7.68	-4.32
			7.64	-4.36
			7.64	-4.4
			7.64	-4.44
			7.64	-4.48
			7.6	-4.52
			7.6	-4.56
			7.6	-4.6
			7.6	-4.64
			7.56	-4.68
			7.56	-4.72
			7.56	-4.76
			7.52	-4.8
			7.52	-4.84
			7.52	-4.88
			7.48	-4.92
			7.48	-4.96
			7.48	-5
			7.48	-5.04
			7.44	-5.08
			7.44	-5.12
			7.44	-5.16
			7.4	-5.2
			7.4	-5.24
			7.4	-5.28
			7.4	-5.32
			7.36	-5.36
			7.36	-5.4
			7.36	-5.44
			7.32	-5.48
			7.32	-5.52
			7.32	-5.56
			7.32	-5.6
			7.28	-5.64
			7.28	-5.68
			7.24	-5.72
			7.24	-5.76
			7.24	-5.8
			7.2	-5.84
			7.2	-5.88
			7.2	-5.92
			7.16	-5.96
			7.16	-6
			7.16	-6.04
			7.12	-6.08
			7.12	-6.12
			7.08	-6.16
			7.08	-6.2
			7.08	-6.24
			7.04	-6.28
			7.04	-6.32
			7	-6.36
			7	-6.4
			6.96	-6.44
			6.96	-6.48
			6.96	-6.52
			6.92	-6.56
			6.92	-6.6
			6.88	-6.64
			6.88	-6.68
			6.88	-6.72
			6.84	-6.72
			6.84	-6.76
			6.84	-6.8
			6.8	-6.8
			6.8	-6.84
			6.8	-6.88
			6.76	-6.88
			6.76	-6.92
			6.72	-6.92
			6.72	-6.96
			6.68	-6.96
			6.68	-7
			6.64	-7
			6.64	-7.04
			6.6	-7.04
			6.56	-7.08
			6.52	-7.12
			6.48	-7.12
			6.44	-7.16
			6.4	-7.16
			6.36	-7.2
			6.32	-7.2
			6.28	-7.2
			6.24	-7.2
			6.2	-7.2
			6.16	-7.2
			6.12	-7.2
			6.08	-7.2
			6.04	-7.2
			6	-7.2
		</axis>
		<border type=matrix rownames=FALSE colnames=FALSE nrow=206 ncol=2 as.numeric=TRUE >
			6	-8.16
			6.04	-8.16
			6.08	-8.16
			6.12	-8.16
			6.16	-8.16
			6.2	-8.16
			6.24	-8.16
			6.24	-8.2
			6.28	-8.2
			6.32	-8.2
			6.36	-8.2
			6.4	-8.2
			6.44	-8.2
			6.48	-8.2
			6.52	-8.2
			6.56	-8.2
			6.6	-8.16
			6.64	-8.16
			6.68	-8.16
			6.72	-8.16
			6.76	-8.16
			6.8	-8.16
			6.84	-8.16
			6.88	-8.16
			6.92	-8.16
			6.96	-8.16
			7	-8.12
			7.04	-8.12
			7.08	-8.12
			7.12	-8.12
			7.16	-8.12
			7.2	-8.08
			7.24	-8.08
			7.28	-8.08
			7.32	-8.04
			7.36	-8.04
			7.4	-8.04
			7.44	-8.04
			7.48	-8
			7.52	-8
			7.56	-8
			7.6	-7.96
			7.64	-7.96
			7.68	-7.96
			7.72	-7.92
			7.76	-7.92
			7.8	-7.88
			7.84	-7.88
			7.88	-7.88
			7.92	-7.84
			7.96	-7.84
			8	-7.8
			8.04	-7.8
			8.08	-7.76
			8.12	-7.76
			8.16	-7.72
			8.2	-7.72
			8.24	-7.68
			8.28	-7.68
			8.32	-7.64
			8.36	-7.64
			8.4	-7.6
			8.44	-7.56
			8.48	-7.56
			8.52	-7.52
			8.56	-7.52
			8.6	-7.48
			8.64	-7.44
			8.68	-7.44
			8.72	-7.4
			8.76	-7.36
			8.8	-7.36
			8.84	-7.32
			8.88	-7.28
			8.92	-7.24
			8.96	-7.24
			9	-7.2
			9.04	-7.16
			9.08	-7.12
			9.12	-7.12
			9.16	-7.08
			9.2	-7.04
			9.24	-7
			9.28	-6.96
			9.32	-6.96
			9.36	-6.92
			9.4	-6.88
			9.44	-6.84
			9.44	-6.8
			9.48	-6.76
			9.52	-6.76
			9.56	-6.72
			9.56	-6.68
			9.6	-6.64
			9.64	-6.6
			9.68	-6.6
			9.68	-6.56
			9.72	-6.52
			9.76	-6.48
			9.76	-6.44
			9.8	-6.44
			9.84	-6.4
			9.84	-6.36
			9.88	-6.32
			9.92	-6.28
			9.96	-6.28
			9.96	-6.24
			10	-6.2
			10.04	-6.16
			10.08	-6.12
			10.12	-6.08
			10.16	-6.04
			10.16	-6
			10.2	-5.96
			10.24	-5.92
			10.28	-5.88
			10.28	-5.84
			10.32	-5.8
			10.36	-5.76
			10.4	-5.72
			10.44	-5.68
			10.44	-5.64
			10.48	-5.64
			10.52	-5.6
			10.56	-5.56
			10.56	-5.52
			10.6	-5.48
			10.64	-5.44
			10.68	-5.4
			10.68	-5.36
			10.72	-5.32
			10.76	-5.28
			10.8	-5.24
			10.8	-5.2
			10.84	-5.16
			10.88	-5.16
			10.88	-5.12
			10.92	-5.08
			10.96	-5.04
			11	-5
			11	-4.96
			11.04	-4.92
			11.08	-4.88
			11.08	-4.84
			11.12	-4.8
			11.16	-4.76
			11.2	-4.72
			11.24	-4.68
			11.24	-4.64
			11.28	-4.6
			11.32	-4.56
			11.36	-4.52
			11.36	-4.48
			11.4	-4.44
			11.4	-4.4
			11.44	-4.4
			11.44	-4.36
			11.48	-4.32
			11.52	-4.28
			11.52	-4.24
			11.56	-4.2
			11.6	-4.16
			11.64	-4.12
			11.64	-4.08
			11.68	-4.04
			11.72	-4
			11.72	-3.96
			11.76	-3.92
			11.8	-3.88
			11.8	-3.84
			11.84	-3.8
			11.84	-3.76
			11.88	-3.76
			11.88	-3.72
			11.88	-3.68
			11.92	-3.68
			11.92	-3.64
			11.92	-3.6
			11.96	-3.6
			11.96	-3.56
			12	-3.52
			12.04	-3.48
			12.04	-3.44
			12.04	-3.4
			12.08	-3.36
			12.12	-3.32
			12.12	-3.28
			12.16	-3.24
			12.16	-3.2
			12.2	-3.16
			12.2	-3.12
			12.2	-3.08
			12.24	-3.04
			12.24	-3
			12.28	-2.96
			12.32	-2.92
			12.32	-2.88
			12.32	-2.84
			12.36	-2.84
			12.36	-2.8
			12.36	-2.76
			12.4	-2.76
			12.4	-2.72
			12.4	-2.68
			12.44	-2.64
			12.44	-2.6
		</border>
		<margin type=matrix rownames=FALSE colnames=FALSE nrow=348 ncol=2 as.numeric=TRUE >
			6	-8.64
			6.04	-8.64
			6.08	-8.64
			6.12	-8.68
			6.16	-8.68
			6.2	-8.68
			6.24	-8.68
			6.28	-8.68
			6.32	-8.68
			6.36	-8.68
			6.4	-8.68
			6.44	-8.68
			6.48	-8.68
			6.52	-8.68
			6.56	-8.68
			6.6	-8.68
			6.64	-8.68
			6.68	-8.68
			6.72	-8.68
			6.76	-8.68
			6.8	-8.68
			6.84	-8.68
			6.88	-8.68
			6.92	-8.68
			6.96	-8.68
			7	-8.68
			7.04	-8.64
			7.08	-8.64
			7.12	-8.64
			7.16	-8.64
			7.2	-8.64
			7.24	-8.64
			7.28	-8.6
			7.32	-8.6
			7.36	-8.6
			7.4	-8.6
			7.44	-8.56
			7.48	-8.56
			7.52	-8.56
			7.56	-8.56
			7.6	-8.52
			7.64	-8.52
			7.68	-8.52
			7.72	-8.48
			7.76	-8.48
			7.8	-8.48
			7.84	-8.48
			7.88	-8.44
			7.92	-8.44
			7.96	-8.44
			8	-8.4
			8.04	-8.4
			8.08	-8.4
			8.12	-8.36
			8.16	-8.36
			8.2	-8.32
			8.24	-8.32
			8.28	-8.32
			8.32	-8.28
			8.36	-8.28
			8.4	-8.24
			8.44	-8.24
			8.48	-8.24
			8.52	-8.2
			8.56	-8.2
			8.6	-8.16
			8.64	-8.16
			8.68	-8.12
			8.72	-8.12
			8.76	-8.08
			8.8	-8.08
			8.84	-8.08
			8.88	-8.04
			8.92	-8.04
			8.96	-8
			9	-7.96
			9.04	-7.96
			9.08	-7.92
			9.12	-7.92
			9.16	-7.92
			9.16	-7.88
			9.2	-7.88
			9.24	-7.88
			9.24	-7.84
			9.28	-7.84
			9.32	-7.84
			9.32	-7.8
			9.36	-7.8
			9.4	-7.76
			9.44	-7.76
			9.48	-7.72
			9.48	-7.68
			9.52	-7.68
			9.56	-7.64
			9.6	-7.64
			9.64	-7.6
			9.68	-7.56
			9.72	-7.56
			9.72	-7.52
			9.76	-7.48
			9.8	-7.48
			9.84	-7.44
			9.88	-7.4
			9.92	-7.4
			9.92	-7.36
			9.96	-7.32
			10	-7.32
			10.04	-7.28
			10.08	-7.24
			10.08	-7.2
			10.12	-7.2
			10.16	-7.16
			10.2	-7.12
			10.24	-7.12
			10.24	-7.08
			10.28	-7.04
			10.32	-7
			10.36	-7
			10.36	-6.96
			10.4	-6.92
			10.44	-6.92
			10.48	-6.88
			10.48	-6.84
			10.52	-6.8
			10.56	-6.8
			10.6	-6.76
			10.6	-6.72
			10.64	-6.68
			10.68	-6.68
			10.72	-6.64
			10.72	-6.6
			10.76	-6.56
			10.8	-6.56
			10.8	-6.52
			10.84	-6.48
			10.88	-6.44
			10.92	-6.4
			10.96	-6.36
			11	-6.32
			11.04	-6.28
			11.04	-6.24
			11.08	-6.2
			11.12	-6.16
			11.16	-6.12
			11.2	-6.08
			11.2	-6.04
			11.24	-6
			11.28	-5.96
			11.32	-5.92
			11.32	-5.88
			11.36	-5.84
			11.4	-5.8
			11.44	-5.76
			11.44	-5.72
			11.48	-5.68
			11.52	-5.64
			11.56	-5.6
			11.56	-5.56
			11.6	-5.52
			11.64	-5.48
			11.64	-5.44
			11.68	-5.4
			11.72	-5.36
			11.72	-5.32
			11.76	-5.28
			11.8	-5.24
			11.8	-5.2
			11.84	-5.16
			11.84	-5.12
			11.88	-5.08
			11.92	-5.04
			11.92	-5
			11.96	-5
			11.96	-4.96
			12	-4.92
			12.04	-4.88
			12.04	-4.84
			12.08	-4.8
			12.08	-4.76
			12.12	-4.72
			12.12	-4.68
			12.16	-4.64
			12.16	-4.6
			12.2	-4.6
			12.24	-4.56
			12.24	-4.52
			12.28	-4.48
			12.28	-4.44
			12.32	-4.4
			12.32	-4.36
			12.36	-4.32
			12.36	-4.28
			12.4	-4.24
			12.44	-4.2
			12.44	-4.16
			12.48	-4.12
			12.48	-4.08
			12.48	-4.04
			12.52	-4.04
			12.52	-4
			12.52	-3.96
			12.56	-3.96
			12.56	-3.92
			12.56	-3.88
			12.6	-3.88
			12.6	-3.84
			12.64	-3.8
			12.64	-3.76
			12.68	-3.72
			12.68	-3.68
			12.68	-3.64
			12.72	-3.64
			12.72	-3.6
			12.72	-3.56
			12.76	-3.52
			12.76	-3.48
			12.8	-3.44
			12.8	-3.4
			12.84	-3.36
			12.84	-3.32
			12.84	-3.28
			12.88	-3.28
			12.88	-3.24
			12.88	-3.2
			12.92	-3.16
			12.92	-3.12
			12.96	-3.08
			12.96	-3.04
			12.92	-3
			12.88	-2.96
			12.84	-2.92
			12.8	-2.88
			12.76	-2.84
			12.72	-2.8
			12.68	-2.76
			12.64	-2.72
			12.6	-2.68
			12.56	-2.64
			12.52	-2.6
			12.48	-2.6
			12.44	-2.56
			12.4	-2.52
			12.36	-2.48
			12.32	-2.44
			12.28	-2.4
			12.24	-2.4
			12.2	-2.36
			12.16	-2.32
			12.12	-2.32
			12.12	-2.28
			12.08	-2.28
			12.04	-2.24
			12	-2.2
			11.96	-2.2
			11.92	-2.16
			11.88	-2.16
			11.84	-2.12
			11.84	-2.08
			11.8	-2.08
			11.76	-2.04
			11.72	-2.04
			11.68	-2
			11.64	-2
			11.64	-1.96
			11.6	-1.96
			11.56	-1.96
			11.52	-1.92
			11.48	-1.92
			11.44	-1.88
			11.4	-1.84
			11.36	-1.84
			11.32	-1.8
			11.28	-1.8
			11.24	-1.76
			11.2	-1.76
			11.16	-1.72
			11.12	-1.72
			11.08	-1.68
			11.04	-1.68
			11	-1.68
			10.96	-1.64
			10.92	-1.64
			10.88	-1.64
			10.84	-1.64
			10.8	-1.6
			10.76	-1.6
			10.72	-1.6
			10.68	-1.56
			10.64	-1.56
			10.6	-1.56
			10.56	-1.56
			10.52	-1.52
			10.48	-1.52
			10.44	-1.52
			10.4	-1.52
			10.36	-1.52
			10.32	-1.48
			10.28	-1.48
			10.24	-1.48
			10.2	-1.48
			10.16	-1.44
			10.12	-1.44
			10.08	-1.44
			10.04	-1.44
			10	-1.44
			9.96	-1.44
			9.92	-1.4
			9.88	-1.4
			9.84	-1.4
			9.8	-1.4
			9.76	-1.4
			9.72	-1.4
			9.68	-1.4
			9.64	-1.36
			9.6	-1.36
			9.56	-1.36
			9.52	-1.36
			9.48	-1.36
			9.44	-1.36
			9.4	-1.36
			9.36	-1.36
			9.32	-1.36
			9.28	-1.36
			9.24	-1.36
			9.2	-1.36
			9.16	-1.36
			9.12	-1.36
			9.08	-1.36
			9.04	-1.36
			9	-1.36
			8.96	-1.36
			8.92	-1.36
			8.88	-1.36
			8.84	-1.36
			8.8	-1.36
			8.76	-1.4
			8.72	-1.4
			8.68	-1.4
			8.64	-1.4
			8.6	-1.4
			8.56	-1.44
			8.52	-1.44
			8.48	-1.44
			8.44	-1.44
			8.4	-1.48
			8.36	-1.48
			8.32	-1.52
			8.28	-1.52
		</margin>
	</curves.scaled>
	<ruler.points type=matrix rownames=TRUE colnames=FALSE nrow=2 ncol=2 as.numeric=TRUE >
		Ruler point 1	225	13
		Ruler point 2	275	13
	</ruler.points>
</shapes>

