<shapes type=list>
	<ruler.pixel type=vector names=FALSE length=1 as.numeric=TRUE >86</ruler.pixel>
	<ruler.interval type=vector names=FALSE length=1 as.numeric=TRUE >1</ruler.interval>
	<scaling.units type=vector names=FALSE length=1 as.numeric=FALSE >mm</scaling.units>
	<scaling type=vector names=FALSE length=1 as.numeric=TRUE >0.0116279069767442</scaling>
	<landmarks.pixel type=matrix rownames=TRUE colnames=FALSE nrow=7 ncol=2 as.numeric=TRUE >
		LM1	226	19
		LM2	226	174
		LM3	226	221
		LM4	226	270
		LM5	285	36
		LM6	412	98
		LM7	415	116
	</landmarks.pixel>
	<landmarks.scaled type=matrix rownames=TRUE colnames=FALSE nrow=7 ncol=2 as.numeric=TRUE >
		LM1	2.62790697674419	-0.22093023255814
		LM2	2.62790697674419	-2.02325581395349
		LM3	2.62790697674419	-2.56976744186047
		LM4	2.62790697674419	-3.13953488372093
		LM5	3.31395348837209	-0.418604651162791
		LM6	4.7906976744186	-1.13953488372093
		LM7	4.82558139534884	-1.34883720930233
	</landmarks.scaled>
	<curves.control type=list>
		<axis type=matrix rownames=FALSE colnames=FALSE nrow=9 ncol=2 as.numeric=TRUE >
			226	19
			260	24
			285	36
			285	56
			273	95
			265	130
			257	154
			243	176
			226	174
		</axis>
		<border type=matrix rownames=FALSE colnames=FALSE nrow=7 ncol=2 as.numeric=TRUE >
			226	221
			270	218
			315	192
			357	163
			383	133
			404	111
			412	98
		</border>
		<margin type=matrix rownames=FALSE colnames=FALSE nrow=11 ncol=2 as.numeric=TRUE >
			226	270
			294	274
			343	234
			384	195
			410	148
			427	104
			405	88
			390	59
			361	40
			322	33
			285	36
		</margin>
	</curves.control>
	<curves.pixel type=list>
		<axis type=matrix rownames=FALSE colnames=FALSE nrow=222 ncol=2 as.numeric=TRUE >
			226	19
			227	19
			228	19
			229	19
			230	20
			231	20
			232	20
			233	20
			234	20
			235	21
			236	21
			237	21
			238	21
			239	21
			240	21
			241	22
			242	22
			243	22
			244	22
			245	23
			246	23
			247	23
			248	23
			249	23
			250	24
			251	24
			252	24
			253	24
			254	25
			255	25
			256	25
			257	25
			257	26
			258	26
			259	26
			260	26
			261	27
			262	27
			263	27
			264	28
			265	28
			266	28
			267	29
			268	29
			269	30
			270	30
			271	30
			272	31
			273	31
			274	31
			275	32
			276	32
			277	33
			278	33
			279	33
			280	34
			281	34
			282	35
			283	35
			284	36
			285	36
			285	37
			285	38
			285	39
			285	40
			285	41
			285	42
			285	43
			285	44
			284	45
			284	46
			284	47
			284	48
			284	49
			284	50
			284	51
			284	52
			283	53
			283	54
			283	55
			283	56
			283	57
			283	58
			282	59
			282	60
			282	61
			282	62
			282	63
			281	64
			281	65
			281	66
			281	67
			280	68
			280	69
			280	70
			280	71
			280	72
			279	73
			279	74
			279	75
			278	76
			278	77
			278	78
			278	79
			277	80
			277	81
			277	82
			277	83
			276	83
			276	84
			276	85
			276	86
			275	87
			275	88
			275	89
			275	90
			274	91
			274	92
			274	93
			273	94
			273	95
			273	96
			273	97
			272	98
			272	99
			272	100
			272	101
			271	101
			271	102
			271	103
			271	104
			271	105
			270	106
			270	107
			270	108
			270	109
			270	110
			269	110
			269	111
			269	112
			269	113
			269	114
			268	114
			268	115
			268	116
			268	117
			268	118
			267	118
			267	119
			267	120
			267	121
			266	122
			266	123
			266	124
			266	125
			265	126
			265	127
			265	128
			264	129
			264	130
			264	131
			264	132
			263	133
			263	134
			263	135
			263	136
			262	137
			262	138
			262	139
			261	140
			261	141
			261	142
			261	143
			260	144
			260	145
			260	146
			259	147
			259	148
			259	149
			258	150
			258	151
			258	152
			257	153
			257	154
			257	155
			256	155
			256	156
			255	157
			255	158
			254	158
			254	159
			253	160
			252	160
			252	161
			251	162
			250	163
			249	164
			248	165
			247	166
			246	167
			245	168
			244	169
			243	170
			242	170
			241	170
			241	171
			240	171
			239	172
			238	172
			237	173
			236	173
			235	173
			234	173
			234	174
			233	174
			232	174
			231	174
			230	174
			229	174
			228	174
			227	174
			226	174
		</axis>
		<border type=matrix rownames=FALSE colnames=FALSE nrow=215 ncol=2 as.numeric=TRUE >
			226	221
			227	221
			228	221
			229	221
			230	221
			231	221
			232	221
			232	220
			233	220
			234	220
			235	220
			236	220
			237	220
			238	220
			239	220
			240	220
			240	219
			241	219
			242	219
			243	219
			244	219
			245	219
			246	218
			247	218
			248	218
			249	218
			250	218
			251	217
			252	217
			253	217
			254	217
			255	216
			256	216
			257	216
			258	216
			259	215
			260	215
			261	215
			262	215
			263	214
			264	214
			265	214
			266	214
			267	213
			268	213
			269	213
			270	212
			271	212
			272	212
			273	211
			274	211
			275	211
			276	210
			277	210
			278	209
			279	209
			280	209
			281	208
			282	208
			283	208
			284	207
			285	207
			286	206
			287	206
			288	205
			289	205
			290	205
			291	204
			292	204
			293	203
			294	203
			295	202
			296	202
			297	201
			298	201
			299	200
			300	200
			301	199
			302	199
			303	198
			304	198
			305	197
			306	197
			307	196
			308	196
			309	195
			310	195
			311	194
			312	194
			313	193
			314	193
			314	192
			315	192
			316	192
			316	191
			317	191
			318	190
			319	189
			320	188
			321	188
			322	187
			323	187
			324	186
			324	185
			325	185
			326	184
			327	184
			327	183
			328	183
			329	182
			330	181
			331	180
			332	180
			333	179
			334	178
			335	178
			336	177
			337	176
			338	175
			339	174
			340	173
			341	172
			342	172
			343	171
			344	170
			345	170
			345	169
			346	169
			347	168
			348	167
			349	166
			350	165
			351	164
			352	163
			353	162
			354	162
			355	161
			356	161
			356	160
			357	159
			358	159
			358	158
			359	158
			360	157
			360	156
			361	156
			361	155
			362	155
			363	154
			363	153
			364	153
			365	152
			366	151
			367	150
			368	149
			369	148
			370	147
			371	146
			372	145
			373	144
			374	143
			375	142
			376	141
			377	140
			377	139
			378	138
			379	137
			380	137
			381	136
			381	135
			382	134
			383	133
			384	132
			385	131
			386	130
			387	129
			388	128
			388	127
			389	127
			390	126
			390	125
			391	124
			392	124
			392	123
			393	122
			394	122
			394	121
			395	120
			396	119
			397	118
			398	117
			398	116
			399	115
			400	115
			400	114
			401	113
			401	112
			402	112
			403	111
			403	110
			404	110
			404	109
			405	108
			406	107
			407	106
			407	105
			408	104
			408	103
			409	103
			410	102
			410	101
			410	100
			411	100
			411	99
			412	98
		</border>
		<margin type=matrix rownames=FALSE colnames=FALSE nrow=403 ncol=2 as.numeric=TRUE >
			226	270
			227	270
			228	270
			229	270
			230	270
			231	270
			232	270
			233	270
			234	270
			235	270
			236	270
			237	270
			238	270
			239	270
			240	270
			241	270
			242	270
			243	270
			244	270
			245	270
			246	270
			247	270
			248	270
			249	270
			250	270
			251	270
			252	270
			253	270
			254	270
			255	270
			256	270
			257	269
			258	269
			259	269
			260	269
			261	269
			262	269
			263	269
			264	269
			265	268
			266	268
			267	268
			268	268
			269	268
			270	268
			271	268
			271	267
			272	267
			273	267
			274	267
			275	267
			276	266
			277	266
			278	266
			279	266
			280	266
			281	265
			282	265
			283	265
			284	265
			284	264
			285	264
			286	264
			287	264
			288	263
			289	263
			290	263
			291	263
			292	262
			293	262
			294	261
			295	261
			296	261
			297	260
			298	260
			299	260
			300	259
			301	259
			302	258
			303	258
			304	258
			305	257
			306	257
			307	256
			308	256
			309	256
			310	255
			311	254
			312	254
			313	253
			314	253
			315	252
			316	252
			317	251
			318	251
			319	250
			320	250
			321	249
			322	248
			323	248
			324	247
			325	247
			326	246
			327	245
			328	245
			329	244
			330	243
			331	243
			332	242
			333	241
			334	241
			335	240
			336	239
			337	239
			338	238
			339	237
			340	237
			341	236
			342	235
			343	234
			344	233
			345	232
			346	231
			347	230
			348	229
			349	228
			350	228
			351	227
			351	226
			352	225
			353	224
			354	223
			355	222
			356	221
			357	220
			358	219
			358	218
			359	218
			360	217
			361	216
			362	215
			363	214
			364	213
			364	212
			365	211
			366	210
			367	209
			368	208
			368	207
			369	206
			370	205
			371	204
			372	204
			373	203
			373	202
			374	201
			375	200
			376	199
			376	198
			377	197
			378	196
			379	195
			380	194
			380	193
			381	192
			382	191
			383	190
			383	189
			384	188
			385	187
			385	186
			386	185
			387	184
			388	183
			388	182
			389	181
			390	180
			390	179
			391	178
			392	177
			393	176
			393	175
			394	174
			395	173
			395	172
			396	171
			397	170
			397	169
			398	168
			399	167
			399	166
			400	165
			401	164
			401	163
			402	162
			403	161
			403	160
			404	159
			404	158
			405	157
			406	156
			406	155
			407	154
			407	153
			408	152
			408	151
			409	150
			409	149
			410	148
			410	147
			411	146
			411	145
			412	144
			412	143
			412	142
			412	141
			413	141
			413	140
			413	139
			413	138
			414	137
			414	136
			414	135
			415	134
			415	133
			415	132
			415	131
			416	130
			416	129
			416	128
			416	127
			416	126
			417	125
			417	124
			417	123
			417	122
			417	121
			417	120
			417	119
			417	118
			417	117
			417	116
			417	115
			417	114
			417	113
			417	112
			417	111
			417	110
			417	109
			417	108
			417	107
			417	106
			416	105
			416	104
			416	103
			416	102
			415	101
			415	100
			414	99
			414	98
			413	97
			413	96
			412	95
			411	94
			410	93
			409	92
			408	91
			407	90
			406	89
			405	88
			405	87
			404	86
			403	85
			403	84
			402	83
			402	82
			401	82
			401	81
			401	80
			400	79
			400	78
			399	78
			398	77
			398	76
			397	75
			396	74
			396	73
			395	72
			394	71
			394	70
			393	69
			392	68
			392	67
			391	67
			390	66
			389	65
			389	64
			388	63
			387	62
			386	61
			385	60
			384	59
			383	58
			382	57
			381	56
			380	55
			379	54
			378	53
			377	52
			376	51
			375	50
			374	49
			373	48
			372	48
			371	47
			370	47
			370	46
			369	46
			368	45
			367	45
			367	44
			366	43
			365	43
			364	42
			363	41
			362	40
			361	40
			360	40
			359	40
			358	40
			357	39
			356	39
			355	39
			354	39
			353	39
			352	39
			351	38
			350	38
			349	38
			348	38
			347	38
			346	38
			345	38
			344	37
			343	37
			342	37
			341	37
			340	37
			339	37
			338	37
			337	37
			336	36
			335	36
			334	36
			333	36
			332	36
			331	36
			330	36
			329	36
			328	36
			327	36
			326	36
			325	36
			324	36
			323	36
			322	35
			321	35
			320	35
			319	35
			318	35
			317	35
			316	35
			315	35
			314	35
			313	35
			312	35
			311	35
			310	35
			309	35
			308	35
			307	35
			306	35
			305	35
			304	35
			303	35
			302	35
			301	35
			300	35
			299	35
			298	35
			297	35
			296	35
			295	35
			294	35
			293	35
			292	36
			291	36
			290	36
			289	36
			288	36
			287	36
			286	36
			285	36
		</margin>
	</curves.pixel>
	<curves.scaled type=list>
		<axis type=matrix rownames=FALSE colnames=FALSE nrow=222 ncol=2 as.numeric=TRUE >
			2.62790697674419	-0.22093023255814
			2.63953488372093	-0.22093023255814
			2.65116279069767	-0.22093023255814
			2.66279069767442	-0.22093023255814
			2.67441860465116	-0.232558139534884
			2.68604651162791	-0.232558139534884
			2.69767441860465	-0.232558139534884
			2.7093023255814	-0.232558139534884
			2.72093023255814	-0.232558139534884
			2.73255813953488	-0.244186046511628
			2.74418604651163	-0.244186046511628
			2.75581395348837	-0.244186046511628
			2.76744186046512	-0.244186046511628
			2.77906976744186	-0.244186046511628
			2.7906976744186	-0.244186046511628
			2.80232558139535	-0.255813953488372
			2.81395348837209	-0.255813953488372
			2.82558139534884	-0.255813953488372
			2.83720930232558	-0.255813953488372
			2.84883720930233	-0.267441860465116
			2.86046511627907	-0.267441860465116
			2.87209302325581	-0.267441860465116
			2.88372093023256	-0.267441860465116
			2.8953488372093	-0.267441860465116
			2.90697674418605	-0.27906976744186
			2.91860465116279	-0.27906976744186
			2.93023255813953	-0.27906976744186
			2.94186046511628	-0.27906976744186
			2.95348837209302	-0.290697674418605
			2.96511627906977	-0.290697674418605
			2.97674418604651	-0.290697674418605
			2.98837209302326	-0.290697674418605
			2.98837209302326	-0.302325581395349
			3	-0.302325581395349
			3.01162790697674	-0.302325581395349
			3.02325581395349	-0.302325581395349
			3.03488372093023	-0.313953488372093
			3.04651162790698	-0.313953488372093
			3.05813953488372	-0.313953488372093
			3.06976744186047	-0.325581395348837
			3.08139534883721	-0.325581395348837
			3.09302325581395	-0.325581395348837
			3.1046511627907	-0.337209302325581
			3.11627906976744	-0.337209302325581
			3.12790697674419	-0.348837209302326
			3.13953488372093	-0.348837209302326
			3.15116279069767	-0.348837209302326
			3.16279069767442	-0.36046511627907
			3.17441860465116	-0.36046511627907
			3.18604651162791	-0.36046511627907
			3.19767441860465	-0.372093023255814
			3.2093023255814	-0.372093023255814
			3.22093023255814	-0.383720930232558
			3.23255813953488	-0.383720930232558
			3.24418604651163	-0.383720930232558
			3.25581395348837	-0.395348837209302
			3.26744186046512	-0.395348837209302
			3.27906976744186	-0.406976744186047
			3.2906976744186	-0.406976744186047
			3.30232558139535	-0.418604651162791
			3.31395348837209	-0.418604651162791
			3.31395348837209	-0.430232558139535
			3.31395348837209	-0.441860465116279
			3.31395348837209	-0.453488372093023
			3.31395348837209	-0.465116279069767
			3.31395348837209	-0.476744186046512
			3.31395348837209	-0.488372093023256
			3.31395348837209	-0.5
			3.31395348837209	-0.511627906976744
			3.30232558139535	-0.523255813953488
			3.30232558139535	-0.534883720930233
			3.30232558139535	-0.546511627906977
			3.30232558139535	-0.558139534883721
			3.30232558139535	-0.569767441860465
			3.30232558139535	-0.581395348837209
			3.30232558139535	-0.593023255813953
			3.30232558139535	-0.604651162790698
			3.2906976744186	-0.616279069767442
			3.2906976744186	-0.627906976744186
			3.2906976744186	-0.63953488372093
			3.2906976744186	-0.651162790697674
			3.2906976744186	-0.662790697674419
			3.2906976744186	-0.674418604651163
			3.27906976744186	-0.686046511627907
			3.27906976744186	-0.697674418604651
			3.27906976744186	-0.709302325581395
			3.27906976744186	-0.720930232558139
			3.27906976744186	-0.732558139534884
			3.26744186046512	-0.744186046511628
			3.26744186046512	-0.755813953488372
			3.26744186046512	-0.767441860465116
			3.26744186046512	-0.77906976744186
			3.25581395348837	-0.790697674418605
			3.25581395348837	-0.802325581395349
			3.25581395348837	-0.813953488372093
			3.25581395348837	-0.825581395348837
			3.25581395348837	-0.837209302325581
			3.24418604651163	-0.848837209302326
			3.24418604651163	-0.86046511627907
			3.24418604651163	-0.872093023255814
			3.23255813953488	-0.883720930232558
			3.23255813953488	-0.895348837209302
			3.23255813953488	-0.906976744186046
			3.23255813953488	-0.918604651162791
			3.22093023255814	-0.930232558139535
			3.22093023255814	-0.941860465116279
			3.22093023255814	-0.953488372093023
			3.22093023255814	-0.965116279069767
			3.2093023255814	-0.965116279069767
			3.2093023255814	-0.976744186046512
			3.2093023255814	-0.988372093023256
			3.2093023255814	-1
			3.19767441860465	-1.01162790697674
			3.19767441860465	-1.02325581395349
			3.19767441860465	-1.03488372093023
			3.19767441860465	-1.04651162790698
			3.18604651162791	-1.05813953488372
			3.18604651162791	-1.06976744186047
			3.18604651162791	-1.08139534883721
			3.17441860465116	-1.09302325581395
			3.17441860465116	-1.1046511627907
			3.17441860465116	-1.11627906976744
			3.17441860465116	-1.12790697674419
			3.16279069767442	-1.13953488372093
			3.16279069767442	-1.15116279069767
			3.16279069767442	-1.16279069767442
			3.16279069767442	-1.17441860465116
			3.15116279069767	-1.17441860465116
			3.15116279069767	-1.18604651162791
			3.15116279069767	-1.19767441860465
			3.15116279069767	-1.2093023255814
			3.15116279069767	-1.22093023255814
			3.13953488372093	-1.23255813953488
			3.13953488372093	-1.24418604651163
			3.13953488372093	-1.25581395348837
			3.13953488372093	-1.26744186046512
			3.13953488372093	-1.27906976744186
			3.12790697674419	-1.27906976744186
			3.12790697674419	-1.2906976744186
			3.12790697674419	-1.30232558139535
			3.12790697674419	-1.31395348837209
			3.12790697674419	-1.32558139534884
			3.11627906976744	-1.32558139534884
			3.11627906976744	-1.33720930232558
			3.11627906976744	-1.34883720930233
			3.11627906976744	-1.36046511627907
			3.11627906976744	-1.37209302325581
			3.1046511627907	-1.37209302325581
			3.1046511627907	-1.38372093023256
			3.1046511627907	-1.3953488372093
			3.1046511627907	-1.40697674418605
			3.09302325581395	-1.41860465116279
			3.09302325581395	-1.43023255813953
			3.09302325581395	-1.44186046511628
			3.09302325581395	-1.45348837209302
			3.08139534883721	-1.46511627906977
			3.08139534883721	-1.47674418604651
			3.08139534883721	-1.48837209302326
			3.06976744186047	-1.5
			3.06976744186047	-1.51162790697674
			3.06976744186047	-1.52325581395349
			3.06976744186047	-1.53488372093023
			3.05813953488372	-1.54651162790698
			3.05813953488372	-1.55813953488372
			3.05813953488372	-1.56976744186047
			3.05813953488372	-1.58139534883721
			3.04651162790698	-1.59302325581395
			3.04651162790698	-1.6046511627907
			3.04651162790698	-1.61627906976744
			3.03488372093023	-1.62790697674419
			3.03488372093023	-1.63953488372093
			3.03488372093023	-1.65116279069767
			3.03488372093023	-1.66279069767442
			3.02325581395349	-1.67441860465116
			3.02325581395349	-1.68604651162791
			3.02325581395349	-1.69767441860465
			3.01162790697674	-1.7093023255814
			3.01162790697674	-1.72093023255814
			3.01162790697674	-1.73255813953488
			3	-1.74418604651163
			3	-1.75581395348837
			3	-1.76744186046512
			2.98837209302326	-1.77906976744186
			2.98837209302326	-1.7906976744186
			2.98837209302326	-1.80232558139535
			2.97674418604651	-1.80232558139535
			2.97674418604651	-1.81395348837209
			2.96511627906977	-1.82558139534884
			2.96511627906977	-1.83720930232558
			2.95348837209302	-1.83720930232558
			2.95348837209302	-1.84883720930233
			2.94186046511628	-1.86046511627907
			2.93023255813953	-1.86046511627907
			2.93023255813953	-1.87209302325581
			2.91860465116279	-1.88372093023256
			2.90697674418605	-1.8953488372093
			2.8953488372093	-1.90697674418605
			2.88372093023256	-1.91860465116279
			2.87209302325581	-1.93023255813953
			2.86046511627907	-1.94186046511628
			2.84883720930233	-1.95348837209302
			2.83720930232558	-1.96511627906977
			2.82558139534884	-1.97674418604651
			2.81395348837209	-1.97674418604651
			2.80232558139535	-1.97674418604651
			2.80232558139535	-1.98837209302326
			2.7906976744186	-1.98837209302326
			2.77906976744186	-2
			2.76744186046512	-2
			2.75581395348837	-2.01162790697674
			2.74418604651163	-2.01162790697674
			2.73255813953488	-2.01162790697674
			2.72093023255814	-2.01162790697674
			2.72093023255814	-2.02325581395349
			2.7093023255814	-2.02325581395349
			2.69767441860465	-2.02325581395349
			2.68604651162791	-2.02325581395349
			2.67441860465116	-2.02325581395349
			2.66279069767442	-2.02325581395349
			2.65116279069767	-2.02325581395349
			2.63953488372093	-2.02325581395349
			2.62790697674419	-2.02325581395349
		</axis>
		<border type=matrix rownames=FALSE colnames=FALSE nrow=215 ncol=2 as.numeric=TRUE >
			2.62790697674419	-2.56976744186047
			2.63953488372093	-2.56976744186047
			2.65116279069767	-2.56976744186047
			2.66279069767442	-2.56976744186047
			2.67441860465116	-2.56976744186047
			2.68604651162791	-2.56976744186047
			2.69767441860465	-2.56976744186047
			2.69767441860465	-2.55813953488372
			2.7093023255814	-2.55813953488372
			2.72093023255814	-2.55813953488372
			2.73255813953488	-2.55813953488372
			2.74418604651163	-2.55813953488372
			2.75581395348837	-2.55813953488372
			2.76744186046512	-2.55813953488372
			2.77906976744186	-2.55813953488372
			2.7906976744186	-2.55813953488372
			2.7906976744186	-2.54651162790698
			2.80232558139535	-2.54651162790698
			2.81395348837209	-2.54651162790698
			2.82558139534884	-2.54651162790698
			2.83720930232558	-2.54651162790698
			2.84883720930233	-2.54651162790698
			2.86046511627907	-2.53488372093023
			2.87209302325581	-2.53488372093023
			2.88372093023256	-2.53488372093023
			2.8953488372093	-2.53488372093023
			2.90697674418605	-2.53488372093023
			2.91860465116279	-2.52325581395349
			2.93023255813953	-2.52325581395349
			2.94186046511628	-2.52325581395349
			2.95348837209302	-2.52325581395349
			2.96511627906977	-2.51162790697674
			2.97674418604651	-2.51162790697674
			2.98837209302326	-2.51162790697674
			3	-2.51162790697674
			3.01162790697674	-2.5
			3.02325581395349	-2.5
			3.03488372093023	-2.5
			3.04651162790698	-2.5
			3.05813953488372	-2.48837209302326
			3.06976744186047	-2.48837209302326
			3.08139534883721	-2.48837209302326
			3.09302325581395	-2.48837209302326
			3.1046511627907	-2.47674418604651
			3.11627906976744	-2.47674418604651
			3.12790697674419	-2.47674418604651
			3.13953488372093	-2.46511627906977
			3.15116279069767	-2.46511627906977
			3.16279069767442	-2.46511627906977
			3.17441860465116	-2.45348837209302
			3.18604651162791	-2.45348837209302
			3.19767441860465	-2.45348837209302
			3.2093023255814	-2.44186046511628
			3.22093023255814	-2.44186046511628
			3.23255813953488	-2.43023255813953
			3.24418604651163	-2.43023255813953
			3.25581395348837	-2.43023255813953
			3.26744186046512	-2.41860465116279
			3.27906976744186	-2.41860465116279
			3.2906976744186	-2.41860465116279
			3.30232558139535	-2.40697674418605
			3.31395348837209	-2.40697674418605
			3.32558139534884	-2.3953488372093
			3.33720930232558	-2.3953488372093
			3.34883720930233	-2.38372093023256
			3.36046511627907	-2.38372093023256
			3.37209302325581	-2.38372093023256
			3.38372093023256	-2.37209302325581
			3.3953488372093	-2.37209302325581
			3.40697674418605	-2.36046511627907
			3.41860465116279	-2.36046511627907
			3.43023255813953	-2.34883720930233
			3.44186046511628	-2.34883720930233
			3.45348837209302	-2.33720930232558
			3.46511627906977	-2.33720930232558
			3.47674418604651	-2.32558139534884
			3.48837209302326	-2.32558139534884
			3.5	-2.31395348837209
			3.51162790697674	-2.31395348837209
			3.52325581395349	-2.30232558139535
			3.53488372093023	-2.30232558139535
			3.54651162790698	-2.2906976744186
			3.55813953488372	-2.2906976744186
			3.56976744186047	-2.27906976744186
			3.58139534883721	-2.27906976744186
			3.59302325581395	-2.26744186046512
			3.6046511627907	-2.26744186046512
			3.61627906976744	-2.25581395348837
			3.62790697674419	-2.25581395348837
			3.63953488372093	-2.24418604651163
			3.65116279069767	-2.24418604651163
			3.65116279069767	-2.23255813953488
			3.66279069767442	-2.23255813953488
			3.67441860465116	-2.23255813953488
			3.67441860465116	-2.22093023255814
			3.68604651162791	-2.22093023255814
			3.69767441860465	-2.2093023255814
			3.7093023255814	-2.19767441860465
			3.72093023255814	-2.18604651162791
			3.73255813953488	-2.18604651162791
			3.74418604651163	-2.17441860465116
			3.75581395348837	-2.17441860465116
			3.76744186046512	-2.16279069767442
			3.76744186046512	-2.15116279069767
			3.77906976744186	-2.15116279069767
			3.7906976744186	-2.13953488372093
			3.80232558139535	-2.13953488372093
			3.80232558139535	-2.12790697674419
			3.81395348837209	-2.12790697674419
			3.82558139534884	-2.11627906976744
			3.83720930232558	-2.1046511627907
			3.84883720930233	-2.09302325581395
			3.86046511627907	-2.09302325581395
			3.87209302325581	-2.08139534883721
			3.88372093023256	-2.06976744186047
			3.8953488372093	-2.06976744186047
			3.90697674418605	-2.05813953488372
			3.91860465116279	-2.04651162790698
			3.93023255813953	-2.03488372093023
			3.94186046511628	-2.02325581395349
			3.95348837209302	-2.01162790697674
			3.96511627906977	-2
			3.97674418604651	-2
			3.98837209302326	-1.98837209302326
			4	-1.97674418604651
			4.01162790697674	-1.97674418604651
			4.01162790697674	-1.96511627906977
			4.02325581395349	-1.96511627906977
			4.03488372093023	-1.95348837209302
			4.04651162790698	-1.94186046511628
			4.05813953488372	-1.93023255813953
			4.06976744186047	-1.91860465116279
			4.08139534883721	-1.90697674418605
			4.09302325581395	-1.8953488372093
			4.1046511627907	-1.88372093023256
			4.11627906976744	-1.88372093023256
			4.12790697674419	-1.87209302325581
			4.13953488372093	-1.87209302325581
			4.13953488372093	-1.86046511627907
			4.15116279069767	-1.84883720930233
			4.16279069767442	-1.84883720930233
			4.16279069767442	-1.83720930232558
			4.17441860465116	-1.83720930232558
			4.18604651162791	-1.82558139534884
			4.18604651162791	-1.81395348837209
			4.19767441860465	-1.81395348837209
			4.19767441860465	-1.80232558139535
			4.2093023255814	-1.80232558139535
			4.22093023255814	-1.7906976744186
			4.22093023255814	-1.77906976744186
			4.23255813953488	-1.77906976744186
			4.24418604651163	-1.76744186046512
			4.25581395348837	-1.75581395348837
			4.26744186046512	-1.74418604651163
			4.27906976744186	-1.73255813953488
			4.2906976744186	-1.72093023255814
			4.30232558139535	-1.7093023255814
			4.31395348837209	-1.69767441860465
			4.32558139534884	-1.68604651162791
			4.33720930232558	-1.67441860465116
			4.34883720930233	-1.66279069767442
			4.36046511627907	-1.65116279069767
			4.37209302325581	-1.63953488372093
			4.38372093023256	-1.62790697674419
			4.38372093023256	-1.61627906976744
			4.3953488372093	-1.6046511627907
			4.40697674418605	-1.59302325581395
			4.41860465116279	-1.59302325581395
			4.43023255813953	-1.58139534883721
			4.43023255813953	-1.56976744186047
			4.44186046511628	-1.55813953488372
			4.45348837209302	-1.54651162790698
			4.46511627906977	-1.53488372093023
			4.47674418604651	-1.52325581395349
			4.48837209302326	-1.51162790697674
			4.5	-1.5
			4.51162790697674	-1.48837209302326
			4.51162790697674	-1.47674418604651
			4.52325581395349	-1.47674418604651
			4.53488372093023	-1.46511627906977
			4.53488372093023	-1.45348837209302
			4.54651162790698	-1.44186046511628
			4.55813953488372	-1.44186046511628
			4.55813953488372	-1.43023255813953
			4.56976744186047	-1.41860465116279
			4.58139534883721	-1.41860465116279
			4.58139534883721	-1.40697674418605
			4.59302325581395	-1.3953488372093
			4.6046511627907	-1.38372093023256
			4.61627906976744	-1.37209302325581
			4.62790697674419	-1.36046511627907
			4.62790697674419	-1.34883720930233
			4.63953488372093	-1.33720930232558
			4.65116279069767	-1.33720930232558
			4.65116279069767	-1.32558139534884
			4.66279069767442	-1.31395348837209
			4.66279069767442	-1.30232558139535
			4.67441860465116	-1.30232558139535
			4.68604651162791	-1.2906976744186
			4.68604651162791	-1.27906976744186
			4.69767441860465	-1.27906976744186
			4.69767441860465	-1.26744186046512
			4.7093023255814	-1.25581395348837
			4.72093023255814	-1.24418604651163
			4.73255813953488	-1.23255813953488
			4.73255813953488	-1.22093023255814
			4.74418604651163	-1.2093023255814
			4.74418604651163	-1.19767441860465
			4.75581395348837	-1.19767441860465
			4.76744186046512	-1.18604651162791
			4.76744186046512	-1.17441860465116
			4.76744186046512	-1.16279069767442
			4.77906976744186	-1.16279069767442
			4.77906976744186	-1.15116279069767
			4.7906976744186	-1.13953488372093
		</border>
		<margin type=matrix rownames=FALSE colnames=FALSE nrow=403 ncol=2 as.numeric=TRUE >
			2.62790697674419	-3.13953488372093
			2.63953488372093	-3.13953488372093
			2.65116279069767	-3.13953488372093
			2.66279069767442	-3.13953488372093
			2.67441860465116	-3.13953488372093
			2.68604651162791	-3.13953488372093
			2.69767441860465	-3.13953488372093
			2.7093023255814	-3.13953488372093
			2.72093023255814	-3.13953488372093
			2.73255813953488	-3.13953488372093
			2.74418604651163	-3.13953488372093
			2.75581395348837	-3.13953488372093
			2.76744186046512	-3.13953488372093
			2.77906976744186	-3.13953488372093
			2.7906976744186	-3.13953488372093
			2.80232558139535	-3.13953488372093
			2.81395348837209	-3.13953488372093
			2.82558139534884	-3.13953488372093
			2.83720930232558	-3.13953488372093
			2.84883720930233	-3.13953488372093
			2.86046511627907	-3.13953488372093
			2.87209302325581	-3.13953488372093
			2.88372093023256	-3.13953488372093
			2.8953488372093	-3.13953488372093
			2.90697674418605	-3.13953488372093
			2.91860465116279	-3.13953488372093
			2.93023255813953	-3.13953488372093
			2.94186046511628	-3.13953488372093
			2.95348837209302	-3.13953488372093
			2.96511627906977	-3.13953488372093
			2.97674418604651	-3.13953488372093
			2.98837209302326	-3.12790697674419
			3	-3.12790697674419
			3.01162790697674	-3.12790697674419
			3.02325581395349	-3.12790697674419
			3.03488372093023	-3.12790697674419
			3.04651162790698	-3.12790697674419
			3.05813953488372	-3.12790697674419
			3.06976744186047	-3.12790697674419
			3.08139534883721	-3.11627906976744
			3.09302325581395	-3.11627906976744
			3.1046511627907	-3.11627906976744
			3.11627906976744	-3.11627906976744
			3.12790697674419	-3.11627906976744
			3.13953488372093	-3.11627906976744
			3.15116279069767	-3.11627906976744
			3.15116279069767	-3.1046511627907
			3.16279069767442	-3.1046511627907
			3.17441860465116	-3.1046511627907
			3.18604651162791	-3.1046511627907
			3.19767441860465	-3.1046511627907
			3.2093023255814	-3.09302325581395
			3.22093023255814	-3.09302325581395
			3.23255813953488	-3.09302325581395
			3.24418604651163	-3.09302325581395
			3.25581395348837	-3.09302325581395
			3.26744186046512	-3.08139534883721
			3.27906976744186	-3.08139534883721
			3.2906976744186	-3.08139534883721
			3.30232558139535	-3.08139534883721
			3.30232558139535	-3.06976744186047
			3.31395348837209	-3.06976744186047
			3.32558139534884	-3.06976744186047
			3.33720930232558	-3.06976744186047
			3.34883720930233	-3.05813953488372
			3.36046511627907	-3.05813953488372
			3.37209302325581	-3.05813953488372
			3.38372093023256	-3.05813953488372
			3.3953488372093	-3.04651162790698
			3.40697674418605	-3.04651162790698
			3.41860465116279	-3.03488372093023
			3.43023255813953	-3.03488372093023
			3.44186046511628	-3.03488372093023
			3.45348837209302	-3.02325581395349
			3.46511627906977	-3.02325581395349
			3.47674418604651	-3.02325581395349
			3.48837209302326	-3.01162790697674
			3.5	-3.01162790697674
			3.51162790697674	-3
			3.52325581395349	-3
			3.53488372093023	-3
			3.54651162790698	-2.98837209302326
			3.55813953488372	-2.98837209302326
			3.56976744186047	-2.97674418604651
			3.58139534883721	-2.97674418604651
			3.59302325581395	-2.97674418604651
			3.6046511627907	-2.96511627906977
			3.61627906976744	-2.95348837209302
			3.62790697674419	-2.95348837209302
			3.63953488372093	-2.94186046511628
			3.65116279069767	-2.94186046511628
			3.66279069767442	-2.93023255813953
			3.67441860465116	-2.93023255813953
			3.68604651162791	-2.91860465116279
			3.69767441860465	-2.91860465116279
			3.7093023255814	-2.90697674418605
			3.72093023255814	-2.90697674418605
			3.73255813953488	-2.8953488372093
			3.74418604651163	-2.88372093023256
			3.75581395348837	-2.88372093023256
			3.76744186046512	-2.87209302325581
			3.77906976744186	-2.87209302325581
			3.7906976744186	-2.86046511627907
			3.80232558139535	-2.84883720930233
			3.81395348837209	-2.84883720930233
			3.82558139534884	-2.83720930232558
			3.83720930232558	-2.82558139534884
			3.84883720930233	-2.82558139534884
			3.86046511627907	-2.81395348837209
			3.87209302325581	-2.80232558139535
			3.88372093023256	-2.80232558139535
			3.8953488372093	-2.7906976744186
			3.90697674418605	-2.77906976744186
			3.91860465116279	-2.77906976744186
			3.93023255813953	-2.76744186046512
			3.94186046511628	-2.75581395348837
			3.95348837209302	-2.75581395348837
			3.96511627906977	-2.74418604651163
			3.97674418604651	-2.73255813953488
			3.98837209302326	-2.72093023255814
			4	-2.7093023255814
			4.01162790697674	-2.69767441860465
			4.02325581395349	-2.68604651162791
			4.03488372093023	-2.67441860465116
			4.04651162790698	-2.66279069767442
			4.05813953488372	-2.65116279069767
			4.06976744186047	-2.65116279069767
			4.08139534883721	-2.63953488372093
			4.08139534883721	-2.62790697674419
			4.09302325581395	-2.61627906976744
			4.1046511627907	-2.6046511627907
			4.11627906976744	-2.59302325581395
			4.12790697674419	-2.58139534883721
			4.13953488372093	-2.56976744186047
			4.15116279069767	-2.55813953488372
			4.16279069767442	-2.54651162790698
			4.16279069767442	-2.53488372093023
			4.17441860465116	-2.53488372093023
			4.18604651162791	-2.52325581395349
			4.19767441860465	-2.51162790697674
			4.2093023255814	-2.5
			4.22093023255814	-2.48837209302326
			4.23255813953488	-2.47674418604651
			4.23255813953488	-2.46511627906977
			4.24418604651163	-2.45348837209302
			4.25581395348837	-2.44186046511628
			4.26744186046512	-2.43023255813953
			4.27906976744186	-2.41860465116279
			4.27906976744186	-2.40697674418605
			4.2906976744186	-2.3953488372093
			4.30232558139535	-2.38372093023256
			4.31395348837209	-2.37209302325581
			4.32558139534884	-2.37209302325581
			4.33720930232558	-2.36046511627907
			4.33720930232558	-2.34883720930233
			4.34883720930233	-2.33720930232558
			4.36046511627907	-2.32558139534884
			4.37209302325581	-2.31395348837209
			4.37209302325581	-2.30232558139535
			4.38372093023256	-2.2906976744186
			4.3953488372093	-2.27906976744186
			4.40697674418605	-2.26744186046512
			4.41860465116279	-2.25581395348837
			4.41860465116279	-2.24418604651163
			4.43023255813953	-2.23255813953488
			4.44186046511628	-2.22093023255814
			4.45348837209302	-2.2093023255814
			4.45348837209302	-2.19767441860465
			4.46511627906977	-2.18604651162791
			4.47674418604651	-2.17441860465116
			4.47674418604651	-2.16279069767442
			4.48837209302326	-2.15116279069767
			4.5	-2.13953488372093
			4.51162790697674	-2.12790697674419
			4.51162790697674	-2.11627906976744
			4.52325581395349	-2.1046511627907
			4.53488372093023	-2.09302325581395
			4.53488372093023	-2.08139534883721
			4.54651162790698	-2.06976744186047
			4.55813953488372	-2.05813953488372
			4.56976744186047	-2.04651162790698
			4.56976744186047	-2.03488372093023
			4.58139534883721	-2.02325581395349
			4.59302325581395	-2.01162790697674
			4.59302325581395	-2
			4.6046511627907	-1.98837209302326
			4.61627906976744	-1.97674418604651
			4.61627906976744	-1.96511627906977
			4.62790697674419	-1.95348837209302
			4.63953488372093	-1.94186046511628
			4.63953488372093	-1.93023255813953
			4.65116279069767	-1.91860465116279
			4.66279069767442	-1.90697674418605
			4.66279069767442	-1.8953488372093
			4.67441860465116	-1.88372093023256
			4.68604651162791	-1.87209302325581
			4.68604651162791	-1.86046511627907
			4.69767441860465	-1.84883720930233
			4.69767441860465	-1.83720930232558
			4.7093023255814	-1.82558139534884
			4.72093023255814	-1.81395348837209
			4.72093023255814	-1.80232558139535
			4.73255813953488	-1.7906976744186
			4.73255813953488	-1.77906976744186
			4.74418604651163	-1.76744186046512
			4.74418604651163	-1.75581395348837
			4.75581395348837	-1.74418604651163
			4.75581395348837	-1.73255813953488
			4.76744186046512	-1.72093023255814
			4.76744186046512	-1.7093023255814
			4.77906976744186	-1.69767441860465
			4.77906976744186	-1.68604651162791
			4.7906976744186	-1.67441860465116
			4.7906976744186	-1.66279069767442
			4.7906976744186	-1.65116279069767
			4.7906976744186	-1.63953488372093
			4.80232558139535	-1.63953488372093
			4.80232558139535	-1.62790697674419
			4.80232558139535	-1.61627906976744
			4.80232558139535	-1.6046511627907
			4.81395348837209	-1.59302325581395
			4.81395348837209	-1.58139534883721
			4.81395348837209	-1.56976744186047
			4.82558139534884	-1.55813953488372
			4.82558139534884	-1.54651162790698
			4.82558139534884	-1.53488372093023
			4.82558139534884	-1.52325581395349
			4.83720930232558	-1.51162790697674
			4.83720930232558	-1.5
			4.83720930232558	-1.48837209302326
			4.83720930232558	-1.47674418604651
			4.83720930232558	-1.46511627906977
			4.84883720930233	-1.45348837209302
			4.84883720930233	-1.44186046511628
			4.84883720930233	-1.43023255813953
			4.84883720930233	-1.41860465116279
			4.84883720930233	-1.40697674418605
			4.84883720930233	-1.3953488372093
			4.84883720930233	-1.38372093023256
			4.84883720930233	-1.37209302325581
			4.84883720930233	-1.36046511627907
			4.84883720930233	-1.34883720930233
			4.84883720930233	-1.33720930232558
			4.84883720930233	-1.32558139534884
			4.84883720930233	-1.31395348837209
			4.84883720930233	-1.30232558139535
			4.84883720930233	-1.2906976744186
			4.84883720930233	-1.27906976744186
			4.84883720930233	-1.26744186046512
			4.84883720930233	-1.25581395348837
			4.84883720930233	-1.24418604651163
			4.84883720930233	-1.23255813953488
			4.83720930232558	-1.22093023255814
			4.83720930232558	-1.2093023255814
			4.83720930232558	-1.19767441860465
			4.83720930232558	-1.18604651162791
			4.82558139534884	-1.17441860465116
			4.82558139534884	-1.16279069767442
			4.81395348837209	-1.15116279069767
			4.81395348837209	-1.13953488372093
			4.80232558139535	-1.12790697674419
			4.80232558139535	-1.11627906976744
			4.7906976744186	-1.1046511627907
			4.77906976744186	-1.09302325581395
			4.76744186046512	-1.08139534883721
			4.75581395348837	-1.06976744186047
			4.74418604651163	-1.05813953488372
			4.73255813953488	-1.04651162790698
			4.72093023255814	-1.03488372093023
			4.7093023255814	-1.02325581395349
			4.7093023255814	-1.01162790697674
			4.69767441860465	-1
			4.68604651162791	-0.988372093023256
			4.68604651162791	-0.976744186046512
			4.67441860465116	-0.965116279069767
			4.67441860465116	-0.953488372093023
			4.66279069767442	-0.953488372093023
			4.66279069767442	-0.941860465116279
			4.66279069767442	-0.930232558139535
			4.65116279069767	-0.918604651162791
			4.65116279069767	-0.906976744186046
			4.63953488372093	-0.906976744186046
			4.62790697674419	-0.895348837209302
			4.62790697674419	-0.883720930232558
			4.61627906976744	-0.872093023255814
			4.6046511627907	-0.86046511627907
			4.6046511627907	-0.848837209302326
			4.59302325581395	-0.837209302325581
			4.58139534883721	-0.825581395348837
			4.58139534883721	-0.813953488372093
			4.56976744186047	-0.802325581395349
			4.55813953488372	-0.790697674418605
			4.55813953488372	-0.77906976744186
			4.54651162790698	-0.77906976744186
			4.53488372093023	-0.767441860465116
			4.52325581395349	-0.755813953488372
			4.52325581395349	-0.744186046511628
			4.51162790697674	-0.732558139534884
			4.5	-0.720930232558139
			4.48837209302326	-0.709302325581395
			4.47674418604651	-0.697674418604651
			4.46511627906977	-0.686046511627907
			4.45348837209302	-0.674418604651163
			4.44186046511628	-0.662790697674419
			4.43023255813953	-0.651162790697674
			4.41860465116279	-0.63953488372093
			4.40697674418605	-0.627906976744186
			4.3953488372093	-0.616279069767442
			4.38372093023256	-0.604651162790698
			4.37209302325581	-0.593023255813953
			4.36046511627907	-0.581395348837209
			4.34883720930233	-0.569767441860465
			4.33720930232558	-0.558139534883721
			4.32558139534884	-0.558139534883721
			4.31395348837209	-0.546511627906977
			4.30232558139535	-0.546511627906977
			4.30232558139535	-0.534883720930233
			4.2906976744186	-0.534883720930233
			4.27906976744186	-0.523255813953488
			4.26744186046512	-0.523255813953488
			4.26744186046512	-0.511627906976744
			4.25581395348837	-0.5
			4.24418604651163	-0.5
			4.23255813953488	-0.488372093023256
			4.22093023255814	-0.476744186046512
			4.2093023255814	-0.465116279069767
			4.19767441860465	-0.465116279069767
			4.18604651162791	-0.465116279069767
			4.17441860465116	-0.465116279069767
			4.16279069767442	-0.465116279069767
			4.15116279069767	-0.453488372093023
			4.13953488372093	-0.453488372093023
			4.12790697674419	-0.453488372093023
			4.11627906976744	-0.453488372093023
			4.1046511627907	-0.453488372093023
			4.09302325581395	-0.453488372093023
			4.08139534883721	-0.441860465116279
			4.06976744186047	-0.441860465116279
			4.05813953488372	-0.441860465116279
			4.04651162790698	-0.441860465116279
			4.03488372093023	-0.441860465116279
			4.02325581395349	-0.441860465116279
			4.01162790697674	-0.441860465116279
			4	-0.430232558139535
			3.98837209302326	-0.430232558139535
			3.97674418604651	-0.430232558139535
			3.96511627906977	-0.430232558139535
			3.95348837209302	-0.430232558139535
			3.94186046511628	-0.430232558139535
			3.93023255813953	-0.430232558139535
			3.91860465116279	-0.430232558139535
			3.90697674418605	-0.418604651162791
			3.8953488372093	-0.418604651162791
			3.88372093023256	-0.418604651162791
			3.87209302325581	-0.418604651162791
			3.86046511627907	-0.418604651162791
			3.84883720930233	-0.418604651162791
			3.83720930232558	-0.418604651162791
			3.82558139534884	-0.418604651162791
			3.81395348837209	-0.418604651162791
			3.80232558139535	-0.418604651162791
			3.7906976744186	-0.418604651162791
			3.77906976744186	-0.418604651162791
			3.76744186046512	-0.418604651162791
			3.75581395348837	-0.418604651162791
			3.74418604651163	-0.406976744186047
			3.73255813953488	-0.406976744186047
			3.72093023255814	-0.406976744186047
			3.7093023255814	-0.406976744186047
			3.69767441860465	-0.406976744186047
			3.68604651162791	-0.406976744186047
			3.67441860465116	-0.406976744186047
			3.66279069767442	-0.406976744186047
			3.65116279069767	-0.406976744186047
			3.63953488372093	-0.406976744186047
			3.62790697674419	-0.406976744186047
			3.61627906976744	-0.406976744186047
			3.6046511627907	-0.406976744186047
			3.59302325581395	-0.406976744186047
			3.58139534883721	-0.406976744186047
			3.56976744186047	-0.406976744186047
			3.55813953488372	-0.406976744186047
			3.54651162790698	-0.406976744186047
			3.53488372093023	-0.406976744186047
			3.52325581395349	-0.406976744186047
			3.51162790697674	-0.406976744186047
			3.5	-0.406976744186047
			3.48837209302326	-0.406976744186047
			3.47674418604651	-0.406976744186047
			3.46511627906977	-0.406976744186047
			3.45348837209302	-0.406976744186047
			3.44186046511628	-0.406976744186047
			3.43023255813953	-0.406976744186047
			3.41860465116279	-0.406976744186047
			3.40697674418605	-0.406976744186047
			3.3953488372093	-0.418604651162791
			3.38372093023256	-0.418604651162791
			3.37209302325581	-0.418604651162791
			3.36046511627907	-0.418604651162791
			3.34883720930233	-0.418604651162791
			3.33720930232558	-0.418604651162791
			3.32558139534884	-0.418604651162791
			3.31395348837209	-0.418604651162791
		</margin>
	</curves.scaled>
	<ruler.points type=matrix rownames=TRUE colnames=FALSE nrow=2 ncol=2 as.numeric=TRUE >
		Ruler point 1	7	253
		Ruler point 2	93	253
	</ruler.points>
</shapes>

