<shapes type=list>
	<ruler.pixel type=vector names=FALSE length=1 as.numeric=TRUE >37</ruler.pixel>
	<ruler.interval type=vector names=FALSE length=1 as.numeric=TRUE >3</ruler.interval>
	<scaling.units type=vector names=FALSE length=1 as.numeric=FALSE >mm</scaling.units>
	<scaling type=vector names=FALSE length=1 as.numeric=TRUE >0.0810810810810811</scaling>
	<landmarks.pixel type=matrix rownames=TRUE colnames=FALSE nrow=7 ncol=2 as.numeric=TRUE >
		LM1	110	2
		LM2	110	155
		LM3	110	162
		LM4	110	185
		LM5	159	22
		LM6	214	55
		LM7	217	75
	</landmarks.pixel>
	<landmarks.scaled type=matrix rownames=TRUE colnames=FALSE nrow=7 ncol=2 as.numeric=TRUE >
		LM1	8.91891891891892	-0.162162162162162
		LM2	8.91891891891892	-12.5675675675676
		LM3	8.91891891891892	-13.1351351351351
		LM4	8.91891891891892	-15
		LM5	12.8918918918919	-1.78378378378378
		LM6	17.3513513513514	-4.45945945945946
		LM7	17.5945945945946	-6.08108108108108
	</landmarks.scaled>
	<curves.control type=list>
		<axis type=matrix rownames=FALSE colnames=FALSE nrow=9 ncol=2 as.numeric=TRUE >
			110	2
			144	2
			160	22
			157	51
			147	91
			142	118
			131	140
			120	156
			110	155
		</axis>
		<border type=matrix rownames=FALSE colnames=FALSE nrow=7 ncol=2 as.numeric=TRUE >
			110	162
			133	161
			163	141
			187	117
			197	95
			209	70
			214	55
		</border>
		<margin type=matrix rownames=FALSE colnames=FALSE nrow=11 ncol=2 as.numeric=TRUE >
			110	185
			151	178
			175	158
			212	127
			216	88
			217	64
			211	46
			199	29
			183	19
			171	18
			159	22
		</margin>
	</curves.control>
	<curves.pixel type=list>
		<axis type=matrix rownames=FALSE colnames=FALSE nrow=205 ncol=2 as.numeric=TRUE >
			110	2
			111	2
			112	2
			113	2
			114	2
			115	2
			116	2
			117	2
			118	2
			119	2
			120	2
			121	3
			122	3
			123	3
			124	3
			125	3
			126	3
			127	4
			128	4
			129	4
			130	4
			131	4
			132	5
			133	5
			134	5
			135	5
			136	6
			137	6
			138	6
			138	7
			139	7
			140	7
			141	8
			142	8
			143	8
			143	9
			144	9
			145	10
			146	10
			147	11
			148	11
			149	12
			150	12
			151	13
			151	14
			152	14
			153	15
			154	16
			155	16
			155	17
			156	18
			157	18
			158	19
			158	20
			159	21
			160	21
			160	22
			160	23
			160	24
			160	25
			160	26
			159	27
			159	28
			159	29
			159	30
			159	31
			159	32
			159	33
			159	34
			158	35
			158	36
			158	37
			158	38
			158	39
			158	40
			158	41
			157	41
			157	42
			157	43
			157	44
			157	45
			157	46
			156	47
			156	48
			156	49
			156	50
			156	51
			156	52
			155	53
			155	54
			155	55
			155	56
			155	57
			154	58
			154	59
			154	60
			154	61
			154	62
			153	63
			153	64
			153	65
			153	66
			153	67
			152	68
			152	69
			152	70
			152	71
			152	72
			151	73
			151	74
			151	75
			151	76
			150	77
			150	78
			150	79
			150	80
			149	81
			149	82
			149	83
			149	84
			149	85
			148	86
			148	87
			148	88
			148	89
			147	90
			147	91
			147	92
			147	93
			146	94
			146	95
			146	96
			146	97
			146	98
			145	99
			145	100
			145	101
			145	102
			144	103
			144	104
			144	105
			144	106
			143	107
			143	108
			143	109
			143	110
			142	111
			142	112
			142	113
			141	114
			141	115
			141	116
			140	117
			140	118
			140	119
			139	120
			139	121
			139	122
			138	123
			138	124
			137	125
			137	126
			137	127
			136	128
			136	129
			136	130
			135	131
			135	132
			134	133
			134	134
			133	135
			133	136
			133	137
			132	137
			132	138
			132	139
			131	139
			131	140
			130	141
			130	142
			129	142
			129	143
			128	144
			127	145
			127	146
			126	146
			126	147
			125	148
			124	148
			124	149
			123	149
			123	150
			122	150
			121	151
			120	152
			119	153
			118	153
			117	154
			116	154
			115	155
			114	155
			113	155
			112	155
			111	155
			110	155
		</axis>
		<border type=matrix rownames=FALSE colnames=FALSE nrow=149 ncol=2 as.numeric=TRUE >
			110	162
			111	162
			112	162
			113	162
			114	162
			115	162
			116	161
			117	161
			118	161
			119	161
			120	161
			121	160
			122	160
			123	160
			124	160
			125	160
			126	159
			127	159
			128	159
			129	158
			130	158
			131	158
			132	157
			133	157
			134	156
			135	156
			136	156
			137	155
			138	155
			139	155
			139	154
			140	154
			141	154
			141	153
			142	153
			143	153
			143	152
			144	152
			145	152
			146	151
			147	150
			148	150
			149	149
			150	149
			151	148
			152	148
			153	148
			153	147
			154	147
			155	146
			156	146
			157	145
			158	144
			159	143
			160	143
			161	142
			162	141
			163	141
			164	140
			165	139
			166	138
			167	137
			168	136
			169	135
			170	134
			171	133
			172	132
			173	131
			173	130
			174	129
			175	128
			176	127
			177	126
			177	125
			178	124
			179	123
			180	122
			180	121
			181	120
			182	120
			183	119
			183	118
			184	117
			185	116
			185	115
			186	114
			187	113
			187	112
			188	111
			189	110
			189	109
			190	108
			190	107
			191	107
			191	106
			192	105
			192	104
			193	103
			193	102
			194	101
			194	100
			195	99
			195	98
			196	98
			196	97
			197	96
			197	95
			198	94
			198	93
			199	92
			199	91
			199	90
			200	89
			200	88
			201	87
			201	86
			202	85
			202	84
			203	83
			203	82
			203	81
			204	81
			204	80
			205	79
			205	78
			205	77
			206	76
			206	75
			206	74
			207	74
			207	73
			207	72
			208	71
			208	70
			209	69
			209	68
			210	67
			210	66
			210	65
			211	64
			211	63
			212	62
			212	61
			212	60
			213	59
			213	58
			213	57
			214	56
			214	55
		</border>
		<margin type=matrix rownames=FALSE colnames=FALSE nrow=248 ncol=2 as.numeric=TRUE >
			110	185
			111	185
			112	185
			113	185
			114	184
			115	184
			116	184
			117	184
			118	183
			119	183
			120	183
			121	183
			122	183
			122	182
			123	182
			124	182
			125	182
			126	182
			127	181
			128	181
			129	181
			130	181
			130	180
			131	180
			132	180
			133	180
			134	179
			135	179
			136	179
			137	178
			138	178
			139	178
			140	178
			140	177
			141	177
			142	177
			143	176
			144	176
			145	175
			146	175
			147	175
			148	174
			149	174
			150	173
			151	173
			152	173
			152	172
			153	172
			154	171
			155	171
			156	170
			157	170
			158	170
			158	169
			159	169
			160	168
			161	168
			162	167
			163	167
			163	166
			164	166
			165	165
			166	165
			167	164
			168	163
			169	163
			170	162
			171	161
			172	161
			172	160
			173	159
			174	159
			175	158
			176	157
			177	156
			178	155
			179	155
			180	154
			180	153
			181	153
			182	152
			182	151
			183	151
			184	150
			185	149
			186	148
			187	147
			188	146
			189	145
			189	144
			190	143
			191	143
			192	142
			192	141
			193	140
			194	139
			195	138
			196	137
			197	136
			197	135
			198	134
			199	133
			200	132
			200	131
			201	130
			202	129
			202	128
			203	127
			203	126
			204	125
			204	124
			205	123
			206	122
			206	121
			206	120
			207	119
			207	118
			208	118
			208	117
			208	116
			209	115
			209	114
			210	113
			210	112
			210	111
			211	110
			211	109
			212	108
			212	107
			212	106
			212	105
			213	104
			213	103
			213	102
			214	102
			214	101
			214	100
			214	99
			214	98
			215	97
			215	96
			215	95
			215	94
			215	93
			216	92
			216	91
			216	90
			216	89
			216	88
			216	87
			216	86
			216	85
			216	84
			216	83
			216	82
			216	81
			216	80
			216	79
			216	78
			216	77
			216	76
			216	75
			216	74
			216	73
			216	72
			216	71
			216	70
			216	69
			216	68
			215	67
			215	66
			215	65
			215	64
			215	63
			215	62
			215	61
			214	60
			214	59
			214	58
			214	57
			214	56
			213	55
			213	54
			213	53
			213	52
			213	51
			212	50
			212	49
			212	48
			211	47
			211	46
			210	45
			210	44
			209	43
			208	42
			207	41
			207	40
			206	40
			205	39
			205	38
			204	37
			203	36
			202	35
			201	34
			200	33
			199	32
			198	31
			197	30
			196	29
			195	28
			194	28
			193	27
			193	26
			192	25
			191	24
			190	24
			189	23
			188	22
			187	21
			186	21
			185	20
			184	20
			183	19
			182	19
			181	19
			180	19
			179	19
			178	19
			177	19
			176	19
			175	19
			174	19
			173	19
			172	19
			171	19
			170	19
			169	19
			168	20
			167	20
			166	20
			165	20
			164	21
			163	21
			162	21
			161	21
			161	22
			160	22
			159	22
		</margin>
	</curves.pixel>
	<curves.scaled type=list>
		<axis type=matrix rownames=FALSE colnames=FALSE nrow=205 ncol=2 as.numeric=TRUE >
			8.91891891891892	-0.162162162162162
			9	-0.162162162162162
			9.08108108108108	-0.162162162162162
			9.16216216216216	-0.162162162162162
			9.24324324324324	-0.162162162162162
			9.32432432432432	-0.162162162162162
			9.40540540540541	-0.162162162162162
			9.48648648648649	-0.162162162162162
			9.56756756756757	-0.162162162162162
			9.64864864864865	-0.162162162162162
			9.72972972972973	-0.162162162162162
			9.81081081081081	-0.243243243243243
			9.89189189189189	-0.243243243243243
			9.97297297297297	-0.243243243243243
			10.0540540540541	-0.243243243243243
			10.1351351351351	-0.243243243243243
			10.2162162162162	-0.243243243243243
			10.2972972972973	-0.324324324324324
			10.3783783783784	-0.324324324324324
			10.4594594594595	-0.324324324324324
			10.5405405405405	-0.324324324324324
			10.6216216216216	-0.324324324324324
			10.7027027027027	-0.405405405405405
			10.7837837837838	-0.405405405405405
			10.8648648648649	-0.405405405405405
			10.9459459459459	-0.405405405405405
			11.027027027027	-0.486486486486487
			11.1081081081081	-0.486486486486487
			11.1891891891892	-0.486486486486487
			11.1891891891892	-0.567567567567568
			11.2702702702703	-0.567567567567568
			11.3513513513514	-0.567567567567568
			11.4324324324324	-0.648648648648649
			11.5135135135135	-0.648648648648649
			11.5945945945946	-0.648648648648649
			11.5945945945946	-0.72972972972973
			11.6756756756757	-0.72972972972973
			11.7567567567568	-0.810810810810811
			11.8378378378378	-0.810810810810811
			11.9189189189189	-0.891891891891892
			12	-0.891891891891892
			12.0810810810811	-0.972972972972973
			12.1621621621622	-0.972972972972973
			12.2432432432432	-1.05405405405405
			12.2432432432432	-1.13513513513514
			12.3243243243243	-1.13513513513514
			12.4054054054054	-1.21621621621622
			12.4864864864865	-1.2972972972973
			12.5675675675676	-1.2972972972973
			12.5675675675676	-1.37837837837838
			12.6486486486486	-1.45945945945946
			12.7297297297297	-1.45945945945946
			12.8108108108108	-1.54054054054054
			12.8108108108108	-1.62162162162162
			12.8918918918919	-1.7027027027027
			12.972972972973	-1.7027027027027
			12.972972972973	-1.78378378378378
			12.972972972973	-1.86486486486486
			12.972972972973	-1.94594594594595
			12.972972972973	-2.02702702702703
			12.972972972973	-2.10810810810811
			12.8918918918919	-2.18918918918919
			12.8918918918919	-2.27027027027027
			12.8918918918919	-2.35135135135135
			12.8918918918919	-2.43243243243243
			12.8918918918919	-2.51351351351351
			12.8918918918919	-2.59459459459459
			12.8918918918919	-2.67567567567568
			12.8918918918919	-2.75675675675676
			12.8108108108108	-2.83783783783784
			12.8108108108108	-2.91891891891892
			12.8108108108108	-3
			12.8108108108108	-3.08108108108108
			12.8108108108108	-3.16216216216216
			12.8108108108108	-3.24324324324324
			12.8108108108108	-3.32432432432432
			12.7297297297297	-3.32432432432432
			12.7297297297297	-3.40540540540541
			12.7297297297297	-3.48648648648649
			12.7297297297297	-3.56756756756757
			12.7297297297297	-3.64864864864865
			12.7297297297297	-3.72972972972973
			12.6486486486486	-3.81081081081081
			12.6486486486486	-3.89189189189189
			12.6486486486486	-3.97297297297297
			12.6486486486486	-4.05405405405405
			12.6486486486486	-4.13513513513514
			12.6486486486486	-4.21621621621622
			12.5675675675676	-4.2972972972973
			12.5675675675676	-4.37837837837838
			12.5675675675676	-4.45945945945946
			12.5675675675676	-4.54054054054054
			12.5675675675676	-4.62162162162162
			12.4864864864865	-4.7027027027027
			12.4864864864865	-4.78378378378378
			12.4864864864865	-4.86486486486486
			12.4864864864865	-4.94594594594595
			12.4864864864865	-5.02702702702703
			12.4054054054054	-5.10810810810811
			12.4054054054054	-5.18918918918919
			12.4054054054054	-5.27027027027027
			12.4054054054054	-5.35135135135135
			12.4054054054054	-5.43243243243243
			12.3243243243243	-5.51351351351351
			12.3243243243243	-5.59459459459459
			12.3243243243243	-5.67567567567568
			12.3243243243243	-5.75675675675676
			12.3243243243243	-5.83783783783784
			12.2432432432432	-5.91891891891892
			12.2432432432432	-6
			12.2432432432432	-6.08108108108108
			12.2432432432432	-6.16216216216216
			12.1621621621622	-6.24324324324324
			12.1621621621622	-6.32432432432432
			12.1621621621622	-6.40540540540541
			12.1621621621622	-6.48648648648649
			12.0810810810811	-6.56756756756757
			12.0810810810811	-6.64864864864865
			12.0810810810811	-6.72972972972973
			12.0810810810811	-6.81081081081081
			12.0810810810811	-6.89189189189189
			12	-6.97297297297297
			12	-7.05405405405405
			12	-7.13513513513514
			12	-7.21621621621622
			11.9189189189189	-7.2972972972973
			11.9189189189189	-7.37837837837838
			11.9189189189189	-7.45945945945946
			11.9189189189189	-7.54054054054054
			11.8378378378378	-7.62162162162162
			11.8378378378378	-7.7027027027027
			11.8378378378378	-7.78378378378378
			11.8378378378378	-7.86486486486486
			11.8378378378378	-7.94594594594595
			11.7567567567568	-8.02702702702703
			11.7567567567568	-8.10810810810811
			11.7567567567568	-8.18918918918919
			11.7567567567568	-8.27027027027027
			11.6756756756757	-8.35135135135135
			11.6756756756757	-8.43243243243243
			11.6756756756757	-8.51351351351351
			11.6756756756757	-8.59459459459459
			11.5945945945946	-8.67567567567568
			11.5945945945946	-8.75675675675676
			11.5945945945946	-8.83783783783784
			11.5945945945946	-8.91891891891892
			11.5135135135135	-9
			11.5135135135135	-9.08108108108108
			11.5135135135135	-9.16216216216216
			11.4324324324324	-9.24324324324324
			11.4324324324324	-9.32432432432432
			11.4324324324324	-9.40540540540541
			11.3513513513514	-9.48648648648649
			11.3513513513514	-9.56756756756757
			11.3513513513514	-9.64864864864865
			11.2702702702703	-9.72972972972973
			11.2702702702703	-9.81081081081081
			11.2702702702703	-9.89189189189189
			11.1891891891892	-9.97297297297297
			11.1891891891892	-10.0540540540541
			11.1081081081081	-10.1351351351351
			11.1081081081081	-10.2162162162162
			11.1081081081081	-10.2972972972973
			11.027027027027	-10.3783783783784
			11.027027027027	-10.4594594594595
			11.027027027027	-10.5405405405405
			10.9459459459459	-10.6216216216216
			10.9459459459459	-10.7027027027027
			10.8648648648649	-10.7837837837838
			10.8648648648649	-10.8648648648649
			10.7837837837838	-10.9459459459459
			10.7837837837838	-11.027027027027
			10.7837837837838	-11.1081081081081
			10.7027027027027	-11.1081081081081
			10.7027027027027	-11.1891891891892
			10.7027027027027	-11.2702702702703
			10.6216216216216	-11.2702702702703
			10.6216216216216	-11.3513513513514
			10.5405405405405	-11.4324324324324
			10.5405405405405	-11.5135135135135
			10.4594594594595	-11.5135135135135
			10.4594594594595	-11.5945945945946
			10.3783783783784	-11.6756756756757
			10.2972972972973	-11.7567567567568
			10.2972972972973	-11.8378378378378
			10.2162162162162	-11.8378378378378
			10.2162162162162	-11.9189189189189
			10.1351351351351	-12
			10.0540540540541	-12
			10.0540540540541	-12.0810810810811
			9.97297297297297	-12.0810810810811
			9.97297297297297	-12.1621621621622
			9.89189189189189	-12.1621621621622
			9.81081081081081	-12.2432432432432
			9.72972972972973	-12.3243243243243
			9.64864864864865	-12.4054054054054
			9.56756756756757	-12.4054054054054
			9.48648648648649	-12.4864864864865
			9.40540540540541	-12.4864864864865
			9.32432432432432	-12.5675675675676
			9.24324324324324	-12.5675675675676
			9.16216216216216	-12.5675675675676
			9.08108108108108	-12.5675675675676
			9	-12.5675675675676
			8.91891891891892	-12.5675675675676
		</axis>
		<border type=matrix rownames=FALSE colnames=FALSE nrow=149 ncol=2 as.numeric=TRUE >
			8.91891891891892	-13.1351351351351
			9	-13.1351351351351
			9.08108108108108	-13.1351351351351
			9.16216216216216	-13.1351351351351
			9.24324324324324	-13.1351351351351
			9.32432432432432	-13.1351351351351
			9.40540540540541	-13.0540540540541
			9.48648648648649	-13.0540540540541
			9.56756756756757	-13.0540540540541
			9.64864864864865	-13.0540540540541
			9.72972972972973	-13.0540540540541
			9.81081081081081	-12.972972972973
			9.89189189189189	-12.972972972973
			9.97297297297297	-12.972972972973
			10.0540540540541	-12.972972972973
			10.1351351351351	-12.972972972973
			10.2162162162162	-12.8918918918919
			10.2972972972973	-12.8918918918919
			10.3783783783784	-12.8918918918919
			10.4594594594595	-12.8108108108108
			10.5405405405405	-12.8108108108108
			10.6216216216216	-12.8108108108108
			10.7027027027027	-12.7297297297297
			10.7837837837838	-12.7297297297297
			10.8648648648649	-12.6486486486486
			10.9459459459459	-12.6486486486486
			11.027027027027	-12.6486486486486
			11.1081081081081	-12.5675675675676
			11.1891891891892	-12.5675675675676
			11.2702702702703	-12.5675675675676
			11.2702702702703	-12.4864864864865
			11.3513513513514	-12.4864864864865
			11.4324324324324	-12.4864864864865
			11.4324324324324	-12.4054054054054
			11.5135135135135	-12.4054054054054
			11.5945945945946	-12.4054054054054
			11.5945945945946	-12.3243243243243
			11.6756756756757	-12.3243243243243
			11.7567567567568	-12.3243243243243
			11.8378378378378	-12.2432432432432
			11.9189189189189	-12.1621621621622
			12	-12.1621621621622
			12.0810810810811	-12.0810810810811
			12.1621621621622	-12.0810810810811
			12.2432432432432	-12
			12.3243243243243	-12
			12.4054054054054	-12
			12.4054054054054	-11.9189189189189
			12.4864864864865	-11.9189189189189
			12.5675675675676	-11.8378378378378
			12.6486486486486	-11.8378378378378
			12.7297297297297	-11.7567567567568
			12.8108108108108	-11.6756756756757
			12.8918918918919	-11.5945945945946
			12.972972972973	-11.5945945945946
			13.0540540540541	-11.5135135135135
			13.1351351351351	-11.4324324324324
			13.2162162162162	-11.4324324324324
			13.2972972972973	-11.3513513513514
			13.3783783783784	-11.2702702702703
			13.4594594594595	-11.1891891891892
			13.5405405405405	-11.1081081081081
			13.6216216216216	-11.027027027027
			13.7027027027027	-10.9459459459459
			13.7837837837838	-10.8648648648649
			13.8648648648649	-10.7837837837838
			13.9459459459459	-10.7027027027027
			14.027027027027	-10.6216216216216
			14.027027027027	-10.5405405405405
			14.1081081081081	-10.4594594594595
			14.1891891891892	-10.3783783783784
			14.2702702702703	-10.2972972972973
			14.3513513513514	-10.2162162162162
			14.3513513513514	-10.1351351351351
			14.4324324324324	-10.0540540540541
			14.5135135135135	-9.97297297297297
			14.5945945945946	-9.89189189189189
			14.5945945945946	-9.81081081081081
			14.6756756756757	-9.72972972972973
			14.7567567567568	-9.72972972972973
			14.8378378378378	-9.64864864864865
			14.8378378378378	-9.56756756756757
			14.9189189189189	-9.48648648648649
			15	-9.40540540540541
			15	-9.32432432432432
			15.0810810810811	-9.24324324324324
			15.1621621621622	-9.16216216216216
			15.1621621621622	-9.08108108108108
			15.2432432432432	-9
			15.3243243243243	-8.91891891891892
			15.3243243243243	-8.83783783783784
			15.4054054054054	-8.75675675675676
			15.4054054054054	-8.67567567567568
			15.4864864864865	-8.67567567567568
			15.4864864864865	-8.59459459459459
			15.5675675675676	-8.51351351351351
			15.5675675675676	-8.43243243243243
			15.6486486486486	-8.35135135135135
			15.6486486486486	-8.27027027027027
			15.7297297297297	-8.18918918918919
			15.7297297297297	-8.10810810810811
			15.8108108108108	-8.02702702702703
			15.8108108108108	-7.94594594594595
			15.8918918918919	-7.94594594594595
			15.8918918918919	-7.86486486486486
			15.972972972973	-7.78378378378378
			15.972972972973	-7.7027027027027
			16.0540540540541	-7.62162162162162
			16.0540540540541	-7.54054054054054
			16.1351351351351	-7.45945945945946
			16.1351351351351	-7.37837837837838
			16.1351351351351	-7.2972972972973
			16.2162162162162	-7.21621621621622
			16.2162162162162	-7.13513513513514
			16.2972972972973	-7.05405405405405
			16.2972972972973	-6.97297297297297
			16.3783783783784	-6.89189189189189
			16.3783783783784	-6.81081081081081
			16.4594594594595	-6.72972972972973
			16.4594594594595	-6.64864864864865
			16.4594594594595	-6.56756756756757
			16.5405405405405	-6.56756756756757
			16.5405405405405	-6.48648648648649
			16.6216216216216	-6.40540540540541
			16.6216216216216	-6.32432432432432
			16.6216216216216	-6.24324324324324
			16.7027027027027	-6.16216216216216
			16.7027027027027	-6.08108108108108
			16.7027027027027	-6
			16.7837837837838	-6
			16.7837837837838	-5.91891891891892
			16.7837837837838	-5.83783783783784
			16.8648648648649	-5.75675675675676
			16.8648648648649	-5.67567567567568
			16.9459459459459	-5.59459459459459
			16.9459459459459	-5.51351351351351
			17.027027027027	-5.43243243243243
			17.027027027027	-5.35135135135135
			17.027027027027	-5.27027027027027
			17.1081081081081	-5.18918918918919
			17.1081081081081	-5.10810810810811
			17.1891891891892	-5.02702702702703
			17.1891891891892	-4.94594594594595
			17.1891891891892	-4.86486486486486
			17.2702702702703	-4.78378378378378
			17.2702702702703	-4.7027027027027
			17.2702702702703	-4.62162162162162
			17.3513513513514	-4.54054054054054
			17.3513513513514	-4.45945945945946
		</border>
		<margin type=matrix rownames=FALSE colnames=FALSE nrow=248 ncol=2 as.numeric=TRUE >
			8.91891891891892	-15
			9	-15
			9.08108108108108	-15
			9.16216216216216	-15
			9.24324324324324	-14.9189189189189
			9.32432432432432	-14.9189189189189
			9.40540540540541	-14.9189189189189
			9.48648648648649	-14.9189189189189
			9.56756756756757	-14.8378378378378
			9.64864864864865	-14.8378378378378
			9.72972972972973	-14.8378378378378
			9.81081081081081	-14.8378378378378
			9.89189189189189	-14.8378378378378
			9.89189189189189	-14.7567567567568
			9.97297297297297	-14.7567567567568
			10.0540540540541	-14.7567567567568
			10.1351351351351	-14.7567567567568
			10.2162162162162	-14.7567567567568
			10.2972972972973	-14.6756756756757
			10.3783783783784	-14.6756756756757
			10.4594594594595	-14.6756756756757
			10.5405405405405	-14.6756756756757
			10.5405405405405	-14.5945945945946
			10.6216216216216	-14.5945945945946
			10.7027027027027	-14.5945945945946
			10.7837837837838	-14.5945945945946
			10.8648648648649	-14.5135135135135
			10.9459459459459	-14.5135135135135
			11.027027027027	-14.5135135135135
			11.1081081081081	-14.4324324324324
			11.1891891891892	-14.4324324324324
			11.2702702702703	-14.4324324324324
			11.3513513513514	-14.4324324324324
			11.3513513513514	-14.3513513513514
			11.4324324324324	-14.3513513513514
			11.5135135135135	-14.3513513513514
			11.5945945945946	-14.2702702702703
			11.6756756756757	-14.2702702702703
			11.7567567567568	-14.1891891891892
			11.8378378378378	-14.1891891891892
			11.9189189189189	-14.1891891891892
			12	-14.1081081081081
			12.0810810810811	-14.1081081081081
			12.1621621621622	-14.027027027027
			12.2432432432432	-14.027027027027
			12.3243243243243	-14.027027027027
			12.3243243243243	-13.9459459459459
			12.4054054054054	-13.9459459459459
			12.4864864864865	-13.8648648648649
			12.5675675675676	-13.8648648648649
			12.6486486486486	-13.7837837837838
			12.7297297297297	-13.7837837837838
			12.8108108108108	-13.7837837837838
			12.8108108108108	-13.7027027027027
			12.8918918918919	-13.7027027027027
			12.972972972973	-13.6216216216216
			13.0540540540541	-13.6216216216216
			13.1351351351351	-13.5405405405405
			13.2162162162162	-13.5405405405405
			13.2162162162162	-13.4594594594595
			13.2972972972973	-13.4594594594595
			13.3783783783784	-13.3783783783784
			13.4594594594595	-13.3783783783784
			13.5405405405405	-13.2972972972973
			13.6216216216216	-13.2162162162162
			13.7027027027027	-13.2162162162162
			13.7837837837838	-13.1351351351351
			13.8648648648649	-13.0540540540541
			13.9459459459459	-13.0540540540541
			13.9459459459459	-12.972972972973
			14.027027027027	-12.8918918918919
			14.1081081081081	-12.8918918918919
			14.1891891891892	-12.8108108108108
			14.2702702702703	-12.7297297297297
			14.3513513513514	-12.6486486486486
			14.4324324324324	-12.5675675675676
			14.5135135135135	-12.5675675675676
			14.5945945945946	-12.4864864864865
			14.5945945945946	-12.4054054054054
			14.6756756756757	-12.4054054054054
			14.7567567567568	-12.3243243243243
			14.7567567567568	-12.2432432432432
			14.8378378378378	-12.2432432432432
			14.9189189189189	-12.1621621621622
			15	-12.0810810810811
			15.0810810810811	-12
			15.1621621621622	-11.9189189189189
			15.2432432432432	-11.8378378378378
			15.3243243243243	-11.7567567567568
			15.3243243243243	-11.6756756756757
			15.4054054054054	-11.5945945945946
			15.4864864864865	-11.5945945945946
			15.5675675675676	-11.5135135135135
			15.5675675675676	-11.4324324324324
			15.6486486486486	-11.3513513513514
			15.7297297297297	-11.2702702702703
			15.8108108108108	-11.1891891891892
			15.8918918918919	-11.1081081081081
			15.972972972973	-11.027027027027
			15.972972972973	-10.9459459459459
			16.0540540540541	-10.8648648648649
			16.1351351351351	-10.7837837837838
			16.2162162162162	-10.7027027027027
			16.2162162162162	-10.6216216216216
			16.2972972972973	-10.5405405405405
			16.3783783783784	-10.4594594594595
			16.3783783783784	-10.3783783783784
			16.4594594594595	-10.2972972972973
			16.4594594594595	-10.2162162162162
			16.5405405405405	-10.1351351351351
			16.5405405405405	-10.0540540540541
			16.6216216216216	-9.97297297297297
			16.7027027027027	-9.89189189189189
			16.7027027027027	-9.81081081081081
			16.7027027027027	-9.72972972972973
			16.7837837837838	-9.64864864864865
			16.7837837837838	-9.56756756756757
			16.8648648648649	-9.56756756756757
			16.8648648648649	-9.48648648648649
			16.8648648648649	-9.40540540540541
			16.9459459459459	-9.32432432432432
			16.9459459459459	-9.24324324324324
			17.027027027027	-9.16216216216216
			17.027027027027	-9.08108108108108
			17.027027027027	-9
			17.1081081081081	-8.91891891891892
			17.1081081081081	-8.83783783783784
			17.1891891891892	-8.75675675675676
			17.1891891891892	-8.67567567567568
			17.1891891891892	-8.59459459459459
			17.1891891891892	-8.51351351351351
			17.2702702702703	-8.43243243243243
			17.2702702702703	-8.35135135135135
			17.2702702702703	-8.27027027027027
			17.3513513513514	-8.27027027027027
			17.3513513513514	-8.18918918918919
			17.3513513513514	-8.10810810810811
			17.3513513513514	-8.02702702702703
			17.3513513513514	-7.94594594594595
			17.4324324324324	-7.86486486486486
			17.4324324324324	-7.78378378378378
			17.4324324324324	-7.7027027027027
			17.4324324324324	-7.62162162162162
			17.4324324324324	-7.54054054054054
			17.5135135135135	-7.45945945945946
			17.5135135135135	-7.37837837837838
			17.5135135135135	-7.2972972972973
			17.5135135135135	-7.21621621621622
			17.5135135135135	-7.13513513513514
			17.5135135135135	-7.05405405405405
			17.5135135135135	-6.97297297297297
			17.5135135135135	-6.89189189189189
			17.5135135135135	-6.81081081081081
			17.5135135135135	-6.72972972972973
			17.5135135135135	-6.64864864864865
			17.5135135135135	-6.56756756756757
			17.5135135135135	-6.48648648648649
			17.5135135135135	-6.40540540540541
			17.5135135135135	-6.32432432432432
			17.5135135135135	-6.24324324324324
			17.5135135135135	-6.16216216216216
			17.5135135135135	-6.08108108108108
			17.5135135135135	-6
			17.5135135135135	-5.91891891891892
			17.5135135135135	-5.83783783783784
			17.5135135135135	-5.75675675675676
			17.5135135135135	-5.67567567567568
			17.5135135135135	-5.59459459459459
			17.5135135135135	-5.51351351351351
			17.4324324324324	-5.43243243243243
			17.4324324324324	-5.35135135135135
			17.4324324324324	-5.27027027027027
			17.4324324324324	-5.18918918918919
			17.4324324324324	-5.10810810810811
			17.4324324324324	-5.02702702702703
			17.4324324324324	-4.94594594594595
			17.3513513513514	-4.86486486486486
			17.3513513513514	-4.78378378378378
			17.3513513513514	-4.7027027027027
			17.3513513513514	-4.62162162162162
			17.3513513513514	-4.54054054054054
			17.2702702702703	-4.45945945945946
			17.2702702702703	-4.37837837837838
			17.2702702702703	-4.2972972972973
			17.2702702702703	-4.21621621621622
			17.2702702702703	-4.13513513513514
			17.1891891891892	-4.05405405405405
			17.1891891891892	-3.97297297297297
			17.1891891891892	-3.89189189189189
			17.1081081081081	-3.81081081081081
			17.1081081081081	-3.72972972972973
			17.027027027027	-3.64864864864865
			17.027027027027	-3.56756756756757
			16.9459459459459	-3.48648648648649
			16.8648648648649	-3.40540540540541
			16.7837837837838	-3.32432432432432
			16.7837837837838	-3.24324324324324
			16.7027027027027	-3.24324324324324
			16.6216216216216	-3.16216216216216
			16.6216216216216	-3.08108108108108
			16.5405405405405	-3
			16.4594594594595	-2.91891891891892
			16.3783783783784	-2.83783783783784
			16.2972972972973	-2.75675675675676
			16.2162162162162	-2.67567567567568
			16.1351351351351	-2.59459459459459
			16.0540540540541	-2.51351351351351
			15.972972972973	-2.43243243243243
			15.8918918918919	-2.35135135135135
			15.8108108108108	-2.27027027027027
			15.7297297297297	-2.27027027027027
			15.6486486486486	-2.18918918918919
			15.6486486486486	-2.10810810810811
			15.5675675675676	-2.02702702702703
			15.4864864864865	-1.94594594594595
			15.4054054054054	-1.94594594594595
			15.3243243243243	-1.86486486486486
			15.2432432432432	-1.78378378378378
			15.1621621621622	-1.7027027027027
			15.0810810810811	-1.7027027027027
			15	-1.62162162162162
			14.9189189189189	-1.62162162162162
			14.8378378378378	-1.54054054054054
			14.7567567567568	-1.54054054054054
			14.6756756756757	-1.54054054054054
			14.5945945945946	-1.54054054054054
			14.5135135135135	-1.54054054054054
			14.4324324324324	-1.54054054054054
			14.3513513513514	-1.54054054054054
			14.2702702702703	-1.54054054054054
			14.1891891891892	-1.54054054054054
			14.1081081081081	-1.54054054054054
			14.027027027027	-1.54054054054054
			13.9459459459459	-1.54054054054054
			13.8648648648649	-1.54054054054054
			13.7837837837838	-1.54054054054054
			13.7027027027027	-1.54054054054054
			13.6216216216216	-1.62162162162162
			13.5405405405405	-1.62162162162162
			13.4594594594595	-1.62162162162162
			13.3783783783784	-1.62162162162162
			13.2972972972973	-1.7027027027027
			13.2162162162162	-1.7027027027027
			13.1351351351351	-1.7027027027027
			13.0540540540541	-1.7027027027027
			13.0540540540541	-1.78378378378378
			12.972972972973	-1.78378378378378
			12.8918918918919	-1.78378378378378
		</margin>
	</curves.scaled>
	<ruler.points type=matrix rownames=TRUE colnames=FALSE nrow=2 ncol=2 as.numeric=TRUE >
		Ruler point 1	167	168
		Ruler point 2	204	168
	</ruler.points>
</shapes>

