<shapes type=list>
	<ruler.pixel type=vector names=FALSE length=1 as.numeric=TRUE >659</ruler.pixel>
	<ruler.interval type=vector names=FALSE length=1 as.numeric=TRUE >3.96</ruler.interval>
	<scaling.units type=vector names=FALSE length=1 as.numeric=FALSE >cm</scaling.units>
	<scaling type=vector names=FALSE length=1 as.numeric=TRUE >0.00600910470409712</scaling>
	<landmarks.pixel type=matrix rownames=TRUE colnames=FALSE nrow=7 ncol=2 as.numeric=TRUE >
		LM1	291	557
		LM2	291	604
		LM3	291	612
		LM4	291	691
		LM5	322	555
		LM6	391	545
		LM7	403	551
	</landmarks.pixel>
	<landmarks.scaled type=matrix rownames=TRUE colnames=FALSE nrow=7 ncol=2 as.numeric=TRUE >
		LM1	1.74864946889226	-3.34707132018209
		LM2	1.74864946889226	-3.62949924127466
		LM3	1.74864946889226	-3.67757207890744
		LM4	1.74864946889226	-4.15229135053111
		LM5	1.93493171471927	-3.3350531107739
		LM6	2.34955993930197	-3.27496206373293
		LM7	2.42166919575114	-3.31101669195751
	</landmarks.scaled>
	<curves.control type=list>
		<axis type=matrix rownames=FALSE colnames=FALSE nrow=5 ncol=2 as.numeric=TRUE >
			291	557
			301	556
			322	555
			304	604
			291	604
		</axis>
		<border type=matrix rownames=FALSE colnames=FALSE nrow=3 ncol=2 as.numeric=TRUE >
			291	612
			354	595
			391	545
		</border>
		<margin type=matrix rownames=FALSE colnames=FALSE nrow=37 ncol=2 as.numeric=TRUE >
			291	691
			292	677
			293	619
			300	615
			308	614
			316	611
			320	613
			324	618
			326	628
			329	639
			333	652
			336	667
			340	680
			343	692
			347	704
			350	713
			352	718
			354	723
			356	726
			361	718
			360	706
			356	693
			340	615
			340	606
			346	602
			361	589
			374	582
			384	570
			392	564
			398	558
			404	550
			400	545
			382	544
			350	546
			328	552
			324	553
			322	555
		</margin>
	</curves.control>
	<curves.pixel type=list>
		<axis type=matrix rownames=FALSE colnames=FALSE nrow=90 ncol=2 as.numeric=TRUE >
			291	557
			292	557
			293	557
			294	557
			295	557
			296	557
			297	556
			298	556
			299	556
			300	556
			301	556
			302	556
			303	556
			304	556
			305	556
			306	556
			307	556
			308	556
			309	556
			310	556
			311	556
			312	556
			313	555
			314	555
			315	555
			316	555
			317	555
			318	555
			319	555
			320	555
			321	555
			322	556
			321	557
			321	558
			320	559
			320	560
			320	561
			319	562
			319	563
			319	564
			318	565
			318	566
			317	567
			317	568
			317	569
			316	570
			316	571
			315	572
			315	573
			314	574
			314	575
			314	576
			313	577
			313	578
			312	579
			312	580
			311	581
			311	582
			310	583
			310	584
			309	585
			309	586
			308	587
			308	588
			307	588
			307	589
			306	590
			306	591
			305	592
			304	593
			304	594
			303	595
			303	596
			302	596
			301	597
			301	598
			300	598
			300	599
			299	599
			299	600
			298	600
			298	601
			297	601
			297	602
			296	602
			295	603
			294	603
			293	604
			292	604
			291	604
		</axis>
		<border type=matrix rownames=FALSE colnames=FALSE nrow=107 ncol=2 as.numeric=TRUE >
			291	612
			292	612
			293	611
			294	611
			295	611
			296	611
			297	610
			298	610
			299	610
			300	609
			301	609
			302	609
			303	608
			304	608
			305	608
			306	607
			307	607
			308	607
			309	606
			310	606
			311	606
			312	605
			313	605
			314	604
			315	604
			316	604
			317	603
			318	603
			319	602
			320	602
			321	601
			322	601
			323	600
			324	600
			325	600
			326	599
			327	599
			328	598
			329	598
			330	597
			331	597
			332	596
			333	596
			333	595
			334	595
			335	594
			336	594
			337	593
			338	593
			339	592
			340	592
			341	591
			342	590
			343	589
			344	589
			345	588
			346	587
			347	587
			348	586
			349	585
			350	585
			351	584
			352	583
			353	583
			354	582
			355	581
			356	580
			357	580
			358	579
			359	578
			360	577
			361	577
			362	576
			363	575
			364	574
			365	573
			366	573
			367	572
			368	571
			368	570
			369	569
			370	569
			371	568
			372	567
			373	566
			374	565
			375	564
			375	563
			376	562
			377	562
			378	561
			379	560
			380	559
			381	558
			381	557
			382	556
			383	555
			384	554
			385	553
			385	552
			386	551
			387	550
			388	549
			388	548
			389	547
			390	546
			391	545
		</border>
		<margin type=matrix rownames=FALSE colnames=FALSE nrow=496 ncol=2 as.numeric=TRUE >
			291	691
			291	690
			291	689
			291	688
			291	687
			291	686
			291	685
			291	684
			291	683
			291	682
			292	681
			292	680
			292	679
			292	678
			292	677
			292	676
			292	675
			292	674
			292	673
			292	672
			292	671
			292	670
			292	669
			292	668
			292	667
			292	666
			292	665
			292	664
			292	663
			292	662
			292	661
			292	660
			292	659
			292	658
			292	657
			292	656
			292	655
			292	654
			292	653
			292	652
			292	651
			292	650
			292	649
			292	648
			292	647
			292	646
			292	645
			293	644
			293	643
			293	642
			293	641
			293	640
			293	639
			293	638
			293	637
			293	636
			293	635
			293	634
			293	633
			293	632
			293	631
			293	630
			293	629
			293	628
			293	627
			293	626
			293	625
			293	624
			293	623
			293	622
			293	621
			293	620
			293	619
			294	619
			294	618
			295	618
			296	618
			296	617
			297	617
			298	617
			298	616
			299	616
			300	616
			301	616
			302	615
			303	615
			304	615
			305	615
			306	614
			307	614
			308	614
			309	614
			310	613
			311	613
			312	613
			313	613
			314	612
			315	612
			316	612
			317	612
			318	612
			319	613
			320	613
			321	614
			321	615
			322	616
			322	617
			323	618
			323	619
			324	620
			324	621
			325	622
			325	623
			325	624
			325	625
			325	626
			326	627
			326	628
			326	629
			327	630
			327	631
			327	632
			327	633
			328	634
			328	635
			328	636
			328	637
			329	638
			329	639
			329	640
			330	641
			330	642
			330	643
			331	644
			331	645
			331	646
			331	647
			332	648
			332	649
			332	650
			333	651
			333	652
			333	653
			334	654
			334	655
			334	656
			334	657
			334	658
			335	659
			335	660
			335	661
			335	662
			335	663
			336	664
			336	665
			336	666
			336	667
			337	668
			337	669
			337	670
			337	671
			338	672
			338	673
			338	674
			338	675
			339	676
			339	677
			339	678
			340	679
			340	680
			340	681
			341	682
			341	683
			341	684
			341	685
			342	686
			342	687
			342	688
			343	689
			343	690
			343	691
			343	692
			344	693
			344	694
			344	695
			344	696
			345	697
			345	698
			345	699
			346	700
			346	701
			346	702
			347	703
			347	704
			347	705
			348	706
			348	707
			349	708
			349	709
			349	710
			349	711
			350	712
			350	713
			350	714
			351	714
			351	715
			351	716
			352	717
			352	718
			352	719
			353	720
			353	721
			354	722
			354	723
			355	723
			355	724
			355	725
			356	726
			356	725
			357	724
			358	723
			358	722
			358	721
			359	720
			359	719
			359	718
			359	717
			360	717
			360	716
			360	715
			360	714
			360	713
			360	712
			360	711
			360	710
			360	709
			360	708
			360	707
			360	706
			360	705
			360	704
			359	703
			359	702
			359	701
			358	700
			358	699
			358	698
			358	697
			357	696
			357	695
			357	694
			357	693
			356	692
			356	691
			356	690
			356	689
			355	688
			355	687
			355	686
			355	685
			355	684
			354	683
			354	682
			354	681
			354	680
			354	679
			353	678
			353	677
			353	676
			353	675
			352	674
			352	673
			352	672
			352	671
			352	670
			351	670
			351	669
			351	668
			351	667
			351	666
			350	665
			350	664
			350	663
			350	662
			350	661
			349	660
			349	659
			349	658
			349	657
			349	656
			348	656
			348	655
			348	654
			348	653
			348	652
			347	651
			347	650
			347	649
			347	648
			347	647
			346	646
			346	645
			346	644
			346	643
			346	642
			345	641
			345	640
			345	639
			345	638
			344	637
			344	636
			344	635
			344	634
			344	633
			344	632
			343	631
			343	630
			343	629
			343	628
			342	627
			342	626
			342	625
			342	624
			342	623
			341	622
			341	621
			341	620
			341	619
			341	618
			340	617
			340	616
			340	615
			340	614
			340	613
			340	612
			340	611
			341	610
			341	609
			341	608
			342	607
			342	606
			343	605
			344	604
			345	603
			346	602
			347	601
			348	600
			349	600
			350	599
			351	598
			352	597
			353	596
			354	595
			355	595
			356	594
			357	593
			358	593
			359	592
			360	591
			361	590
			362	589
			363	588
			364	588
			365	587
			366	587
			366	586
			367	586
			368	586
			368	585
			369	585
			370	585
			370	584
			371	584
			371	583
			372	583
			373	583
			373	582
			374	582
			375	581
			376	580
			377	579
			378	578
			378	577
			379	576
			380	575
			381	574
			382	573
			383	572
			384	571
			385	570
			386	569
			387	568
			388	567
			389	566
			390	566
			391	565
			392	564
			393	563
			394	562
			395	561
			396	560
			397	559
			398	558
			399	557
			399	556
			400	555
			401	554
			402	553
			403	552
			403	551
			404	550
			403	549
			402	549
			402	548
			401	547
			400	547
			399	547
			398	547
			398	546
			397	546
			396	546
			395	546
			394	545
			393	545
			392	545
			391	545
			390	545
			389	545
			388	544
			387	544
			386	544
			385	544
			384	544
			383	544
			382	544
			381	544
			380	544
			379	544
			378	544
			377	544
			376	544
			375	545
			374	545
			373	545
			372	545
			371	545
			370	545
			369	545
			368	545
			367	545
			366	545
			365	545
			364	546
			363	546
			362	546
			361	546
			360	546
			359	546
			358	546
			357	546
			356	547
			355	547
			354	547
			353	547
			352	547
			351	547
			350	547
			349	547
			348	548
			347	548
			346	548
			345	548
			344	548
			343	549
			342	549
			341	549
			340	549
			339	549
			338	550
			337	550
			336	550
			335	550
			334	551
			333	551
			332	551
			331	551
			330	552
			329	552
			328	552
			327	552
			326	553
			325	553
			324	553
			324	554
			323	554
			322	555
		</margin>
	</curves.pixel>
	<curves.scaled type=list>
		<axis type=matrix rownames=FALSE colnames=FALSE nrow=90 ncol=2 as.numeric=TRUE >
			1.74864946889226	-3.34707132018209
			1.75465857359636	-3.34707132018209
			1.76066767830046	-3.34707132018209
			1.76667678300455	-3.34707132018209
			1.77268588770865	-3.34707132018209
			1.77869499241275	-3.34707132018209
			1.78470409711684	-3.341062215478
			1.79071320182094	-3.341062215478
			1.79672230652504	-3.341062215478
			1.80273141122914	-3.341062215478
			1.80874051593323	-3.341062215478
			1.81474962063733	-3.341062215478
			1.82075872534143	-3.341062215478
			1.82676783004552	-3.341062215478
			1.83277693474962	-3.341062215478
			1.83878603945372	-3.341062215478
			1.84479514415781	-3.341062215478
			1.85080424886191	-3.341062215478
			1.85681335356601	-3.341062215478
			1.86282245827011	-3.341062215478
			1.8688315629742	-3.341062215478
			1.8748406676783	-3.341062215478
			1.8808497723824	-3.3350531107739
			1.88685887708649	-3.3350531107739
			1.89286798179059	-3.3350531107739
			1.89887708649469	-3.3350531107739
			1.90488619119879	-3.3350531107739
			1.91089529590288	-3.3350531107739
			1.91690440060698	-3.3350531107739
			1.92291350531108	-3.3350531107739
			1.92892261001517	-3.3350531107739
			1.93493171471927	-3.341062215478
			1.92892261001517	-3.34707132018209
			1.92892261001517	-3.35308042488619
			1.92291350531108	-3.35908952959029
			1.92291350531108	-3.36509863429439
			1.92291350531108	-3.37110773899848
			1.91690440060698	-3.37711684370258
			1.91690440060698	-3.38312594840668
			1.91690440060698	-3.38913505311077
			1.91089529590288	-3.39514415781487
			1.91089529590288	-3.40115326251897
			1.90488619119879	-3.40716236722307
			1.90488619119879	-3.41317147192716
			1.90488619119879	-3.41918057663126
			1.89887708649469	-3.42518968133536
			1.89887708649469	-3.43119878603945
			1.89286798179059	-3.43720789074355
			1.89286798179059	-3.44321699544765
			1.88685887708649	-3.44922610015175
			1.88685887708649	-3.45523520485584
			1.88685887708649	-3.46124430955994
			1.8808497723824	-3.46725341426404
			1.8808497723824	-3.47326251896813
			1.8748406676783	-3.47927162367223
			1.8748406676783	-3.48528072837633
			1.8688315629742	-3.49128983308042
			1.8688315629742	-3.49729893778452
			1.86282245827011	-3.50330804248862
			1.86282245827011	-3.50931714719272
			1.85681335356601	-3.51532625189681
			1.85681335356601	-3.52133535660091
			1.85080424886191	-3.52734446130501
			1.85080424886191	-3.5333535660091
			1.84479514415781	-3.5333535660091
			1.84479514415781	-3.5393626707132
			1.83878603945372	-3.5453717754173
			1.83878603945372	-3.5513808801214
			1.83277693474962	-3.55738998482549
			1.82676783004552	-3.56339908952959
			1.82676783004552	-3.56940819423369
			1.82075872534143	-3.57541729893778
			1.82075872534143	-3.58142640364188
			1.81474962063733	-3.58142640364188
			1.80874051593323	-3.58743550834598
			1.80874051593323	-3.59344461305008
			1.80273141122914	-3.59344461305008
			1.80273141122914	-3.59945371775417
			1.79672230652504	-3.59945371775417
			1.79672230652504	-3.60546282245827
			1.79071320182094	-3.60546282245827
			1.79071320182094	-3.61147192716237
			1.78470409711684	-3.61147192716237
			1.78470409711684	-3.61748103186646
			1.77869499241275	-3.61748103186646
			1.77268588770865	-3.62349013657056
			1.76667678300455	-3.62349013657056
			1.76066767830046	-3.62949924127466
			1.75465857359636	-3.62949924127466
			1.74864946889226	-3.62949924127466
		</axis>
		<border type=matrix rownames=FALSE colnames=FALSE nrow=107 ncol=2 as.numeric=TRUE >
			1.74864946889226	-3.67757207890744
			1.75465857359636	-3.67757207890744
			1.76066767830046	-3.67156297420334
			1.76667678300455	-3.67156297420334
			1.77268588770865	-3.67156297420334
			1.77869499241275	-3.67156297420334
			1.78470409711684	-3.66555386949924
			1.79071320182094	-3.66555386949924
			1.79672230652504	-3.66555386949924
			1.80273141122914	-3.65954476479514
			1.80874051593323	-3.65954476479514
			1.81474962063733	-3.65954476479514
			1.82075872534143	-3.65353566009105
			1.82676783004552	-3.65353566009105
			1.83277693474962	-3.65353566009105
			1.83878603945372	-3.64752655538695
			1.84479514415781	-3.64752655538695
			1.85080424886191	-3.64752655538695
			1.85681335356601	-3.64151745068285
			1.86282245827011	-3.64151745068285
			1.8688315629742	-3.64151745068285
			1.8748406676783	-3.63550834597876
			1.8808497723824	-3.63550834597876
			1.88685887708649	-3.62949924127466
			1.89286798179059	-3.62949924127466
			1.89887708649469	-3.62949924127466
			1.90488619119879	-3.62349013657056
			1.91089529590288	-3.62349013657056
			1.91690440060698	-3.61748103186646
			1.92291350531108	-3.61748103186646
			1.92892261001517	-3.61147192716237
			1.93493171471927	-3.61147192716237
			1.94094081942337	-3.60546282245827
			1.94694992412747	-3.60546282245827
			1.95295902883156	-3.60546282245827
			1.95896813353566	-3.59945371775417
			1.96497723823976	-3.59945371775417
			1.97098634294385	-3.59344461305008
			1.97699544764795	-3.59344461305008
			1.98300455235205	-3.58743550834598
			1.98901365705615	-3.58743550834598
			1.99502276176024	-3.58142640364188
			2.00103186646434	-3.58142640364188
			2.00103186646434	-3.57541729893778
			2.00704097116844	-3.57541729893778
			2.01305007587253	-3.56940819423369
			2.01905918057663	-3.56940819423369
			2.02506828528073	-3.56339908952959
			2.03107738998483	-3.56339908952959
			2.03708649468892	-3.55738998482549
			2.04309559939302	-3.55738998482549
			2.04910470409712	-3.5513808801214
			2.05511380880121	-3.5453717754173
			2.06112291350531	-3.5393626707132
			2.06713201820941	-3.5393626707132
			2.07314112291351	-3.5333535660091
			2.0791502276176	-3.52734446130501
			2.0851593323217	-3.52734446130501
			2.0911684370258	-3.52133535660091
			2.09717754172989	-3.51532625189681
			2.10318664643399	-3.51532625189681
			2.10919575113809	-3.50931714719272
			2.11520485584218	-3.50330804248862
			2.12121396054628	-3.50330804248862
			2.12722306525038	-3.49729893778452
			2.13323216995448	-3.49128983308042
			2.13924127465857	-3.48528072837633
			2.14525037936267	-3.48528072837633
			2.15125948406677	-3.47927162367223
			2.15726858877087	-3.47326251896813
			2.16327769347496	-3.46725341426404
			2.16928679817906	-3.46725341426404
			2.17529590288316	-3.46124430955994
			2.18130500758725	-3.45523520485584
			2.18731411229135	-3.44922610015175
			2.19332321699545	-3.44321699544765
			2.19933232169954	-3.44321699544765
			2.20534142640364	-3.43720789074355
			2.21135053110774	-3.43119878603945
			2.21135053110774	-3.42518968133536
			2.21735963581184	-3.41918057663126
			2.22336874051593	-3.41918057663126
			2.22937784522003	-3.41317147192716
			2.23538694992413	-3.40716236722307
			2.24139605462822	-3.40115326251897
			2.24740515933232	-3.39514415781487
			2.25341426403642	-3.38913505311077
			2.25341426403642	-3.38312594840668
			2.25942336874052	-3.37711684370258
			2.26543247344461	-3.37711684370258
			2.27144157814871	-3.37110773899848
			2.27745068285281	-3.36509863429439
			2.2834597875569	-3.35908952959029
			2.289468892261	-3.35308042488619
			2.289468892261	-3.34707132018209
			2.2954779969651	-3.341062215478
			2.3014871016692	-3.3350531107739
			2.30749620637329	-3.3290440060698
			2.31350531107739	-3.32303490136571
			2.31350531107739	-3.31702579666161
			2.31951441578149	-3.31101669195751
			2.32552352048558	-3.30500758725341
			2.33153262518968	-3.29899848254932
			2.33153262518968	-3.29298937784522
			2.33754172989378	-3.28698027314112
			2.34355083459788	-3.28097116843703
			2.34955993930197	-3.27496206373293
		</border>
		<margin type=matrix rownames=FALSE colnames=FALSE nrow=496 ncol=2 as.numeric=TRUE >
			1.74864946889226	-4.15229135053111
			1.74864946889226	-4.14628224582701
			1.74864946889226	-4.14027314112291
			1.74864946889226	-4.13426403641882
			1.74864946889226	-4.12825493171472
			1.74864946889226	-4.12224582701062
			1.74864946889226	-4.11623672230653
			1.74864946889226	-4.11022761760243
			1.74864946889226	-4.10421851289833
			1.74864946889226	-4.09820940819423
			1.75465857359636	-4.09220030349014
			1.75465857359636	-4.08619119878604
			1.75465857359636	-4.08018209408194
			1.75465857359636	-4.07417298937785
			1.75465857359636	-4.06816388467375
			1.75465857359636	-4.06215477996965
			1.75465857359636	-4.05614567526555
			1.75465857359636	-4.05013657056146
			1.75465857359636	-4.04412746585736
			1.75465857359636	-4.03811836115326
			1.75465857359636	-4.03210925644917
			1.75465857359636	-4.02610015174507
			1.75465857359636	-4.02009104704097
			1.75465857359636	-4.01408194233687
			1.75465857359636	-4.00807283763278
			1.75465857359636	-4.00206373292868
			1.75465857359636	-3.99605462822458
			1.75465857359636	-3.99004552352049
			1.75465857359636	-3.98403641881639
			1.75465857359636	-3.97802731411229
			1.75465857359636	-3.97201820940819
			1.75465857359636	-3.9660091047041
			1.75465857359636	-3.96
			1.75465857359636	-3.9539908952959
			1.75465857359636	-3.94798179059181
			1.75465857359636	-3.94197268588771
			1.75465857359636	-3.93596358118361
			1.75465857359636	-3.92995447647951
			1.75465857359636	-3.92394537177542
			1.75465857359636	-3.91793626707132
			1.75465857359636	-3.91192716236722
			1.75465857359636	-3.90591805766313
			1.75465857359636	-3.89990895295903
			1.75465857359636	-3.89389984825493
			1.75465857359636	-3.88789074355083
			1.75465857359636	-3.88188163884674
			1.75465857359636	-3.87587253414264
			1.76066767830046	-3.86986342943854
			1.76066767830046	-3.86385432473445
			1.76066767830046	-3.85784522003035
			1.76066767830046	-3.85183611532625
			1.76066767830046	-3.84582701062215
			1.76066767830046	-3.83981790591806
			1.76066767830046	-3.83380880121396
			1.76066767830046	-3.82779969650986
			1.76066767830046	-3.82179059180577
			1.76066767830046	-3.81578148710167
			1.76066767830046	-3.80977238239757
			1.76066767830046	-3.80376327769347
			1.76066767830046	-3.79775417298938
			1.76066767830046	-3.79174506828528
			1.76066767830046	-3.78573596358118
			1.76066767830046	-3.77972685887709
			1.76066767830046	-3.77371775417299
			1.76066767830046	-3.76770864946889
			1.76066767830046	-3.7616995447648
			1.76066767830046	-3.7556904400607
			1.76066767830046	-3.7496813353566
			1.76066767830046	-3.7436722306525
			1.76066767830046	-3.73766312594841
			1.76066767830046	-3.73165402124431
			1.76066767830046	-3.72564491654021
			1.76066767830046	-3.71963581183612
			1.76667678300455	-3.71963581183612
			1.76667678300455	-3.71362670713202
			1.77268588770865	-3.71362670713202
			1.77869499241275	-3.71362670713202
			1.77869499241275	-3.70761760242792
			1.78470409711684	-3.70761760242792
			1.79071320182094	-3.70761760242792
			1.79071320182094	-3.70160849772382
			1.79672230652504	-3.70160849772382
			1.80273141122914	-3.70160849772382
			1.80874051593323	-3.70160849772382
			1.81474962063733	-3.69559939301973
			1.82075872534143	-3.69559939301973
			1.82676783004552	-3.69559939301973
			1.83277693474962	-3.69559939301973
			1.83878603945372	-3.68959028831563
			1.84479514415781	-3.68959028831563
			1.85080424886191	-3.68959028831563
			1.85681335356601	-3.68959028831563
			1.86282245827011	-3.68358118361153
			1.8688315629742	-3.68358118361153
			1.8748406676783	-3.68358118361153
			1.8808497723824	-3.68358118361153
			1.88685887708649	-3.67757207890744
			1.89286798179059	-3.67757207890744
			1.89887708649469	-3.67757207890744
			1.90488619119879	-3.67757207890744
			1.91089529590288	-3.67757207890744
			1.91690440060698	-3.68358118361153
			1.92291350531108	-3.68358118361153
			1.92892261001517	-3.68959028831563
			1.92892261001517	-3.69559939301973
			1.93493171471927	-3.70160849772382
			1.93493171471927	-3.70761760242792
			1.94094081942337	-3.71362670713202
			1.94094081942337	-3.71963581183612
			1.94694992412747	-3.72564491654021
			1.94694992412747	-3.73165402124431
			1.95295902883156	-3.73766312594841
			1.95295902883156	-3.7436722306525
			1.95295902883156	-3.7496813353566
			1.95295902883156	-3.7556904400607
			1.95295902883156	-3.7616995447648
			1.95896813353566	-3.76770864946889
			1.95896813353566	-3.77371775417299
			1.95896813353566	-3.77972685887709
			1.96497723823976	-3.78573596358118
			1.96497723823976	-3.79174506828528
			1.96497723823976	-3.79775417298938
			1.96497723823976	-3.80376327769347
			1.97098634294385	-3.80977238239757
			1.97098634294385	-3.81578148710167
			1.97098634294385	-3.82179059180577
			1.97098634294385	-3.82779969650986
			1.97699544764795	-3.83380880121396
			1.97699544764795	-3.83981790591806
			1.97699544764795	-3.84582701062215
			1.98300455235205	-3.85183611532625
			1.98300455235205	-3.85784522003035
			1.98300455235205	-3.86385432473445
			1.98901365705615	-3.86986342943854
			1.98901365705615	-3.87587253414264
			1.98901365705615	-3.88188163884674
			1.98901365705615	-3.88789074355083
			1.99502276176024	-3.89389984825493
			1.99502276176024	-3.89990895295903
			1.99502276176024	-3.90591805766313
			2.00103186646434	-3.91192716236722
			2.00103186646434	-3.91793626707132
			2.00103186646434	-3.92394537177542
			2.00704097116844	-3.92995447647951
			2.00704097116844	-3.93596358118361
			2.00704097116844	-3.94197268588771
			2.00704097116844	-3.94798179059181
			2.00704097116844	-3.9539908952959
			2.01305007587253	-3.96
			2.01305007587253	-3.9660091047041
			2.01305007587253	-3.97201820940819
			2.01305007587253	-3.97802731411229
			2.01305007587253	-3.98403641881639
			2.01905918057663	-3.99004552352049
			2.01905918057663	-3.99605462822458
			2.01905918057663	-4.00206373292868
			2.01905918057663	-4.00807283763278
			2.02506828528073	-4.01408194233687
			2.02506828528073	-4.02009104704097
			2.02506828528073	-4.02610015174507
			2.02506828528073	-4.03210925644917
			2.03107738998483	-4.03811836115326
			2.03107738998483	-4.04412746585736
			2.03107738998483	-4.05013657056146
			2.03107738998483	-4.05614567526555
			2.03708649468892	-4.06215477996965
			2.03708649468892	-4.06816388467375
			2.03708649468892	-4.07417298937785
			2.04309559939302	-4.08018209408194
			2.04309559939302	-4.08619119878604
			2.04309559939302	-4.09220030349014
			2.04910470409712	-4.09820940819423
			2.04910470409712	-4.10421851289833
			2.04910470409712	-4.11022761760243
			2.04910470409712	-4.11623672230653
			2.05511380880121	-4.12224582701062
			2.05511380880121	-4.12825493171472
			2.05511380880121	-4.13426403641882
			2.06112291350531	-4.14027314112291
			2.06112291350531	-4.14628224582701
			2.06112291350531	-4.15229135053111
			2.06112291350531	-4.1583004552352
			2.06713201820941	-4.1643095599393
			2.06713201820941	-4.1703186646434
			2.06713201820941	-4.1763277693475
			2.06713201820941	-4.18233687405159
			2.07314112291351	-4.18834597875569
			2.07314112291351	-4.19435508345979
			2.07314112291351	-4.20036418816388
			2.0791502276176	-4.20637329286798
			2.0791502276176	-4.21238239757208
			2.0791502276176	-4.21839150227618
			2.0851593323217	-4.22440060698027
			2.0851593323217	-4.23040971168437
			2.0851593323217	-4.23641881638847
			2.0911684370258	-4.24242792109256
			2.0911684370258	-4.24843702579666
			2.09717754172989	-4.25444613050076
			2.09717754172989	-4.26045523520486
			2.09717754172989	-4.26646433990895
			2.09717754172989	-4.27247344461305
			2.10318664643399	-4.27848254931715
			2.10318664643399	-4.28449165402124
			2.10318664643399	-4.29050075872534
			2.10919575113809	-4.29050075872534
			2.10919575113809	-4.29650986342944
			2.10919575113809	-4.30251896813354
			2.11520485584218	-4.30852807283763
			2.11520485584218	-4.31453717754173
			2.11520485584218	-4.32054628224583
			2.12121396054628	-4.32655538694992
			2.12121396054628	-4.33256449165402
			2.12722306525038	-4.33857359635812
			2.12722306525038	-4.34458270106222
			2.13323216995448	-4.34458270106222
			2.13323216995448	-4.35059180576631
			2.13323216995448	-4.35660091047041
			2.13924127465857	-4.36261001517451
			2.13924127465857	-4.35660091047041
			2.14525037936267	-4.35059180576631
			2.15125948406677	-4.34458270106222
			2.15125948406677	-4.33857359635812
			2.15125948406677	-4.33256449165402
			2.15726858877087	-4.32655538694992
			2.15726858877087	-4.32054628224583
			2.15726858877087	-4.31453717754173
			2.15726858877087	-4.30852807283763
			2.16327769347496	-4.30852807283763
			2.16327769347496	-4.30251896813354
			2.16327769347496	-4.29650986342944
			2.16327769347496	-4.29050075872534
			2.16327769347496	-4.28449165402124
			2.16327769347496	-4.27848254931715
			2.16327769347496	-4.27247344461305
			2.16327769347496	-4.26646433990895
			2.16327769347496	-4.26045523520486
			2.16327769347496	-4.25444613050076
			2.16327769347496	-4.24843702579666
			2.16327769347496	-4.24242792109256
			2.16327769347496	-4.23641881638847
			2.16327769347496	-4.23040971168437
			2.15726858877087	-4.22440060698027
			2.15726858877087	-4.21839150227618
			2.15726858877087	-4.21238239757208
			2.15125948406677	-4.20637329286798
			2.15125948406677	-4.20036418816388
			2.15125948406677	-4.19435508345979
			2.15125948406677	-4.18834597875569
			2.14525037936267	-4.18233687405159
			2.14525037936267	-4.1763277693475
			2.14525037936267	-4.1703186646434
			2.14525037936267	-4.1643095599393
			2.13924127465857	-4.1583004552352
			2.13924127465857	-4.15229135053111
			2.13924127465857	-4.14628224582701
			2.13924127465857	-4.14027314112291
			2.13323216995448	-4.13426403641882
			2.13323216995448	-4.12825493171472
			2.13323216995448	-4.12224582701062
			2.13323216995448	-4.11623672230653
			2.13323216995448	-4.11022761760243
			2.12722306525038	-4.10421851289833
			2.12722306525038	-4.09820940819423
			2.12722306525038	-4.09220030349014
			2.12722306525038	-4.08619119878604
			2.12722306525038	-4.08018209408194
			2.12121396054628	-4.07417298937785
			2.12121396054628	-4.06816388467375
			2.12121396054628	-4.06215477996965
			2.12121396054628	-4.05614567526555
			2.11520485584218	-4.05013657056146
			2.11520485584218	-4.04412746585736
			2.11520485584218	-4.03811836115326
			2.11520485584218	-4.03210925644917
			2.11520485584218	-4.02610015174507
			2.10919575113809	-4.02610015174507
			2.10919575113809	-4.02009104704097
			2.10919575113809	-4.01408194233687
			2.10919575113809	-4.00807283763278
			2.10919575113809	-4.00206373292868
			2.10318664643399	-3.99605462822458
			2.10318664643399	-3.99004552352049
			2.10318664643399	-3.98403641881639
			2.10318664643399	-3.97802731411229
			2.10318664643399	-3.97201820940819
			2.09717754172989	-3.9660091047041
			2.09717754172989	-3.96
			2.09717754172989	-3.9539908952959
			2.09717754172989	-3.94798179059181
			2.09717754172989	-3.94197268588771
			2.0911684370258	-3.94197268588771
			2.0911684370258	-3.93596358118361
			2.0911684370258	-3.92995447647951
			2.0911684370258	-3.92394537177542
			2.0911684370258	-3.91793626707132
			2.0851593323217	-3.91192716236722
			2.0851593323217	-3.90591805766313
			2.0851593323217	-3.89990895295903
			2.0851593323217	-3.89389984825493
			2.0851593323217	-3.88789074355083
			2.0791502276176	-3.88188163884674
			2.0791502276176	-3.87587253414264
			2.0791502276176	-3.86986342943854
			2.0791502276176	-3.86385432473445
			2.0791502276176	-3.85784522003035
			2.07314112291351	-3.85183611532625
			2.07314112291351	-3.84582701062215
			2.07314112291351	-3.83981790591806
			2.07314112291351	-3.83380880121396
			2.06713201820941	-3.82779969650986
			2.06713201820941	-3.82179059180577
			2.06713201820941	-3.81578148710167
			2.06713201820941	-3.80977238239757
			2.06713201820941	-3.80376327769347
			2.06713201820941	-3.79775417298938
			2.06112291350531	-3.79174506828528
			2.06112291350531	-3.78573596358118
			2.06112291350531	-3.77972685887709
			2.06112291350531	-3.77371775417299
			2.05511380880121	-3.76770864946889
			2.05511380880121	-3.7616995447648
			2.05511380880121	-3.7556904400607
			2.05511380880121	-3.7496813353566
			2.05511380880121	-3.7436722306525
			2.04910470409712	-3.73766312594841
			2.04910470409712	-3.73165402124431
			2.04910470409712	-3.72564491654021
			2.04910470409712	-3.71963581183612
			2.04910470409712	-3.71362670713202
			2.04309559939302	-3.70761760242792
			2.04309559939302	-3.70160849772382
			2.04309559939302	-3.69559939301973
			2.04309559939302	-3.68959028831563
			2.04309559939302	-3.68358118361153
			2.04309559939302	-3.67757207890744
			2.04309559939302	-3.67156297420334
			2.04910470409712	-3.66555386949924
			2.04910470409712	-3.65954476479514
			2.04910470409712	-3.65353566009105
			2.05511380880121	-3.64752655538695
			2.05511380880121	-3.64151745068285
			2.06112291350531	-3.63550834597876
			2.06713201820941	-3.62949924127466
			2.07314112291351	-3.62349013657056
			2.0791502276176	-3.61748103186646
			2.0851593323217	-3.61147192716237
			2.0911684370258	-3.60546282245827
			2.09717754172989	-3.60546282245827
			2.10318664643399	-3.59945371775417
			2.10919575113809	-3.59344461305008
			2.11520485584218	-3.58743550834598
			2.12121396054628	-3.58142640364188
			2.12722306525038	-3.57541729893778
			2.13323216995448	-3.57541729893778
			2.13924127465857	-3.56940819423369
			2.14525037936267	-3.56339908952959
			2.15125948406677	-3.56339908952959
			2.15726858877087	-3.55738998482549
			2.16327769347496	-3.5513808801214
			2.16928679817906	-3.5453717754173
			2.17529590288316	-3.5393626707132
			2.18130500758725	-3.5333535660091
			2.18731411229135	-3.5333535660091
			2.19332321699545	-3.52734446130501
			2.19933232169954	-3.52734446130501
			2.19933232169954	-3.52133535660091
			2.20534142640364	-3.52133535660091
			2.21135053110774	-3.52133535660091
			2.21135053110774	-3.51532625189681
			2.21735963581184	-3.51532625189681
			2.22336874051593	-3.51532625189681
			2.22336874051593	-3.50931714719272
			2.22937784522003	-3.50931714719272
			2.22937784522003	-3.50330804248862
			2.23538694992413	-3.50330804248862
			2.24139605462822	-3.50330804248862
			2.24139605462822	-3.49729893778452
			2.24740515933232	-3.49729893778452
			2.25341426403642	-3.49128983308042
			2.25942336874052	-3.48528072837633
			2.26543247344461	-3.47927162367223
			2.27144157814871	-3.47326251896813
			2.27144157814871	-3.46725341426404
			2.27745068285281	-3.46124430955994
			2.2834597875569	-3.45523520485584
			2.289468892261	-3.44922610015175
			2.2954779969651	-3.44321699544765
			2.3014871016692	-3.43720789074355
			2.30749620637329	-3.43119878603945
			2.31350531107739	-3.42518968133536
			2.31951441578149	-3.41918057663126
			2.32552352048558	-3.41317147192716
			2.33153262518968	-3.40716236722307
			2.33754172989378	-3.40115326251897
			2.34355083459788	-3.40115326251897
			2.34955993930197	-3.39514415781487
			2.35556904400607	-3.38913505311077
			2.36157814871017	-3.38312594840668
			2.36758725341426	-3.37711684370258
			2.37359635811836	-3.37110773899848
			2.37960546282246	-3.36509863429439
			2.38561456752656	-3.35908952959029
			2.39162367223065	-3.35308042488619
			2.39763277693475	-3.34707132018209
			2.39763277693475	-3.341062215478
			2.40364188163885	-3.3350531107739
			2.40965098634294	-3.3290440060698
			2.41566009104704	-3.32303490136571
			2.42166919575114	-3.31702579666161
			2.42166919575114	-3.31101669195751
			2.42767830045524	-3.30500758725341
			2.42166919575114	-3.29899848254932
			2.41566009104704	-3.29899848254932
			2.41566009104704	-3.29298937784522
			2.40965098634294	-3.28698027314112
			2.40364188163885	-3.28698027314112
			2.39763277693475	-3.28698027314112
			2.39162367223065	-3.28698027314112
			2.39162367223065	-3.28097116843703
			2.38561456752656	-3.28097116843703
			2.37960546282246	-3.28097116843703
			2.37359635811836	-3.28097116843703
			2.36758725341426	-3.27496206373293
			2.36157814871017	-3.27496206373293
			2.35556904400607	-3.27496206373293
			2.34955993930197	-3.27496206373293
			2.34355083459788	-3.27496206373293
			2.33754172989378	-3.27496206373293
			2.33153262518968	-3.26895295902883
			2.32552352048558	-3.26895295902883
			2.31951441578149	-3.26895295902883
			2.31350531107739	-3.26895295902883
			2.30749620637329	-3.26895295902883
			2.3014871016692	-3.26895295902883
			2.2954779969651	-3.26895295902883
			2.289468892261	-3.26895295902883
			2.2834597875569	-3.26895295902883
			2.27745068285281	-3.26895295902883
			2.27144157814871	-3.26895295902883
			2.26543247344461	-3.26895295902883
			2.25942336874052	-3.26895295902883
			2.25341426403642	-3.27496206373293
			2.24740515933232	-3.27496206373293
			2.24139605462822	-3.27496206373293
			2.23538694992413	-3.27496206373293
			2.22937784522003	-3.27496206373293
			2.22336874051593	-3.27496206373293
			2.21735963581184	-3.27496206373293
			2.21135053110774	-3.27496206373293
			2.20534142640364	-3.27496206373293
			2.19933232169954	-3.27496206373293
			2.19332321699545	-3.27496206373293
			2.18731411229135	-3.28097116843703
			2.18130500758725	-3.28097116843703
			2.17529590288316	-3.28097116843703
			2.16928679817906	-3.28097116843703
			2.16327769347496	-3.28097116843703
			2.15726858877087	-3.28097116843703
			2.15125948406677	-3.28097116843703
			2.14525037936267	-3.28097116843703
			2.13924127465857	-3.28698027314112
			2.13323216995448	-3.28698027314112
			2.12722306525038	-3.28698027314112
			2.12121396054628	-3.28698027314112
			2.11520485584218	-3.28698027314112
			2.10919575113809	-3.28698027314112
			2.10318664643399	-3.28698027314112
			2.09717754172989	-3.28698027314112
			2.0911684370258	-3.29298937784522
			2.0851593323217	-3.29298937784522
			2.0791502276176	-3.29298937784522
			2.07314112291351	-3.29298937784522
			2.06713201820941	-3.29298937784522
			2.06112291350531	-3.29899848254932
			2.05511380880121	-3.29899848254932
			2.04910470409712	-3.29899848254932
			2.04309559939302	-3.29899848254932
			2.03708649468892	-3.29899848254932
			2.03107738998483	-3.30500758725341
			2.02506828528073	-3.30500758725341
			2.01905918057663	-3.30500758725341
			2.01305007587253	-3.30500758725341
			2.00704097116844	-3.31101669195751
			2.00103186646434	-3.31101669195751
			1.99502276176024	-3.31101669195751
			1.98901365705615	-3.31101669195751
			1.98300455235205	-3.31702579666161
			1.97699544764795	-3.31702579666161
			1.97098634294385	-3.31702579666161
			1.96497723823976	-3.31702579666161
			1.95896813353566	-3.32303490136571
			1.95295902883156	-3.32303490136571
			1.94694992412747	-3.32303490136571
			1.94694992412747	-3.3290440060698
			1.94094081942337	-3.3290440060698
			1.93493171471927	-3.3350531107739
		</margin>
	</curves.scaled>
	<ruler.points type=matrix rownames=TRUE colnames=FALSE nrow=2 ncol=2 as.numeric=TRUE >
		Ruler point 1	536	43
		Ruler point 2	536	702
	</ruler.points>
</shapes>

